0	385
0	382
0	455
0	457
0	339
0	341
0	407
0	409
0	293
0	295
0	361
0	363
0	431
0	433
0	316
0	318
1	514
1	515
1	517
1	518
1	521
1	395
1	398
1	536
1	409
1	411
1	541
1	543
1	416
1	418
1	419
1	422
1	435
1	439
1	441
1	442
1	445
1	460
1	464
1	467
1	468
1	471
1	486
1	489
1	490
1	492
1	494
1	497
1	511
2	451
2	390
2	454
2	392
2	395
2	463
2	468
2	406
2	477
2	414
2	351
2	479
2	419
2	357
2	489
2	430
2	367
2	370
2	438
2	442
2	381
3	384
3	323
3	359
3	391
3	362
3	340
3	342
3	317
3	381
3	318
3	319
4	576
4	545
4	549
4	589
4	559
4	596
4	566
4	570
4	574
5	513
5	515
5	389
5	392
5	525
5	402
5	530
5	406
5	407
5	539
5	541
5	414
5	543
5	288
5	416
5	291
5	426
5	299
5	430
5	437
5	311
5	439
5	315
5	450
5	323
5	454
5	462
5	335
5	464
5	338
5	346
5	475
5	480
5	356
5	360
5	377
5	488
5	490
5	493
5	501
5	505
5	381
5	383
6	384
6	388
6	394
6	396
6	399
6	408
6	413
6	286
6	289
6	418
6	420
6	294
6	423
6	298
6	432
6	304
6	306
6	435
6	309
6	442
6	314
6	444
6	447
6	322
6	328
6	329
6	460
6	333
6	466
6	467
6	341
6	469
6	472
6	345
6	477
6	350
6	352
6	482
6	355
6	486
6	359
6	492
6	493
6	366
6	372
6	375
7	289
7	298
7	292
7	301
8	577
8	582
8	520
8	586
8	523
8	524
8	528
8	535
8	473
8	474
8	479
8	546
8	484
8	549
8	551
8	555
8	498
8	500
8	504
8	572
8	510
9	520
9	525
9	528
9	402
9	408
9	283
9	287
9	291
9	298
9	426
9	429
9	432
9	306
9	310
9	314
9	444
9	448
9	322
9	450
9	453
9	330
9	333
9	337
9	469
9	475
9	348
9	479
9	352
9	359
9	495
9	369
9	501
9	504
10	448
10	451
10	454
10	399
10	400
10	403
10	406
10	473
10	474
10	477
10	414
10	480
10	355
10	358
10	423
10	424
10	427
10	430
10	367
10	373
10	375
10	447
11	325
12	450
12	419
12	454
12	423
12	455
12	457
12	426
12	431
12	399
12	402
12	467
12	408
12	409
12	442
12	447
13	296
13	291
13	302
13	295
14	544
14	548
14	581
14	554
14	526
14	527
14	594
14	596
14	568
14	571
14	541
14	575
15	326
15	332
15	338
15	341
15	284
15	349
15	355
15	291
15	359
15	364
15	302
15	369
15	308
15	373
15	315
15	381
15	318
16	323
16	388
16	390
16	335
16	402
16	339
16	406
16	347
16	412
16	415
16	288
16	292
16	356
16	360
16	300
16	368
16	312
16	378
16	315
16	382
17	384
17	513
17	389
17	398
17	405
17	409
17	285
17	413
17	291
17	422
17	295
17	298
17	429
17	433
17	308
17	437
17	315
17	446
17	318
17	322
17	453
17	457
17	332
17	462
17	338
17	341
17	471
17	345
17	355
17	483
17	359
17	488
17	363
17	367
17	497
17	373
17	508
17	381
18	297
18	298
18	291
18	294
19	544
19	546
19	587
19	558
19	590
19	561
19	532
19	535
19	573
20	408
20	440
20	424
20	425
20	427
20	395
20	400
20	401
20	375
20	376
20	381
21	288
21	292
22	322
22	389
22	326
22	393
22	336
22	338
22	345
22	349
22	290
22	293
22	357
22	360
22	299
22	303
22	315
22	313
22	379
22	382
23	546
23	515
23	579
23	583
23	520
23	552
23	526
23	495
23	562
23	501
23	536
23	573
23	511
24	526
24	529
24	402
24	531
24	404
24	407
24	286
24	287
24	290
24	426
24	555
24	429
24	558
24	431
24	309
24	310
24	568
24	314
24	450
24	453
24	455
24	330
24	332
24	334
24	337
24	465
24	476
24	478
24	481
24	358
24	361
24	491
24	506
24	501
24	504
24	378
24	380
24	383
25	387
25	328
25	329
25	395
25	406
25	282
25	411
25	351
25	419
25	292
25	299
25	302
25	303
25	305
25	370
25	371
25	382
26	384
26	385
26	387
26	517
26	392
26	520
26	396
26	532
26	534
26	408
26	409
26	536
26	412
26	543
26	416
26	544
26	546
26	420
26	560
26	433
26	435
26	563
26	442
26	444
26	573
26	584
26	458
26	460
26	589
26	334
26	468
26	341
26	469
26	342
26	596
26	352
26	483
26	486
26	362
26	492
26	494
26	495
26	369
26	372
26	507
26	509
26	511
27	325
28	384
28	453
28	455
28	393
28	457
28	405
28	470
28	408
28	479
28	352
28	482
28	359
28	362
28	429
28	366
28	431
28	432
28	369
28	440
28	381
29	386
29	388
29	394
29	400
29	408
29	410
29	412
29	286
29	287
29	418
29	293
29	296
29	297
29	424
29	431
29	434
29	436
29	309
29	311
29	317
29	320
29	321
29	448
29	455
29	459
29	460
29	333
29	467
29	340
29	343
29	344
29	473
29	481
29	355
29	485
29	486
29	362
29	364
29	365
29	492
29	370
29	375
29	383
30	576
30	567
30	550
30	585
30	556
30	526
30	527
30	590
30	561
30	592
30	593
30	564
30	535
30	537
30	540
31	449
31	514
31	451
31	578
31	453
31	518
31	581
31	582
31	459
31	524
31	462
31	527
31	590
31	529
31	535
31	474
31	539
31	477
31	479
31	544
31	485
31	551
31	488
31	554
31	556
31	562
31	500
31	565
31	503
31	505
31	510
32	385
32	354
32	323
32	390
32	295
32	296
32	299
32	332
32	364
32	308
32	374
32	342
32	346
32	285
32	319
33	517
33	520
33	528
33	404
33	405
33	535
33	414
33	542
33	417
33	546
33	554
33	428
33	429
33	431
33	562
33	569
33	441
33	573
33	452
33	581
33	455
33	459
33	590
33	466
33	595
33	470
33	477
33	485
33	492
33	496
33	503
33	510
34	288
34	290
34	300
35	308
35	310
36	448
36	576
36	514
36	578
36	452
36	455
36	523
36	587
36	462
36	463
36	593
36	532
36	473
36	540
36	477
36	482
36	567
36	550
36	551
36	489
36	558
36	499
36	503
36	507
36	446
37	328
37	392
37	456
37	395
37	340
37	468
37	408
37	282
37	348
37	351
37	482
37	420
37	294
37	362
37	302
37	494
37	432
37	305
37	369
37	371
37	443
37	507
37	317
37	383
38	449
38	450
38	389
38	390
38	454
38	461
38	398
38	462
38	401
38	403
38	410
38	475
38	476
38	413
38	414
38	480
38	483
38	422
38	487
38	425
38	426
38	434
38	506
38	500
38	437
38	502
38	375
38	378
38	508
38	446
39	387
39	397
39	398
39	401
39	411
39	283
39	285
39	421
39	422
39	297
39	425
39	307
39	308
39	435
39	444
39	446
39	320
39	449
39	330
39	331
39	460
39	470
39	343
39	471
39	475
39	353
39	354
39	486
39	365
39	372
39	374
39	377
40	448
40	452
40	424
40	489
40	428
40	431
40	463
40	438
40	472
40	473
40	476
40	446
41	513
41	450
41	579
41	583
41	584
41	522
41	525
41	462
41	526
41	529
41	472
41	476
41	544
41	481
41	548
41	487
41	488
41	551
41	552
41	555
41	498
41	499
41	563
41	502
41	570
41	446
41	575
42	548
42	581
42	554
42	522
42	589
42	591
42	529
42	564
42	565
42	534
42	567
42	538
42	575
43	547
43	581
43	553
43	554
43	588
43	595
43	572
43	573
44	292
44	286
44	287
45	320
45	516
45	518
45	520
45	331
45	526
45	343
45	348
45	541
45	285
45	544
45	567
45	296
45	557
45	496
45	308
45	503
45	571
46	390
46	393
46	330
46	397
46	336
46	404
46	346
46	349
46	414
46	353
46	417
46	358
46	305
46	307
46	372
46	379
46	380
47	448
47	423
47	424
47	396
47	461
47	398
47	400
47	464
47	438
47	446
47	415
48	538
48	526
49	577
49	578
49	572
49	574
50	448
50	391
50	392
50	461
50	399
50	400
50	465
50	464
50	404
50	472
50	473
50	413
50	478
50	415
50	416
50	356
50	358
50	423
50	424
50	487
50	490
50	491
50	440
50	368
50	437
50	439
50	376
50	380
50	446
51	514
51	517
51	519
51	489
51	521
51	523
51	492
51	505
51	495
51	499
51	469
51	473
51	539
51	476
52	325
53	484
53	325
53	470
53	489
53	490
53	479
54	579
54	549
54	552
54	522
54	587
54	525
54	558
54	591
54	532
54	567
54	575
55	576
55	577
55	549
55	550
55	594
55	596
55	566
55	568
55	571
56	324
56	295
56	332
56	300
56	302
56	308
56	341
56	347
56	348
56	285
56	318
57	385
57	515
57	510
57	391
57	393
57	531
57	533
57	407
57	535
57	409
57	540
57	415
57	416
57	417
57	543
57	292
57	295
57	296
57	429
57	557
57	560
57	433
57	434
57	562
57	566
57	439
57	570
57	316
57	318
57	326
57	455
57	457
57	586
57	459
57	588
57	591
57	464
57	592
57	338
57	341
57	347
57	349
57	481
57	484
57	485
57	360
57	490
57	363
57	493
57	368
57	506
57	509
57	382
58	360
58	328
58	301
58	368
58	305
58	338
58	307
58	282
58	347
58	284
58	351
59	387
59	397
59	403
59	411
59	285
59	414
59	289
59	293
59	421
59	299
59	427
59	435
59	309
59	437
59	312
59	445
59	321
59	451
59	331
59	460
59	462
59	335
59	470
59	343
59	474
59	477
59	353
59	356
59	358
59	486
59	365
59	367
59	496
59	373
59	502
59	378
59	511
60	325
61	451
61	580
61	519
61	586
61	461
61	527
61	531
61	469
61	472
61	477
61	545
61	423
61	487
61	553
61	428
61	557
61	495
61	436
61	437
61	501
61	502
61	506
61	443
61	572
61	447
62	391
62	392
62	393
62	397
62	405
62	284
62	415
62	544
62	417
62	290
62	419
62	421
62	300
62	303
62	307
62	442
62	314
62	324
62	326
62	331
62	460
62	337
62	468
62	346
62	348
62	349
62	353
62	358
62	494
62	367
62	369
62	370
62	373
62	380
63	385
63	386
63	394
63	399
63	409
63	411
63	285
63	418
63	295
63	296
63	423
63	304
63	433
63	434
63	309
63	442
63	319
63	447
63	328
63	458
63	331
63	459
63	467
63	342
63	472
63	350
63	354
63	485
63	363
63	364
63	493
63	374
64	576
64	580
64	553
64	588
64	559
64	564
64	596
64	571
65	322
65	293
65	326
65	329
65	361
65	299
65	366
65	305
65	340
65	345
65	282
65	317
65	351
66	516
66	582
66	589
66	591
66	528
66	595
66	534
66	542
66	484
66	485
66	504
66	555
66	561
66	562
66	568
66	509
66	511
67	553
67	595
67	580
67	569
68	296
68	291
68	293
68	301
69	472
69	490
69	477
70	513
70	388
70	521
70	397
70	528
70	404
70	533
70	538
70	413
70	422
70	428
70	436
70	445
70	452
70	329
70	457
70	461
70	336
70	471
70	345
70	380
70	478
70	355
70	483
70	358
70	487
70	366
70	497
70	373
70	374
70	504
70	508
71	515
71	549
71	582
71	553
71	523
71	524
71	555
71	528
71	498
71	594
71	565
71	504
71	540
71	574
72	321
72	324
72	388
72	391
72	328
72	329
72	394
72	332
72	400
72	407
72	344
72	347
72	412
72	352
72	416
72	354
72	439
72	356
72	420
72	424
72	366
72	430
72	368
72	306
72	436
72	309
72	375
72	376
73	354
73	387
73	389
73	391
73	364
73	338
73	371
73	342
73	375
73	346
74	513
74	587
74	588
74	591
74	592
74	532
74	533
74	536
74	538
74	559
74	560
74	562
74	564
74	504
74	508
74	511
75	289
75	322
75	324
75	294
75	296
75	299
75	301
75	313
75	316
76	448
76	450
76	459
76	333
76	399
76	400
76	337
76	402
76	405
76	347
76	354
76	355
76	420
76	424
76	426
76	368
76	371
76	375
76	376
76	377
76	444
77	288
77	290
77	324
77	301
77	302
77	307
77	311
77	314
77	284
78	333
78	339
78	284
78	310
78	316
78	301
78	287
79	512
79	515
79	581
79	586
79	527
79	591
79	593
79	594
79	531
79	537
79	541
79	477
79	481
79	567
79	487
79	553
79	490
79	491
79	493
79	558
79	564
79	503
79	568
79	507
80	320
80	293
80	326
80	296
80	316
80	303
81	519
81	586
81	524
81	589
81	527
81	591
81	594
81	531
81	534
81	546
81	558
81	560
81	500
81	564
81	503
81	568
81	507
81	572
81	509
82	576
82	549
82	554
82	523
82	590
82	561
82	593
82	566
82	535
82	539
82	574
83	321
83	305
83	292
83	328
83	297
83	282
83	315
84	289
84	323
84	292
84	313
84	315
84	300
85	288
85	289
85	321
85	344
85	327
85	328
85	297
85	335
85	304
85	336
85	312
85	313
85	350
85	351
86	325
87	384
87	390
87	399
87	529
87	530
87	405
87	533
87	408
87	414
87	423
87	555
87	556
87	429
87	559
87	432
87	438
87	447
87	450
87	453
87	582
87	457
87	585
87	588
87	463
87	479
87	480
87	482
87	375
87	504
87	505
87	379
87	508
87	381
88	513
88	516
88	389
88	402
88	406
88	413
88	416
88	426
88	430
88	436
88	310
88	312
88	440
88	317
88	322
88	450
88	454
88	332
88	461
88	333
88	335
88	465
88	345
88	475
88	480
88	354
88	357
88	487
88	377
88	491
88	366
88	501
88	376
88	505
88	381
89	322
89	308
89	294
89	298
89	284
89	318
90	420
90	422
90	395
90	427
90	398
90	403
90	438
90	415
91	450
91	451
91	390
91	454
91	334
91	463
91	336
91	402
91	339
91	403
91	466
91	406
91	412
91	415
91	417
91	418
91	358
91	361
91	426
91	427
91	431
91	438
91	376
91	441
91	378
91	379
91	383
92	516
92	494
93	386
93	390
93	396
93	409
93	410
93	283
93	414
93	290
93	420
93	296
93	300
93	434
93	306
93	438
93	444
93	319
93	323
93	330
93	458
93	463
93	341
93	469
93	342
93	346
93	479
93	352
93	483
93	489
93	363
93	364
93	372
93	381
94	325
95	579
95	548
95	582
95	583
95	552
95	521
95	555
95	526
95	592
95	529
95	564
95	537
95	542
95	575
96	323
96	389
96	392
96	336
96	337
96	338
96	404
96	405
96	406
96	346
96	347
96	285
96	414
96	291
96	358
96	359
96	360
96	299
96	300
96	301
96	368
96	315
96	314
96	379
96	380
96	382
97	388
97	516
97	523
97	524
97	395
97	400
97	401
97	529
97	530
97	405
97	413
97	542
97	419
97	550
97	551
97	424
97	425
97	555
97	556
97	430
97	568
97	441
97	570
97	443
97	447
97	576
97	449
97	578
97	454
97	585
97	589
97	595
97	473
97	474
97	478
97	480
97	355
97	359
97	491
97	366
97	371
97	499
97	500
97	375
97	504
97	505
97	380
98	328
98	395
98	333
98	334
98	400
98	401
98	340
98	407
98	286
98	375
98	287
98	350
98	418
98	355
98	293
98	424
98	425
98	361
98	431
98	309
98	311
98	376
98	442
98	317
98	383
99	514
99	518
99	455
99	585
99	590
99	463
99	593
99	530
99	467
99	468
99	532
99	535
99	540
99	544
99	481
99	545
99	485
99	489
99	556
99	493
99	494
99	561
99	566
99	507
99	571
99	443
99	510
99	447
100	288
100	354
100	293
100	328
100	360
100	332
100	304
100	369
100	308
100	340
100	317
100	348
100	285
100	350
101	578
101	579
101	581
101	552
101	554
101	587
101	558
101	564
102	384
102	393
102	396
102	401
102	404
102	283
102	287
102	417
102	290
102	421
102	425
102	428
102	303
102	432
102	307
102	310
102	311
102	441
102	314
102	444
102	318
102	449
102	452
102	327
102	457
102	330
102	334
102	337
102	466
102	341
102	349
102	353
102	358
102	363
102	372
102	376
102	379
103	308
103	324
103	294
103	296
103	317
103	300
103	285
104	321
104	327
104	338
104	339
104	344
104	350
104	291
104	292
104	294
104	359
104	360
104	298
104	366
104	304
104	370
104	315
104	316
105	513
105	386
105	389
105	390
105	525
105	400
105	401
105	530
105	533
105	535
105	408
105	410
105	538
105	413
105	415
105	551
105	424
105	425
105	557
105	560
105	562
105	435
105	437
105	565
105	448
105	449
105	578
105	585
105	459
105	588
105	333
105	462
105	590
105	592
105	343
105	345
105	346
105	474
105	480
105	355
105	485
105	488
105	365
105	367
105	500
105	375
105	510
105	383
106	385
106	418
106	419
106	388
106	422
106	394
106	395
106	398
106	433
106	371
106	435
106	374
106	409
106	442
106	412
107	449
107	446
107	585
107	458
107	398
107	590
107	401
107	465
107	530
107	468
107	405
107	534
107	594
107	596
107	474
107	410
107	480
107	544
107	483
107	422
107	425
107	557
107	433
107	497
107	506
107	500
107	437
107	561
107	442
107	510
108	448
108	449
108	577
108	452
108	456
108	585
108	523
108	587
108	530
108	531
108	473
108	475
108	478
108	480
108	481
108	550
108	424
108	425
108	428
108	557
108	558
108	499
108	506
109	449
109	578
109	515
109	452
109	583
109	457
109	525
109	589
109	463
109	464
109	529
109	590
109	592
109	534
109	535
109	475
109	540
109	478
109	483
109	551
109	489
109	490
109	555
109	560
109	562
109	500
109	566
109	504
109	509
109	510
110	482
110	471
111	544
111	577
111	578
111	518
111	550
111	552
111	585
111	523
111	525
111	557
111	530
111	499
111	501
111	502
112	392
112	393
112	522
112	398
112	529
112	405
112	417
112	548
112	422
112	555
112	429
112	308
112	314
112	446
112	575
112	579
112	453
112	583
112	331
112	592
112	337
112	472
112	348
112	349
112	478
112	481
112	354
112	359
112	368
112	498
112	374
112	504
112	507
112	380
113	512
113	520
113	522
113	587
113	592
113	594
113	532
113	538
113	478
113	481
113	547
113	548
113	487
113	558
113	498
113	564
113	503
113	507
113	573
113	575
114	452
114	453
114	581
114	583
114	456
114	517
114	587
114	528
114	529
114	466
114	595
114	532
114	542
114	478
114	479
114	481
114	554
114	555
114	568
114	492
114	558
114	503
114	504
114	507
115	512
115	451
115	520
115	457
115	460
115	461
115	526
115	399
115	465
115	533
115	470
115	408
115	537
115	538
115	476
115	413
115	544
115	483
115	486
115	487
115	427
115	491
115	432
115	496
115	436
115	502
115	440
115	508
115	446
115	511
116	386
116	521
116	522
116	523
116	395
116	399
116	400
116	411
116	418
116	547
116	549
116	550
116	423
116	424
116	434
116	442
116	445
116	446
116	574
116	448
116	575
116	577
116	459
116	333
116	594
116	470
116	343
116	472
116	473
116	347
116	354
116	356
116	485
116	364
116	367
116	496
116	498
116	499
116	372
116	374
116	376
117	393
117	397
117	403
117	404
117	289
117	417
117	421
117	294
117	427
117	428
117	303
117	304
117	312
117	313
117	441
117	445
117	318
117	323
117	451
117	452
117	326
117	327
117	330
117	335
117	337
117	466
117	470
117	476
117	349
117	478
117	353
117	357
117	358
117	492
117	372
117	378
117	380
118	304
118	284
118	295
118	297
118	300
118	301
118	303
119	388
119	403
119	407
119	412
119	285
119	288
119	289
119	290
119	416
119	418
119	427
119	430
119	308
119	436
119	311
119	312
119	441
119	440
119	316
119	321
119	451
119	455
119	328
119	460
119	335
119	339
119	468
119	344
119	351
119	357
119	360
119	366
119	370
119	378
119	382
120	390
120	391
120	397
120	404
120	282
120	410
120	414
120	415
120	290
120	421
120	428
120	300
120	302
120	304
120	306
120	438
120	439
120	314
120	445
120	323
120	324
120	452
120	326
120	453
120	328
120	329
120	331
120	463
120	464
120	337
120	346
120	347
120	352
120	353
120	358
120	368
120	373
120	380
121	519
121	396
121	529
121	531
121	405
121	407
121	282
121	543
121	291
121	292
121	420
121	429
121	302
121	430
121	306
121	443
121	315
121	316
121	453
121	455
121	329
121	338
121	339
121	469
121	348
121	479
121	352
121	481
121	359
121	360
121	493
121	495
121	369
121	371
121	505
121	506
121	381
121	382
122	545
122	547
122	581
122	519
122	574
122	521
122	554
122	588
122	496
122	528
122	595
122	503
122	569
122	572
122	542
123	512
123	577
123	579
123	516
123	518
123	585
123	586
123	524
123	525
123	527
123	594
123	531
123	537
123	474
123	475
123	476
123	541
123	543
123	544
123	486
123	550
123	552
123	557
123	499
123	564
123	501
123	502
123	568
124	576
124	515
124	580
124	522
124	590
124	527
124	593
124	534
124	539
124	540
124	549
124	553
124	561
124	498
124	565
124	567
124	509
124	510
125	508
125	532
126	582
126	555
126	587
126	589
126	558
126	528
126	560
126	593
126	531
126	533
126	566
126	540
127	587
127	580
127	591
128	580
128	591
128	582
128	583
129	580
129	583
129	553
129	555
129	527
129	591
129	529
129	564
129	538
130	385
130	515
130	391
130	397
130	409
130	284
130	415
130	421
130	295
130	299
130	301
130	433
130	307
130	439
130	445
130	319
130	324
130	457
130	331
130	464
130	341
130	470
130	346
130	474
130	353
130	484
130	490
130	363
130	367
130	496
130	499
130	373
130	509
131	320
131	386
131	323
131	324
131	389
131	391
131	338
131	342
131	345
131	346
131	293
131	296
131	361
131	299
131	364
131	301
131	367
131	307
131	313
131	382
132	384
132	354
132	356
132	388
132	362
132	331
132	366
132	340
132	374
132	344
132	378
133	325
134	385
134	387
134	522
134	394
134	525
134	399
134	401
134	529
134	534
134	409
134	411
134	418
134	549
134	423
134	552
134	426
134	560
134	433
134	434
134	442
134	572
134	447
134	576
134	449
134	579
134	452
134	582
134	583
134	458
134	337
134	342
134	472
134	475
134	348
134	478
134	350
134	354
134	484
134	363
134	364
134	498
134	501
134	374
134	504
134	509
135	577
135	593
135	595
135	580
135	582
135	584
136	385
136	387
136	516
136	392
136	521
136	394
136	397
136	404
136	534
136	536
136	410
136	284
136	412
136	541
136	416
136	547
136	421
136	295
136	297
136	428
136	433
136	561
136	563
136	436
136	439
136	567
136	317
136	445
136	319
136	574
136	321
136	584
136	458
136	460
136	589
136	465
136	466
136	467
136	340
136	594
136	342
136	471
136	344
136	350
136	353
136	484
136	486
136	490
136	363
136	365
136	496
136	370
136	373
136	380
136	509
136	511
137	331
137	397
137	334
137	335
137	402
137	403
137	284
137	288
137	289
137	353
137	357
137	313
137	307
137	373
137	311
137	377
137	379
138	512
138	513
138	515
138	547
138	550
138	583
138	521
138	524
138	496
138	499
138	565
138	539
138	508
138	574
139	576
139	579
139	549
139	582
139	552
139	584
139	523
139	555
139	525
139	594
139	563
139	567
139	537
139	541
140	540
141	325
142	482
142	484
143	576
143	580
143	549
143	565
143	583
143	553
143	556
144	320
144	291
144	331
144	332
144	309
144	345
144	315
144	285
144	286
145	356
145	328
145	362
145	333
145	334
145	337
145	340
145	310
145	311
145	314
145	317
145	351
146	387
146	454
146	423
146	460
146	429
146	399
146	464
146	434
146	406
146	439
146	377
146	411
146	380
146	447
147	488
147	482
147	471
148	579
148	548
148	552
148	521
148	584
148	525
148	589
148	560
148	563
148	596
148	534
148	536
148	570
148	539
148	574
149	325
150	512
150	388
150	525
150	402
150	530
150	531
150	406
150	407
150	537
150	413
150	286
150	288
150	293
150	298
150	426
150	301
150	430
150	431
150	436
150	309
150	311
150	316
150	321
150	450
150	454
150	455
150	332
150	461
150	335
150	339
150	344
150	347
150	475
150	479
150	481
150	355
150	356
150	487
150	361
150	505
150	366
150	368
150	501
150	377
150	507
150	381
150	383
151	512
151	497
151	508
151	513
152	320
152	322
152	323
152	388
152	386
152	390
152	327
152	393
152	340
152	343
152	345
152	346
152	349
152	289
152	296
152	361
152	298
152	364
152	366
152	303
152	370
152	313
152	383
153	586
153	559
154	385
154	388
154	517
154	394
154	523
154	399
154	530
154	403
154	534
154	536
154	410
154	412
154	543
154	418
154	549
154	423
154	556
154	430
154	433
154	561
154	563
154	436
154	569
154	570
154	447
154	454
154	584
154	458
154	460
154	466
154	467
154	596
154	473
154	480
154	355
154	483
154	486
154	363
154	492
154	365
154	493
154	498
154	375
154	505
154	379
154	509
154	511
155	512
155	514
155	386
155	517
155	390
155	520
155	396
155	524
155	400
155	535
155	537
155	410
155	283
155	539
155	414
155	286
155	287
155	546
155	420
155	551
155	425
155	561
155	434
155	306
155	309
155	437
155	310
155	565
155	444
155	573
155	448
155	578
155	323
155	330
155	458
155	460
155	333
155	462
155	590
155	467
155	469
155	343
155	346
155	474
155	348
155	352
155	484
155	486
155	488
155	364
155	493
155	495
155	372
155	500
155	376
155	510
156	576
156	545
156	549
156	518
156	523
156	588
156	559
156	569
156	592
156	595
156	564
156	533
156	537
156	571
156	542
157	514
157	518
157	585
157	590
157	530
157	468
157	535
157	473
157	545
157	482
157	484
157	489
157	556
157	494
157	561
157	498
157	571
157	510
158	457
158	458
158	523
158	466
158	533
158	541
158	483
158	484
158	491
158	492
158	505
158	432
158	434
158	441
158	508
158	509
159	384
159	513
159	516
159	389
159	392
159	393
159	398
159	404
159	408
159	414
159	417
159	290
159	294
159	422
159	299
159	427
159	302
159	432
159	437
159	440
159	313
159	317
159	446
159	447
159	323
159	451
159	326
159	456
159	462
159	336
159	465
159	340
159	507
159	471
159	345
159	473
159	349
159	482
159	357
159	488
159	362
159	491
159	497
159	499
159	373
159	375
159	379
160	326
160	330
160	334
160	335
160	336
160	283
160	349
160	287
160	288
160	352
160	356
160	357
160	301
160	302
160	306
160	310
160	312
160	319
161	288
161	308
161	310
161	312
161	285
161	287
162	384
162	387
162	517
162	518
162	520
162	394
162	395
162	396
162	536
162	282
162	283
162	412
162	545
162	418
162	419
162	420
162	546
162	294
162	297
162	303
162	305
162	306
162	435
162	563
162	441
162	443
162	444
162	317
162	573
162	571
162	321
162	327
162	584
162	329
162	330
162	460
162	340
162	469
162	468
162	344
162	349
162	350
162	351
162	352
162	486
162	362
162	492
162	365
162	494
162	495
162	370
162	371
162	372
162	511
163	576
163	513
163	451
163	516
163	456
163	523
163	588
163	461
163	462
163	595
163	469
163	533
163	473
163	539
163	477
163	542
163	482
163	546
163	550
163	488
163	491
163	495
163	559
163	499
163	565
163	568
163	508
163	573
163	447
164	576
164	592
164	578
164	573
164	589
165	321
165	290
165	298
165	330
165	336
165	306
165	344
165	313
165	283
166	385
166	458
166	394
166	396
166	335
166	402
166	467
166	340
166	341
166	469
166	407
166	476
166	477
166	350
166	418
166	356
166	420
166	489
166	361
166	364
166	493
166	378
166	433
166	442
166	444
166	383
167	545
167	578
167	551
167	558
167	561
167	566
167	571
167	575
168	385
168	387
168	518
168	520
168	395
168	396
168	536
168	282
168	283
168	412
168	544
168	545
168	546
168	419
168	421
168	297
168	302
168	305
168	306
168	435
168	563
168	442
168	314
168	443
168	444
168	573
168	571
168	321
168	326
168	584
168	329
168	330
168	460
168	468
168	596
168	470
168	343
168	344
168	350
168	351
168	352
168	486
168	365
168	494
168	495
168	370
168	371
168	372
168	511
169	305
169	322
169	295
169	313
169	298
169	282
169	319
170	288
170	312
170	315
170	292
171	322
171	291
171	298
171	332
171	337
171	308
171	345
171	314
171	285
172	480
172	452
172	420
172	454
172	428
172	463
172	465
172	438
172	440
172	443
173	545
173	514
173	578
173	582
173	519
173	556
173	494
173	529
173	565
173	502
173	505
173	539
173	571
174	385
174	519
174	395
174	524
174	401
174	530
174	406
174	534
174	282
174	410
174	287
174	543
174	546
174	292
174	420
174	295
174	551
174	425
174	300
174	557
174	430
174	433
174	305
174	561
174	311
174	570
174	443
174	315
174	572
174	318
174	319
174	449
174	578
174	324
174	454
174	329
174	458
174	585
174	334
174	590
174	339
174	468
174	342
174	474
174	347
174	351
174	480
174	483
174	360
174	364
174	493
174	494
174	368
174	500
174	376
174	506
174	509
174	382
175	512
175	388
175	517
175	393
175	394
175	396
175	402
175	283
175	412
175	289
175	417
175	418
175	421
175	298
175	426
175	303
175	306
175	436
175	312
175	441
175	444
175	321
175	450
175	327
175	328
175	330
175	461
175	335
175	466
175	467
175	470
175	344
175	476
175	349
175	350
175	352
175	357
175	486
175	492
175	366
175	496
175	370
175	372
175	502
175	378
176	537
176	526
176	519
177	326
177	332
177	336
177	338
177	348
177	286
177	289
177	355
177	357
177	360
177	301
177	302
177	367
177	304
177	369
177	308
177	312
178	321
178	388
178	327
178	334
178	337
178	401
178	339
178	404
178	341
178	406
178	344
178	283
178	412
178	287
178	351
178	290
178	356
178	358
178	360
178	366
178	303
178	370
178	311
178	377
178	314
178	379
178	316
178	382
179	512
179	390
179	395
179	461
179	398
179	468
179	470
179	471
179	414
179	420
179	422
179	487
179	426
179	494
179	496
179	497
179	371
179	436
179	374
179	443
179	444
179	446
180	512
180	514
180	548
180	551
180	552
180	522
180	525
180	526
180	559
180	497
180	500
180	532
180	502
180	564
180	540
181	545
181	577
181	548
181	550
181	519
181	522
181	592
181	566
181	540
181	572
181	575
182	384
182	387
182	394
182	397
182	403
182	408
182	283
182	412
182	415
182	289
182	418
182	421
182	294
182	297
182	426
182	301
182	302
182	303
182	432
182	304
182	307
182	435
182	312
182	444
182	317
182	320
182	450
182	327
182	456
182	330
182	460
182	335
182	466
182	340
182	344
182	349
182	353
182	356
182	362
182	365
182	369
182	372
182	378
183	429
183	430
183	434
183	405
183	406
183	437
183	438
183	411
183	380
183	414
183	415
184	282
184	292
185	325
186	384
186	387
186	361
186	362
186	363
186	394
186	365
186	341
186	342
186	344
186	382
186	383
187	547
187	580
187	552
187	525
187	590
187	559
187	528
187	562
187	533
187	535
187	573
188	320
188	321
188	293
188	327
188	296
188	297
188	303
188	317
189	386
189	519
189	392
189	393
189	396
189	399
189	531
189	535
189	537
189	411
189	543
189	416
189	545
189	420
189	423
189	557
189	434
189	562
189	563
189	568
189	569
189	570
189	443
189	572
189	440
189	455
189	584
189	329
189	586
189	459
189	332
189	591
189	465
189	595
189	469
189	348
189	352
189	480
189	354
189	485
189	486
189	491
189	495
189	369
189	371
189	374
189	506
189	510
189	511
190	389
190	390
190	397
190	401
190	403
190	404
190	284
190	413
190	289
190	421
190	298
190	427
190	428
190	300
190	307
190	436
190	439
190	312
190	313
190	322
190	324
190	330
190	335
190	337
190	345
190	347
190	353
190	357
190	358
190	366
190	368
190	372
190	378
190	379
191	400
191	371
191	390
191	376
191	396
191	414
192	386
192	389
192	397
192	405
192	411
192	284
192	413
192	286
192	287
192	416
192	421
192	298
192	429
192	307
192	437
192	310
192	311
192	440
192	314
192	445
192	322
192	453
192	331
192	461
192	334
192	465
192	338
192	470
192	345
192	479
192	353
192	359
192	487
192	491
192	367
192	372
192	377
192	381
193	320
193	386
193	392
193	397
193	342
193	343
193	410
193	411
193	348
193	416
193	421
193	364
193	365
193	369
193	434
193	435
193	373
193	439
193	319
194	384
194	386
194	515
194	391
194	521
194	399
194	409
194	540
194	541
194	415
194	419
194	547
194	423
194	432
194	562
194	439
194	567
194	574
194	447
194	457
194	591
194	464
194	593
194	594
194	341
194	470
194	343
194	472
194	347
194	483
194	490
194	363
194	365
194	368
194	496
194	498
194	374
194	508
195	481
195	514
195	518
195	456
195	488
195	493
195	463
195	498
195	467
195	472
195	507
195	446
196	577
196	547
196	580
196	542
196	553
196	527
196	528
196	595
196	568
196	569
196	574
197	580
197	518
197	582
197	522
197	589
197	528
197	596
197	534
197	544
197	549
197	555
197	561
197	507
197	504
197	571
197	509
198	325
199	386
199	516
199	392
199	521
199	397
199	535
199	411
199	284
199	542
199	417
199	547
199	421
199	297
199	302
199	562
199	307
199	435
199	568
199	440
199	445
199	320
199	326
199	331
199	459
199	465
199	470
199	343
199	353
199	485
199	491
199	365
199	496
199	373
199	510
200	388
200	427
200	428
200	431
200	403
200	436
200	407
200	378
200	412
200	382
201	320
201	290
201	327
201	297
201	302
201	303
201	304
201	307
201	313
201	284
202	384
202	512
202	388
202	391
202	522
202	399
202	533
202	408
202	538
202	412
202	285
202	541
202	416
202	294
202	423
202	299
202	432
202	436
202	309
202	439
202	317
202	447
202	321
202	456
202	331
202	461
202	464
202	340
202	344
202	472
202	347
202	354
202	482
202	487
202	362
202	366
202	368
202	498
202	374
202	508
203	385
203	391
203	401
203	407
203	409
203	282
203	415
203	293
203	425
203	300
203	431
203	433
203	439
203	316
203	319
203	449
203	324
203	456
203	458
203	334
203	464
203	339
203	342
203	346
203	475
203	481
203	484
203	361
203	490
203	363
203	367
203	377
203	383
204	515
204	516
204	393
204	396
204	402
204	407
204	282
204	288
204	417
204	290
204	419
204	293
204	426
204	430
204	305
204	311
204	441
204	443
204	316
204	449
204	326
204	455
204	329
204	334
204	338
204	466
204	469
204	475
204	348
204	349
204	351
204	481
204	361
204	491
204	493
204	495
204	369
204	371
204	501
204	377
204	506
204	382
205	515
205	547
205	550
205	521
205	524
205	496
205	562
205	499
205	566
205	536
205	540
205	510
206	513
206	452
206	516
206	586
206	459
206	462
206	591
206	465
206	466
206	531
206	594
206	593
206	472
206	536
206	539
206	541
206	478
206	485
206	488
206	490
206	428
206	557
206	434
206	562
206	437
206	567
206	504
206	441
206	506
206	511
207	290
207	323
207	327
207	299
207	303
207	309
207	313
207	286
208	323
208	324
208	291
208	295
208	299
208	301
208	304
208	316
208	319
209	537
209	527
209	541
209	519
210	588
210	581
210	591
210	596
211	514
211	453
211	456
211	586
211	459
211	587
211	462
211	463
211	591
211	465
211	531
211	595
211	536
211	539
211	477
211	482
211	485
211	488
211	568
211	491
211	429
211	557
211	559
211	562
211	435
211	437
211	502
211	438
211	565
211	507
211	511
212	512
212	515
212	391
212	392
212	521
212	524
212	398
212	399
212	409
212	537
212	416
212	548
212	422
212	423
212	550
212	307
212	563
212	309
212	439
212	569
212	570
212	445
212	574
212	447
212	577
212	324
212	584
212	331
212	333
212	464
212	471
212	474
212	347
212	348
212	353
212	355
212	490
212	368
212	497
212	369
212	499
212	373
212	375
212	380
213	325
214	513
214	387
214	389
214	519
214	521
214	396
214	398
214	536
214	538
214	411
214	283
214	413
214	420
214	422
214	297
214	299
214	306
214	435
214	437
214	444
214	445
214	320
214	322
214	329
214	330
214	459
214	462
214	469
214	343
214	471
214	345
214	352
214	354
214	486
214	488
214	365
214	495
214	367
214	497
214	371
214	373
214	511
215	448
215	577
215	514
215	518
215	586
215	459
215	524
215	463
215	531
215	468
215	474
215	539
215	546
215	485
215	551
215	489
215	491
215	494
215	558
215	497
215	500
215	566
215	571
215	444
216	515
216	519
216	583
216	523
216	593
216	530
216	469
216	541
216	479
216	545
216	482
216	549
216	490
216	556
216	495
216	498
216	567
216	505
216	572
216	575
217	385
217	509
217	454
217	391
217	457
217	336
217	403
217	467
217	341
217	406
217	409
217	347
217	479
217	352
217	483
217	363
217	505
217	430
217	494
217	368
217	433
217	313
217	379
217	381
217	318
218	289
218	325
218	284
218	300
218	286
219	581
219	585
219	586
219	524
219	588
219	527
219	530
219	596
219	533
219	551
219	554
219	556
219	559
219	497
219	500
219	503
219	508
220	291
220	359
220	360
220	298
220	301
220	337
220	369
220	339
220	314
220	315
220	348
221	320
221	322
221	386
221	333
221	335
221	340
221	406
221	343
221	345
221	410
221	412
221	419
221	357
221	361
221	364
221	430
221	434
221	435
221	309
221	310
221	311
221	376
221	442
221	383
222	514
222	519
222	521
222	524
222	398
222	534
222	410
222	414
222	546
222	548
222	422
222	551
222	424
222	560
222	433
222	437
222	443
222	572
222	445
222	574
222	448
222	577
222	458
222	589
222	462
222	471
222	474
222	482
222	483
222	488
222	489
222	495
222	497
222	500
222	509
223	329
223	333
223	339
223	283
223	286
223	287
223	355
223	360
223	305
223	306
223	309
223	310
223	375
223	376
223	315
223	381
224	350
224	322
224	355
224	360
224	328
224	298
224	333
224	304
224	369
224	306
224	339
224	310
224	283
224	286
225	352
225	384
225	389
225	358
225	390
225	409
225	395
225	367
225	402
225	370
225	377
225	413
225	415
226	512
226	517
226	520
226	527
226	403
226	535
226	408
226	537
226	410
226	546
226	419
226	425
226	554
226	427
226	432
226	561
226	434
226	563
226	438
226	444
226	573
226	452
226	581
226	584
226	458
226	461
226	590
226	469
226	474
226	479
226	484
226	486
226	495
226	505
226	510
227	546
227	579
227	582
227	584
227	554
227	556
227	563
227	569
227	570
227	573
228	517
228	393
228	521
228	398
228	402
228	532
228	533
228	284
228	542
228	288
228	417
228	548
228	294
228	422
228	426
228	300
228	303
228	560
228	308
228	312
228	441
228	569
228	445
228	318
228	575
228	450
228	326
228	332
228	588
228	336
228	466
228	596
228	471
228	349
228	477
228	355
228	484
228	357
228	483
228	492
228	497
228	373
228	378
228	508
228	510
229	325
230	514
230	516
230	390
230	392
230	524
230	527
230	401
230	402
230	403
230	530
230	405
230	539
230	542
230	415
230	543
230	417
230	551
230	425
230	554
230	427
230	556
230	431
230	310
230	438
230	312
230	568
230	570
230	315
230	440
230	448
230	578
230	323
230	451
230	581
230	454
230	585
230	334
230	463
230	336
230	465
230	338
230	594
230	346
230	474
230	477
230	480
230	483
230	357
230	359
230	489
230	491
230	368
230	500
230	503
230	376
230	505
230	378
230	379
230	381
231	450
231	451
231	518
231	455
231	467
231	473
231	475
231	481
231	426
231	428
231	493
231	442
231	498
231	501
231	438
231	506
232	293
232	326
232	295
232	296
232	319
232	302
232	310
232	318
232	287
233	320
233	387
233	293
233	351
233	329
233	297
233	361
233	365
233	305
233	370
233	339
233	343
233	282
233	316
233	383
234	450
234	514
234	456
234	521
234	585
234	588
234	526
234	463
234	533
234	471
234	476
234	540
234	482
234	548
234	552
234	489
234	559
234	497
234	501
234	566
234	508
234	446
234	575
235	325
236	382
236	386
236	518
236	394
236	404
236	406
236	410
236	285
236	290
236	418
236	296
236	427
236	430
236	304
236	434
236	308
236	313
236	442
236	451
236	454
236	328
236	331
236	459
236	336
236	467
236	342
236	477
236	350
236	480
236	354
236	485
236	358
236	364
236	493
236	374
236	503
236	505
236	379
236	510
237	350
237	292
237	294
237	328
237	360
237	362
237	304
237	338
237	341
237	315
237	318
237	286
238	513
238	520
238	488
238	508
238	526
238	497
238	500
238	501
238	533
238	471
238	539
238	476
238	542
239	325
240	579
240	582
240	552
240	587
240	556
240	558
240	526
240	592
240	529
240	532
240	564
240	537
241	514
241	471
241	516
241	541
241	520
241	489
241	522
241	528
241	497
241	503
241	477
242	514
242	578
242	579
242	551
242	552
242	587
242	588
242	525
242	526
242	558
242	496
242	560
242	500
242	532
242	538
243	544
243	577
243	548
243	589
243	560
243	593
243	565
243	566
243	575
244	289
244	292
244	301
245	356
245	363
245	334
245	335
245	366
245	341
245	311
245	312
245	318
245	319
246	593
246	578
246	588
246	583
247	520
247	547
247	563
247	573
248	547
248	581
248	585
248	554
248	590
248	562
248	596
248	565
248	570
249	385
249	517
249	519
249	520
249	395
249	397
249	534
249	536
249	409
249	282
249	283
249	543
249	545
249	419
249	547
249	421
249	295
249	560
249	433
249	305
249	307
249	563
249	569
249	443
249	572
249	445
249	573
249	319
249	584
249	329
249	330
249	458
249	589
249	468
249	470
249	342
249	351
249	353
249	484
249	363
249	494
249	496
249	371
249	372
249	509
249	511
250	299
250	291
250	292
250	305
251	452
251	453
251	326
251	454
251	392
251	393
251	336
251	337
251	465
251	339
251	404
251	405
251	406
251	466
251	349
251	417
251	419
251	357
251	359
251	361
251	441
251	428
251	430
251	371
251	440
251	313
251	314
251	379
251	316
251	382
251	383
252	359
252	362
252	394
252	429
252	431
252	400
252	432
252	405
252	407
252	380
252	383
253	516
253	520
253	393
253	523
253	397
253	400
253	401
253	528
253	404
253	542
253	417
253	421
253	424
253	425
253	428
253	440
253	441
253	445
253	448
253	452
253	329
253	332
253	334
253	336
253	465
253	466
253	470
253	473
253	478
253	375
253	351
253	356
253	358
253	491
253	496
253	499
253	372
253	503
253	377
253	379
254	419
254	456
254	457
254	396
254	461
254	431
254	432
254	463
254	436
254	407
254	408
254	443
254	413
255	515
255	516
255	522
255	525
255	398
255	526
255	401
255	530
255	403
255	407
255	540
255	548
255	422
255	425
255	553
255	427
255	557
255	431
255	438
255	566
255	446
255	575
255	449
255	451
255	580
255	456
255	585
255	464
255	593
255	472
255	475
255	476
255	480
255	489
255	490
255	506
255	501
255	374
255	502
255	377
255	378
255	383
256	450
256	579
256	453
256	518
256	519
256	584
256	589
256	526
256	467
256	468
256	596
256	534
256	536
256	476
256	478
256	571
256	544
256	545
256	484
256	553
256	493
256	494
256	560
256	563
256	502
256	569
256	570
256	443
256	572
256	509
257	284
257	287
257	294
257	286
258	292
258	324
258	294
258	300
258	305
258	282
258	316
258	318
259	320
259	357
259	362
259	363
259	335
259	340
259	342
259	312
259	317
260	304
260	297
260	290
260	293
261	512
261	451
261	453
261	456
261	522
261	523
261	461
261	464
261	529
261	472
261	473
261	538
261	476
261	479
261	550
261	487
261	427
261	555
261	429
261	561
261	498
261	499
261	436
261	564
261	504
262	385
262	513
262	389
262	517
262	393
262	527
262	528
262	403
262	404
262	531
262	538
262	413
262	542
262	417
262	553
262	554
262	427
262	428
262	557
262	564
262	437
262	441
262	569
262	451
262	452
262	580
262	581
262	455
262	586
262	461
262	592
262	466
262	595
262	476
262	478
262	480
262	487
262	492
262	502
262	503
262	506
262	380
263	432
263	438
263	456
263	457
263	459
263	429
263	462
264	594
264	570
264	567
264	569
264	522
264	543
265	547
265	588
265	560
265	594
265	595
265	568
265	569
265	574
266	579
266	572
266	581
266	575
267	391
267	519
267	396
267	525
267	400
267	401
267	528
267	531
267	415
267	543
267	546
267	420
267	424
267	425
267	552
267	554
267	557
267	570
267	443
267	572
267	449
267	579
267	582
267	455
267	586
267	469
267	475
267	478
267	481
267	495
267	371
267	501
267	503
267	376
267	377
267	506
268	577
268	515
268	580
268	586
268	524
268	527
268	528
268	539
268	540
268	503
268	550
268	553
268	557
268	502
268	567
268	566
269	384
269	389
269	374
269	391
269	378
270	512
270	580
270	517
270	584
270	587
270	529
270	532
270	596
270	537
270	476
270	542
270	478
270	543
270	547
270	487
270	553
270	492
270	493
270	559
270	563
270	502
270	504
270	569
270	570
270	507
270	574
271	576
271	577
271	549
271	550
271	566
271	583
271	556
272	448
272	391
272	456
272	332
272	460
272	400
272	464
272	339
272	407
272	346
272	416
272	356
272	424
272	361
272	364
272	431
272	367
272	435
272	439
272	376
272	377
272	380
272	382
273	324
273	295
273	299
273	333
273	338
273	309
273	346
273	316
273	286
274	512
274	485
274	487
274	536
274	522
274	524
274	498
274	499
274	472
274	538
274	511
275	387
275	388
275	399
275	405
275	411
275	285
275	416
275	291
275	423
275	297
275	429
275	302
275	432
275	306
275	309
275	440
275	314
275	447
275	321
275	322
275	324
275	453
275	327
275	457
275	332
275	337
275	465
275	343
275	344
275	345
275	347
275	350
275	354
275	359
275	365
275	374
275	381
276	288
276	323
276	294
276	295
276	311
276	317
276	318
276	319
277	320
277	384
277	449
277	387
277	331
277	459
277	334
277	398
277	402
277	343
277	471
277	474
277	411
277	475
277	288
277	289
277	353
277	485
277	422
277	296
277	362
277	426
277	365
277	307
277	435
277	373
277	311
277	377
277	445
278	449
278	513
278	453
278	583
278	456
278	458
278	586
278	587
278	462
278	592
278	530
278	531
278	532
278	538
278	475
278	479
278	482
278	484
278	488
278	556
278	558
278	559
278	501
278	565
278	505
278	506
278	507
279	416
279	386
279	387
279	356
279	389
279	392
279	362
279	367
279	379
279	410
279	411
279	413
280	576
280	545
280	548
280	583
280	559
280	592
280	565
280	571
281	513
281	516
281	587
281	527
281	592
281	593
281	532
281	538
281	541
281	553
281	559
281	565
281	502
281	567
281	507
281	574
