0	385	-29
0	382	-29
0	455	-29
0	457	-29
0	339	-29
0	341	-29
0	407	-29
0	409	-29
0	293	-29
0	295	-29
0	361	-28
0	363	-29
0	431	-29
0	433	-29
0	316	-29
0	318	-29
1	514	-46
1	515	-46
1	517	-43
1	518	-45
1	521	-46
1	395	-45
1	398	-46
1	536	-45
1	409	-46
1	411	-46
1	541	-45
1	543	-43
1	416	-46
1	418	-45
1	419	-45
1	422	-46
1	435	-46
1	439	-45
1	441	-45
1	442	-46
1	445	-46
1	460	-46
1	464	-45
1	467	-45
1	468	-45
1	471	-46
1	486	-46
1	489	-46
1	490	-45
1	492	-44
1	494	-45
1	497	-46
1	511	-46
2	451	-34
2	390	-34
2	454	-34
2	392	-34
2	395	-33
2	463	-33
2	468	-33
2	406	-34
2	477	-34
2	414	-34
2	351	-33
2	479	-34
2	419	-33
2	357	-33
2	489	-34
2	430	-34
2	367	-33
2	370	-31
2	438	-33
2	442	-34
2	381	-34
3	384	-24
3	323	-24
3	359	-24
3	391	-24
3	362	-24
3	340	-24
3	342	-23
3	317	-24
3	381	-24
3	318	-24
3	319	-23
4	576	-21
4	545	-21
4	549	-21
4	589	-21
4	559	-21
4	596	-21
4	566	-21
4	570	-21
4	574	-21
5	513	-56
5	515	-56
5	389	-56
5	392	-56
5	525	-56
5	402	-56
5	530	-56
5	406	-56
5	407	-56
5	539	-55
5	541	-55
5	414	-56
5	543	-53
5	288	-56
5	416	-56
5	291	-55
5	426	-56
5	299	-56
5	430	-56
5	437	-56
5	311	-56
5	439	-55
5	315	-56
5	450	-56
5	323	-56
5	454	-56
5	462	-56
5	335	-56
5	464	-55
5	338	-56
5	346	-56
5	475	-56
5	480	-56
5	356	-56
5	360	-56
5	377	-56
5	488	-55
5	490	-55
5	493	-56
5	501	-56
5	505	-56
5	381	-56
5	383	-56
6	384	-59
6	388	-59
6	394	-57
6	396	-59
6	399	-59
6	408	-58
6	413	-59
6	286	-59
6	289	-59
6	418	-58
6	420	-59
6	294	-59
6	423	-59
6	298	-59
6	432	-59
6	304	-58
6	306	-58
6	435	-59
6	309	-59
6	442	-59
6	314	-59
6	444	-59
6	447	-59
6	322	-59
6	328	-59
6	329	-59
6	460	-59
6	333	-58
6	466	-59
6	467	-58
6	341	-59
6	469	-59
6	472	-59
6	345	-59
6	477	-59
6	350	-58
6	352	-59
6	482	-59
6	355	-59
6	486	-59
6	359	-59
6	492	-57
6	493	-59
6	366	-59
6	372	-59
6	375	-59
7	289	-17
7	298	-17
7	292	-17
7	301	-17
8	577	-33
8	582	-33
8	520	-34
8	586	-33
8	523	-34
8	524	-34
8	528	-34
8	535	-33
8	473	-34
8	474	-34
8	479	-34
8	546	-33
8	484	-34
8	549	-33
8	551	-33
8	555	-33
8	498	-34
8	500	-34
8	504	-34
8	572	-33
8	510	-34
9	520	-46
9	525	-46
9	528	-46
9	402	-46
9	408	-45
9	283	-45
9	287	-45
9	291	-45
9	298	-46
9	426	-46
9	429	-46
9	432	-46
9	306	-45
9	310	-45
9	314	-46
9	444	-46
9	448	-46
9	322	-46
9	450	-46
9	453	-46
9	330	-46
9	333	-45
9	337	-46
9	469	-46
9	475	-46
9	348	-45
9	479	-46
9	352	-46
9	359	-46
9	495	-46
9	369	-45
9	501	-46
9	504	-46
10	448	-35
10	451	-35
10	454	-35
10	399	-35
10	400	-35
10	403	-35
10	406	-35
10	473	-35
10	474	-35
10	477	-35
10	414	-35
10	480	-35
10	355	-35
10	358	-35
10	423	-35
10	424	-35
10	427	-35
10	430	-35
10	367	-34
10	373	-35
10	375	-35
10	447	-35
11	325	-14
12	450	-28
12	419	-27
12	454	-28
12	423	-28
12	455	-28
12	457	-28
12	426	-28
12	431	-28
12	399	-28
12	402	-28
12	467	-27
12	408	-27
12	409	-28
12	442	-28
12	447	-28
13	296	-17
13	291	-16
13	302	-17
13	295	-17
14	544	-24
14	548	-24
14	581	-24
14	554	-24
14	526	-25
14	527	-25
14	594	-24
14	596	-24
14	568	-24
14	571	-23
14	541	-24
14	575	-24
15	326	-30
15	332	-30
15	338	-30
15	341	-30
15	284	-30
15	349	-30
15	355	-30
15	291	-29
15	359	-30
15	364	-30
15	302	-30
15	369	-29
15	308	-30
15	373	-30
15	315	-30
15	381	-30
15	318	-30
16	323	-33
16	388	-33
16	390	-33
16	335	-33
16	402	-33
16	339	-33
16	406	-33
16	347	-33
16	412	-33
16	415	-33
16	288	-33
16	292	-33
16	356	-33
16	360	-33
16	300	-32
16	368	-33
16	312	-33
16	378	-33
16	315	-33
16	382	-33
17	384	-51
17	513	-51
17	389	-51
17	398	-51
17	405	-51
17	409	-51
17	285	-51
17	413	-51
17	291	-50
17	422	-51
17	295	-51
17	298	-51
17	429	-51
17	433	-51
17	308	-51
17	437	-51
17	315	-51
17	446	-51
17	318	-51
17	322	-51
17	453	-51
17	457	-51
17	332	-51
17	462	-51
17	338	-51
17	341	-51
17	471	-51
17	345	-51
17	355	-51
17	483	-50
17	359	-51
17	488	-50
17	363	-51
17	367	-50
17	497	-51
17	373	-51
17	508	-51
17	381	-51
18	297	-17
18	298	-17
18	291	-16
18	294	-17
19	544	-21
19	546	-21
19	587	-21
19	558	-21
19	590	-21
19	561	-21
19	532	-21
19	535	-21
19	573	-21
20	408	-23
20	440	-22
20	424	-24
20	425	-24
20	427	-24
20	395	-23
20	400	-24
20	401	-24
20	375	-24
20	376	-24
20	381	-24
21	288	-15
21	292	-15
22	322	-31
22	389	-31
22	326	-31
22	393	-31
22	336	-30
22	338	-31
22	345	-31
22	349	-31
22	290	-31
22	293	-31
22	357	-30
22	360	-31
22	299	-31
22	303	-30
22	315	-31
22	313	-31
22	379	-31
22	382	-31
23	546	-25
23	515	-26
23	579	-25
23	583	-25
23	520	-26
23	552	-25
23	526	-26
23	495	-26
23	562	-25
23	501	-26
23	536	-25
23	573	-25
23	511	-26
24	526	-51
24	529	-51
24	402	-51
24	531	-51
24	404	-51
24	407	-51
24	286	-51
24	287	-50
24	290	-51
24	426	-51
24	555	-50
24	429	-51
24	558	-50
24	431	-51
24	309	-51
24	310	-50
24	568	-50
24	314	-51
24	450	-51
24	453	-51
24	455	-51
24	330	-51
24	332	-51
24	334	-51
24	337	-51
24	465	-51
24	476	-51
24	478	-51
24	481	-51
24	358	-51
24	361	-50
24	491	-51
24	506	-50
24	501	-51
24	504	-51
24	378	-51
24	380	-51
24	383	-51
25	387	-30
25	328	-30
25	329	-30
25	395	-29
25	406	-30
25	282	-30
25	411	-30
25	351	-29
25	419	-29
25	292	-30
25	299	-30
25	302	-30
25	303	-29
25	305	-29
25	370	-27
25	371	-30
25	382	-30
26	384	-60
26	385	-60
26	387	-60
26	517	-57
26	392	-60
26	520	-60
26	396	-60
26	532	-59
26	534	-59
26	408	-59
26	409	-60
26	536	-59
26	412	-60
26	543	-57
26	416	-60
26	544	-59
26	546	-59
26	420	-60
26	560	-59
26	433	-60
26	435	-60
26	563	-59
26	442	-60
26	444	-60
26	573	-59
26	584	-59
26	458	-59
26	460	-60
26	589	-59
26	334	-60
26	468	-59
26	341	-60
26	469	-60
26	342	-59
26	596	-59
26	352	-60
26	483	-59
26	486	-60
26	362	-60
26	492	-58
26	494	-59
26	495	-60
26	369	-59
26	372	-60
26	507	-60
26	509	-60
26	511	-60
27	325	-14
28	384	-33
28	453	-33
28	455	-33
28	393	-33
28	457	-33
28	405	-33
28	470	-33
28	408	-32
28	479	-33
28	352	-33
28	482	-33
28	359	-33
28	362	-33
28	429	-33
28	366	-33
28	431	-33
28	432	-33
28	369	-32
28	440	-31
28	381	-33
29	386	-55
29	388	-56
29	394	-54
29	400	-56
29	408	-55
29	410	-55
29	412	-56
29	286	-56
29	287	-55
29	418	-55
29	293	-56
29	296	-56
29	297	-56
29	424	-56
29	431	-56
29	434	-56
29	436	-56
29	309	-56
29	311	-56
29	317	-56
29	320	-56
29	321	-56
29	448	-56
29	455	-56
29	459	-56
29	460	-56
29	333	-55
29	467	-55
29	340	-56
29	343	-56
29	344	-56
29	473	-56
29	481	-56
29	355	-56
29	485	-56
29	486	-56
29	362	-56
29	364	-56
29	365	-56
29	492	-54
29	370	-53
29	375	-56
29	383	-56
30	576	-27
30	567	-26
30	550	-27
30	585	-27
30	556	-27
30	526	-28
30	527	-28
30	590	-27
30	561	-27
30	592	-27
30	593	-26
30	564	-27
30	535	-27
30	537	-27
30	540	-27
31	449	-44
31	514	-44
31	451	-44
31	578	-43
31	453	-44
31	518	-43
31	581	-43
31	582	-43
31	459	-44
31	524	-44
31	462	-44
31	527	-44
31	590	-43
31	529	-44
31	535	-43
31	474	-44
31	539	-43
31	477	-44
31	479	-44
31	544	-43
31	485	-44
31	551	-43
31	488	-43
31	554	-43
31	556	-43
31	562	-43
31	500	-44
31	565	-43
31	503	-44
31	505	-44
31	510	-44
32	385	-28
32	354	-28
32	323	-28
32	390	-28
32	295	-28
32	296	-28
32	299	-28
32	332	-28
32	364	-28
32	308	-28
32	374	-28
32	342	-27
32	346	-28
32	285	-28
32	319	-27
33	517	-42
33	520	-45
33	528	-45
33	404	-45
33	405	-45
33	535	-44
33	414	-45
33	542	-44
33	417	-45
33	546	-44
33	554	-44
33	428	-45
33	429	-45
33	431	-45
33	562	-44
33	569	-44
33	441	-44
33	573	-44
33	452	-45
33	581	-44
33	455	-45
33	459	-45
33	590	-44
33	466	-45
33	595	-43
33	470	-45
33	477	-45
33	485	-45
33	492	-43
33	496	-45
33	503	-45
33	510	-45
34	288	-16
34	290	-16
34	300	-15
35	308	-15
35	310	-14
36	448	-38
36	576	-37
36	514	-38
36	578	-37
36	452	-38
36	455	-38
36	523	-38
36	587	-37
36	462	-38
36	463	-37
36	593	-36
36	532	-37
36	473	-38
36	540	-37
36	477	-38
36	482	-38
36	567	-36
36	550	-37
36	551	-37
36	489	-38
36	558	-37
36	499	-38
36	503	-38
36	507	-38
36	446	-38
37	328	-37
37	392	-37
37	456	-37
37	395	-36
37	340	-37
37	468	-36
37	408	-36
37	282	-37
37	348	-36
37	351	-36
37	482	-37
37	420	-37
37	294	-37
37	362	-37
37	302	-37
37	494	-36
37	432	-37
37	305	-36
37	369	-36
37	371	-37
37	443	-37
37	507	-37
37	317	-37
37	383	-37
38	449	-43
38	450	-43
38	389	-43
38	390	-43
38	454	-43
38	461	-43
38	398	-43
38	462	-43
38	401	-43
38	403	-43
38	410	-42
38	475	-43
38	476	-43
38	413	-43
38	414	-43
38	480	-43
38	483	-42
38	422	-43
38	487	-43
38	425	-43
38	426	-43
38	434	-43
38	506	-42
38	500	-43
38	437	-43
38	502	-43
38	375	-43
38	378	-43
38	508	-43
38	446	-43
39	387	-45
39	397	-45
39	398	-45
39	401	-45
39	411	-45
39	283	-44
39	285	-45
39	421	-45
39	422	-45
39	297	-45
39	425	-45
39	307	-45
39	308	-45
39	435	-45
39	444	-45
39	446	-45
39	320	-45
39	449	-45
39	330	-45
39	331	-45
39	460	-45
39	470	-45
39	343	-45
39	471	-45
39	475	-45
39	353	-45
39	354	-45
39	486	-45
39	365	-45
39	372	-45
39	374	-45
39	377	-45
40	448	-25
40	452	-25
40	424	-25
40	489	-25
40	428	-25
40	431	-25
40	463	-24
40	438	-24
40	472	-25
40	473	-25
40	476	-25
40	446	-25
41	513	-40
41	450	-40
41	579	-39
41	583	-39
41	584	-39
41	522	-40
41	525	-40
41	462	-40
41	526	-40
41	529	-40
41	472	-40
41	476	-40
41	544	-39
41	481	-40
41	548	-39
41	487	-40
41	488	-39
41	551	-39
41	552	-39
41	555	-39
41	498	-40
41	499	-40
41	563	-39
41	502	-40
41	570	-39
41	446	-40
41	575	-39
42	548	-25
42	581	-25
42	554	-25
42	522	-26
42	589	-25
42	591	-24
42	529	-26
42	564	-25
42	565	-25
42	534	-25
42	567	-24
42	538	-25
42	575	-25
43	547	-20
43	581	-20
43	553	-20
43	554	-20
43	588	-20
43	595	-19
43	572	-20
43	573	-20
44	292	-16
44	286	-16
44	287	-15
45	320	-31
45	516	-31
45	518	-30
45	520	-31
45	331	-31
45	526	-31
45	343	-31
45	348	-30
45	541	-30
45	285	-31
45	544	-30
45	567	-29
45	296	-31
45	557	-30
45	496	-31
45	308	-31
45	503	-31
45	571	-29
46	390	-30
46	393	-30
46	330	-30
46	397	-30
46	336	-29
46	404	-30
46	346	-30
46	349	-30
46	414	-30
46	353	-30
46	417	-30
46	358	-30
46	305	-29
46	307	-30
46	372	-30
46	379	-30
46	380	-30
47	448	-24
47	423	-24
47	424	-24
47	396	-24
47	461	-24
47	398	-24
47	400	-24
47	464	-23
47	438	-23
47	446	-24
47	415	-24
48	538	-14
48	526	-15
49	577	-16
49	578	-16
49	572	-16
49	574	-16
50	448	-42
50	391	-42
50	392	-42
50	461	-42
50	399	-42
50	400	-42
50	465	-42
50	464	-41
50	404	-42
50	472	-42
50	473	-42
50	413	-42
50	478	-42
50	415	-42
50	416	-42
50	356	-42
50	358	-42
50	423	-42
50	424	-42
50	487	-42
50	490	-41
50	491	-42
50	440	-40
50	368	-42
50	437	-42
50	439	-41
50	376	-42
50	380	-42
50	446	-42
51	514	-27
51	517	-24
51	519	-27
51	489	-27
51	521	-27
51	523	-27
51	492	-25
51	505	-27
51	495	-27
51	499	-27
51	469	-27
51	473	-27
51	539	-26
51	476	-27
52	325	-14
53	484	-19
53	325	-19
53	470	-19
53	489	-19
53	490	-18
53	479	-19
54	579	-23
54	549	-23
54	552	-23
54	522	-24
54	587	-23
54	525	-24
54	558	-23
54	591	-22
54	532	-23
54	567	-22
54	575	-23
55	576	-21
55	577	-21
55	549	-21
55	550	-21
55	594	-21
55	596	-21
55	566	-21
55	568	-21
55	571	-20
56	324	-24
56	295	-24
56	332	-24
56	300	-23
56	302	-24
56	308	-24
56	341	-24
56	347	-24
56	348	-23
56	285	-24
56	318	-24
57	385	-66
57	515	-66
57	510	-66
57	391	-66
57	393	-66
57	531	-66
57	533	-65
57	407	-66
57	535	-65
57	409	-66
57	540	-65
57	415	-66
57	416	-66
57	417	-66
57	543	-63
57	292	-66
57	295	-66
57	296	-66
57	429	-66
57	557	-65
57	560	-65
57	433	-66
57	434	-66
57	562	-65
57	566	-65
57	439	-65
57	570	-65
57	316	-66
57	318	-66
57	326	-66
57	455	-66
57	457	-66
57	586	-65
57	459	-66
57	588	-65
57	591	-64
57	464	-65
57	592	-65
57	338	-66
57	341	-66
57	347	-66
57	349	-66
57	481	-66
57	484	-66
57	485	-66
57	360	-66
57	490	-65
57	363	-66
57	493	-66
57	368	-66
57	506	-65
57	509	-66
57	382	-66
58	360	-24
58	328	-24
58	301	-24
58	368	-24
58	305	-23
58	338	-24
58	307	-24
58	282	-24
58	347	-24
58	284	-24
58	351	-23
59	387	-50
59	397	-50
59	403	-50
59	411	-50
59	285	-50
59	414	-50
59	289	-50
59	293	-50
59	421	-50
59	299	-50
59	427	-50
59	435	-50
59	309	-50
59	437	-50
59	312	-50
59	445	-50
59	321	-50
59	451	-50
59	331	-50
59	460	-50
59	462	-50
59	335	-50
59	470	-50
59	343	-50
59	474	-50
59	477	-50
59	353	-50
59	356	-50
59	358	-50
59	486	-50
59	365	-50
59	367	-49
59	496	-50
59	373	-50
59	502	-50
59	378	-50
59	511	-50
60	325	-14
61	451	-38
61	580	-37
61	519	-38
61	586	-37
61	461	-38
61	527	-38
61	531	-38
61	469	-38
61	472	-38
61	477	-38
61	545	-37
61	423	-38
61	487	-38
61	553	-37
61	428	-38
61	557	-37
61	495	-38
61	436	-38
61	437	-38
61	501	-38
61	502	-38
61	506	-37
61	443	-38
61	572	-37
61	447	-38
62	391	-47
62	392	-47
62	393	-47
62	397	-47
62	405	-47
62	284	-47
62	415	-47
62	544	-46
62	417	-47
62	290	-47
62	419	-46
62	421	-47
62	300	-46
62	303	-46
62	307	-47
62	442	-47
62	314	-47
62	324	-47
62	326	-47
62	331	-47
62	460	-47
62	337	-47
62	468	-46
62	346	-47
62	348	-46
62	349	-47
62	353	-47
62	358	-47
62	494	-46
62	367	-46
62	369	-46
62	370	-44
62	373	-47
62	380	-47
63	385	-45
63	386	-44
63	394	-43
63	399	-45
63	409	-45
63	411	-45
63	285	-45
63	418	-44
63	295	-45
63	296	-45
63	423	-45
63	304	-44
63	433	-45
63	434	-45
63	309	-45
63	442	-45
63	319	-44
63	447	-45
63	328	-45
63	458	-44
63	331	-45
63	459	-45
63	467	-44
63	342	-44
63	472	-45
63	350	-44
63	354	-45
63	485	-45
63	363	-45
63	364	-45
63	493	-45
63	374	-45
64	576	-20
64	580	-20
64	553	-20
64	588	-20
64	559	-20
64	564	-20
64	596	-20
64	571	-19
65	322	-26
65	293	-26
65	326	-26
65	329	-26
65	361	-25
65	299	-26
65	366	-26
65	305	-25
65	340	-26
65	345	-26
65	282	-26
65	317	-26
65	351	-25
66	516	-30
66	582	-29
66	589	-29
66	591	-28
66	528	-30
66	595	-28
66	534	-29
66	542	-29
66	484	-30
66	485	-30
66	504	-30
66	555	-29
66	561	-29
66	562	-29
66	568	-29
66	509	-30
66	511	-30
67	553	-16
67	595	-15
67	580	-16
67	569	-16
68	296	-17
68	291	-16
68	293	-17
68	301	-17
69	472	-16
69	490	-15
69	477	-16
70	513	-45
70	388	-45
70	521	-45
70	397	-45
70	528	-45
70	404	-45
70	533	-44
70	538	-44
70	413	-45
70	422	-45
70	428	-45
70	436	-45
70	445	-45
70	452	-45
70	329	-45
70	457	-45
70	461	-45
70	336	-44
70	471	-45
70	345	-45
70	380	-45
70	478	-45
70	355	-45
70	483	-44
70	358	-45
70	487	-45
70	366	-45
70	497	-45
70	373	-45
70	374	-45
70	504	-45
70	508	-45
71	515	-27
71	549	-26
71	582	-26
71	553	-26
71	523	-27
71	524	-27
71	555	-26
71	528	-27
71	498	-27
71	594	-26
71	565	-26
71	504	-27
71	540	-26
71	574	-26
72	321	-41
72	324	-41
72	388	-41
72	391	-41
72	328	-41
72	329	-41
72	394	-39
72	332	-41
72	400	-41
72	407	-41
72	344	-41
72	347	-41
72	412	-41
72	352	-41
72	416	-41
72	354	-41
72	439	-40
72	356	-41
72	420	-41
72	424	-41
72	366	-41
72	430	-41
72	368	-41
72	306	-40
72	436	-41
72	309	-41
72	375	-41
72	376	-41
73	354	-23
73	387	-23
73	389	-23
73	391	-23
73	364	-23
73	338	-23
73	371	-23
73	342	-22
73	375	-23
73	346	-23
74	513	-29
74	587	-28
74	588	-28
74	591	-27
74	592	-28
74	532	-28
74	533	-28
74	536	-28
74	538	-28
74	559	-28
74	560	-28
74	562	-28
74	564	-28
74	504	-29
74	508	-29
74	511	-29
75	289	-22
75	322	-22
75	324	-22
75	294	-22
75	296	-22
75	299	-22
75	301	-22
75	313	-22
75	316	-22
76	448	-34
76	450	-34
76	459	-34
76	333	-33
76	399	-34
76	400	-34
76	337	-34
76	402	-34
76	405	-34
76	347	-34
76	354	-34
76	355	-34
76	420	-34
76	424	-34
76	426	-34
76	368	-34
76	371	-34
76	375	-34
76	376	-34
76	377	-34
76	444	-34
77	288	-22
77	290	-22
77	324	-22
77	301	-22
77	302	-22
77	307	-22
77	311	-22
77	314	-22
77	284	-22
78	333	-19
78	339	-20
78	284	-20
78	310	-19
78	316	-20
78	301	-20
78	287	-19
79	512	-37
79	515	-37
79	581	-36
79	586	-36
79	527	-37
79	591	-35
79	593	-35
79	594	-36
79	531	-37
79	537	-36
79	541	-36
79	477	-37
79	481	-37
79	567	-35
79	487	-37
79	553	-36
79	490	-36
79	491	-37
79	493	-37
79	558	-36
79	564	-36
79	503	-37
79	568	-36
79	507	-37
80	320	-19
80	293	-19
80	326	-19
80	296	-19
80	316	-19
80	303	-18
81	519	-32
81	586	-31
81	524	-32
81	589	-31
81	527	-32
81	591	-30
81	594	-31
81	531	-32
81	534	-31
81	546	-31
81	558	-31
81	560	-31
81	500	-32
81	564	-31
81	503	-32
81	568	-31
81	507	-32
81	572	-31
81	509	-32
82	576	-23
82	549	-23
82	554	-23
82	523	-24
82	590	-23
82	561	-23
82	593	-22
82	566	-23
82	535	-23
82	539	-23
82	574	-23
83	321	-20
83	305	-19
83	292	-20
83	328	-20
83	297	-20
83	282	-20
83	315	-20
84	289	-19
84	323	-19
84	292	-19
84	313	-19
84	315	-19
84	300	-18
85	288	-27
85	289	-27
85	321	-27
85	344	-27
85	327	-23
85	328	-27
85	297	-27
85	335	-27
85	304	-26
85	336	-26
85	312	-27
85	313	-27
85	350	-26
85	351	-26
86	325	-14
87	384	-46
87	390	-46
87	399	-46
87	529	-46
87	530	-46
87	405	-46
87	533	-45
87	408	-45
87	414	-46
87	423	-46
87	555	-45
87	556	-45
87	429	-46
87	559	-45
87	432	-46
87	438	-45
87	447	-46
87	450	-46
87	453	-46
87	582	-45
87	457	-46
87	585	-45
87	588	-45
87	463	-45
87	479	-46
87	480	-46
87	482	-46
87	375	-46
87	504	-46
87	505	-46
87	379	-46
87	508	-46
87	381	-46
88	513	-48
88	516	-48
88	389	-48
88	402	-48
88	406	-48
88	413	-48
88	416	-48
88	426	-48
88	430	-48
88	436	-48
88	310	-47
88	312	-48
88	440	-46
88	317	-48
88	322	-48
88	450	-48
88	454	-48
88	332	-48
88	461	-48
88	333	-47
88	335	-48
88	465	-48
88	345	-48
88	475	-48
88	480	-48
88	354	-48
88	357	-47
88	487	-48
88	377	-48
88	491	-48
88	366	-48
88	501	-48
88	376	-48
88	505	-48
88	381	-48
89	322	-19
89	308	-19
89	294	-19
89	298	-19
89	284	-19
89	318	-19
90	420	-21
90	422	-21
90	395	-20
90	427	-21
90	398	-21
90	403	-21
90	438	-20
90	415	-21
91	450	-40
91	451	-40
91	390	-40
91	454	-40
91	334	-40
91	463	-39
91	336	-39
91	402	-40
91	339	-40
91	403	-40
91	466	-40
91	406	-40
91	412	-40
91	415	-40
91	417	-40
91	418	-39
91	358	-40
91	361	-39
91	426	-40
91	427	-40
91	431	-40
91	438	-39
91	376	-40
91	441	-39
91	378	-40
91	379	-40
91	383	-40
92	516	-15
92	494	-14
93	386	-44
93	390	-45
93	396	-45
93	409	-45
93	410	-44
93	283	-44
93	414	-45
93	290	-45
93	420	-45
93	296	-45
93	300	-44
93	434	-45
93	306	-44
93	438	-44
93	444	-45
93	319	-44
93	323	-45
93	330	-45
93	458	-44
93	463	-44
93	341	-45
93	469	-45
93	342	-44
93	346	-45
93	479	-45
93	352	-45
93	483	-44
93	489	-45
93	363	-45
93	364	-45
93	372	-45
93	381	-45
94	325	-14
95	579	-26
95	548	-26
95	582	-26
95	583	-26
95	552	-26
95	521	-27
95	555	-26
95	526	-27
95	592	-26
95	529	-27
95	564	-26
95	537	-26
95	542	-26
95	575	-26
96	323	-39
96	389	-39
96	392	-39
96	336	-38
96	337	-39
96	338	-39
96	404	-39
96	405	-39
96	406	-39
96	346	-39
96	347	-39
96	285	-39
96	414	-39
96	291	-38
96	358	-39
96	359	-39
96	360	-39
96	299	-39
96	300	-38
96	301	-39
96	368	-39
96	315	-39
96	314	-39
96	379	-39
96	380	-39
96	382	-39
97	388	-60
97	516	-60
97	523	-60
97	524	-60
97	395	-59
97	400	-60
97	401	-60
97	529	-60
97	530	-60
97	405	-60
97	413	-60
97	542	-59
97	419	-59
97	550	-59
97	551	-59
97	424	-60
97	425	-60
97	555	-59
97	556	-59
97	430	-60
97	568	-59
97	441	-59
97	570	-59
97	443	-60
97	447	-60
97	576	-59
97	449	-60
97	578	-59
97	454	-60
97	585	-59
97	589	-59
97	595	-58
97	473	-60
97	474	-60
97	478	-60
97	480	-60
97	355	-60
97	359	-60
97	491	-60
97	366	-60
97	371	-60
97	499	-60
97	500	-60
97	375	-60
97	504	-60
97	505	-60
97	380	-60
98	328	-38
98	395	-37
98	333	-37
98	334	-38
98	400	-38
98	401	-38
98	340	-38
98	407	-38
98	286	-38
98	375	-38
98	287	-37
98	350	-37
98	418	-37
98	355	-38
98	293	-38
98	424	-38
98	425	-38
98	361	-37
98	431	-38
98	309	-38
98	311	-38
98	376	-38
98	442	-38
98	317	-38
98	383	-38
99	514	-41
99	518	-40
99	455	-41
99	585	-40
99	590	-40
99	463	-40
99	593	-39
99	530	-41
99	467	-40
99	468	-40
99	532	-40
99	535	-40
99	540	-40
99	544	-40
99	481	-41
99	545	-40
99	485	-41
99	489	-41
99	556	-40
99	493	-41
99	494	-40
99	561	-40
99	566	-40
99	507	-41
99	571	-39
99	443	-41
99	510	-41
99	447	-41
100	288	-27
100	354	-27
100	293	-27
100	328	-27
100	360	-27
100	332	-27
100	304	-26
100	369	-26
100	308	-27
100	340	-27
100	317	-27
100	348	-26
100	285	-27
100	350	-26
101	578	-20
101	579	-20
101	581	-20
101	552	-20
101	554	-20
101	587	-20
101	558	-20
101	564	-20
102	384	-50
102	393	-50
102	396	-50
102	401	-50
102	404	-50
102	283	-49
102	287	-49
102	417	-50
102	290	-50
102	421	-50
102	425	-50
102	428	-50
102	303	-49
102	432	-50
102	307	-50
102	310	-49
102	311	-50
102	441	-49
102	314	-50
102	444	-50
102	318	-50
102	449	-50
102	452	-50
102	327	-46
102	457	-50
102	330	-50
102	334	-50
102	337	-50
102	466	-50
102	341	-50
102	349	-50
102	353	-50
102	358	-50
102	363	-50
102	372	-50
102	376	-50
102	379	-50
103	308	-20
103	324	-20
103	294	-20
103	296	-20
103	317	-20
103	300	-19
103	285	-20
104	321	-30
104	327	-26
104	338	-30
104	339	-30
104	344	-30
104	350	-29
104	291	-29
104	292	-30
104	294	-30
104	359	-30
104	360	-30
104	298	-30
104	366	-30
104	304	-29
104	370	-27
104	315	-30
104	316	-30
105	513	-61
105	386	-60
105	389	-61
105	390	-61
105	525	-61
105	400	-61
105	401	-61
105	530	-61
105	533	-60
105	535	-60
105	408	-60
105	410	-60
105	538	-60
105	413	-61
105	415	-61
105	551	-60
105	424	-61
105	425	-61
105	557	-60
105	560	-60
105	562	-60
105	435	-61
105	437	-61
105	565	-60
105	448	-61
105	449	-61
105	578	-60
105	585	-60
105	459	-61
105	588	-60
105	333	-60
105	462	-61
105	590	-60
105	592	-60
105	343	-61
105	345	-61
105	346	-61
105	474	-61
105	480	-61
105	355	-61
105	485	-61
105	488	-60
105	365	-61
105	367	-60
105	500	-61
105	375	-61
105	510	-61
105	383	-61
106	385	-28
106	418	-27
106	419	-27
106	388	-28
106	422	-28
106	394	-26
106	395	-27
106	398	-28
106	433	-28
106	371	-28
106	435	-28
106	374	-28
106	409	-28
106	442	-28
106	412	-28
107	449	-43
107	446	-43
107	585	-42
107	458	-42
107	398	-43
107	590	-42
107	401	-43
107	465	-43
107	530	-43
107	468	-42
107	405	-43
107	534	-42
107	594	-42
107	596	-42
107	474	-43
107	410	-42
107	480	-43
107	544	-42
107	483	-42
107	422	-43
107	425	-43
107	557	-42
107	433	-43
107	497	-43
107	506	-42
107	500	-43
107	437	-43
107	561	-42
107	442	-43
107	510	-43
108	448	-36
108	449	-36
108	577	-35
108	452	-36
108	456	-36
108	585	-35
108	523	-36
108	587	-35
108	530	-36
108	531	-36
108	473	-36
108	475	-36
108	478	-36
108	480	-36
108	481	-36
108	550	-35
108	424	-36
108	425	-36
108	428	-36
108	557	-35
108	558	-35
108	499	-36
108	506	-35
109	449	-43
109	578	-42
109	515	-43
109	452	-43
109	583	-42
109	457	-43
109	525	-43
109	589	-42
109	463	-42
109	464	-42
109	529	-43
109	590	-42
109	592	-42
109	534	-42
109	535	-42
109	475	-43
109	540	-42
109	478	-43
109	483	-42
109	551	-42
109	489	-43
109	490	-42
109	555	-42
109	560	-42
109	562	-42
109	500	-43
109	566	-42
109	504	-43
109	509	-43
109	510	-43
110	482	-15
110	471	-15
111	544	-26
111	577	-26
111	578	-26
111	518	-26
111	550	-26
111	552	-26
111	585	-26
111	523	-27
111	525	-27
111	557	-26
111	530	-27
111	499	-27
111	501	-27
111	502	-27
112	392	-47
112	393	-47
112	522	-47
112	398	-47
112	529	-47
112	405	-47
112	417	-47
112	548	-46
112	422	-47
112	555	-46
112	429	-47
112	308	-47
112	314	-47
112	446	-47
112	575	-46
112	579	-46
112	453	-47
112	583	-46
112	331	-47
112	592	-46
112	337	-47
112	472	-47
112	348	-46
112	349	-47
112	478	-47
112	481	-47
112	354	-47
112	359	-47
112	368	-47
112	498	-47
112	374	-47
112	504	-47
112	507	-47
112	380	-47
113	512	-33
113	520	-33
113	522	-33
113	587	-32
113	592	-32
113	594	-32
113	532	-32
113	538	-32
113	478	-33
113	481	-33
113	547	-32
113	548	-32
113	487	-33
113	558	-32
113	498	-33
113	564	-32
113	503	-33
113	507	-33
113	573	-32
113	575	-32
114	452	-37
114	453	-37
114	581	-36
114	583	-36
114	456	-37
114	517	-34
114	587	-36
114	528	-37
114	529	-37
114	466	-37
114	595	-35
114	532	-36
114	542	-36
114	478	-37
114	479	-37
114	481	-37
114	554	-36
114	555	-36
114	568	-36
114	492	-35
114	558	-36
114	503	-37
114	504	-37
114	507	-37
115	512	-43
115	451	-43
115	520	-43
115	457	-43
115	460	-43
115	461	-43
115	526	-43
115	399	-43
115	465	-43
115	533	-42
115	470	-43
115	408	-42
115	537	-42
115	538	-42
115	476	-43
115	413	-43
115	544	-42
115	483	-42
115	486	-43
115	487	-43
115	427	-43
115	491	-43
115	432	-43
115	496	-43
115	436	-43
115	502	-43
115	440	-41
115	508	-43
115	446	-43
115	511	-43
116	386	-53
116	521	-54
116	522	-54
116	523	-54
116	395	-53
116	399	-54
116	400	-54
116	411	-54
116	418	-53
116	547	-53
116	549	-53
116	550	-53
116	423	-54
116	424	-54
116	434	-54
116	442	-54
116	445	-54
116	446	-54
116	574	-53
116	448	-54
116	575	-53
116	577	-53
116	459	-54
116	333	-53
116	594	-53
116	470	-54
116	343	-54
116	472	-54
116	473	-54
116	347	-54
116	354	-54
116	356	-54
116	485	-54
116	364	-54
116	367	-53
116	496	-54
116	498	-54
116	499	-54
116	372	-54
116	374	-54
116	376	-54
117	393	-50
117	397	-50
117	403	-50
117	404	-50
117	289	-50
117	417	-50
117	421	-50
117	294	-50
117	427	-50
117	428	-50
117	303	-49
117	304	-49
117	312	-50
117	313	-50
117	441	-49
117	445	-50
117	318	-50
117	323	-50
117	451	-50
117	452	-50
117	326	-50
117	327	-46
117	330	-50
117	335	-50
117	337	-50
117	466	-50
117	470	-50
117	476	-50
117	349	-50
117	478	-50
117	353	-50
117	357	-49
117	358	-50
117	492	-48
117	372	-50
117	378	-50
117	380	-50
118	304	-19
118	284	-20
118	295	-20
118	297	-20
118	300	-19
118	301	-20
118	303	-19
119	388	-48
119	403	-48
119	407	-48
119	412	-48
119	285	-48
119	288	-48
119	289	-48
119	290	-48
119	416	-48
119	418	-47
119	427	-48
119	430	-48
119	308	-48
119	436	-48
119	311	-48
119	312	-48
119	441	-47
119	440	-46
119	316	-48
119	321	-48
119	451	-48
119	455	-48
119	328	-48
119	460	-48
119	335	-48
119	339	-48
119	468	-47
119	344	-48
119	351	-47
119	357	-47
119	360	-48
119	366	-48
119	370	-45
119	378	-48
119	382	-48
120	390	-51
120	391	-51
120	397	-51
120	404	-51
120	282	-51
120	410	-50
120	414	-51
120	415	-51
120	290	-51
120	421	-51
120	428	-51
120	300	-50
120	302	-51
120	304	-50
120	306	-50
120	438	-50
120	439	-50
120	314	-51
120	445	-51
120	323	-51
120	324	-51
120	452	-51
120	326	-51
120	453	-51
120	328	-51
120	329	-51
120	331	-51
120	463	-50
120	464	-50
120	337	-51
120	346	-51
120	347	-51
120	352	-51
120	353	-51
120	358	-51
120	368	-51
120	373	-51
120	380	-51
121	519	-51
121	396	-51
121	529	-51
121	531	-51
121	405	-51
121	407	-51
121	282	-51
121	543	-48
121	291	-50
121	292	-51
121	420	-51
121	429	-51
121	302	-51
121	430	-51
121	306	-50
121	443	-51
121	315	-51
121	316	-51
121	453	-51
121	455	-51
121	329	-51
121	338	-51
121	339	-51
121	469	-51
121	348	-50
121	479	-51
121	352	-51
121	481	-51
121	359	-51
121	360	-51
121	493	-51
121	495	-51
121	369	-50
121	371	-51
121	505	-51
121	506	-50
121	381	-51
121	382	-51
122	545	-27
122	547	-27
122	581	-27
122	519	-28
122	574	-27
122	521	-28
122	554	-27
122	588	-27
122	496	-28
122	528	-28
122	595	-26
122	503	-28
122	569	-27
122	572	-27
122	542	-27
123	512	-41
123	577	-40
123	579	-40
123	516	-41
123	518	-40
123	585	-40
123	586	-40
123	524	-41
123	525	-41
123	527	-41
123	594	-40
123	531	-41
123	537	-40
123	474	-41
123	475	-41
123	476	-41
123	541	-40
123	543	-38
123	544	-40
123	486	-41
123	550	-40
123	552	-40
123	557	-40
123	499	-41
123	564	-40
123	501	-41
123	502	-41
123	568	-40
124	576	-30
124	515	-31
124	580	-30
124	522	-31
124	590	-30
124	527	-31
124	593	-29
124	534	-30
124	539	-30
124	540	-30
124	549	-30
124	553	-30
124	561	-30
124	498	-31
124	565	-30
124	567	-29
124	509	-31
124	510	-31
125	508	-15
125	532	-14
126	582	-24
126	555	-24
126	587	-24
126	589	-24
126	558	-24
126	528	-25
126	560	-24
126	593	-23
126	531	-25
126	533	-24
126	566	-24
126	540	-24
127	587	-15
127	580	-15
127	591	-14
128	580	-16
128	591	-15
128	582	-16
128	583	-16
129	580	-21
129	583	-21
129	553	-21
129	555	-21
129	527	-22
129	591	-20
129	529	-22
129	564	-21
129	538	-21
130	385	-46
130	515	-46
130	391	-46
130	397	-46
130	409	-46
130	284	-46
130	415	-46
130	421	-46
130	295	-46
130	299	-46
130	301	-46
130	433	-46
130	307	-46
130	439	-45
130	445	-46
130	319	-45
130	324	-46
130	457	-46
130	331	-46
130	464	-45
130	341	-46
130	470	-46
130	346	-46
130	474	-46
130	353	-46
130	484	-46
130	490	-45
130	363	-46
130	367	-45
130	496	-46
130	499	-46
130	373	-46
130	509	-46
131	320	-33
131	386	-32
131	323	-33
131	324	-33
131	389	-33
131	391	-33
131	338	-33
131	342	-32
131	345	-33
131	346	-33
131	293	-33
131	296	-33
131	361	-32
131	299	-33
131	364	-33
131	301	-33
131	367	-32
131	307	-33
131	313	-33
131	382	-33
132	384	-24
132	354	-24
132	356	-24
132	388	-24
132	362	-24
132	331	-24
132	366	-24
132	340	-24
132	374	-24
132	344	-24
132	378	-24
133	325	-14
134	385	-58
134	387	-58
134	522	-58
134	394	-56
134	525	-58
134	399	-58
134	401	-58
134	529	-58
134	534	-57
134	409	-58
134	411	-58
134	418	-57
134	549	-57
134	423	-58
134	552	-57
134	426	-58
134	560	-57
134	433	-58
134	434	-58
134	442	-58
134	572	-57
134	447	-58
134	576	-57
134	449	-58
134	579	-57
134	452	-58
134	582	-57
134	583	-57
134	458	-57
134	337	-58
134	342	-57
134	472	-58
134	475	-58
134	348	-57
134	478	-58
134	350	-57
134	354	-58
134	484	-58
134	363	-58
134	364	-58
134	498	-58
134	501	-58
134	374	-58
134	504	-58
134	509	-58
135	577	-18
135	593	-17
135	595	-17
135	580	-18
135	582	-18
135	584	-18
136	385	-69
136	387	-69
136	516	-69
136	392	-69
136	521	-69
136	394	-67
136	397	-69
136	404	-69
136	534	-68
136	536	-68
136	410	-68
136	284	-69
136	412	-69
136	541	-68
136	416	-69
136	547	-68
136	421	-69
136	295	-69
136	297	-69
136	428	-69
136	433	-69
136	561	-68
136	563	-68
136	436	-69
136	439	-68
136	567	-67
136	317	-69
136	445	-69
136	319	-68
136	574	-68
136	321	-69
136	584	-68
136	458	-68
136	460	-69
136	589	-68
136	465	-69
136	466	-69
136	467	-68
136	340	-69
136	594	-68
136	342	-68
136	471	-69
136	344	-69
136	350	-68
136	353	-69
136	484	-69
136	486	-69
136	490	-68
136	363	-69
136	365	-69
136	496	-69
136	370	-66
136	373	-69
136	380	-69
136	509	-69
136	511	-69
137	331	-30
137	397	-30
137	334	-30
137	335	-30
137	402	-30
137	403	-30
137	284	-30
137	288	-30
137	289	-30
137	353	-30
137	357	-29
137	313	-30
137	307	-30
137	373	-30
137	311	-30
137	377	-30
137	379	-30
138	512	-27
138	513	-27
138	515	-27
138	547	-26
138	550	-26
138	583	-26
138	521	-27
138	524	-27
138	496	-27
138	499	-27
138	565	-26
138	539	-26
138	508	-27
138	574	-26
139	576	-26
139	579	-26
139	549	-26
139	582	-26
139	552	-26
139	584	-26
139	523	-27
139	555	-26
139	525	-27
139	594	-26
139	563	-26
139	567	-25
139	537	-26
139	541	-26
140	540	-13
141	325	-14
142	482	-15
142	484	-15
143	576	-19
143	580	-19
143	549	-19
143	565	-19
143	583	-19
143	553	-19
143	556	-19
144	320	-22
144	291	-21
144	331	-22
144	332	-22
144	309	-22
144	345	-22
144	315	-22
144	285	-22
144	286	-22
145	356	-25
145	328	-25
145	362	-25
145	333	-24
145	334	-25
145	337	-25
145	340	-25
145	310	-24
145	311	-25
145	314	-25
145	317	-25
145	351	-24
146	387	-27
146	454	-27
146	423	-27
146	460	-27
146	429	-27
146	399	-27
146	464	-26
146	434	-27
146	406	-27
146	439	-26
146	377	-27
146	411	-27
146	380	-27
146	447	-27
147	488	-15
147	482	-16
147	471	-16
148	579	-27
148	548	-27
148	552	-27
148	521	-28
148	584	-27
148	525	-28
148	589	-27
148	560	-27
148	563	-27
148	596	-27
148	534	-27
148	536	-27
148	570	-27
148	539	-27
148	574	-27
149	325	-14
150	512	-60
150	388	-60
150	525	-60
150	402	-60
150	530	-60
150	531	-60
150	406	-60
150	407	-60
150	537	-59
150	413	-60
150	286	-60
150	288	-60
150	293	-60
150	298	-60
150	426	-60
150	301	-60
150	430	-60
150	431	-60
150	436	-60
150	309	-60
150	311	-60
150	316	-60
150	321	-60
150	450	-60
150	454	-60
150	455	-60
150	332	-60
150	461	-60
150	335	-60
150	339	-60
150	344	-60
150	347	-60
150	475	-60
150	479	-60
150	481	-60
150	355	-60
150	356	-60
150	487	-60
150	361	-59
150	505	-60
150	366	-60
150	368	-60
150	501	-60
150	377	-60
150	507	-60
150	381	-60
150	383	-60
151	512	-17
151	497	-17
151	508	-17
151	513	-17
152	320	-36
152	322	-36
152	323	-36
152	388	-36
152	386	-35
152	390	-36
152	327	-32
152	393	-36
152	340	-36
152	343	-36
152	345	-36
152	346	-36
152	349	-36
152	289	-36
152	296	-36
152	361	-35
152	298	-36
152	364	-36
152	366	-36
152	303	-35
152	370	-33
152	313	-36
152	383	-36
153	586	-14
153	559	-14
154	385	-60
154	388	-60
154	517	-57
154	394	-58
154	523	-60
154	399	-60
154	530	-60
154	403	-60
154	534	-59
154	536	-59
154	410	-59
154	412	-60
154	543	-57
154	418	-59
154	549	-59
154	423	-60
154	556	-59
154	430	-60
154	433	-60
154	561	-59
154	563	-59
154	436	-60
154	569	-59
154	570	-59
154	447	-60
154	454	-60
154	584	-59
154	458	-59
154	460	-60
154	466	-60
154	467	-59
154	596	-59
154	473	-60
154	480	-60
154	355	-60
154	483	-59
154	486	-60
154	363	-60
154	492	-58
154	365	-60
154	493	-60
154	498	-60
154	375	-60
154	505	-60
154	379	-60
154	509	-60
154	511	-60
155	512	-69
155	514	-69
155	386	-68
155	517	-66
155	390	-69
155	520	-69
155	396	-69
155	524	-69
155	400	-69
155	535	-68
155	537	-68
155	410	-68
155	283	-68
155	539	-68
155	414	-69
155	286	-69
155	287	-68
155	546	-68
155	420	-69
155	551	-68
155	425	-69
155	561	-68
155	434	-69
155	306	-68
155	309	-69
155	437	-69
155	310	-68
155	565	-68
155	444	-69
155	573	-68
155	448	-69
155	578	-68
155	323	-69
155	330	-69
155	458	-68
155	460	-69
155	333	-68
155	462	-69
155	590	-68
155	467	-68
155	469	-69
155	343	-69
155	346	-69
155	474	-69
155	348	-68
155	352	-69
155	484	-69
155	486	-69
155	488	-68
155	364	-69
155	493	-69
155	495	-69
155	372	-69
155	500	-69
155	376	-69
155	510	-69
156	576	-27
156	545	-27
156	549	-27
156	518	-27
156	523	-28
156	588	-27
156	559	-27
156	569	-27
156	592	-27
156	595	-26
156	564	-27
156	533	-27
156	537	-27
156	571	-26
156	542	-27
157	514	-31
157	518	-30
157	585	-30
157	590	-30
157	530	-31
157	468	-30
157	535	-30
157	473	-31
157	545	-30
157	482	-31
157	484	-31
157	489	-31
157	556	-30
157	494	-30
157	561	-30
157	498	-31
157	571	-29
157	510	-31
158	457	-29
158	458	-28
158	523	-29
158	466	-29
158	533	-28
158	541	-28
158	483	-28
158	484	-29
158	491	-29
158	492	-27
158	505	-29
158	432	-29
158	434	-29
158	441	-28
158	508	-29
158	509	-29
159	384	-60
159	513	-60
159	516	-60
159	389	-60
159	392	-60
159	393	-60
159	398	-60
159	404	-60
159	408	-59
159	414	-60
159	417	-60
159	290	-60
159	294	-60
159	422	-60
159	299	-60
159	427	-60
159	302	-60
159	432	-60
159	437	-60
159	440	-58
159	313	-60
159	317	-60
159	446	-60
159	447	-60
159	323	-60
159	451	-60
159	326	-60
159	456	-60
159	462	-60
159	336	-59
159	465	-60
159	340	-60
159	507	-60
159	471	-60
159	345	-60
159	473	-60
159	349	-60
159	482	-60
159	357	-59
159	488	-59
159	362	-60
159	491	-60
159	497	-60
159	499	-60
159	373	-60
159	375	-60
159	379	-60
160	326	-31
160	330	-31
160	334	-31
160	335	-31
160	336	-30
160	283	-30
160	349	-31
160	287	-30
160	288	-31
160	352	-31
160	356	-31
160	357	-30
160	301	-31
160	302	-31
160	306	-30
160	310	-30
160	312	-31
160	319	-30
161	288	-19
161	308	-19
161	310	-18
161	312	-19
161	285	-19
161	287	-18
162	384	-67
162	387	-67
162	517	-64
162	518	-66
162	520	-67
162	394	-65
162	395	-66
162	396	-67
162	536	-66
162	282	-67
162	283	-66
162	412	-67
162	545	-66
162	418	-66
162	419	-66
162	420	-67
162	546	-66
162	294	-67
162	297	-67
162	303	-66
162	305	-66
162	306	-66
162	435	-67
162	563	-66
162	441	-66
162	443	-67
162	444	-67
162	317	-67
162	573	-66
162	571	-65
162	321	-67
162	327	-63
162	584	-66
162	329	-67
162	330	-67
162	460	-67
162	340	-67
162	469	-67
162	468	-66
162	344	-67
162	349	-67
162	350	-66
162	351	-66
162	352	-67
162	486	-67
162	362	-67
162	492	-65
162	365	-67
162	494	-66
162	495	-67
162	370	-64
162	371	-67
162	372	-67
162	511	-67
163	576	-41
163	513	-42
163	451	-42
163	516	-42
163	456	-42
163	523	-42
163	588	-41
163	461	-42
163	462	-42
163	595	-40
163	469	-42
163	533	-41
163	473	-42
163	539	-41
163	477	-42
163	542	-41
163	482	-42
163	546	-41
163	550	-41
163	488	-41
163	491	-42
163	495	-42
163	559	-41
163	499	-42
163	565	-41
163	568	-41
163	508	-42
163	573	-41
163	447	-42
164	576	-17
164	592	-17
164	578	-17
164	573	-17
164	589	-17
165	321	-22
165	290	-22
165	298	-22
165	330	-22
165	336	-21
165	306	-21
165	344	-22
165	313	-22
165	283	-21
166	385	-39
166	458	-38
166	394	-37
166	396	-39
166	335	-39
166	402	-39
166	467	-38
166	340	-39
166	341	-39
166	469	-39
166	407	-39
166	476	-39
166	477	-39
166	350	-38
166	418	-38
166	356	-39
166	420	-39
166	489	-39
166	361	-38
166	364	-39
166	493	-39
166	378	-39
166	433	-39
166	442	-39
166	444	-39
166	383	-39
167	545	-20
167	578	-20
167	551	-20
167	558	-20
167	561	-20
167	566	-20
167	571	-19
167	575	-20
168	385	-62
168	387	-62
168	518	-61
168	520	-62
168	395	-61
168	396	-62
168	536	-61
168	282	-62
168	283	-61
168	412	-62
168	544	-61
168	545	-61
168	546	-61
168	419	-61
168	421	-62
168	297	-62
168	302	-62
168	305	-61
168	306	-61
168	435	-62
168	563	-61
168	442	-62
168	314	-62
168	443	-62
168	444	-62
168	573	-61
168	571	-60
168	321	-62
168	326	-62
168	584	-61
168	329	-62
168	330	-62
168	460	-62
168	468	-61
168	596	-61
168	470	-62
168	343	-62
168	344	-62
168	350	-61
168	351	-61
168	352	-62
168	486	-62
168	365	-62
168	494	-61
168	495	-62
168	370	-59
168	371	-62
168	372	-62
168	511	-62
169	305	-19
169	322	-20
169	295	-20
169	313	-20
169	298	-20
169	282	-20
169	319	-19
170	288	-17
170	312	-17
170	315	-17
170	292	-17
171	322	-22
171	291	-21
171	298	-22
171	332	-22
171	337	-22
171	308	-22
171	345	-22
171	314	-22
171	285	-22
172	480	-23
172	452	-23
172	420	-23
172	454	-23
172	428	-23
172	463	-22
172	465	-23
172	438	-22
172	440	-21
172	443	-23
173	545	-25
173	514	-26
173	578	-25
173	582	-25
173	519	-26
173	556	-25
173	494	-25
173	529	-26
173	565	-25
173	502	-26
173	505	-26
173	539	-25
173	571	-24
174	385	-71
174	519	-71
174	395	-70
174	524	-71
174	401	-71
174	530	-71
174	406	-71
174	534	-70
174	282	-71
174	410	-70
174	287	-70
174	543	-68
174	546	-70
174	292	-71
174	420	-71
174	295	-71
174	551	-70
174	425	-71
174	300	-70
174	557	-70
174	430	-71
174	433	-71
174	305	-70
174	561	-70
174	311	-71
174	570	-70
174	443	-71
174	315	-71
174	572	-70
174	318	-71
174	319	-70
174	449	-71
174	578	-70
174	324	-71
174	454	-71
174	329	-71
174	458	-70
174	585	-70
174	334	-71
174	590	-70
174	339	-71
174	468	-70
174	342	-70
174	474	-71
174	347	-71
174	351	-70
174	480	-71
174	483	-70
174	360	-71
174	364	-71
174	493	-71
174	494	-70
174	368	-71
174	500	-71
174	376	-71
174	506	-70
174	509	-71
174	382	-71
175	512	-58
175	388	-58
175	517	-55
175	393	-58
175	394	-56
175	396	-58
175	402	-58
175	283	-57
175	412	-58
175	289	-58
175	417	-58
175	418	-57
175	421	-58
175	298	-58
175	426	-58
175	303	-57
175	306	-57
175	436	-58
175	312	-58
175	441	-57
175	444	-58
175	321	-58
175	450	-58
175	327	-54
175	328	-58
175	330	-58
175	461	-58
175	335	-58
175	466	-58
175	467	-57
175	470	-58
175	344	-58
175	476	-58
175	349	-58
175	350	-57
175	352	-58
175	357	-57
175	486	-58
175	492	-56
175	366	-58
175	496	-58
175	370	-55
175	372	-58
175	502	-58
175	378	-58
176	537	-15
176	526	-16
176	519	-16
177	326	-30
177	332	-30
177	336	-29
177	338	-30
177	348	-29
177	286	-30
177	289	-30
177	355	-30
177	357	-29
177	360	-30
177	301	-30
177	302	-30
177	367	-29
177	304	-29
177	369	-29
177	308	-30
177	312	-30
178	321	-41
178	388	-41
178	327	-37
178	334	-41
178	337	-41
178	401	-41
178	339	-41
178	404	-41
178	341	-41
178	406	-41
178	344	-41
178	283	-40
178	412	-41
178	287	-40
178	351	-40
178	290	-41
178	356	-41
178	358	-41
178	360	-41
178	366	-41
178	303	-40
178	370	-38
178	311	-41
178	377	-41
178	314	-41
178	379	-41
178	316	-41
178	382	-41
179	512	-35
179	390	-35
179	395	-34
179	461	-35
179	398	-35
179	468	-34
179	470	-35
179	471	-35
179	414	-35
179	420	-35
179	422	-35
179	487	-35
179	426	-35
179	494	-34
179	496	-35
179	497	-35
179	371	-35
179	436	-35
179	374	-35
179	443	-35
179	444	-35
179	446	-35
180	512	-28
180	514	-28
180	548	-27
180	551	-27
180	552	-27
180	522	-28
180	525	-28
180	526	-28
180	559	-27
180	497	-28
180	500	-28
180	532	-27
180	502	-28
180	564	-27
180	540	-27
181	545	-23
181	577	-23
181	548	-23
181	550	-23
181	519	-24
181	522	-24
181	592	-23
181	566	-23
181	540	-23
181	572	-23
181	575	-23
182	384	-56
182	387	-56
182	394	-54
182	397	-56
182	403	-56
182	408	-55
182	283	-55
182	412	-56
182	415	-56
182	289	-56
182	418	-55
182	421	-56
182	294	-56
182	297	-56
182	426	-56
182	301	-56
182	302	-56
182	303	-55
182	432	-56
182	304	-55
182	307	-56
182	435	-56
182	312	-56
182	444	-56
182	317	-56
182	320	-56
182	450	-56
182	327	-52
182	456	-56
182	330	-56
182	460	-56
182	335	-56
182	466	-56
182	340	-56
182	344	-56
182	349	-56
182	353	-56
182	356	-56
182	362	-56
182	365	-56
182	369	-55
182	372	-56
182	378	-56
183	429	-24
183	430	-24
183	434	-24
183	405	-24
183	406	-24
183	437	-24
183	438	-23
183	411	-24
183	380	-24
183	414	-24
183	415	-24
184	282	-15
184	292	-15
185	325	-14
186	384	-25
186	387	-25
186	361	-24
186	362	-25
186	363	-25
186	394	-23
186	365	-25
186	341	-25
186	342	-24
186	344	-25
186	382	-25
186	383	-25
187	547	-23
187	580	-23
187	552	-23
187	525	-24
187	590	-23
187	559	-23
187	528	-24
187	562	-23
187	533	-23
187	535	-23
187	573	-23
188	320	-21
188	321	-21
188	293	-21
188	327	-17
188	296	-21
188	297	-21
188	303	-20
188	317	-21
189	386	-61
189	519	-62
189	392	-62
189	393	-62
189	396	-62
189	399	-62
189	531	-62
189	535	-61
189	537	-61
189	411	-62
189	543	-59
189	416	-62
189	545	-61
189	420	-62
189	423	-62
189	557	-61
189	434	-62
189	562	-61
189	563	-61
189	568	-61
189	569	-61
189	570	-61
189	443	-62
189	572	-61
189	440	-60
189	455	-62
189	584	-61
189	329	-62
189	586	-61
189	459	-62
189	332	-62
189	591	-60
189	465	-62
189	595	-60
189	469	-62
189	348	-61
189	352	-62
189	480	-62
189	354	-62
189	485	-62
189	486	-62
189	491	-62
189	495	-62
189	369	-61
189	371	-62
189	374	-62
189	506	-61
189	510	-62
189	511	-62
190	389	-47
190	390	-47
190	397	-47
190	401	-47
190	403	-47
190	404	-47
190	284	-47
190	413	-47
190	289	-47
190	421	-47
190	298	-47
190	427	-47
190	428	-47
190	300	-46
190	307	-47
190	436	-47
190	439	-46
190	312	-47
190	313	-47
190	322	-47
190	324	-47
190	330	-47
190	335	-47
190	337	-47
190	345	-47
190	347	-47
190	353	-47
190	357	-46
190	358	-47
190	366	-47
190	368	-47
190	372	-47
190	378	-47
190	379	-47
191	400	-19
191	371	-19
191	390	-19
191	376	-19
191	396	-19
191	414	-19
192	386	-50
192	389	-51
192	397	-51
192	405	-51
192	411	-51
192	284	-51
192	413	-51
192	286	-51
192	287	-50
192	416	-51
192	421	-51
192	298	-51
192	429	-51
192	307	-51
192	437	-51
192	310	-50
192	311	-51
192	440	-49
192	314	-51
192	445	-51
192	322	-51
192	453	-51
192	331	-51
192	461	-51
192	334	-51
192	465	-51
192	338	-51
192	470	-51
192	345	-51
192	479	-51
192	353	-51
192	359	-51
192	487	-51
192	491	-51
192	367	-50
192	372	-51
192	377	-51
192	381	-51
193	320	-32
193	386	-31
193	392	-32
193	397	-32
193	342	-31
193	343	-32
193	410	-31
193	411	-32
193	348	-31
193	416	-32
193	421	-32
193	364	-32
193	365	-32
193	369	-31
193	434	-32
193	435	-32
193	373	-32
193	439	-31
193	319	-31
194	384	-51
194	386	-50
194	515	-51
194	391	-51
194	521	-51
194	399	-51
194	409	-51
194	540	-50
194	541	-50
194	415	-51
194	419	-50
194	547	-50
194	423	-51
194	432	-51
194	562	-50
194	439	-50
194	567	-49
194	574	-50
194	447	-51
194	457	-51
194	591	-49
194	464	-50
194	593	-49
194	594	-50
194	341	-51
194	470	-51
194	343	-51
194	472	-51
194	347	-51
194	483	-50
194	490	-50
194	363	-51
194	365	-51
194	368	-51
194	496	-51
194	498	-51
194	374	-51
194	508	-51
195	481	-25
195	514	-25
195	518	-24
195	456	-25
195	488	-24
195	493	-25
195	463	-24
195	498	-25
195	467	-24
195	472	-25
195	507	-25
195	446	-25
196	577	-23
196	547	-23
196	580	-23
196	542	-23
196	553	-23
196	527	-24
196	528	-24
196	595	-22
196	568	-23
196	569	-23
196	574	-23
197	580	-28
197	518	-28
197	582	-28
197	522	-29
197	589	-28
197	528	-29
197	596	-28
197	534	-28
197	544	-28
197	549	-28
197	555	-28
197	561	-28
197	507	-29
197	504	-29
197	571	-27
197	509	-29
198	325	-14
199	386	-46
199	516	-47
199	392	-47
199	521	-47
199	397	-47
199	535	-46
199	411	-47
199	284	-47
199	542	-46
199	417	-47
199	547	-46
199	421	-47
199	297	-47
199	302	-47
199	562	-46
199	307	-47
199	435	-47
199	568	-46
199	440	-45
199	445	-47
199	320	-47
199	326	-47
199	331	-47
199	459	-47
199	465	-47
199	470	-47
199	343	-47
199	353	-47
199	485	-47
199	491	-47
199	365	-47
199	496	-47
199	373	-47
199	510	-47
200	388	-23
200	427	-23
200	428	-23
200	431	-23
200	403	-23
200	436	-23
200	407	-23
200	378	-23
200	412	-23
200	382	-23
201	320	-23
201	290	-23
201	327	-19
201	297	-23
201	302	-23
201	303	-22
201	304	-22
201	307	-23
201	313	-23
201	284	-23
202	384	-53
202	512	-53
202	388	-53
202	391	-53
202	522	-53
202	399	-53
202	533	-52
202	408	-52
202	538	-52
202	412	-53
202	285	-53
202	541	-52
202	416	-53
202	294	-53
202	423	-53
202	299	-53
202	432	-53
202	436	-53
202	309	-53
202	439	-52
202	317	-53
202	447	-53
202	321	-53
202	456	-53
202	331	-53
202	461	-53
202	464	-52
202	340	-53
202	344	-53
202	472	-53
202	347	-53
202	354	-53
202	482	-53
202	487	-53
202	362	-53
202	366	-53
202	368	-53
202	498	-53
202	374	-53
202	508	-53
203	385	-46
203	391	-46
203	401	-46
203	407	-46
203	409	-46
203	282	-46
203	415	-46
203	293	-46
203	425	-46
203	300	-45
203	431	-46
203	433	-46
203	439	-45
203	316	-46
203	319	-45
203	449	-46
203	324	-46
203	456	-46
203	458	-45
203	334	-46
203	464	-45
203	339	-46
203	342	-45
203	346	-46
203	475	-46
203	481	-46
203	484	-46
203	361	-45
203	490	-45
203	363	-46
203	367	-45
203	377	-46
203	383	-46
204	515	-55
204	516	-55
204	393	-55
204	396	-55
204	402	-55
204	407	-55
204	282	-55
204	288	-55
204	417	-55
204	290	-55
204	419	-54
204	293	-55
204	426	-55
204	430	-55
204	305	-54
204	311	-55
204	441	-54
204	443	-55
204	316	-55
204	449	-55
204	326	-55
204	455	-55
204	329	-55
204	334	-55
204	338	-55
204	466	-55
204	469	-55
204	475	-55
204	348	-54
204	349	-55
204	351	-54
204	481	-55
204	361	-54
204	491	-55
204	493	-55
204	495	-55
204	369	-54
204	371	-55
204	501	-55
204	377	-55
204	506	-54
204	382	-55
205	515	-25
205	547	-24
205	550	-24
205	521	-25
205	524	-25
205	496	-25
205	562	-24
205	499	-25
205	566	-24
205	536	-24
205	540	-24
205	510	-25
206	513	-43
206	452	-43
206	516	-43
206	586	-42
206	459	-43
206	462	-43
206	591	-41
206	465	-43
206	466	-43
206	531	-43
206	594	-42
206	593	-41
206	472	-43
206	536	-42
206	539	-42
206	541	-42
206	478	-43
206	485	-43
206	488	-42
206	490	-42
206	428	-43
206	557	-42
206	434	-43
206	562	-42
206	437	-43
206	567	-41
206	504	-43
206	441	-42
206	506	-42
206	511	-43
207	290	-21
207	323	-21
207	327	-17
207	299	-21
207	303	-20
207	309	-21
207	313	-21
207	286	-21
208	323	-22
208	324	-22
208	291	-21
208	295	-22
208	299	-22
208	301	-22
208	304	-21
208	316	-22
208	319	-21
209	537	-16
209	527	-17
209	541	-16
209	519	-17
210	588	-16
210	581	-16
210	591	-15
210	596	-16
211	514	-44
211	453	-44
211	456	-44
211	586	-43
211	459	-44
211	587	-43
211	462	-44
211	463	-43
211	591	-42
211	465	-44
211	531	-44
211	595	-42
211	536	-43
211	539	-43
211	477	-44
211	482	-44
211	485	-44
211	488	-43
211	568	-43
211	491	-44
211	429	-44
211	557	-43
211	559	-43
211	562	-43
211	435	-44
211	437	-44
211	502	-44
211	438	-43
211	565	-43
211	507	-44
211	511	-44
212	512	-57
212	515	-57
212	391	-57
212	392	-57
212	521	-57
212	524	-57
212	398	-57
212	399	-57
212	409	-57
212	537	-56
212	416	-57
212	548	-56
212	422	-57
212	423	-57
212	550	-56
212	307	-57
212	563	-56
212	309	-57
212	439	-56
212	569	-56
212	570	-56
212	445	-57
212	574	-56
212	447	-57
212	577	-56
212	324	-57
212	584	-56
212	331	-57
212	333	-56
212	464	-56
212	471	-57
212	474	-57
212	347	-57
212	348	-56
212	353	-57
212	355	-57
212	490	-56
212	368	-57
212	497	-57
212	369	-56
212	499	-57
212	373	-57
212	375	-57
212	380	-57
213	325	-14
214	513	-55
214	387	-55
214	389	-55
214	519	-55
214	521	-55
214	396	-55
214	398	-55
214	536	-54
214	538	-54
214	411	-55
214	283	-54
214	413	-55
214	420	-55
214	422	-55
214	297	-55
214	299	-55
214	306	-54
214	435	-55
214	437	-55
214	444	-55
214	445	-55
214	320	-55
214	322	-55
214	329	-55
214	330	-55
214	459	-55
214	462	-55
214	469	-55
214	343	-55
214	471	-55
214	345	-55
214	352	-55
214	354	-55
214	486	-55
214	488	-54
214	365	-55
214	495	-55
214	367	-54
214	497	-55
214	371	-55
214	373	-55
214	511	-55
215	448	-37
215	577	-36
215	514	-37
215	518	-36
215	586	-36
215	459	-37
215	524	-37
215	463	-36
215	531	-37
215	468	-36
215	474	-37
215	539	-36
215	546	-36
215	485	-37
215	551	-36
215	489	-37
215	491	-37
215	494	-36
215	558	-36
215	497	-37
215	500	-37
215	566	-36
215	571	-35
215	444	-37
216	515	-33
216	519	-33
216	583	-32
216	523	-33
216	593	-31
216	530	-33
216	469	-33
216	541	-32
216	479	-33
216	545	-32
216	482	-33
216	549	-32
216	490	-32
216	556	-32
216	495	-33
216	498	-33
216	567	-31
216	505	-33
216	572	-32
216	575	-32
217	385	-38
217	509	-38
217	454	-38
217	391	-38
217	457	-38
217	336	-37
217	403	-38
217	467	-37
217	341	-38
217	406	-38
217	409	-38
217	347	-38
217	479	-38
217	352	-38
217	483	-37
217	363	-38
217	505	-38
217	430	-38
217	494	-37
217	368	-38
217	433	-38
217	313	-38
217	379	-38
217	381	-38
217	318	-38
218	289	-18
218	325	-18
218	284	-18
218	300	-17
218	286	-18
219	581	-29
219	585	-29
219	586	-29
219	524	-30
219	588	-29
219	527	-30
219	530	-30
219	596	-29
219	533	-29
219	551	-29
219	554	-29
219	556	-29
219	559	-29
219	497	-30
219	500	-30
219	503	-30
219	508	-30
220	291	-23
220	359	-24
220	360	-24
220	298	-24
220	301	-24
220	337	-24
220	369	-23
220	339	-24
220	314	-24
220	315	-24
220	348	-23
221	320	-37
221	322	-37
221	386	-36
221	333	-36
221	335	-37
221	340	-37
221	406	-37
221	343	-37
221	345	-37
221	410	-36
221	412	-37
221	419	-36
221	357	-36
221	361	-36
221	364	-37
221	430	-37
221	434	-37
221	435	-37
221	309	-37
221	310	-36
221	311	-37
221	376	-37
221	442	-37
221	383	-37
222	514	-48
222	519	-48
222	521	-48
222	524	-48
222	398	-48
222	534	-47
222	410	-47
222	414	-48
222	546	-47
222	548	-47
222	422	-48
222	551	-47
222	424	-48
222	560	-47
222	433	-48
222	437	-48
222	443	-48
222	572	-47
222	445	-48
222	574	-47
222	448	-48
222	577	-47
222	458	-47
222	589	-47
222	462	-48
222	471	-48
222	474	-48
222	482	-48
222	483	-47
222	488	-47
222	489	-48
222	495	-48
222	497	-48
222	500	-48
222	509	-48
223	329	-29
223	333	-28
223	339	-29
223	283	-28
223	286	-29
223	287	-28
223	355	-29
223	360	-29
223	305	-28
223	306	-28
223	309	-29
223	310	-28
223	375	-29
223	376	-29
223	315	-29
223	381	-29
224	350	-26
224	322	-27
224	355	-27
224	360	-27
224	328	-27
224	298	-27
224	333	-26
224	304	-26
224	369	-26
224	306	-26
224	339	-27
224	310	-26
224	283	-26
224	286	-27
225	352	-26
225	384	-26
225	389	-26
225	358	-26
225	390	-26
225	409	-26
225	395	-25
225	367	-25
225	402	-26
225	370	-23
225	377	-26
225	413	-26
225	415	-26
226	512	-48
226	517	-45
226	520	-48
226	527	-48
226	403	-48
226	535	-47
226	408	-47
226	537	-47
226	410	-47
226	546	-47
226	419	-47
226	425	-48
226	554	-47
226	427	-48
226	432	-48
226	561	-47
226	434	-48
226	563	-47
226	438	-47
226	444	-48
226	573	-47
226	452	-48
226	581	-47
226	584	-47
226	458	-47
226	461	-48
226	590	-47
226	469	-48
226	474	-48
226	479	-48
226	484	-48
226	486	-48
226	495	-48
226	505	-48
226	510	-48
227	546	-22
227	579	-22
227	582	-22
227	584	-22
227	554	-22
227	556	-22
227	563	-22
227	569	-22
227	570	-22
227	573	-22
228	517	-55
228	393	-58
228	521	-58
228	398	-58
228	402	-58
228	532	-57
228	533	-57
228	284	-58
228	542	-57
228	288	-58
228	417	-58
228	548	-57
228	294	-58
228	422	-58
228	426	-58
228	300	-57
228	303	-57
228	560	-57
228	308	-58
228	312	-58
228	441	-57
228	569	-57
228	445	-58
228	318	-58
228	575	-57
228	450	-58
228	326	-58
228	332	-58
228	588	-57
228	336	-57
228	466	-58
228	596	-57
228	471	-58
228	349	-58
228	477	-58
228	355	-58
228	484	-58
228	357	-57
228	483	-57
228	492	-56
228	497	-58
228	373	-58
228	378	-58
228	508	-58
228	510	-58
229	325	-14
230	514	-72
230	516	-72
230	390	-72
230	392	-72
230	524	-72
230	527	-72
230	401	-72
230	402	-72
230	403	-72
230	530	-72
230	405	-72
230	539	-71
230	542	-71
230	415	-72
230	543	-69
230	417	-72
230	551	-71
230	425	-72
230	554	-71
230	427	-72
230	556	-71
230	431	-72
230	310	-71
230	438	-71
230	312	-72
230	568	-71
230	570	-71
230	315	-72
230	440	-70
230	448	-72
230	578	-71
230	323	-72
230	451	-72
230	581	-71
230	454	-72
230	585	-71
230	334	-72
230	463	-71
230	336	-71
230	465	-72
230	338	-72
230	594	-71
230	346	-72
230	474	-72
230	477	-72
230	480	-72
230	483	-71
230	357	-71
230	359	-72
230	489	-72
230	491	-72
230	368	-72
230	500	-72
230	503	-72
230	376	-72
230	505	-72
230	378	-72
230	379	-72
230	381	-72
231	450	-29
231	451	-29
231	518	-28
231	455	-29
231	467	-28
231	473	-29
231	475	-29
231	481	-29
231	426	-29
231	428	-29
231	493	-29
231	442	-29
231	498	-29
231	501	-29
231	438	-28
231	506	-28
232	293	-22
232	326	-22
232	295	-22
232	296	-22
232	319	-21
232	302	-22
232	310	-21
232	318	-22
232	287	-21
233	320	-28
233	387	-28
233	293	-28
233	351	-27
233	329	-28
233	297	-28
233	361	-27
233	365	-28
233	305	-27
233	370	-25
233	339	-28
233	343	-28
233	282	-28
233	316	-28
233	383	-28
234	450	-36
234	514	-36
234	456	-36
234	521	-36
234	585	-35
234	588	-35
234	526	-36
234	463	-35
234	533	-35
234	471	-36
234	476	-36
234	540	-35
234	482	-36
234	548	-35
234	552	-35
234	489	-36
234	559	-35
234	497	-36
234	501	-36
234	566	-35
234	508	-36
234	446	-36
234	575	-35
235	325	-14
236	382	-52
236	386	-51
236	518	-51
236	394	-50
236	404	-52
236	406	-52
236	410	-51
236	285	-52
236	290	-52
236	418	-51
236	296	-52
236	427	-52
236	430	-52
236	304	-51
236	434	-52
236	308	-52
236	313	-52
236	442	-52
236	451	-52
236	454	-52
236	328	-52
236	331	-52
236	459	-52
236	336	-51
236	467	-51
236	342	-51
236	477	-52
236	350	-51
236	480	-52
236	354	-52
236	485	-52
236	358	-52
236	364	-52
236	493	-52
236	374	-52
236	503	-52
236	505	-52
236	379	-52
236	510	-52
237	350	-24
237	292	-25
237	294	-25
237	328	-25
237	360	-25
237	362	-25
237	304	-24
237	338	-25
237	341	-25
237	315	-25
237	318	-25
237	286	-25
238	513	-26
238	520	-26
238	488	-25
238	508	-26
238	526	-26
238	497	-26
238	500	-26
238	501	-26
238	533	-25
238	471	-26
238	539	-25
238	476	-26
238	542	-25
239	325	-14
240	579	-24
240	582	-24
240	552	-24
240	587	-24
240	556	-24
240	558	-24
240	526	-25
240	592	-24
240	529	-25
240	532	-24
240	564	-24
240	537	-24
241	514	-24
241	471	-24
241	516	-24
241	541	-23
241	520	-24
241	489	-24
241	522	-24
241	528	-24
241	497	-24
241	503	-24
241	477	-24
242	514	-28
242	578	-27
242	579	-27
242	551	-27
242	552	-27
242	587	-27
242	588	-27
242	525	-28
242	526	-28
242	558	-27
242	496	-28
242	560	-27
242	500	-28
242	532	-27
242	538	-27
243	544	-21
243	577	-21
243	548	-21
243	589	-21
243	560	-21
243	593	-20
243	565	-21
243	566	-21
243	575	-21
244	289	-16
244	292	-16
244	301	-16
245	356	-23
245	363	-23
245	334	-23
245	335	-23
245	366	-23
245	341	-23
245	311	-23
245	312	-23
245	318	-23
245	319	-22
246	593	-15
246	578	-16
246	588	-16
246	583	-16
247	520	-17
247	547	-16
247	563	-16
247	573	-16
248	547	-21
248	581	-21
248	585	-21
248	554	-21
248	590	-21
248	562	-21
248	596	-21
248	565	-21
248	570	-21
249	385	-59
249	517	-56
249	519	-59
249	520	-59
249	395	-58
249	397	-59
249	534	-58
249	536	-58
249	409	-59
249	282	-59
249	283	-58
249	543	-56
249	545	-58
249	419	-58
249	547	-58
249	421	-59
249	295	-59
249	560	-58
249	433	-59
249	305	-58
249	307	-59
249	563	-58
249	569	-58
249	443	-59
249	572	-58
249	445	-59
249	573	-58
249	319	-58
249	584	-58
249	329	-59
249	330	-59
249	458	-58
249	589	-58
249	468	-58
249	470	-59
249	342	-58
249	351	-58
249	353	-59
249	484	-59
249	363	-59
249	494	-58
249	496	-59
249	371	-59
249	372	-59
249	509	-59
249	511	-59
250	299	-17
250	291	-16
250	292	-17
250	305	-16
251	452	-44
251	453	-44
251	326	-44
251	454	-44
251	392	-44
251	393	-44
251	336	-43
251	337	-44
251	465	-44
251	339	-44
251	404	-44
251	405	-44
251	406	-44
251	466	-44
251	349	-44
251	417	-44
251	419	-43
251	357	-43
251	359	-44
251	361	-43
251	441	-43
251	428	-44
251	430	-44
251	371	-44
251	440	-42
251	313	-44
251	314	-44
251	379	-44
251	316	-44
251	382	-44
251	383	-44
252	359	-24
252	362	-24
252	394	-22
252	429	-24
252	431	-24
252	400	-24
252	432	-24
252	405	-24
252	407	-24
252	380	-24
252	383	-24
253	516	-53
253	520	-53
253	393	-53
253	523	-53
253	397	-53
253	400	-53
253	401	-53
253	528	-53
253	404	-53
253	542	-52
253	417	-53
253	421	-53
253	424	-53
253	425	-53
253	428	-53
253	440	-51
253	441	-52
253	445	-53
253	448	-53
253	452	-53
253	329	-53
253	332	-53
253	334	-53
253	336	-52
253	465	-53
253	466	-53
253	470	-53
253	473	-53
253	478	-53
253	375	-53
253	351	-52
253	356	-53
253	358	-53
253	491	-53
253	496	-53
253	499	-53
253	372	-53
253	503	-53
253	377	-53
253	379	-53
254	419	-25
254	456	-26
254	457	-26
254	396	-26
254	461	-26
254	431	-26
254	432	-26
254	463	-25
254	436	-26
254	407	-26
254	408	-25
254	443	-26
254	413	-26
255	515	-55
255	516	-55
255	522	-55
255	525	-55
255	398	-55
255	526	-55
255	401	-55
255	530	-55
255	403	-55
255	407	-55
255	540	-54
255	548	-54
255	422	-55
255	425	-55
255	553	-54
255	427	-55
255	557	-54
255	431	-55
255	438	-54
255	566	-54
255	446	-55
255	575	-54
255	449	-55
255	451	-55
255	580	-54
255	456	-55
255	585	-54
255	464	-54
255	593	-53
255	472	-55
255	475	-55
255	476	-55
255	480	-55
255	489	-55
255	490	-54
255	506	-54
255	501	-55
255	374	-55
255	502	-55
255	377	-55
255	378	-55
255	383	-55
256	450	-43
256	579	-42
256	453	-43
256	518	-42
256	519	-43
256	584	-42
256	589	-42
256	526	-43
256	467	-42
256	468	-42
256	596	-42
256	534	-42
256	536	-42
256	476	-43
256	478	-43
256	571	-41
256	544	-42
256	545	-42
256	484	-43
256	553	-42
256	493	-43
256	494	-42
256	560	-42
256	563	-42
256	502	-43
256	569	-42
256	570	-42
256	443	-43
256	572	-42
256	509	-43
257	284	-17
257	287	-16
257	294	-17
257	286	-17
258	292	-21
258	324	-21
258	294	-21
258	300	-20
258	305	-20
258	282	-21
258	316	-21
258	318	-21
259	320	-22
259	357	-21
259	362	-22
259	363	-22
259	335	-22
259	340	-22
259	342	-21
259	312	-22
259	317	-22
260	304	-16
260	297	-17
260	290	-17
260	293	-17
261	512	-38
261	451	-38
261	453	-38
261	456	-38
261	522	-38
261	523	-38
261	461	-38
261	464	-37
261	529	-38
261	472	-38
261	473	-38
261	538	-37
261	476	-38
261	479	-38
261	550	-37
261	487	-38
261	427	-38
261	555	-37
261	429	-38
261	561	-37
261	498	-38
261	499	-38
261	436	-38
261	564	-37
261	504	-38
262	385	-55
262	513	-55
262	389	-55
262	517	-52
262	393	-55
262	527	-55
262	528	-55
262	403	-55
262	404	-55
262	531	-55
262	538	-54
262	413	-55
262	542	-54
262	417	-55
262	553	-54
262	554	-54
262	427	-55
262	428	-55
262	557	-54
262	564	-54
262	437	-55
262	441	-54
262	569	-54
262	451	-55
262	452	-55
262	580	-54
262	581	-54
262	455	-55
262	586	-54
262	461	-55
262	592	-54
262	466	-55
262	595	-53
262	476	-55
262	478	-55
262	480	-55
262	487	-55
262	492	-53
262	502	-55
262	503	-55
262	506	-54
262	380	-55
263	432	-20
263	438	-19
263	456	-20
263	457	-20
263	459	-20
263	429	-20
263	462	-20
264	594	-18
264	570	-18
264	567	-17
264	569	-18
264	522	-19
264	543	-16
265	547	-20
265	588	-20
265	560	-20
265	594	-20
265	595	-19
265	568	-20
265	569	-20
265	574	-20
266	579	-16
266	572	-16
266	581	-16
266	575	-16
267	391	-49
267	519	-49
267	396	-49
267	525	-49
267	400	-49
267	401	-49
267	528	-49
267	531	-49
267	415	-49
267	543	-46
267	546	-48
267	420	-49
267	424	-49
267	425	-49
267	552	-48
267	554	-48
267	557	-48
267	570	-48
267	443	-49
267	572	-48
267	449	-49
267	579	-48
267	582	-48
267	455	-49
267	586	-48
267	469	-49
267	475	-49
267	478	-49
267	481	-49
267	495	-49
267	371	-49
267	501	-49
267	503	-49
267	376	-49
267	377	-49
267	506	-48
268	577	-28
268	515	-29
268	580	-28
268	586	-28
268	524	-29
268	527	-29
268	528	-29
268	539	-28
268	540	-28
268	503	-29
268	550	-28
268	553	-28
268	557	-28
268	502	-29
268	567	-27
268	566	-28
269	384	-18
269	389	-18
269	374	-18
269	391	-18
269	378	-18
270	512	-39
270	580	-38
270	517	-36
270	584	-38
270	587	-38
270	529	-39
270	532	-38
270	596	-38
270	537	-38
270	476	-39
270	542	-38
270	478	-39
270	543	-36
270	547	-38
270	487	-39
270	553	-38
270	492	-37
270	493	-39
270	559	-38
270	563	-38
270	502	-39
270	504	-39
270	569	-38
270	570	-38
270	507	-39
270	574	-38
271	576	-19
271	577	-19
271	549	-19
271	550	-19
271	566	-19
271	583	-19
271	556	-19
272	448	-36
272	391	-36
272	456	-36
272	332	-36
272	460	-36
272	400	-36
272	464	-35
272	339	-36
272	407	-36
272	346	-36
272	416	-36
272	356	-36
272	424	-36
272	361	-35
272	364	-36
272	431	-36
272	367	-35
272	435	-36
272	439	-35
272	376	-36
272	377	-36
272	380	-36
272	382	-36
273	324	-22
273	295	-22
273	299	-22
273	333	-21
273	338	-22
273	309	-22
273	346	-22
273	316	-22
273	286	-22
274	512	-24
274	485	-24
274	487	-24
274	536	-23
274	522	-24
274	524	-24
274	498	-24
274	499	-24
274	472	-24
274	538	-23
274	511	-24
275	387	-50
275	388	-50
275	399	-50
275	405	-50
275	411	-50
275	285	-50
275	416	-50
275	291	-49
275	423	-50
275	297	-50
275	429	-50
275	302	-50
275	432	-50
275	306	-49
275	309	-50
275	440	-48
275	314	-50
275	447	-50
275	321	-50
275	322	-50
275	324	-50
275	453	-50
275	327	-46
275	457	-50
275	332	-50
275	337	-50
275	465	-50
275	343	-50
275	344	-50
275	345	-50
275	347	-50
275	350	-49
275	354	-50
275	359	-50
275	365	-50
275	374	-50
275	381	-50
276	288	-21
276	323	-21
276	294	-21
276	295	-21
276	311	-21
276	317	-21
276	318	-21
276	319	-20
277	320	-42
277	384	-42
277	449	-42
277	387	-42
277	331	-42
277	459	-42
277	334	-42
277	398	-42
277	402	-42
277	343	-42
277	471	-42
277	474	-42
277	411	-42
277	475	-42
277	288	-42
277	289	-42
277	353	-42
277	485	-42
277	422	-42
277	296	-42
277	362	-42
277	426	-42
277	365	-42
277	307	-42
277	435	-42
277	373	-42
277	311	-42
277	377	-42
277	445	-42
278	449	-40
278	513	-40
278	453	-40
278	583	-39
278	456	-40
278	458	-39
278	586	-39
278	587	-39
278	462	-40
278	592	-39
278	530	-40
278	531	-40
278	532	-39
278	538	-39
278	475	-40
278	479	-40
278	482	-40
278	484	-40
278	488	-39
278	556	-39
278	558	-39
278	559	-39
278	501	-40
278	565	-39
278	505	-40
278	506	-39
278	507	-40
279	416	-25
279	386	-24
279	387	-25
279	356	-25
279	389	-25
279	392	-25
279	362	-25
279	367	-24
279	379	-25
279	410	-24
279	411	-25
279	413	-25
280	576	-20
280	545	-20
280	548	-20
280	583	-20
280	559	-20
280	592	-20
280	565	-20
280	571	-19
281	513	-29
281	516	-29
281	587	-28
281	527	-29
281	592	-28
281	593	-27
281	532	-28
281	538	-28
281	541	-28
281	553	-28
281	559	-28
281	565	-28
281	502	-29
281	567	-27
281	507	-29
281	574	-28
