[2, 555, 769]
[3, 268, 664]
[4, 230, 836]
[7, 302, 621]
[7, 363, 839]
[10, 513, 520]
[11, 693, 697]
[15, 130, 819]
[15, 549, 669]
[18, 22, 43]
[21, 299, 800]
[26, 651, 864]
[29, 778, 891]
[32, 663, 741]
[33, 889, 982]
[35, 259, 633]
[35, 310, 481]
[35, 369, 594]
[35, 861, 903]
[36, 466, 790]
[36, 934, 998]
[37, 91, 968]
[43, 814, 960]
[47, 656, 985]
[49, 524, 622]
[54, 122, 649]
[55, 100, 149]
[57, 409, 922]
[60, 113, 674]
[62, 310, 939]
[66, 684, 931]
[67, 315, 325]
[68, 211, 953]
[69, 191, 367]
[75, 573, 695]
[77, 308, 717]
[78, 164, 946]
[81, 620, 681]
[83, 510, 934]
[91, 396, 580]
[96, 455, 856]
[99, 568, 966]
[101, 420, 629]
[103, 185, 709]
[103, 322, 595]
[105, 617, 707]
[113, 706, 965]
[114, 257, 527]
[120, 235, 881]
[125, 314, 863]
[125, 361, 964]
[126, 164, 625]
[128, 358, 482]
[132, 749, 914]
[135, 147, 590]
[137, 354, 993]
[137, 560, 918]
[139, 524, 972]
[145, 316, 576]
[145, 416, 480]
[146, 471, 652]
[151, 435, 846]
[156, 486, 698]
[158, 360, 450]
[164, 193, 850]
[165, 237, 583]
[166, 314, 413]
[174, 510, 743]
[175, 249, 949]
[175, 595, 705]
[175, 871, 952]
[176, 831, 950]
[177, 694, 705]
[182, 338, 982]
[191, 602, 657]
[198, 612, 896]
[198, 700, 821]
[199, 956, 970]
[200, 258, 762]
[202, 731, 853]
[203, 511, 745]
[210, 696, 897]
[215, 558, 594]
[219, 290, 810]
[220, 658, 986]
[222, 405, 995]
[224, 368, 591]
[226, 587, 930]
[228, 335, 693]
[228, 379, 638]
[230, 479, 970]
[231, 248, 491]
[239, 345, 404]
[242, 247, 315]
[243, 581, 699]
[245, 279, 610]
[249, 313, 442]
[251, 745, 874]
[252, 270, 707]
[253, 392, 767]
[254, 821, 954]
[263, 352, 450]
[272, 438, 745]
[277, 408, 501]
[283, 612, 804]
[283, 649, 801]
[303, 485, 578]
[306, 808, 914]
[316, 807, 836]
[318, 527, 673]
[329, 638, 876]
[339, 712, 916]
[349, 597, 916]
[354, 705, 841]
[357, 359, 852]
[357, 776, 881]
[363, 452, 846]
[368, 549, 663]
[369, 471, 982]
[370, 567, 961]
[379, 495, 904]
[380, 471, 833]
[381, 405, 731]
[388, 656, 723]
[390, 710, 715]
[398, 451, 509]
[404, 696, 843]
[408, 432, 533]
[411, 469, 524]
[414, 704, 970]
[417, 709, 745]
[425, 575, 993]
[426, 697, 834]
[433, 524, 805]
[433, 727, 997]
[437, 510, 599]
[443, 642, 891]
[453, 499, 605]
[457, 522, 529]
[462, 767, 877]
[465, 646, 707]
[469, 690, 696]
[489, 939, 972]
[491, 534, 735]
[511, 515, 919]
[512, 604, 727]
[513, 781, 969]
[514, 611, 711]
[517, 587, 792]
[530, 758, 820]
[537, 539, 760]
[543, 677, 742]
[547, 595, 851]
[555, 601, 611]
[558, 696, 697]
[572, 725, 912]
[582, 654, 919]
[588, 640, 992]
[596, 810, 884]
[619, 763, 990]
[620, 624, 642]
[624, 694, 858]
[626, 739, 816]
[639, 691, 703]
[639, 968, 983]
[642, 801, 880]
[642, 929, 996]
[665, 801, 831]
[677, 694, 765]
[693, 719, 757]
[702, 715, 894]
[730, 916, 917]
[800, 867, 918]
[838, 908, 993]
[875, 898, 909]
