0,58,416 : -0.3250000000000002
0,62,884 : -0.6111874999999998
0,254,426 : -0.30937499999999996
0,260,357 : -0.49568749999999984
0,405,603 : -0.5946875
0,541,555 : -0.5839062500000001
0,576,867 : -0.6172767857142858
0,825,905 : -0.5259375
1,37,324 : -0.2722500000000001
1,425,921 : -0.4419642857142858
1,468,699 : -0.5440624999999999
1,576,718 : -0.3171875000000002
2,5,659 : -0.43225
2,25,739 : -0.49
2,133,583 : -0.542142857142857
2,213,243 : -0.5139062500000002
2,466,480 : -0.5477500000000002
2,633,982 : -0.6128571428571428
3,72,172 : -0.4481250000000001
3,200,955 : -0.4359821428571429
3,231,544 : -0.47625000000000006
3,384,462 : -0.39874999999999994
3,491,522 : -0.3996428571428572
3,494,621 : -0.5354687499999999
3,500,861 : -0.48842857142857143
3,557,814 : -0.5080714285714287
3,694,720 : -0.5518750000000001
4,67,381 : -0.391
4,247,830 : -0.43500000000000005
4,251,370 : -0.5362500000000001
4,328,738 : -0.5053125
4,696,777 : -0.4525000000000001
4,883,945 : -0.47807692307692307
5,20,482 : -0.5515714285714286
5,62,927 : -0.5307589285714287
5,70,639 : -0.6332142857142857
5,428,602 : -0.5445
5,530,583 : -0.4242857142857144
5,697,925 : -0.524464285714286
6,215,438 : -0.3839285714285714
6,263,889 : -0.5359642857142859
6,282,341 : -0.6134464285714287
6,345,611 : -0.5842857142857143
6,547,894 : -0.5716071428571428
6,581,619 : -0.5696428571428573
6,748,867 : -0.4832142857142858
7,32,816 : -0.6496875000000002
7,57,533 : -0.11375000000000002
7,244,735 : -0.6140625
7,266,904 : -0.5843750000000001
7,311,596 : -0.45169642857142867
7,340,970 : -0.5224017857142857
7,600,835 : -0.5465625000000001
7,649,804 : -0.4296875
8,89,181 : -0.4846874999999997
8,357,596 : -0.4125000000000001
8,377,960 : -0.513125
8,398,536 : -0.4584999999999999
8,416,838 : -0.5362500000000001
8,535,994 : -0.29200000000000004
9,10,136 : -0.4640624999999998
9,603,943 : -0.40749999999999975
9,709,978 : -0.46524999999999994
9,828,912 : -0.5070892857142857
10,11,315 : -0.4882321428571428
10,124,319 : -0.53725
10,284,824 : -0.6099107142857143
10,338,865 : -0.5259375
10,366,780 : -0.4441741071428571
10,371,705 : -0.4419642857142856
10,717,777 : -0.5670312500000001
11,33,272 : -0.45964285714285724
11,42,866 : -0.5300714285714287
11,120,840 : -0.4892142857142858
11,172,418 : -0.5999285714285714
11,738,991 : -0.556875
11,952,987 : -0.5076785714285714
12,19,35 : -0.5445000000000002
12,35,291 : -0.35062499999999996
12,45,808 : -0.433125
12,82,691 : -0.4950000000000001
12,220,405 : -0.5661538461538465
12,248,875 : -0.583392857142857
12,446,882 : -0.4419642857142856
12,475,634 : -0.5353750000000002
13,113,124 : -0.5515000000000001
13,131,281 : -0.4812500000000002
13,325,753 : -0.5362500000000001
13,459,940 : -0.445357142857143
13,683,699 : -0.5828124999999997
13,802,904 : -0.56375
14,149,936 : -0.3403125
14,245,902 : -0.4487500000000002
15,174,803 : -0.5465624999999998
15,322,855 : -0.512
15,438,949 : -0.5168124999999999
16,47,419 : -0.51475
16,88,220 : -0.5718653846153847
16,180,984 : -0.46671428571428564
16,214,418 : -0.6352500000000001
16,260,688 : -0.6517499999999998
16,362,446 : -0.5383214285714286
16,380,978 : -0.44300000000000006
16,445,995 : -0.50428125
16,478,754 : -0.5692500000000003
16,694,848 : -0.4817499999999999
17,22,225 : -0.4743750000000002
17,172,270 : -0.3382857142857141
17,172,592 : -0.4343125000000003
17,329,620 : -0.45385714285714296
17,527,587 : -0.474375
18,133,523 : -0.49550000000000005
18,275,328 : -0.4950000000000001
18,306,840 : -0.5197500000000002
18,351,575 : -0.4636250000000002
18,717,928 : -0.4401964285714286
19,63,394 : -0.4702500000000003
19,143,647 : -0.540375
19,184,310 : -0.48550000000000004
19,268,675 : -0.5445000000000002
19,331,968 : -0.47025000000000006
19,354,398 : -0.5670000000000002
19,396,761 : -0.5751428571428574
19,556,896 : -0.6792499999999999
19,749,758 : -0.36050000000000004
20,75,452 : -0.49471428571428566
20,301,867 : -0.4826250000000001
20,528,681 : -0.5515714285714286
20,886,964 : -0.5010000000000001
21,118,728 : -0.5355208333333334
21,236,284 : -0.5325000000000002
21,298,663 : -0.506875
21,301,953 : -0.5625
21,333,359 : -0.38649999999999984
21,362,946 : -0.5319642857142857
21,399,962 : -0.5831249999999999
21,476,625 : -0.49875
21,490,545 : -0.4594642857142859
21,554,923 : -0.4250892857142854
21,711,991 : -0.64546875
22,218,408 : -0.5303571428571427
22,298,699 : -0.5121875
22,515,786 : -0.42812499999999987
23,77,484 : -0.5244642857142856
23,141,144 : -0.5023750000000002
23,164,790 : -0.377
23,296,773 : -0.41102678571428575
23,328,653 : -0.5321875
23,413,709 : -0.47025000000000006
23,834,982 : -0.5406696428571429
23,854,855 : -0.5073749999999999
24,94,440 : -0.4620000000000002
24,214,461 : -0.4348928571428572
24,232,299 : -0.5898749999999999
24,506,942 : -0.6187499999999999
24,562,670 : -0.33299999999999996
25,71,617 : -0.49724999999999997
25,159,572 : -0.45817857142857155
25,319,474 : -0.4438333333333333
25,340,790 : -0.51475
25,472,796 : -0.5147500000000003
25,476,828 : -0.49662499999999987
25,557,801 : -0.5940000000000001
25,632,895 : -0.5076785714285714
25,837,862 : -0.5917500000000002
26,118,166 : -0.42281250000000004
26,210,449 : -0.45287500000000014
26,216,795 : -0.46406250000000004
26,411,439 : -0.47290178571428587
26,412,837 : -0.43156250000000007
26,453,618 : -0.48468750000000016
26,641,668 : -0.3977678571428571
26,765,909 : -0.515625
27,83,988 : -0.44785714285714295
27,176,236 : -0.4950000000000001
27,248,568 : -0.4979464285714288
28,90,585 : -0.459642857142857
28,157,624 : -0.5828125
28,160,498 : -0.42693749999999997
28,295,569 : -0.4826250000000001
28,330,659 : -0.6691339285714286
28,440,859 : -0.5580624999999999
28,770,953 : -0.5390000000000001
28,810,907 : -0.4455
29,454,790 : -0.3167500000000003
29,685,755 : -0.31125
29,685,836 : -0.3210714285714287
30,97,286 : -0.6157380952380953
30,112,473 : -0.4537499999999999
30,160,731 : -0.433125
30,182,441 : -0.530357142857143
30,230,747 : -0.49982142857142864
30,349,638 : -0.5391964285714286
30,385,619 : -0.5971428571428572
31,156,994 : -0.3515178571428572
31,240,685 : -0.56925
31,357,976 : -0.24249999999999994
31,462,620 : -0.5037500000000001
32,61,139 : -0.4042500000000002
32,205,364 : -0.5197499999999999
32,267,959 : -0.4337142857142857
32,384,927 : -0.4681875
32,417,604 : -0.4888125000000001
32,494,526 : -0.47466964285714286
32,519,635 : -0.5133749999999999
32,576,807 : -0.502375
32,692,714 : -0.5067857142857144
33,94,241 : -0.6458571428571429
33,116,934 : -0.5755357142857143
33,258,459 : -0.44785714285714295
33,653,948 : -0.6339285714285716
33,663,688 : -0.5489285714285717
33,895,957 : -0.44678571428571434
34,51,645 : -0.5362499999999999
34,109,242 : -0.6069642857142858
34,156,393 : -0.5804464285714288
34,613,996 : -0.598125
35,106,196 : -0.5328124999999999
35,143,552 : -0.515625
35,199,833 : -0.5259375
35,421,997 : -0.5589375000000003
35,429,494 : -0.4950000000000001
35,877,952 : -0.530357142857143
36,88,768 : -0.5175000000000001
36,287,388 : -0.5333035714285717
36,326,997 : -0.5391964285714286
36,511,561 : -0.337375
37,88,904 : -0.4633750000000001
37,436,448 : -0.49875000000000025
37,832,996 : -0.56925
38,177,482 : -0.4970714285714286
38,242,859 : -0.4198660714285716
38,335,980 : -0.4993749999999999
38,341,644 : -0.4615624999999999
38,347,617 : -0.3799999999999999
38,377,421 : -0.5230000000000001
38,432,828 : -0.5733750000000002
38,457,969 : -0.4702500000000003
38,467,856 : -0.48410714285714285
39,241,997 : -0.627
39,531,853 : -0.08250000000000002
39,777,927 : -0.5165624999999998
40,241,751 : -0.792
40,300,306 : -0.515625
40,484,513 : -0.6599999999999999
40,788,857 : -0.6320089285714285
41,130,772 : -0.38775000000000004
41,392,773 : -0.5492142857142857
41,435,529 : -0.54175
41,502,724 : -0.6505714285714288
41,594,823 : -0.6270000000000002
42,280,514 : -0.4867499999999998
42,385,808 : -0.5589374999999999
42,439,546 : -0.6152142857142857
42,924,977 : -0.4950000000000001
43,127,630 : -0.4675
43,669,874 : -0.24250000000000016
44,222,468 : -0.58575
44,408,486 : -0.5245714285714285
44,548,756 : -0.66825
44,724,890 : -0.6187499999999999
44,764,905 : -0.6105
45,120,250 : -0.45562499999999995
45,632,684 : -0.5065
45,678,743 : -0.5395000000000001
46,259,413 : -0.47732142857142845
46,607,962 : -0.37950000000000017
46,615,979 : -0.5386160714285713
46,683,743 : -0.5568750000000002
47,91,232 : -0.5415625
47,300,532 : -0.5901785714285714
47,424,538 : -0.5106250000000001
47,610,807 : -0.391
47,640,750 : -0.5280000000000002
48,57,297 : -0.433125
48,312,475 : -0.3250000000000002
48,321,653 : -0.5587499999999999
48,382,594 : -0.48675000000000024
48,844,961 : -0.4896964285714285
49,248,900 : -0.5774999999999999
49,338,857 : -0.45964285714285724
49,798,980 : -0.5053125
50,70,267 : -0.6121428571428571
50,114,584 : -0.44785714285714295
50,539,747 : -0.4369642857142857
50,579,940 : -0.34857142857142853
50,630,769 : -0.4640624999999998
50,650,952 : -0.5253571428571429
50,764,956 : -0.5164285714285715
51,55,165 : -0.5225
51,230,701 : -0.605
52,68,650 : -0.4422678571428571
52,356,518 : -0.5253571428571431
52,360,963 : -0.42428571428571416
52,420,793 : -0.40160714285714305
52,428,730 : -0.41663392857142867
52,610,830 : -0.34071428571428575
52,676,693 : -0.5607142857142859
53,260,985 : -0.363
53,502,646 : -0.530357142857143
53,815,843 : -0.3134999999999999
54,90,276 : -0.5421428571428568
54,145,380 : -0.5568749999999998
54,215,843 : -0.49190625
54,312,745 : -0.5259375000000002
54,383,400 : -0.4970714285714286
54,387,764 : -0.5671875000000004
54,504,927 : -0.5534374999999998
54,535,815 : -0.5197499999999999
55,208,417 : -0.5795624999999998
55,315,736 : -0.38275000000000015
55,389,995 : -0.4659374999999999
55,458,994 : -0.6647142857142858
55,750,972 : -0.49745535714285705
56,106,497 : -0.6757142857142857
56,111,571 : -0.4888125000000001
56,152,962 : -0.38510714285714287
56,207,467 : -0.5238750000000001
56,582,683 : -0.474375
57,244,726 : -0.538125
57,441,606 : -0.5073750000000001
58,68,501 : -0.43843750000000004
58,69,933 : -0.4549375
59,123,825 : -0.5671875000000002
59,225,271 : -0.21687499999999993
59,641,984 : -0.433125
59,767,955 : -0.46848214285714285
60,347,859 : -0.16187499999999977
61,73,304 : -0.49
61,337,725 : -0.5966517857142859
61,528,855 : -0.5456785714285715
61,638,931 : -0.52078125
61,692,898 : -0.41544642857142855
62,132,475 : -0.5665
62,263,371 : -0.5283928571428571
62,285,468 : -0.4950000000000001
62,320,460 : -0.5358571428571428
62,655,844 : -0.3721428571428571
62,712,772 : -0.35749999999999993
62,771,965 : -0.6564732142857144
63,199,588 : -0.5391964285714286
63,249,654 : -0.3599107142857143
63,458,930 : -0.51475
63,759,909 : -0.4125000000000001
64,97,526 : -0.456607142857143
64,159,532 : -0.5362500000000001
64,235,766 : -0.6085
64,305,791 : -0.5099999999999998
64,525,842 : -0.4620000000000002
64,571,914 : -0.4641666666666666
65,82,214 : -0.5465624999999998
65,90,505 : -0.6069642857142858
65,153,362 : -0.639375
65,279,783 : -0.47142857142857153
65,522,574 : -0.5450892857142857
65,671,761 : -0.4661249999999999
66,96,812 : -0.5445000000000002
66,141,516 : -0.5692500000000003
66,211,787 : -0.4075000000000002
66,730,757 : -0.4503125000000001
66,793,998 : -0.4879285714285715
67,353,531 : -0.391875
67,378,428 : -0.5527500000000001
67,406,672 : -0.4537500000000001
67,417,784 : -0.39512500000000017
67,479,624 : -0.66825
68,87,119 : -0.4950000000000001
68,164,745 : -0.48468750000000016
68,250,993 : -0.5878125000000001
68,303,808 : -0.5889583333333333
68,430,686 : -0.5271249999999998
68,490,948 : -0.4564062499999999
69,72,988 : -0.5677857142857146
69,171,596 : -0.5327232142857143
69,235,371 : -0.5022321428571428
69,333,925 : -0.5878125000000001
69,692,879 : -0.5495089285714285
69,702,753 : -0.5383125
69,835,837 : -0.46602678571428546
70,72,794 : -0.45964285714285724
70,170,269 : -0.431875
70,175,849 : -0.4514999999999998
70,197,231 : -0.4890625000000002
70,199,351 : -0.43843750000000004
70,390,694 : -0.4269642857142859
70,501,783 : -0.4085714285714286
70,700,702 : -0.2506249999999999
70,906,968 : -0.37650000000000006
71,200,468 : -0.6338750000000002
71,492,853 : -0.433125
71,633,946 : -0.5126785714285713
71,755,945 : -0.5775000000000001
72,128,500 : -0.42546428571428585
72,129,681 : -0.391
72,220,591 : -0.4332820512820512
72,361,844 : -0.5448928571428571
72,389,495 : -0.5087500000000003
72,503,827 : -0.5230000000000001
72,825,918 : -0.5383125
73,175,526 : -0.5273214285714285
73,180,932 : -0.49352678571428577
73,184,908 : -0.4677403846153847
73,230,773 : -0.4173214285714286
73,384,411 : -0.49294642857142845
73,431,930 : -0.4219375000000001
73,738,860 : -0.30437500000000006
74,142,505 : -0.4192857142857145
74,204,252 : -0.5082589285714285
74,305,999 : -0.5548125000000002
74,445,689 : -0.4950000000000001
74,449,661 : -0.4950000000000001
74,907,991 : -0.5311718750000001
75,116,337 : -0.5901785714285714
75,510,771 : -0.5346874999999998
76,166,972 : -0.5396874999999999
76,340,920 : -0.4455
76,341,956 : -0.5253750000000001
76,383,779 : -0.5006071428571428
76,403,427 : -0.5444999999999998
77,159,673 : -0.46848214285714285
77,198,560 : -0.44875
77,288,787 : -0.5126785714285713
77,399,868 : -0.44035714285714267
77,449,803 : -0.5966517857142859
77,672,887 : -0.4950000000000001
78,81,210 : -0.5541428571428573
78,212,286 : -0.34650000000000025
78,318,469 : -0.37449999999999983
78,399,857 : -0.39375000000000004
78,769,857 : -0.3800892857142859
79,172,234 : -0.47232142857142856
79,264,423 : -0.4419642857142856
79,354,614 : -0.2967142857142857
79,383,884 : -0.4829285714285716
79,446,789 : -0.5668928571428571
79,541,619 : -0.4792857142857141
79,567,645 : -0.5259375
80,127,310 : -0.4570000000000001
80,379,425 : -0.45964285714285724
80,519,937 : -0.4973660714285717
81,138,340 : -0.5053214285714285
81,196,885 : -0.36742857142857144
81,256,709 : -0.5468571428571432
81,535,968 : -0.558154761904762
81,600,703 : -0.50875
81,750,867 : -0.5657142857142858
82,128,338 : -0.4413839285714287
82,136,562 : -0.5228125000000001
82,151,664 : -0.5249062499999999
82,315,556 : -0.5685624999999999
82,586,955 : -0.5723437499999999
82,605,630 : -0.5259375
83,171,213 : -0.5189732142857142
83,199,543 : -0.4242857142857144
83,331,355 : -0.4914642857142857
83,472,787 : -0.41176785714285713
83,575,972 : -0.5900223214285716
83,591,715 : -0.41986607142857135
85,99,841 : -0.7095000000000002
85,287,485 : -0.5362500000000001
85,326,766 : -0.4042500000000002
85,453,709 : -0.47350000000000003
85,697,851 : -0.5244642857142858
85,708,737 : -0.41000000000000014
86,165,217 : -0.4315384615384614
86,199,425 : -0.5021394230769232
86,203,262 : -0.46144230769230754
86,231,880 : -0.5172115384615383
86,269,961 : -0.5195913461538462
86,307,886 : -0.49815934065934053
86,334,579 : -0.5175377747252745
86,524,785 : -0.40564903846153855
86,614,956 : -0.5425
86,665,888 : -0.5909038461538463
86,696,878 : -0.5590824175824178
86,725,743 : -0.5104120879120879
86,757,898 : -0.4926201923076923
87,290,603 : -0.44875
87,416,450 : -0.29700000000000015
87,541,621 : -0.5762500000000002
87,562,759 : -0.5482500000000001
87,783,936 : -0.4782142857142859
88,190,411 : -0.36064285714285704
88,939,957 : -0.3973749999999998
89,209,451 : -0.11375000000000002
89,235,828 : -0.6465000000000001
90,127,748 : -0.5617857142857146
90,320,876 : -0.6505714285714288
90,483,612 : -0.5107142857142857
90,597,776 : -0.47232142857142856
91,95,736 : -0.5857500000000002
91,107,338 : -0.45571428571428574
91,268,435 : -0.5076785714285714
91,337,342 : -0.5587500000000001
91,369,562 : -0.5339285714285715
91,379,382 : -0.5499999999999998
91,397,632 : -0.458375
91,825,835 : -0.5932142857142857
92,97,660 : -0.5335000000000003
92,134,602 : -0.24750000000000005
92,221,933 : -0.7150000000000001
93,96,588 : -0.5409642857142858
93,279,387 : -0.4846874999999997
93,313,464 : -0.34562500000000007
93,755,942 : -0.42900000000000005
94,172,386 : -0.49049999999999994
94,323,449 : -0.49912500000000026
94,360,475 : -0.5939999999999999
94,511,562 : -0.5362500000000001
95,193,690 : -0.3918750000000002
95,303,642 : -0.50325
95,453,481 : -0.4125000000000001
95,506,612 : -0.5444999999999998
95,766,998 : -0.48675
96,100,763 : -0.56925
96,159,904 : -0.5983214285714289
96,171,796 : -0.394625
96,203,593 : -0.5609999999999999
96,303,543 : -0.5956785714285715
96,395,924 : -0.4900000000000002
96,510,619 : -0.5445
96,534,591 : -0.42262500000000003
97,162,751 : -0.6599999999999999
97,252,758 : -0.5637500000000002
97,325,910 : -0.5809375000000001
97,437,676 : -0.5205357142857141
97,519,710 : -0.5346875
97,660,823 : -0.50325
98,116,817 : -0.500892857142857
98,152,909 : -0.500892857142857
98,269,995 : -0.4075000000000002
98,329,516 : -0.4572857142857141
98,369,848 : -0.4369642857142857
98,757,970 : -0.605
99,173,994 : -0.49249999999999994
99,179,786 : -0.3774375000000001
99,183,389 : -0.41025
99,184,209 : -0.4544999999999999
99,624,976 : -0.4446249999999998
99,669,968 : -0.4950000000000001
99,687,759 : -0.5477500000000002
99,716,721 : -0.5871249999999999
99,842,943 : -0.4826250000000001
100,123,875 : -0.46957142857142853
100,155,710 : -0.4452142857142858
100,212,249 : -0.6435
100,237,650 : -0.6010714285714285
100,316,881 : -0.5278571428571428
100,531,842 : -0.6894642857142859
101,204,565 : -0.3510714285714285
101,214,666 : -0.5362499999999999
101,244,944 : -0.4760714285714287
101,468,778 : -0.5582500000000001
101,500,554 : -0.5480357142857142
101,776,990 : -0.5057142857142858
102,117,547 : -0.5775000000000001
102,220,832 : -0.6606346153846154
102,407,770 : -0.5362499999999999
102,751,985 : -0.5774999999999999
103,348,791 : -0.2937500000000002
104,109,588 : -0.4419642857142856
104,409,765 : -0.35062499999999996
105,135,790 : -0.4937499999999999
105,153,488 : -0.40218750000000014
105,220,766 : -0.5686923076923076
105,484,508 : -0.515625
105,601,692 : -0.5754464285714285
105,760,921 : -0.6290624999999999
106,140,870 : -0.5657142857142858
106,310,441 : -0.5747499999999999
106,419,610 : -0.5018750000000001
106,439,709 : -0.37812500000000004
106,606,795 : -0.4275
106,797,998 : -0.6317142857142857
106,830,901 : -0.474375
107,237,360 : -0.47232142857142856
107,272,980 : -0.530357142857143
107,361,601 : -0.5052232142857143
107,393,575 : -0.47369047619047633
107,555,564 : -0.32058035714285715
107,689,946 : -0.4950000000000001
108,149,373 : -0.6170833333333332
108,163,517 : -0.639375
108,172,435 : -0.6062500000000002
108,219,842 : -0.5362500000000003
108,221,878 : -0.556
108,255,935 : -0.418392857142857
108,276,981 : -0.5774999999999999
108,289,916 : -0.35062499999999996
108,463,800 : -0.46553571428571416
108,465,846 : -0.43843750000000004
108,640,940 : -0.6355535714285714
108,887,949 : -0.6393749999999998
109,279,290 : -0.28374999999999995
109,302,345 : -0.5901785714285714
109,446,810 : -0.5194642857142857
109,505,862 : -0.612857142857143
110,116,200 : -0.5754464285714285
110,220,728 : -0.3852884615384615
110,330,610 : -0.367232142857143
110,543,651 : -0.5386160714285713
111,336,914 : -0.42693749999999997
111,370,660 : -0.5610000000000002
111,377,516 : -0.4743750000000002
111,624,982 : -0.555107142857143
112,209,462 : -0.391
112,329,716 : -0.4644642857142858
112,813,828 : -0.4363750000000002
113,135,209 : -0.59175
113,237,266 : -0.5677857142857143
113,302,688 : -0.6220000000000001
113,314,618 : -0.5229999999999999
113,332,838 : -0.51475
113,343,344 : -0.41575000000000006
113,351,711 : -0.5586428571428574
113,423,546 : -0.5833928571428573
113,532,965 : -0.5748571428571427
114,325,327 : -0.5106249999999999
114,723,778 : -0.5720000000000001
115,133,793 : -0.5410714285714286
115,148,841 : -0.47187500000000004
115,235,245 : -0.5975000000000001
116,340,748 : -0.5787857142857145
116,579,685 : -0.6010714285714287
116,637,841 : -0.4973571428571426
117,223,761 : -0.5126785714285713
117,421,708 : -0.38275000000000015
117,644,926 : -0.5362499999999999
117,790,993 : -0.48984375000000013
117,882,886 : -0.5764285714285715
118,266,955 : -0.5170982142857143
118,327,648 : -0.4640624999999998
118,411,527 : -0.4699553571428572
118,539,816 : -0.6364285714285716
118,651,822 : -0.6393750000000002
118,704,895 : -0.43107142857142855
119,220,554 : -0.48344093406593425
119,298,923 : -0.23562499999999997
119,675,951 : -0.5065
120,124,537 : -0.5792857142857142
120,147,167 : -0.2749999999999999
120,147,287 : -0.4934375
120,222,967 : -0.27875000000000005
120,366,495 : -0.3741071428571432
120,442,642 : -0.42369642857142864
120,617,780 : -0.45625000000000027
121,251,644 : -0.5259375
121,327,337 : -0.5053125
121,355,557 : -0.5607142857142859
121,370,594 : -0.4125000000000001
121,373,552 : -0.48468749999999994
121,524,620 : -0.6025
122,124,920 : -0.48324999999999996
122,367,711 : -0.41367857142857156
122,488,545 : -0.5671875
122,524,628 : -0.474375
123,132,658 : -0.5555000000000003
123,148,467 : -0.4934375000000002
123,182,381 : -0.5720000000000001
123,366,400 : -0.5354642857142857
123,429,694 : -0.4993750000000001
123,459,579 : -0.4950000000000001
123,470,479 : -0.5774999999999999
124,137,654 : -0.5174999999999996
124,156,750 : -0.5173214285714283
124,182,270 : -0.5292142857142856
124,341,378 : -0.5334375000000002
124,519,730 : -0.5349999999999999
124,527,571 : -0.5254687499999999
124,766,861 : -0.5845000000000002
125,217,844 : -0.3818571428571429
125,253,650 : -0.556875
125,529,651 : -0.5690625
125,682,956 : -0.5825
126,168,421 : -0.47762499999999997
126,231,668 : -0.4543392857142856
126,288,538 : -0.431357142857143
126,342,694 : -0.543625
126,458,926 : -0.46525000000000016
126,477,806 : -0.45964285714285724
126,507,526 : -0.475857142857143
126,518,910 : -0.4838125
126,688,777 : -0.49787500000000007
126,788,865 : -0.41221428571428564
127,184,645 : -0.5281249999999997
127,327,520 : -0.4453124999999998
127,382,650 : -0.43225000000000025
127,389,973 : -0.5025
127,420,653 : -0.3550000000000002
127,643,745 : -0.5362500000000001
128,200,264 : -0.4537500000000001
128,227,607 : -0.4404999999999999
128,266,307 : -0.5052232142857143
128,282,899 : -0.6275
128,558,892 : -0.4468749999999999
128,587,907 : -0.5843750000000001
128,825,906 : -0.44171874999999994
129,243,991 : -0.42537500000000006
129,372,694 : -0.4661250000000001
129,373,610 : -0.4489375
129,379,611 : -0.46250000000000036
130,146,997 : -0.4125000000000001
130,268,361 : -0.556875
130,306,666 : -0.4949999999999999
131,176,623 : -0.44687500000000013
131,646,862 : -0.45964285714285746
132,399,874 : -0.5894999999999999
132,419,803 : -0.46199999999999974
132,607,706 : -0.5692500000000003
133,155,267 : -0.5177857142857141
133,178,365 : -0.5225
133,303,656 : -0.528
133,340,801 : -0.5871249999999999
133,481,647 : -0.36624999999999996
133,740,875 : -0.5142499999999999
134,189,254 : -0.24750000000000005
134,399,494 : -0.6309375000000002
135,177,604 : -0.5560624999999999
135,191,657 : -0.4488492063492062
135,206,382 : -0.429125
135,292,294 : -0.5265
135,337,539 : -0.3409375000000001
135,356,427 : -0.5509999999999999
135,491,880 : -0.5351785714285713
135,550,922 : -0.46875
135,606,747 : -0.48
136,310,652 : -0.5766249999999999
136,617,856 : -0.4112500000000001
136,686,778 : -0.5940000000000001
136,799,816 : -0.5671875000000002
137,290,886 : -0.53125
137,313,664 : -0.4950000000000001
137,340,966 : -0.5775000000000001
137,498,829 : -0.33824999999999994
137,731,919 : -0.4487500000000002
138,331,646 : -0.5300714285714285
138,441,452 : -0.5197499999999999
139,172,798 : -0.48150000000000004
139,236,623 : -0.5238750000000003
139,289,720 : -0.4455
139,356,408 : -0.5775000000000001
140,155,246 : -0.6717857142857144
140,203,404 : -0.5126785714285713
140,233,646 : -0.6010714285714287
140,487,725 : -0.4811607142857144
140,580,606 : -0.4861607142857143
140,621,872 : -0.5038392857142857
141,221,630 : -0.4791875000000001
141,231,430 : -0.4506562500000002
141,234,499 : -0.532125
141,272,433 : -0.5445000000000002
141,288,314 : -0.4571428571428573
141,461,599 : -0.3957142857142859
141,528,731 : -0.5819285714285714
141,542,617 : -0.46075
142,346,653 : -0.5036607142857144
142,372,431 : -0.5489285714285717
142,606,850 : -0.49178571428571427
142,656,899 : -0.5445000000000002
142,789,957 : -0.45857142857142863
142,914,962 : -0.5072321428571429
143,233,369 : -0.5162142857142857
143,325,478 : -0.4537499999999999
143,334,998 : -0.5318303571428573
143,948,981 : -0.5843750000000001
144,348,450 : -0.7920000000000003
144,351,792 : -0.6137500000000002
144,363,634 : -0.5775000000000001
144,706,854 : -0.4950000000000001
144,714,781 : -0.32499999999999996
145,231,802 : -0.5518750000000001
145,244,395 : -0.58125
145,255,471 : -0.5162142857142857
146,187,723 : -0.4950000000000001
147,215,910 : -0.5383125
147,345,377 : -0.5386160714285715
147,354,461 : -0.5206339285714288
147,385,406 : -0.4640624999999998
147,530,867 : -0.3182142857142858
147,558,865 : -0.6043124999999998
148,149,957 : -0.5053125
148,260,661 : -0.5477500000000002
148,479,680 : -0.30437499999999984
148,486,499 : -0.5001562500000003
148,522,861 : -0.4561071428571428
148,684,870 : -0.4757053571428571
149,225,305 : -0.4755625000000001
149,228,865 : -0.6345625000000001
149,335,938 : -0.4924999999999997
149,573,732 : -0.46524999999999994
149,801,869 : -0.4673125
150,160,326 : -0.376857142857143
150,186,505 : -0.6046071428571427
150,458,654 : -0.4405000000000001
150,466,981 : -0.5816250000000001
150,532,723 : -0.6584285714285714
151,309,850 : -0.45699107142857165
151,331,663 : -0.5197500000000002
151,335,369 : -0.5197500000000002
151,357,723 : -0.611
152,399,800 : -0.4893749999999999
152,514,656 : -0.41367857142857134
152,615,776 : -0.47069196428571414
152,642,656 : -0.3238214285714287
152,883,912 : -0.5185714285714287
153,449,454 : -0.5280000000000002
153,459,725 : -0.5126785714285713
153,467,551 : -0.4537500000000001
153,595,632 : -0.5362499999999999
154,374,999 : -0.48468750000000016
154,398,895 : -0.47794642857142855
154,441,828 : -0.4784999999999999
154,446,479 : -0.5356607142857144
155,551,836 : -0.5713214285714285
155,749,898 : -0.4908750000000002
156,249,387 : -0.5445089285714286
156,560,792 : -0.5259375
156,623,716 : -0.5225
157,180,461 : -0.32499999999999996
157,636,797 : -0.4125000000000001
158,289,791 : -0.57775
158,315,601 : -0.433125
158,379,537 : -0.5025714285714287
158,639,956 : -0.59625
158,736,894 : -0.4322499999999998
159,339,781 : -0.2071428571428573
159,391,718 : -0.48910714285714296
159,452,670 : -0.4419642857142858
160,627,698 : -0.4682857142857144
160,834,919 : -0.48587500000000006
161,177,685 : -0.5315357142857142
161,206,244 : -0.5388571428571429
161,243,565 : -0.4832142857142858
161,256,974 : -0.3397321428571427
161,288,943 : -0.618169642857143
161,298,637 : -0.5696428571428571
161,411,974 : -0.3485714285714283
162,303,934 : -0.53125
162,552,764 : -0.5362500000000001
163,168,403 : -0.433125
163,595,738 : -0.556875
164,299,576 : -0.5353750000000002
164,382,488 : -0.4219375000000001
164,609,662 : -0.45110714285714293
165,200,383 : -0.5769196428571428
165,231,962 : -0.556875
165,249,356 : -0.45964285714285724
165,265,826 : -0.4035714285714287
165,388,636 : -0.5245714285714287
165,436,983 : -0.6679999999999999
165,461,511 : -0.42007142857142843
166,181,773 : -0.583392857142857
166,365,769 : -0.5421428571428573
166,425,611 : -0.48910714285714274
166,668,939 : -0.5377232142857142
167,273,620 : -0.43999999999999995
167,398,910 : -0.4246874999999999
168,396,898 : -0.40218750000000014
168,523,973 : -0.54
169,361,651 : -0.39031249999999984
169,583,723 : -0.40357142857142847
170,220,960 : -0.6258894230769232
170,350,456 : -0.5222544642857145
170,722,914 : -0.4950000000000001
171,201,832 : -0.54725
171,241,820 : -0.5940000000000001
171,371,688 : -0.5008928571428573
171,381,744 : -0.5450000000000002
171,402,551 : -0.4707500000000002
171,599,826 : -0.5038392857142857
172,448,750 : -0.4821428571428572
172,489,931 : -0.57375
172,849,876 : -0.6075000000000002
173,277,826 : -0.41544642857142855
173,343,738 : -0.44343749999999993
173,343,832 : -0.34650000000000003
173,520,593 : -0.418392857142857
173,677,785 : -0.459642857142857
173,837,870 : -0.5553571428571429
174,197,761 : -0.5097321428571426
174,378,881 : -0.6930000000000001
174,452,794 : -0.44785714285714295
174,554,819 : -0.5480357142857144
174,640,992 : -0.515625
175,330,798 : -0.46651785714285743
175,677,944 : -0.38707142857142873
175,684,777 : -0.601
175,741,832 : -0.5633571428571429
175,811,983 : -0.55
175,845,850 : -0.5155357142857144
175,868,920 : -0.6584999999999999
176,265,656 : -0.5504999999999998
176,298,448 : -0.5500000000000003
176,352,948 : -0.4242857142857144
176,432,624 : -0.49
176,492,556 : -0.5448437500000001
176,739,770 : -0.44875
176,791,949 : -0.5509375000000001
177,245,554 : -0.6424285714285718
177,498,557 : -0.5725
178,581,688 : -0.5774999999999999
178,682,806 : -0.43214285714285694
179,272,349 : -0.48910714285714296
179,277,462 : -0.4075000000000002
179,499,750 : -0.5657142857142858
179,757,827 : -0.4950000000000001
179,762,961 : -0.474375
180,213,883 : -0.4536607142857143
180,222,599 : -0.41544642857142877
180,249,488 : -0.4659821428571429
180,542,687 : -0.42399999999999993
181,210,534 : -0.5531249999999999
181,317,725 : -0.5162142857142857
181,333,480 : -0.5259375
181,487,964 : -0.5053125
181,633,905 : -0.556875
181,889,953 : -0.5333124999999999
182,298,415 : -0.5830000000000002
182,327,476 : -0.5176875000000001
183,202,944 : -0.4348928571428572
183,377,465 : -0.5311458333333334
183,403,619 : -0.5037500000000001
183,475,544 : -0.4537500000000001
183,594,975 : -0.4900000000000002
184,186,255 : -0.5359821428571427
184,431,624 : -0.3654017857142857
184,560,837 : -0.595
184,563,606 : -0.4132500000000001
184,676,903 : -0.639
184,886,978 : -0.5346875
184,894,936 : -0.5620535714285713
185,191,726 : -0.47968750000000004
185,191,793 : -0.4620089285714286
185,196,713 : -0.5518750000000001
185,239,714 : -0.35062499999999996
185,382,902 : -0.5106250000000001
185,449,474 : -0.6001875000000001
185,642,694 : -0.518875
185,694,937 : -0.5135714285714286
186,349,393 : -0.3889285714285715
186,456,679 : -0.4419642857142856
186,483,806 : -0.470892857142857
186,631,978 : -0.40602678571428585
186,774,951 : -0.46848214285714285
187,430,826 : -0.5727857142857142
187,660,782 : -0.4455
187,671,990 : -0.52
187,805,992 : -0.5674821428571428
188,273,741 : -0.500892857142857
188,353,731 : -0.5465624999999998
188,387,554 : -0.4620089285714286
188,420,770 : -0.44875
188,448,649 : -0.50875
188,686,901 : -0.42281250000000004
189,281,989 : -0.5340000000000003
189,335,975 : -0.5011874999999999
189,421,800 : -0.5073749999999997
189,510,815 : -0.532125
190,201,524 : -0.474375
190,330,993 : -0.6202232142857143
190,367,618 : -0.4950000000000001
190,520,973 : -0.32999999999999985
190,571,947 : -0.4413750000000001
191,428,942 : -0.5280000000000002
191,436,596 : -0.5848214285714288
191,762,789 : -0.4537499999999999
192,235,360 : -0.49312500000000004
192,244,377 : -0.6268750000000001
192,414,592 : -0.49293750000000003
192,689,723 : -0.47624999999999984
192,693,695 : -0.47625000000000006
192,721,879 : -0.38687499999999986
193,211,436 : -0.5102500000000001
193,603,912 : -0.4369642857142857
193,729,814 : -0.49
194,298,894 : -0.4344999999999999
194,515,522 : -0.3768571428571428
194,527,631 : -0.33325000000000005
194,620,900 : -0.4537500000000001
194,906,998 : -0.5300714285714287
195,559,639 : -0.17031249999999987
195,828,837 : -0.4950000000000001
195,928,934 : -0.41839285714285723
196,328,523 : -0.2822499999999999
196,487,500 : -0.42665178571428575
196,575,857 : -0.4571875000000001
197,229,515 : -0.6320089285714285
197,295,536 : -0.5073750000000001
197,327,394 : -0.49
197,505,514 : -0.4620089285714286
197,653,673 : -0.5040624999999999
197,830,978 : -0.43062500000000004
198,291,777 : -0.5025
198,497,693 : -0.45910714285714294
199,270,826 : -0.3800892857142857
199,338,964 : -0.5554017857142857
199,347,429 : -0.43656249999999996
200,365,376 : -0.4537499999999999
200,384,506 : -0.4941249999999999
200,389,624 : -0.5518750000000003
200,479,657 : -0.4228214285714287
200,484,785 : -0.5362499999999999
200,544,783 : -0.4743750000000002
200,673,868 : -0.32125000000000004
201,215,682 : -0.48950000000000005
201,301,368 : -0.6909375
201,348,489 : -0.5259375
201,571,786 : -0.43312499999999976
201,642,780 : -0.4537500000000001
201,902,990 : -0.5534375
202,239,245 : -0.29200000000000004
202,245,771 : -0.44325000000000014
202,428,492 : -0.5509250000000003
202,580,789 : -0.50325
203,228,854 : -0.6600000000000004
203,675,908 : -0.514673076923077
203,838,900 : -0.5745535714285714
204,237,929 : -0.41986607142857135
204,237,978 : -0.3795089285714286
204,295,792 : -0.4572946428571427
204,415,513 : -0.6482142857142859
204,430,520 : -0.5561428571428573
205,489,721 : -0.6187500000000001
205,751,838 : -0.666482142857143
205,880,920 : -0.4455
206,417,430 : -0.61375
206,587,623 : -0.5486249999999999
206,621,805 : -0.5201964285714287
207,229,878 : -0.4298928571428573
207,401,867 : -0.47232142857142856
207,418,482 : -0.41575000000000006
208,266,397 : -0.4528749999999999
208,283,941 : -0.4248750000000001
208,433,741 : -0.48085714285714287
208,756,794 : -0.49264285714285716
209,248,989 : -0.5609999999999999
209,334,535 : -0.4455
209,338,872 : -0.6066785714285716
209,375,743 : -0.5857500000000002
209,489,657 : -0.5551071428571428
209,594,927 : -0.5919375
210,227,950 : -0.5006874999999997
210,229,858 : -0.417357142857143
210,340,706 : -0.48324999999999996
210,356,384 : -0.41500000000000004
210,412,990 : -0.40749999999999975
210,425,727 : -0.5576785714285715
210,603,632 : -0.5193750000000001
210,891,931 : -0.5321875
211,316,735 : -0.4982500000000001
211,340,421 : -0.5445
211,346,477 : -0.48262499999999986
211,371,504 : -0.5277142857142858
211,487,523 : -0.4810000000000001
211,518,719 : -0.48085714285714287
211,576,658 : -0.5065
211,734,854 : -0.23750000000000027
212,361,659 : -0.528
212,589,611 : -0.5362500000000003
212,667,901 : -0.4485937499999999
213,322,519 : -0.4984375000000001
213,397,716 : -0.5108125000000001
213,428,656 : -0.5011874999999999
213,493,980 : -0.51046875
213,583,636 : -0.47157589285714274
214,248,868 : -0.6283928571428572
214,540,557 : -0.6765000000000003
215,486,996 : -0.45650000000000013
216,395,832 : -0.49087499999999995
216,650,923 : -0.433125
216,842,961 : -0.5310937500000001
217,297,745 : -0.58575
217,521,729 : -0.5527500000000001
217,826,893 : -0.29200000000000004
218,284,971 : -0.4743750000000002
218,311,694 : -0.5775000000000001
218,364,698 : -0.5445
219,306,945 : -0.6758653846153848
219,400,986 : -0.5940000000000003
219,718,973 : -0.585
219,770,771 : -0.6290625000000003
219,819,935 : -0.3603571428571428
220,264,508 : -0.4667822802197801
220,299,834 : -0.47942307692307695
220,345,933 : -0.540043956043956
220,372,463 : -0.41792582417582436
220,573,851 : -0.5292692307692308
221,263,916 : -0.3470000000000002
221,297,799 : -0.6325000000000001
221,302,776 : -0.5332142857142856
221,508,686 : -0.5328124999999999
221,615,955 : -0.4423660714285713
221,784,972 : -0.5775000000000001
222,302,858 : -0.4125000000000001
222,337,969 : -0.515625
222,681,968 : -0.6352500000000003
223,266,351 : -0.48734374999999996
223,368,752 : -0.5053125
223,374,987 : -0.556875
223,427,811 : -0.5506875
223,479,788 : -0.425169642857143
223,479,806 : -0.46494642857142865
223,845,924 : -0.3971875
224,264,918 : -0.29700000000000015
224,588,601 : -0.4066071428571427
225,317,386 : -0.5651250000000001
225,362,826 : -0.43165178571428586
225,388,499 : -0.5112053571428572
225,453,556 : -0.6481250000000001
225,543,800 : -0.5533482142857142
225,588,834 : -0.5657142857142858
225,597,898 : -0.5518749999999999
225,614,648 : -0.5106250000000001
225,662,977 : -0.5175446428571429
226,244,330 : -0.43875
226,273,982 : -0.6305357142857142
226,465,851 : -0.4737946428571429
226,481,824 : -0.46848214285714285
226,761,965 : -0.5489285714285714
226,768,973 : -0.5237500000000002
227,329,482 : -0.45492857142857157
227,521,995 : -0.5333125000000001
227,782,962 : -0.4817499999999999
228,278,347 : -0.5225
228,496,674 : -0.515625
228,821,912 : -0.4098571428571429
228,893,946 : -0.41249999999999987
229,230,524 : -0.5185714285714287
229,468,634 : -0.40214285714285714
229,617,645 : -0.46848214285714285
229,954,969 : -0.5173928571428574
230,250,462 : -0.4640624999999998
230,297,858 : -0.5335000000000001
230,413,687 : -0.5225
230,448,529 : -0.4624999999999999
230,529,950 : -0.359375
231,258,294 : -0.4537500000000001
231,284,688 : -0.4640624999999998
231,379,828 : -0.48812500000000014
231,396,409 : -0.4920535714285714
231,455,469 : -0.4620000000000002
232,244,634 : -0.5325
232,275,891 : -0.4640624999999998
232,341,404 : -0.5671875
232,423,803 : -0.6629464285714286
232,566,858 : -0.5017812500000001
232,654,830 : -0.5786875
233,503,567 : -0.4950000000000001
233,635,828 : -0.5945
233,651,679 : -0.6063749999999999
234,334,571 : -0.47953124999999996
234,664,879 : -0.4950000000000001
235,259,870 : -0.4414285714285713
235,337,640 : -0.6198750000000002
235,474,552 : -0.43599999999999994
235,605,724 : -0.6018749999999999
235,699,850 : -0.5795982142857143
235,772,944 : -0.4724999999999997
236,625,633 : -0.20624999999999982
237,251,336 : -0.5318303571428571
237,306,556 : -0.6383928571428572
238,354,592 : -0.378625
238,361,437 : -0.43774999999999986
238,421,960 : -0.5333125000000001
238,537,817 : -0.42399999999999993
238,716,884 : -0.49550000000000005
239,417,784 : -0.23012500000000014
240,319,420 : -0.4784999999999999
240,367,880 : -0.4578749999999998
240,378,563 : -0.5445000000000002
240,410,555 : -0.47143749999999995
241,467,923 : -0.49912500000000004
242,437,777 : -0.6348214285714286
242,547,574 : -0.48026785714285714
242,664,822 : -0.4714285714285713
242,828,979 : -0.5657142857142858
242,915,927 : -0.5554017857142857
243,251,380 : -0.515625
243,252,528 : -0.4301785714285713
243,386,676 : -0.5309999999999999
243,499,836 : -0.48812500000000014
243,500,868 : -0.4289285714285713
243,564,603 : -0.4537500000000001
244,466,728 : -0.6294999999999997
244,481,730 : -0.5434375
244,565,952 : -0.48696428571428574
245,304,646 : -0.6691339285714284
245,444,980 : -0.5037499999999999
245,534,719 : -0.5929120879120879
245,618,667 : -0.6737500000000001
246,248,704 : -0.5371428571428571
246,282,294 : -0.5798571428571428
246,359,394 : -0.5338928571428574
246,362,605 : -0.5126785714285713
246,383,621 : -0.5303571428571427
246,745,897 : -0.2198214285714286
247,497,921 : -0.40308035714285717
247,524,904 : -0.5725
247,621,960 : -0.5259375
247,627,713 : -0.4950000000000001
247,975,983 : -0.6128571428571428
248,472,479 : -0.4475714285714285
249,459,471 : -0.48085714285714287
249,501,562 : -0.5039285714285713
250,370,459 : -0.6019642857142857
250,431,555 : -0.5032589285714284
250,522,702 : -0.41544642857142877
250,578,652 : -0.41781250000000014
250,589,885 : -0.5135624999999999
251,301,698 : -0.5259375000000002
251,394,686 : -0.53125
251,435,471 : -0.5383125
251,769,784 : -0.46141071428571423
252,536,994 : -0.3768571428571428
253,335,805 : -0.4014553571428572
253,344,753 : -0.37450000000000006
253,375,589 : -0.5197500000000002
253,649,835 : -0.4892142857142856
255,263,841 : -0.5197499999999999
255,316,627 : -0.5338928571428572
255,472,499 : -0.4431517857142857
255,819,856 : -0.459642857142857
256,437,636 : -0.476
256,562,599 : -0.4724999999999999
256,884,971 : -0.5725000000000002
256,945,969 : -0.6042307692307691
257,322,758 : -0.4753571428571428
257,335,791 : -0.4419642857142858
257,345,716 : -0.5499999999999998
257,359,407 : -0.45492857142857135
257,456,945 : -0.5684340659340661
257,546,958 : -0.2304285714285712
257,682,749 : -0.4860714285714287
258,965,990 : -0.5135714285714286
259,265,587 : -0.5367656249999999
259,525,694 : -0.5851607142857145
259,643,933 : -0.47378571428571425
259,748,838 : -0.5028571428571427
259,847,913 : -0.4419642857142858
260,316,503 : -0.5445000000000002
260,373,420 : -0.4316562500000003
260,398,866 : -0.5467499999999998
260,463,569 : -0.5515714285714286
260,530,601 : -0.5489196428571428
260,558,983 : -0.5609999999999999
261,448,521 : -0.4514999999999998
261,558,583 : -0.36624999999999996
262,632,988 : -0.5598214285714285
263,398,502 : -0.6120000000000001
264,442,882 : -0.45964285714285724
264,464,812 : -0.38008928571428546
264,680,865 : -0.36271428571428554
265,270,639 : -0.44704687499999984
265,298,507 : -0.4982500000000001
265,343,960 : -0.4805625000000002
265,353,815 : -0.5445
265,453,566 : -0.5218214285714287
265,509,931 : -0.5135624999999999
265,534,792 : -0.47075
266,381,819 : -0.5235892857142859
266,493,687 : -0.5003125000000002
267,377,439 : -0.5371428571428574
267,460,924 : -0.4242857142857144
267,687,861 : -0.5630714285714287
267,737,973 : -0.5201785714285714
268,309,689 : -0.4743750000000002
268,581,904 : -0.47973214285714283
268,609,855 : -0.4472678571428572
268,898,973 : -0.46910714285714294
270,350,989 : -0.5126785714285713
270,549,926 : -0.5088571428571429
270,792,937 : -0.433125
272,295,991 : -0.5065
272,589,665 : -0.6022500000000002
273,297,699 : -0.5671875
273,440,833 : -0.5527499999999999
273,581,693 : -0.4950000000000001
274,293,648 : -0.5878125000000001
274,443,568 : -0.5477500000000002
274,573,945 : -0.5985192307692309
274,912,926 : -0.42223214285714317
275,304,550 : -0.44875
275,334,694 : -0.5415625
276,457,855 : -0.5115000000000001
277,284,395 : -0.4537499999999999
277,636,651 : -0.5197499999999999
278,308,328 : -0.4088750000000001
278,445,864 : -0.5018750000000001
278,490,949 : -0.474375
278,545,696 : -0.47928571428571454
278,568,924 : -0.55
278,650,662 : -0.5524642857142856
278,809,953 : -0.4317500000000001
278,812,862 : -0.611875
279,307,541 : -0.5071428571428571
279,431,828 : -0.4416785714285716
279,646,648 : -0.5112053571428574
280,703,823 : -0.38687499999999986
280,719,999 : -0.5701339285714284
280,823,949 : -0.30437499999999984
281,380,449 : -0.5255937500000001
281,398,570 : -0.48875
281,436,956 : -0.5956249999999998
281,564,736 : -0.40425
281,573,624 : -0.6545000000000003
281,595,964 : -0.5293750000000002
281,829,999 : -0.5348750000000002
282,366,676 : -0.5677857142857143
282,703,993 : -0.5764687500000001
283,529,908 : -0.5225
283,776,975 : -0.6364285714285713
284,447,908 : -0.5280769230769233
285,392,824 : -0.5067857142857144
285,436,632 : -0.5146875
285,442,565 : -0.4910714285714284
285,501,617 : -0.2825
285,517,856 : -0.5372321428571429
285,542,667 : -0.42399999999999993
285,630,664 : -0.4709375
285,830,878 : -0.42400000000000015
286,394,932 : -0.3992500000000001
286,500,901 : -0.4067589285714286
286,754,884 : -0.5197499999999999
287,476,597 : -0.433125
287,603,673 : -0.5018750000000001
287,702,796 : -0.5106250000000001
288,289,630 : -0.530357142857143
288,325,998 : -0.5657142857142858
288,477,800 : -0.3447321428571428
291,508,735 : -0.515625
292,304,652 : -0.46524999999999994
292,473,496 : -0.5477499999999997
292,576,877 : -0.4570000000000003
292,850,999 : -0.5162142857142857
293,328,709 : -0.4950000000000001
293,550,823 : -0.4537499999999999
293,725,729 : -0.4900000000000002
295,768,963 : -0.5327500000000001
296,303,781 : -0.4675
296,321,439 : -0.46790178571428576
296,340,408 : -0.6152142857142857
296,357,483 : -0.5121875
296,622,938 : -0.4743750000000002
296,626,999 : -0.5878124999999998
296,799,985 : -0.5053125
297,497,720 : -0.5450892857142859
298,412,702 : -0.46750000000000025
299,371,729 : -0.5303571428571427
299,434,655 : -0.3712500000000003
299,507,685 : -0.5834999999999999
299,549,851 : -0.5044285714285714
299,634,953 : -0.46250000000000013
299,844,884 : -0.433357142857143
300,540,913 : -0.598125
300,600,843 : -0.55
302,535,536 : -0.391
302,616,757 : -0.6187500000000004
303,423,888 : -0.4330357142857144
303,839,884 : -0.5780000000000003
303,903,918 : -0.35250000000000026
304,307,553 : -0.5347767857142858
304,347,954 : -0.6462500000000002
304,576,589 : -0.48743749999999997
304,767,972 : -0.6496875000000002
305,400,936 : -0.475857142857143
305,947,995 : -0.4455
306,506,848 : -0.5725
307,501,845 : -0.4492410714285713
307,506,704 : -0.5445
307,940,999 : -0.5745535714285714
308,431,767 : -0.4832142857142858
308,699,900 : -0.5730803571428571
308,862,997 : -0.6050000000000002
309,368,540 : -0.5774999999999999
309,404,674 : -0.4125000000000001
310,708,740 : -0.4776250000000002
311,457,626 : -0.37950000000000017
311,542,827 : -0.5197499999999999
311,657,693 : -0.5578571428571428
311,707,908 : -0.5299038461538463
312,628,696 : -0.33000000000000007
313,333,899 : -0.7177500000000001
313,458,876 : -0.5477500000000002
313,573,783 : -0.4793928571428572
313,911,970 : -0.5480357142857144
314,347,716 : -0.5037499999999999
314,777,819 : -0.4916071428571427
315,774,786 : -0.3971874999999998
316,430,653 : -0.5129999999999999
317,377,612 : -0.5065000000000002
317,518,641 : -0.4060208333333333
317,624,809 : -0.42074999999999996
318,560,890 : -0.5775000000000001
318,747,929 : -0.513125
319,345,845 : -0.5984196428571429
319,422,993 : -0.5036458333333336
320,539,982 : -0.5515714285714286
320,589,624 : -0.5073750000000001
320,661,796 : -0.46524999999999994
321,389,947 : -0.4455
321,502,951 : -0.5185714285714285
321,556,707 : -0.5587499999999999
321,591,906 : -0.4865625
322,373,617 : -0.5403124999999998
322,408,963 : -0.4616071428571429
322,545,698 : -0.43500000000000005
322,554,643 : -0.5088571428571429
322,579,619 : -0.5292857142857144
322,921,979 : -0.48459821428571415
323,458,817 : -0.5651250000000001
323,584,629 : -0.5126785714285713
323,592,681 : -0.41456249999999994
324,452,938 : -0.5772053571428573
324,553,679 : -0.4455
324,643,718 : -0.37950000000000017
324,730,861 : -0.56925
325,721,954 : -0.598125
326,332,970 : -0.5701339285714286
326,441,524 : -0.37960714285714303
326,635,961 : -0.6428125000000002
326,642,926 : -0.502964285714286
327,546,744 : -0.3971875
327,614,895 : -0.433125
328,421,868 : -0.4462999999999999
328,429,708 : -0.47143749999999995
328,541,733 : -0.6674285714285715
328,719,860 : -0.3308928571428571
329,456,515 : -0.45906249999999993
329,562,786 : -0.4234821428571429
329,591,662 : -0.46848214285714285
330,579,693 : -0.45125000000000015
330,672,750 : -0.43504464285714306
331,516,624 : -0.4941249999999999
332,343,856 : -0.5627678571428572
332,364,438 : -0.36624999999999996
333,359,465 : -0.40337500000000004
333,401,446 : -0.4390178571428571
334,428,672 : -0.5506875
334,536,908 : -0.4378846153846152
334,631,731 : -0.3971875
335,492,656 : -0.3959999999999999
335,529,921 : -0.4090625000000001
336,360,512 : -0.4743750000000002
336,465,714 : -0.5003125000000002
336,779,965 : -0.4950000000000001
336,940,996 : -0.6600000000000001
337,539,864 : -0.4861607142857143
338,347,615 : -0.5548214285714286
339,642,714 : -0.2177500000000001
339,667,883 : -0.4675
341,357,662 : -0.5945982142857145
341,530,733 : -0.3756696428571429
341,615,698 : -0.5568749999999998
342,370,760 : -0.32587500000000014
342,442,929 : -0.4832142857142858
342,622,794 : -0.3780357142857145
342,651,922 : -0.5333035714285714
343,504,758 : -0.4537499999999999
344,901,965 : -0.453169642857143
345,768,802 : -0.5678571428571428
346,389,799 : -0.50875
346,465,884 : -0.4961875
346,494,925 : -0.6187500000000001
346,502,778 : -0.5878125000000001
346,690,966 : -0.4054374999999999
346,748,870 : -0.5155357142857144
347,418,821 : -0.4019999999999999
347,584,695 : -0.5058035714285714
348,489,814 : -0.4515401785714286
348,513,574 : -0.6187500000000001
348,764,802 : -0.6737500000000001
349,363,527 : -0.48808035714285736
349,456,535 : -0.277857142857143
349,456,799 : -0.3191071428571428
349,738,902 : -0.4826339285714285
350,375,517 : -0.5885
350,407,701 : -0.5115000000000003
350,724,948 : -0.6187499999999999
350,791,968 : -0.4584999999999999
351,394,968 : -0.4207500000000002
352,361,913 : -0.5696428571428573
352,366,436 : -0.3857142857142857
352,495,867 : -0.3771428571428572
352,638,871 : -0.3795089285714286
352,699,910 : -0.5590848214285713
352,709,957 : -0.6125714285714285
353,482,777 : -0.4500000000000002
354,406,887 : -0.47643750000000007
354,449,822 : -0.3745000000000003
354,512,593 : -0.4784999999999999
354,677,921 : -0.51475
354,822,914 : -0.4343125000000001
354,851,991 : -0.4861607142857143
355,361,568 : -0.5607142857142857
355,439,848 : -0.4717261904761907
355,454,530 : -0.3980714285714284
355,468,576 : -0.46504464285714286
355,510,768 : -0.5219642857142857
356,453,995 : -0.46406250000000004
356,550,706 : -0.46525000000000016
356,654,911 : -0.4031250000000002
356,687,771 : -0.5484374999999999
357,367,825 : -0.5231874999999997
357,435,911 : -0.5270833333333333
357,487,815 : -0.4537499999999999
358,489,593 : -0.23750000000000004
359,561,993 : -0.4970625000000002
360,863,870 : -0.45964285714285724
361,768,865 : -0.49250000000000016
362,518,549 : -0.48675
363,635,865 : -0.6000000000000001
363,783,954 : -0.555107142857143
364,402,715 : -0.3959999999999999
364,524,756 : -0.5197499999999999
366,506,604 : -0.5798571428571431
366,632,948 : -0.45964285714285724
367,564,648 : -0.58575
369,673,791 : -0.47794642857142855
369,737,940 : -0.5362500000000001
369,769,861 : -0.4581785714285713
370,892,922 : -0.24839285714285708
371,419,932 : -0.47350000000000003
372,508,671 : -0.46406250000000004
372,610,787 : -0.46475
372,729,831 : -0.5362500000000001
373,386,765 : -0.4475625000000001
373,387,963 : -0.20124999999999993
373,458,639 : -0.56925
374,379,590 : -0.16875000000000018
374,388,834 : -0.5421428571428573
374,584,688 : -0.6879910714285715
374,735,782 : -0.6105
375,434,656 : -0.5725
375,466,947 : -0.5445000000000002
376,490,491 : -0.5185714285714285
376,694,709 : -0.5238750000000001
377,412,908 : -0.5296634615384614
377,491,495 : -0.504732142857143
377,507,530 : -0.3998392857142856
377,791,888 : -0.5928125
378,497,890 : -0.5421428571428573
378,568,829 : -0.4950000000000001
379,443,641 : -0.5000416666666667
379,555,660 : -0.5389999999999997
379,910,971 : -0.45906249999999993
380,440,961 : -0.5259375
380,528,862 : -0.4369642857142857
380,600,901 : -0.4910714285714286
380,862,995 : -0.3678124999999999
381,601,828 : -0.5640937500000001
383,535,856 : -0.5445000000000002
383,638,640 : -0.5633660714285715
384,489,650 : -0.48468749999999994
386,645,706 : -0.5073749999999999
387,419,653 : -0.5303125
387,650,991 : -0.43121875
387,758,894 : -0.4900000000000002
388,520,743 : -0.5194642857142857
388,748,770 : -0.514642857142857
388,901,991 : -0.5386160714285715
389,437,894 : -0.4762500000000003
389,891,909 : -0.5225000000000002
390,457,894 : -0.5854642857142858
390,468,775 : -0.4035714285714287
390,483,825 : -0.3795089285714286
390,510,834 : -0.4404464285714287
390,830,881 : -0.4604285714285714
390,851,991 : -0.4900000000000002
391,648,873 : -0.02093749999999983
392,416,919 : -0.48262499999999986
393,411,851 : -0.4950000000000001
393,498,868 : -0.6035714285714284
393,555,952 : -0.5436160714285716
393,632,882 : -0.5017857142857141
395,789,898 : -0.5440625000000001
395,796,926 : -0.4950000000000001
396,541,876 : -0.5375714285714288
396,599,885 : -0.51475
396,615,955 : -0.41928571428571426
396,674,695 : -0.48910714285714274
397,399,659 : -0.45850000000000035
397,492,632 : -0.3435625
398,455,898 : -0.4950000000000001
398,631,668 : -0.4329464285714286
398,678,735 : -0.5430000000000001
398,800,974 : -0.5203125000000002
399,424,678 : -0.5963125
399,482,907 : -0.4784285714285714
399,695,909 : -0.42375000000000007
399,701,768 : -0.6524999999999999
400,483,825 : -0.3628125
401,412,686 : -0.5415625
401,472,728 : -0.3959999999999999
402,417,908 : -0.5016634615384614
402,421,671 : -0.391
402,507,606 : -0.5034999999999998
403,504,835 : -0.48910714285714296
405,426,819 : -0.4331250000000002
405,505,987 : -0.5194642857142857
406,737,964 : -0.5362499999999999
408,473,499 : -0.5583482142857141
408,638,988 : -0.35741071428571436
409,412,903 : -0.5362500000000001
409,440,458 : -0.5197500000000002
410,434,557 : -0.5445
410,455,653 : -0.355
410,617,824 : -0.4713571428571428
410,653,950 : -0.40337500000000004
411,611,642 : -0.5819285714285716
413,422,510 : -0.47625000000000006
413,557,797 : -0.5445
414,468,688 : -0.5843750000000001
414,600,658 : -0.48450000000000015
414,643,915 : -0.5115000000000003
414,673,810 : -0.5168125000000001
415,797,954 : -0.5115000000000001
416,606,883 : -0.488
417,456,632 : -0.583392857142857
417,930,937 : -0.46171428571428574
418,535,774 : -0.49
419,744,973 : -0.46450000000000014
420,639,733 : -0.3683035714285714
421,902,949 : -0.5362499999999999
422,539,760 : -0.3959999999999999
422,550,908 : -0.4712019230769231
423,529,848 : -0.5444047619047621
423,551,711 : -0.5391964285714284
423,903,918 : -0.28992857142857154
424,460,544 : -0.5400892857142858
424,487,596 : -0.3403125
424,576,779 : -0.5209374999999998
424,647,682 : -0.5018750000000001
424,780,886 : -0.5396875000000001
424,809,948 : -0.4728125000000001
425,430,916 : -0.4200178571428572
425,576,596 : -0.42031249999999987
426,450,466 : -0.48675
427,433,546 : -0.4950000000000001
427,541,901 : -0.5006875
428,460,922 : -0.4985357142857145
428,777,831 : -0.5327499999999998
428,830,924 : -0.32775
429,457,838 : -0.47408928571428577
429,562,771 : -0.5856249999999998
429,596,685 : -0.4313616071428572
429,763,887 : -0.3971875
430,525,956 : -0.5822500000000002
430,597,828 : -0.5147500000000003
430,718,800 : -0.4702500000000003
431,624,813 : -0.20714285714285707
432,478,724 : -0.3712500000000001
432,580,862 : -0.40062500000000023
433,506,987 : -0.6270000000000002
433,521,922 : -0.5798571428571426
434,829,900 : -0.43253571428571447
434,915,986 : -0.5445000000000002
434,939,956 : -0.6159375000000002
435,509,582 : -0.474375
436,452,823 : -0.6557142857142857
436,485,866 : -0.4750000000000001
436,641,886 : -0.47625000000000006
436,731,931 : -0.4190624999999999
437,553,726 : -0.556875
438,486,991 : -0.49240625000000016
438,494,815 : -0.5383125
439,626,797 : -0.3235178571428572
441,461,944 : -0.555107142857143
441,501,592 : -0.5202499999999999
441,545,794 : -0.49117857142857146
441,888,979 : -0.475857142857143
442,601,730 : -0.4767410714285716
442,689,702 : -0.5872321428571428
442,892,948 : -0.49196428571428585
443,501,726 : -0.53075
443,668,684 : -0.40514285714285725
443,673,702 : -0.48587500000000006
444,688,938 : -0.5828125
444,857,903 : -0.5589374999999999
445,746,805 : -0.42723214285714284
446,566,724 : -0.5421428571428573
447,460,830 : -0.3544642857142857
447,491,587 : -0.5695535714285713
447,589,921 : -0.4269375000000002
448,463,843 : -0.5520714285714288
448,571,718 : -0.5053125
448,765,894 : -0.611875
449,493,984 : -0.38275000000000015
449,870,900 : -0.3889285714285715
450,606,945 : -0.5133461538461539
450,842,966 : -0.5032500000000002
452,541,756 : -0.5362499999999999
454,685,859 : -0.4638749999999998
454,890,931 : -0.5486249999999999
455,785,971 : -0.378625
455,904,959 : -0.5995000000000001
458,474,498 : -0.3992500000000001
458,835,912 : -0.5783928571428572
459,508,716 : -0.5490178571428572
460,558,691 : -0.41249999999999987
460,774,806 : -0.3889285714285713
461,627,668 : -0.4242857142857144
462,543,723 : -0.5244642857142858
463,495,710 : -0.44285714285714306
463,499,728 : -0.3800892857142857
463,753,868 : -0.6569999999999998
465,474,770 : -0.4848541666666666
465,488,884 : -0.5333125000000001
466,511,747 : -0.6269999999999998
466,566,836 : -0.5763214285714287
466,655,975 : -0.5654285714285714
466,748,919 : -0.50325
466,857,909 : -0.5836874999999999
467,865,894 : -0.546125
469,816,969 : -0.5465625000000001
470,583,959 : -0.5194642857142857
470,804,848 : -0.28374999999999995
471,722,780 : -0.48675
471,794,970 : -0.5421428571428573
473,523,563 : -0.5399999999999998
473,666,795 : -0.4125000000000001
473,928,991 : -0.5318303571428573
476,773,951 : -0.6423214285714287
476,872,942 : -0.58575
477,656,917 : -0.3291249999999999
478,490,961 : -0.5297767857142857
479,525,665 : -0.5296250000000002
479,730,925 : -0.4620000000000002
480,541,988 : -0.5494642857142857
480,645,939 : -0.49499999999999966
482,675,906 : -0.4970714285714286
483,520,808 : -0.5293749999999999
483,667,709 : -0.54175
483,679,845 : -0.5190625
483,871,970 : -0.3760714285714286
484,532,646 : -0.6040178571428572
484,713,765 : -0.4950000000000001
485,521,801 : -0.5609999999999999
485,524,836 : -0.6128571428571428
485,717,935 : -0.4537499999999999
485,719,896 : -0.5981250000000002
486,490,936 : -0.5175000000000001
486,505,678 : -0.619142857142857
486,608,863 : -0.4950000000000001
486,652,965 : -0.5755357142857143
486,703,858 : -0.5142500000000001
487,562,796 : -0.5821874999999999
487,919,994 : -0.47674107142857136
488,492,978 : -0.5723437500000002
488,731,768 : -0.5743750000000001
488,822,843 : -0.58678125
489,938,973 : -0.5465624999999998
490,620,906 : -0.42321428571428577
491,510,671 : -0.4263571428571429
491,840,886 : -0.5059999999999998
492,791,820 : -0.6384374999999998
492,805,959 : -0.4950000000000001
493,523,941 : -0.5625
493,684,961 : -0.5663125
493,919,955 : -0.5341964285714285
494,516,882 : -0.4870446428571429
494,589,755 : -0.5795625000000002
495,715,881 : -0.4413750000000001
496,726,891 : -0.474375
496,764,816 : -0.6909374999999998
497,541,741 : -0.5271428571428571
497,649,934 : -0.5775000000000001
498,732,838 : -0.5607142857142857
500,510,784 : -0.4431428571428573
501,517,692 : -0.4698660714285716
501,785,828 : -0.4068125
502,557,578 : -0.5798571428571428
502,821,931 : -0.4074910714285713
503,538,794 : -0.40660714285714294
503,729,949 : -0.51475
504,544,896 : -0.5568750000000002
504,553,943 : -0.5775000000000001
506,600,984 : -0.4212500000000001
506,709,979 : -0.42708928571428584
506,817,990 : -0.42237499999999994
508,519,815 : -0.5259375
508,546,715 : -0.4776250000000002
509,688,951 : -0.5518749999999999
509,752,760 : -0.433125
510,837,906 : -0.43500000000000005
511,649,946 : -0.5515714285714286
512,546,969 : -0.58575
512,664,900 : -0.5185714285714285
512,808,881 : -0.433125
515,543,850 : -0.5369866071428573
515,582,861 : -0.51046875
515,740,849 : -0.5383125
515,769,837 : -0.4698660714285714
517,528,585 : -0.3933482142857141
517,703,959 : -0.68578125
517,716,987 : -0.6221874999999999
517,934,937 : -0.5760267857142858
518,649,904 : -0.50875
519,523,600 : -0.4178124999999999
519,538,953 : -0.5023749999999998
522,702,950 : -0.38982142857142854
522,705,856 : -0.41928571428571426
523,566,839 : -0.5810714285714287
523,606,650 : -0.36850000000000005
523,815,862 : -0.4140625
523,950,991 : -0.50125
525,741,906 : -0.4892142857142858
526,615,620 : -0.5351785714285713
526,676,791 : -0.4739285714285715
526,677,771 : -0.46436607142857156
527,535,777 : -0.4229999999999998
528,930,980 : -0.5109107142857141
529,579,584 : -0.5107142857142857
529,675,932 : -0.369
530,906,945 : -0.5531593406593407
532,569,627 : -0.5162142857142857
532,733,910 : -0.5259375000000002
534,546,913 : -0.6142321428571429
534,563,608 : -0.5362499999999999
534,564,944 : -0.4782142857142857
534,623,686 : -0.4743750000000002
534,662,894 : -0.4791964285714285
535,619,677 : -0.42399999999999993
537,552,837 : -0.3695089285714286
537,615,951 : -0.6187499999999999
537,669,868 : -0.40900000000000025
537,779,929 : -0.5386160714285715
539,570,888 : -0.40160714285714283
541,963,995 : -0.5040625000000003
542,665,765 : -0.56925
543,937,968 : -0.44476785714285727
544,913,960 : -0.530357142857143
545,699,929 : -0.4693749999999999
546,744,964 : -0.4125000000000001
546,768,922 : -0.5708571428571427
547,737,925 : -0.4537500000000003
548,580,861 : -0.529625
548,586,644 : -0.4693749999999999
548,676,732 : -0.5922321428571427
549,614,763 : -0.37450000000000006
549,681,811 : -0.5939999999999999
550,827,982 : -0.4900000000000002
552,769,868 : -0.2817857142857143
555,674,822 : -0.6187499999999999
555,803,828 : -0.4681875
556,593,806 : -0.5578571428571428
556,685,887 : -0.55859375
556,818,889 : -0.4606250000000003
557,628,634 : -0.49087499999999995
557,641,888 : -0.46568750000000003
558,560,652 : -0.6496875000000002
559,803,928 : -0.37066964285714277
560,982,993 : -0.46406250000000027
561,792,883 : -0.5037499999999999
562,609,904 : -0.48875000000000024
563,586,703 : -0.4537500000000001
563,818,939 : -0.4537499999999999
564,865,991 : -0.44978125
565,608,770 : -0.5087499999999998
565,645,986 : -0.4248749999999999
566,635,972 : -0.5922321428571429
566,690,996 : -0.530357142857143
567,892,922 : -0.23366071428571433
567,914,931 : -0.6187499999999999
568,854,911 : -0.5774999999999999
569,629,847 : -0.39600000000000035
569,770,824 : -0.49735714285714305
571,939,943 : -0.46406250000000004
572,688,854 : -0.48999999999999977
575,641,953 : -0.5692500000000003
575,910,987 : -0.5465624999999998
576,711,775 : -0.24249999999999994
576,725,936 : -0.5436160714285716
578,616,939 : -0.4846874999999997
581,588,591 : -0.44785714285714295
581,696,874 : -0.5598214285714285
582,733,947 : -0.4949999999999999
583,620,642 : -0.5602142857142858
584,701,727 : -0.433125
584,833,956 : -0.2778571428571428
586,844,850 : -0.5657142857142858
587,712,927 : -0.4640624999999998
587,801,938 : -0.5259375
587,857,919 : -0.5465624999999998
588,941,960 : -0.6143303571428571
589,732,840 : -0.47025000000000006
589,747,943 : -0.540375
591,739,802 : -0.5671875
591,807,928 : -0.541654761904762
592,611,885 : -0.4219375000000001
592,619,689 : -0.4743750000000002
592,839,913 : -0.4515401785714288
593,756,757 : -0.55
594,649,997 : -0.5774999999999999
595,659,754 : -0.4405000000000001
598,642,983 : -0.4455
598,816,998 : -0.5657142857142858
599,808,953 : -0.6001875000000001
600,713,872 : -0.41937500000000005
600,849,979 : -0.4674999999999998
601,839,944 : -0.43843750000000004
603,807,908 : -0.4777307692307693
603,921,980 : -0.433125
604,609,787 : -0.5568749999999998
605,742,802 : -0.38687499999999986
606,627,840 : -0.47457142857142864
607,639,788 : -0.532125
607,733,824 : -0.5303571428571427
610,792,806 : -0.6153124999999999
610,829,832 : -0.5747500000000001
610,945,952 : -0.4748901098901097
613,648,993 : -0.6909375
613,778,820 : -0.515625
614,885,991 : -0.4580312499999999
616,782,949 : -0.5878124999999998
616,859,992 : -0.5259375
617,656,714 : -0.385
617,836,927 : -0.4948214285714285
618,696,746 : -0.5185714285714287
618,737,782 : -0.6599999999999999
619,814,894 : -0.4547321428571429
620,754,894 : -0.4872500000000002
622,683,975 : -0.5480357142857144
623,669,762 : -0.540375
625,690,957 : -0.5500000000000003
626,759,945 : -0.5414038461538462
627,649,999 : -0.5666964285714284
628,785,831 : -0.433125
629,665,812 : -0.5816250000000001
629,727,896 : -0.433125
630,635,653 : -0.4406249999999998
630,915,929 : -0.53125
632,652,861 : -0.50325
635,712,753 : -0.5225
635,803,945 : -0.5093028846153846
635,824,846 : -0.34857142857142853
637,761,925 : -0.47142857142857153
638,644,649 : -0.6171875
638,793,988 : -0.45964285714285724
638,911,928 : -0.5465625000000001
639,728,742 : -0.4950000000000001
641,756,760 : -0.6043125
644,674,859 : -0.5053125
645,776,895 : -0.45964285714285724
647,864,973 : -0.4731249999999998
648,761,819 : -0.556875
651,869,876 : -0.54775
652,731,859 : -0.47953124999999996
652,821,911 : -0.40012500000000006
657,695,912 : -0.36035714285714304
657,730,845 : -0.35299107142857133
657,800,957 : -0.48459821428571437
662,702,811 : -0.5400892857142856
663,682,693 : -0.53125
668,759,859 : -0.5280089285714284
669,791,950 : -0.4685625000000002
673,768,868 : -0.3578125000000001
674,740,915 : -0.5775000000000001
678,763,786 : -0.51046875
682,757,786 : -0.4212500000000001
682,767,887 : -0.6221874999999999
682,863,918 : -0.7480000000000002
683,771,792 : -0.5621875000000001
683,887,994 : -0.5922321428571429
686,773,950 : -0.35299107142857133
690,757,908 : -0.5994999999999999
692,757,788 : -0.5676785714285715
692,883,991 : -0.5602232142857144
693,754,849 : -0.4730000000000003
693,929,945 : -0.565625
695,788,942 : -0.3889285714285715
696,845,973 : -0.4733035714285716
697,745,889 : -0.47437499999999977
698,741,948 : -0.5578571428571428
701,711,775 : -0.18592857142857144
702,785,990 : -0.41593750000000007
702,814,817 : -0.3014285714285714
702,832,957 : -0.4212500000000001
707,816,917 : -0.3353125000000001
711,877,981 : -0.35651785714285733
717,839,887 : -0.433125
719,736,930 : -0.4278214285714286
719,773,827 : -0.47732142857142845
720,863,946 : -0.5038392857142857
723,744,914 : -0.5616874999999999
723,789,991 : -0.5792187500000003
726,820,841 : -0.6043125000000003
727,919,956 : -0.4893750000000001
728,755,963 : -0.40484375000000017
728,808,882 : -0.47290178571428565
733,758,890 : -0.5480357142857142
735,986,988 : -0.5975357142857143
738,762,831 : -0.37124999999999986
738,883,978 : -0.3403125
739,864,913 : -0.4242857142857144
741,780,875 : -0.46317857142857166
743,869,933 : -0.5609999999999999
746,952,972 : -0.49294642857142845
748,803,905 : -0.5415625
748,953,974 : -0.4295
751,883,899 : -0.5554999999999999
755,788,865 : -0.3523928571428572
768,941,992 : -0.585
776,785,907 : -0.47113392857142866
783,793,832 : -0.5773571428571429
786,799,938 : -0.48468749999999994
787,793,875 : -0.34178571428571436
790,845,928 : -0.49868303571428574
798,807,839 : -0.30112499999999986
805,895,945 : -0.5498351648351649
805,946,977 : -0.47732142857142845
808,816,935 : -0.6806249999999998
813,914,968 : -0.39600000000000013
814,884,979 : -0.3733214285714286
814,934,990 : -0.40607142857142864
817,938,950 : -0.37124999999999986
821,980,990 : -0.5113125000000001
827,844,886 : -0.5067857142857144
832,943,977 : -0.5878125000000001
833,920,956 : -0.24749999999999983
835,939,957 : -0.4448214285714287
836,878,932 : -0.4606785714285715
861,908,943 : -0.4435961538461539
882,908,959 : -0.4750412087912088
890,960,986 : -0.60225
899,902,929 : -0.5362499999999999
915,953,970 : -0.6387857142857143
936,937,972 : -0.4950000000000001
940,968,975 : -0.5338928571428574
