12,19,35 : 0.10000000000000009
12,35,291 : 0.10000000000000009
17,172,270 : 0.10000000000000009
17,172,592 : 0.10000000000000009
21,333,359 : 0.10000000000000009
333,359,465 : 0.10000000000000009
29,685,755 : 0.10000000000000009
29,685,836 : 0.10000000000000009
67,417,784 : 0.10000000000000009
239,417,784 : 0.10000000000000009
78,399,857 : 0.10000000000000009
78,769,857 : 0.10000000000000009
88,939,957 : 0.10000000000000009
835,939,957 : 0.10000000000000009
91,397,632 : 0.10000000000000009
397,492,632 : 0.10000000000000009
92,97,660 : 0.10000000000000009
97,660,823 : 0.10000000000000009
120,147,167 : 0.10000000000000009
120,147,287 : 0.10000000000000009
126,788,865 : 0.10000000000000009
755,788,865 : 0.10000000000000009
135,337,539 : 0.10000000000000009
337,539,864 : 0.10000000000000009
152,514,656 : 0.10000000000000009
152,642,656 : 0.10000000000000009
161,256,974 : 0.10000000000000009
161,411,974 : 0.10000000000000009
173,343,738 : 0.10000000000000009
173,343,832 : 0.10000000000000009
184,431,624 : 0.10000000000000009
431,624,813 : 0.10000000000000009
185,191,726 : 0.10000000000000009
185,191,793 : 0.10000000000000009
185,642,694 : 0.10000000000000009
185,694,937 : 0.10000000000000009
200,673,868 : 0.10000000000000009
673,768,868 : 0.10000000000000009
201,348,489 : 0.10000000000000009
348,489,814 : 0.10000000000000009
202,239,245 : 0.10000000000000009
202,245,771 : 0.10000000000000009
204,237,929 : 0.10000000000000009
204,237,978 : 0.10000000000000009
221,615,955 : 0.10000000000000009
396,615,955 : 0.10000000000000009
223,479,788 : 0.10000000000000009
223,479,806 : 0.10000000000000009
230,448,529 : 0.10000000000000009
230,529,950 : 0.10000000000000009
250,522,702 : 0.10000000000000009
522,702,950 : 0.10000000000000009
280,703,823 : 0.10000000000000009
280,823,949 : 0.10000000000000009
303,903,918 : 0.10000000000000009
423,903,918 : 0.10000000000000009
327,546,744 : 0.10000000000000009
546,744,964 : 0.10000000000000009
346,465,884 : 0.10000000000000009
465,488,884 : 0.10000000000000009
349,456,535 : 0.10000000000000009
349,456,799 : 0.10000000000000009
354,449,822 : 0.10000000000000009
354,822,914 : 0.10000000000000009
354,851,991 : 0.10000000000000009
390,851,991 : 0.10000000000000009
370,892,922 : 0.10000000000000009
567,892,922 : 0.10000000000000009
380,528,862 : 0.10000000000000009
380,862,995 : 0.10000000000000009
390,483,825 : 0.10000000000000009
400,483,825 : 0.10000000000000009
408,638,988 : 0.10000000000000009
638,793,988 : 0.10000000000000009
410,455,653 : 0.10000000000000009
410,653,950 : 0.10000000000000009
576,711,775 : 0.10000000000000009
701,711,775 : 0.10000000000000009
584,833,956 : 0.10000000000000009
833,920,956 : 0.10000000000000009
0,58,416 : nan
0,62,884 : nan
0,254,426 : nan
0,260,357 : nan
0,405,603 : nan
0,541,555 : nan
0,576,867 : nan
0,825,905 : nan
1,37,324 : nan
1,425,921 : nan
1,468,699 : nan
1,576,718 : nan
2,5,659 : nan
2,25,739 : nan
2,133,583 : nan
2,213,243 : nan
2,466,480 : nan
2,633,982 : nan
3,72,172 : nan
3,200,955 : nan
3,231,544 : nan
3,384,462 : nan
3,491,522 : nan
3,494,621 : nan
3,500,861 : nan
3,557,814 : nan
3,694,720 : nan
4,67,381 : nan
4,247,830 : nan
4,251,370 : nan
4,328,738 : nan
4,696,777 : nan
4,883,945 : nan
5,20,482 : nan
5,62,927 : nan
5,70,639 : nan
5,428,602 : nan
5,530,583 : nan
5,697,925 : nan
6,215,438 : nan
6,263,889 : nan
6,282,341 : nan
6,345,611 : nan
6,547,894 : nan
6,581,619 : nan
6,748,867 : nan
7,32,816 : nan
7,57,533 : nan
7,244,735 : nan
7,266,904 : nan
7,311,596 : nan
7,340,970 : nan
7,600,835 : nan
7,649,804 : nan
8,89,181 : nan
8,357,596 : nan
8,377,960 : nan
8,398,536 : nan
8,416,838 : nan
8,535,994 : nan
9,10,136 : nan
9,603,943 : nan
9,709,978 : nan
9,828,912 : nan
10,11,315 : nan
10,124,319 : nan
10,284,824 : nan
10,338,865 : nan
10,366,780 : nan
10,371,705 : nan
10,717,777 : nan
11,33,272 : nan
11,42,866 : nan
11,120,840 : nan
11,172,418 : nan
11,738,991 : nan
11,952,987 : nan
12,45,808 : nan
12,82,691 : nan
12,220,405 : nan
12,248,875 : nan
12,446,882 : nan
12,475,634 : nan
13,113,124 : nan
13,131,281 : nan
13,325,753 : nan
13,459,940 : nan
13,683,699 : nan
13,802,904 : nan
14,149,936 : nan
14,245,902 : nan
15,174,803 : nan
15,322,855 : nan
15,438,949 : nan
16,47,419 : nan
16,88,220 : nan
16,180,984 : nan
16,214,418 : nan
16,260,688 : nan
16,362,446 : nan
16,380,978 : nan
16,445,995 : nan
16,478,754 : nan
16,694,848 : nan
17,22,225 : nan
17,329,620 : nan
17,527,587 : nan
18,133,523 : nan
18,275,328 : nan
18,306,840 : nan
18,351,575 : nan
18,717,928 : nan
19,63,394 : nan
19,143,647 : nan
19,184,310 : nan
19,268,675 : nan
19,331,968 : nan
19,354,398 : nan
19,396,761 : nan
19,556,896 : nan
19,749,758 : nan
20,75,452 : nan
20,301,867 : nan
20,528,681 : nan
20,886,964 : nan
21,118,728 : nan
21,236,284 : nan
21,298,663 : nan
21,301,953 : nan
21,362,946 : nan
21,399,962 : nan
21,476,625 : nan
21,490,545 : nan
21,554,923 : nan
21,711,991 : nan
22,218,408 : nan
22,298,699 : nan
22,515,786 : nan
23,77,484 : nan
23,141,144 : nan
23,164,790 : nan
23,296,773 : nan
23,328,653 : nan
23,413,709 : nan
23,834,982 : nan
23,854,855 : nan
24,94,440 : nan
24,214,461 : nan
24,232,299 : nan
24,506,942 : nan
24,562,670 : nan
25,71,617 : nan
25,159,572 : nan
25,319,474 : nan
25,340,790 : nan
25,472,796 : nan
25,476,828 : nan
25,557,801 : nan
25,632,895 : nan
25,837,862 : nan
26,118,166 : nan
26,210,449 : nan
26,216,795 : nan
26,411,439 : nan
26,412,837 : nan
26,453,618 : nan
26,641,668 : nan
26,765,909 : nan
27,83,988 : nan
27,176,236 : nan
27,248,568 : nan
28,90,585 : nan
28,157,624 : nan
28,160,498 : nan
28,295,569 : nan
28,330,659 : nan
28,440,859 : nan
28,770,953 : nan
28,810,907 : nan
29,454,790 : nan
30,97,286 : nan
30,112,473 : nan
30,160,731 : nan
30,182,441 : nan
30,230,747 : nan
30,349,638 : nan
30,385,619 : nan
31,156,994 : nan
31,240,685 : nan
31,357,976 : nan
31,462,620 : nan
32,61,139 : nan
32,205,364 : nan
32,267,959 : nan
32,384,927 : nan
32,417,604 : nan
32,494,526 : nan
32,519,635 : nan
32,576,807 : nan
32,692,714 : nan
33,94,241 : nan
33,116,934 : nan
33,258,459 : nan
33,653,948 : nan
33,663,688 : nan
33,895,957 : nan
34,51,645 : nan
34,109,242 : nan
34,156,393 : nan
34,613,996 : nan
35,106,196 : nan
35,143,552 : nan
35,199,833 : nan
35,421,997 : nan
35,429,494 : nan
35,877,952 : nan
36,88,768 : nan
36,287,388 : nan
36,326,997 : nan
36,511,561 : nan
37,88,904 : nan
37,436,448 : nan
37,832,996 : nan
38,177,482 : nan
38,242,859 : nan
38,335,980 : nan
38,341,644 : nan
38,347,617 : nan
38,377,421 : nan
38,432,828 : nan
38,457,969 : nan
38,467,856 : nan
39,241,997 : nan
39,531,853 : nan
39,777,927 : nan
40,241,751 : nan
40,300,306 : nan
40,484,513 : nan
40,788,857 : nan
41,130,772 : nan
41,392,773 : nan
41,435,529 : nan
41,502,724 : nan
41,594,823 : nan
42,280,514 : nan
42,385,808 : nan
42,439,546 : nan
42,924,977 : nan
43,127,630 : nan
43,669,874 : nan
44,222,468 : nan
44,408,486 : nan
44,548,756 : nan
44,724,890 : nan
44,764,905 : nan
45,120,250 : nan
45,632,684 : nan
45,678,743 : nan
46,259,413 : nan
46,607,962 : nan
46,615,979 : nan
46,683,743 : nan
47,91,232 : nan
47,300,532 : nan
47,424,538 : nan
47,610,807 : nan
47,640,750 : nan
48,57,297 : nan
48,312,475 : nan
48,321,653 : nan
48,382,594 : nan
48,844,961 : nan
49,248,900 : nan
49,338,857 : nan
49,798,980 : nan
50,70,267 : nan
50,114,584 : nan
50,539,747 : nan
50,579,940 : nan
50,630,769 : nan
50,650,952 : nan
50,764,956 : nan
51,55,165 : nan
51,230,701 : nan
52,68,650 : nan
52,356,518 : nan
52,360,963 : nan
52,420,793 : nan
52,428,730 : nan
52,610,830 : nan
52,676,693 : nan
53,260,985 : nan
53,502,646 : nan
53,815,843 : nan
54,90,276 : nan
54,145,380 : nan
54,215,843 : nan
54,312,745 : nan
54,383,400 : nan
54,387,764 : nan
54,504,927 : nan
54,535,815 : nan
55,208,417 : nan
55,315,736 : nan
55,389,995 : nan
55,458,994 : nan
55,750,972 : nan
56,106,497 : nan
56,111,571 : nan
56,152,962 : nan
56,207,467 : nan
56,582,683 : nan
57,244,726 : nan
57,441,606 : nan
58,68,501 : nan
58,69,933 : nan
59,123,825 : nan
59,225,271 : nan
59,641,984 : nan
59,767,955 : nan
60,347,859 : nan
61,73,304 : nan
61,337,725 : nan
61,528,855 : nan
61,638,931 : nan
61,692,898 : nan
62,132,475 : nan
62,263,371 : nan
62,285,468 : nan
62,320,460 : nan
62,655,844 : nan
62,712,772 : nan
62,771,965 : nan
63,199,588 : nan
63,249,654 : nan
63,458,930 : nan
63,759,909 : nan
64,97,526 : nan
64,159,532 : nan
64,235,766 : nan
64,305,791 : nan
64,525,842 : nan
64,571,914 : nan
65,82,214 : nan
65,90,505 : nan
65,153,362 : nan
65,279,783 : nan
65,522,574 : nan
65,671,761 : nan
66,96,812 : nan
66,141,516 : nan
66,211,787 : nan
66,730,757 : nan
66,793,998 : nan
67,353,531 : nan
67,378,428 : nan
67,406,672 : nan
67,479,624 : nan
68,87,119 : nan
68,164,745 : nan
68,250,993 : nan
68,303,808 : nan
68,430,686 : nan
68,490,948 : nan
69,72,988 : nan
69,171,596 : nan
69,235,371 : nan
69,333,925 : nan
69,692,879 : nan
69,702,753 : nan
69,835,837 : nan
70,72,794 : nan
70,170,269 : nan
70,175,849 : nan
70,197,231 : nan
70,199,351 : nan
70,390,694 : nan
70,501,783 : nan
70,700,702 : nan
70,906,968 : nan
71,200,468 : nan
71,492,853 : nan
71,633,946 : nan
71,755,945 : nan
72,128,500 : nan
72,129,681 : nan
72,220,591 : nan
72,361,844 : nan
72,389,495 : nan
72,503,827 : nan
72,825,918 : nan
73,175,526 : nan
73,180,932 : nan
73,184,908 : nan
73,230,773 : nan
73,384,411 : nan
73,431,930 : nan
73,738,860 : nan
74,142,505 : nan
74,204,252 : nan
74,305,999 : nan
74,445,689 : nan
74,449,661 : nan
74,907,991 : nan
75,116,337 : nan
75,510,771 : nan
76,166,972 : nan
76,340,920 : nan
76,341,956 : nan
76,383,779 : nan
76,403,427 : nan
77,159,673 : nan
77,198,560 : nan
77,288,787 : nan
77,399,868 : nan
77,449,803 : nan
77,672,887 : nan
78,81,210 : nan
78,212,286 : nan
78,318,469 : nan
79,172,234 : nan
79,264,423 : nan
79,354,614 : nan
79,383,884 : nan
79,446,789 : nan
79,541,619 : nan
79,567,645 : nan
80,127,310 : nan
80,379,425 : nan
80,519,937 : nan
81,138,340 : nan
81,196,885 : nan
81,256,709 : nan
81,535,968 : nan
81,600,703 : nan
81,750,867 : nan
82,128,338 : nan
82,136,562 : nan
82,151,664 : nan
82,315,556 : nan
82,586,955 : nan
82,605,630 : nan
83,171,213 : nan
83,199,543 : nan
83,331,355 : nan
83,472,787 : nan
83,575,972 : nan
83,591,715 : nan
85,99,841 : nan
85,287,485 : nan
85,326,766 : nan
85,453,709 : nan
85,697,851 : nan
85,708,737 : nan
86,165,217 : nan
86,199,425 : nan
86,203,262 : nan
86,231,880 : nan
86,269,961 : nan
86,307,886 : nan
86,334,579 : nan
86,524,785 : nan
86,614,956 : nan
86,665,888 : nan
86,696,878 : nan
86,725,743 : nan
86,757,898 : nan
87,290,603 : nan
87,416,450 : nan
87,541,621 : nan
87,562,759 : nan
87,783,936 : nan
88,190,411 : nan
89,209,451 : nan
89,235,828 : nan
90,127,748 : nan
90,320,876 : nan
90,483,612 : nan
90,597,776 : nan
91,95,736 : nan
91,107,338 : nan
91,268,435 : nan
91,337,342 : nan
91,369,562 : nan
91,379,382 : nan
91,825,835 : nan
92,134,602 : nan
92,221,933 : nan
93,96,588 : nan
93,279,387 : nan
93,313,464 : nan
93,755,942 : nan
94,172,386 : nan
94,323,449 : nan
94,360,475 : nan
94,511,562 : nan
95,193,690 : nan
95,303,642 : nan
95,453,481 : nan
95,506,612 : nan
95,766,998 : nan
96,100,763 : nan
96,159,904 : nan
96,171,796 : nan
96,203,593 : nan
96,303,543 : nan
96,395,924 : nan
96,510,619 : nan
96,534,591 : nan
97,162,751 : nan
97,252,758 : nan
97,325,910 : nan
97,437,676 : nan
97,519,710 : nan
98,116,817 : nan
98,152,909 : nan
98,269,995 : nan
98,329,516 : nan
98,369,848 : nan
98,757,970 : nan
99,173,994 : nan
99,179,786 : nan
99,183,389 : nan
99,184,209 : nan
99,624,976 : nan
99,669,968 : nan
99,687,759 : nan
99,716,721 : nan
99,842,943 : nan
100,123,875 : nan
100,155,710 : nan
100,212,249 : nan
100,237,650 : nan
100,316,881 : nan
100,531,842 : nan
101,204,565 : nan
101,214,666 : nan
101,244,944 : nan
101,468,778 : nan
101,500,554 : nan
101,776,990 : nan
102,117,547 : nan
102,220,832 : nan
102,407,770 : nan
102,751,985 : nan
103,348,791 : nan
104,109,588 : nan
104,409,765 : nan
105,135,790 : nan
105,153,488 : nan
105,220,766 : nan
105,484,508 : nan
105,601,692 : nan
105,760,921 : nan
106,140,870 : nan
106,310,441 : nan
106,419,610 : nan
106,439,709 : nan
106,606,795 : nan
106,797,998 : nan
106,830,901 : nan
107,237,360 : nan
107,272,980 : nan
107,361,601 : nan
107,393,575 : nan
107,555,564 : nan
107,689,946 : nan
108,149,373 : nan
108,163,517 : nan
108,172,435 : nan
108,219,842 : nan
108,221,878 : nan
108,255,935 : nan
108,276,981 : nan
108,289,916 : nan
108,463,800 : nan
108,465,846 : nan
108,640,940 : nan
108,887,949 : nan
109,279,290 : nan
109,302,345 : nan
109,446,810 : nan
109,505,862 : nan
110,116,200 : nan
110,220,728 : nan
110,330,610 : nan
110,543,651 : nan
111,336,914 : nan
111,370,660 : nan
111,377,516 : nan
111,624,982 : nan
112,209,462 : nan
112,329,716 : nan
112,813,828 : nan
113,135,209 : nan
113,237,266 : nan
113,302,688 : nan
113,314,618 : nan
113,332,838 : nan
113,343,344 : nan
113,351,711 : nan
113,423,546 : nan
113,532,965 : nan
114,325,327 : nan
114,723,778 : nan
115,133,793 : nan
115,148,841 : nan
115,235,245 : nan
116,340,748 : nan
116,579,685 : nan
116,637,841 : nan
117,223,761 : nan
117,421,708 : nan
117,644,926 : nan
117,790,993 : nan
117,882,886 : nan
118,266,955 : nan
118,327,648 : nan
118,411,527 : nan
118,539,816 : nan
118,651,822 : nan
118,704,895 : nan
119,220,554 : nan
119,298,923 : nan
119,675,951 : nan
120,124,537 : nan
120,222,967 : nan
120,366,495 : nan
120,442,642 : nan
120,617,780 : nan
121,251,644 : nan
121,327,337 : nan
121,355,557 : nan
121,370,594 : nan
121,373,552 : nan
121,524,620 : nan
122,124,920 : nan
122,367,711 : nan
122,488,545 : nan
122,524,628 : nan
123,132,658 : nan
123,148,467 : nan
123,182,381 : nan
123,366,400 : nan
123,429,694 : nan
123,459,579 : nan
123,470,479 : nan
124,137,654 : nan
124,156,750 : nan
124,182,270 : nan
124,341,378 : nan
124,519,730 : nan
124,527,571 : nan
124,766,861 : nan
125,217,844 : nan
125,253,650 : nan
125,529,651 : nan
125,682,956 : nan
126,168,421 : nan
126,231,668 : nan
126,288,538 : nan
126,342,694 : nan
126,458,926 : nan
126,477,806 : nan
126,507,526 : nan
126,518,910 : nan
126,688,777 : nan
127,184,645 : nan
127,327,520 : nan
127,382,650 : nan
127,389,973 : nan
127,420,653 : nan
127,643,745 : nan
128,200,264 : nan
128,227,607 : nan
128,266,307 : nan
128,282,899 : nan
128,558,892 : nan
128,587,907 : nan
128,825,906 : nan
129,243,991 : nan
129,372,694 : nan
129,373,610 : nan
129,379,611 : nan
130,146,997 : nan
130,268,361 : nan
130,306,666 : nan
131,176,623 : nan
131,646,862 : nan
132,399,874 : nan
132,419,803 : nan
132,607,706 : nan
133,155,267 : nan
133,178,365 : nan
133,303,656 : nan
133,340,801 : nan
133,481,647 : nan
133,740,875 : nan
134,189,254 : nan
134,399,494 : nan
135,177,604 : nan
135,191,657 : nan
135,206,382 : nan
135,292,294 : nan
135,356,427 : nan
135,491,880 : nan
135,550,922 : nan
135,606,747 : nan
136,310,652 : nan
136,617,856 : nan
136,686,778 : nan
136,799,816 : nan
137,290,886 : nan
137,313,664 : nan
137,340,966 : nan
137,498,829 : nan
137,731,919 : nan
138,331,646 : nan
138,441,452 : nan
139,172,798 : nan
139,236,623 : nan
139,289,720 : nan
139,356,408 : nan
140,155,246 : nan
140,203,404 : nan
140,233,646 : nan
140,487,725 : nan
140,580,606 : nan
140,621,872 : nan
141,221,630 : nan
141,231,430 : nan
141,234,499 : nan
141,272,433 : nan
141,288,314 : nan
141,461,599 : nan
141,528,731 : nan
141,542,617 : nan
142,346,653 : nan
142,372,431 : nan
142,606,850 : nan
142,656,899 : nan
142,789,957 : nan
142,914,962 : nan
143,233,369 : nan
143,325,478 : nan
143,334,998 : nan
143,948,981 : nan
144,348,450 : nan
144,351,792 : nan
144,363,634 : nan
144,706,854 : nan
144,714,781 : nan
145,231,802 : nan
145,244,395 : nan
145,255,471 : nan
146,187,723 : nan
147,215,910 : nan
147,345,377 : nan
147,354,461 : nan
147,385,406 : nan
147,530,867 : nan
147,558,865 : nan
148,149,957 : nan
148,260,661 : nan
148,479,680 : nan
148,486,499 : nan
148,522,861 : nan
148,684,870 : nan
149,225,305 : nan
149,228,865 : nan
149,335,938 : nan
149,573,732 : nan
149,801,869 : nan
150,160,326 : nan
150,186,505 : nan
150,458,654 : nan
150,466,981 : nan
150,532,723 : nan
151,309,850 : nan
151,331,663 : nan
151,335,369 : nan
151,357,723 : nan
152,399,800 : nan
152,615,776 : nan
152,883,912 : nan
153,449,454 : nan
153,459,725 : nan
153,467,551 : nan
153,595,632 : nan
154,374,999 : nan
154,398,895 : nan
154,441,828 : nan
154,446,479 : nan
155,551,836 : nan
155,749,898 : nan
156,249,387 : nan
156,560,792 : nan
156,623,716 : nan
157,180,461 : nan
157,636,797 : nan
158,289,791 : nan
158,315,601 : nan
158,379,537 : nan
158,639,956 : nan
158,736,894 : nan
159,339,781 : nan
159,391,718 : nan
159,452,670 : nan
160,627,698 : nan
160,834,919 : nan
161,177,685 : nan
161,206,244 : nan
161,243,565 : nan
161,288,943 : nan
161,298,637 : nan
162,303,934 : nan
162,552,764 : nan
163,168,403 : nan
163,595,738 : nan
164,299,576 : nan
164,382,488 : nan
164,609,662 : nan
165,200,383 : nan
165,231,962 : nan
165,249,356 : nan
165,265,826 : nan
165,388,636 : nan
165,436,983 : nan
165,461,511 : nan
166,181,773 : nan
166,365,769 : nan
166,425,611 : nan
166,668,939 : nan
167,273,620 : nan
167,398,910 : nan
168,396,898 : nan
168,523,973 : nan
169,361,651 : nan
169,583,723 : nan
170,220,960 : nan
170,350,456 : nan
170,722,914 : nan
171,201,832 : nan
171,241,820 : nan
171,371,688 : nan
171,381,744 : nan
171,402,551 : nan
171,599,826 : nan
172,448,750 : nan
172,489,931 : nan
172,849,876 : nan
173,277,826 : nan
173,520,593 : nan
173,677,785 : nan
173,837,870 : nan
174,197,761 : nan
174,378,881 : nan
174,452,794 : nan
174,554,819 : nan
174,640,992 : nan
175,330,798 : nan
175,677,944 : nan
175,684,777 : nan
175,741,832 : nan
175,811,983 : nan
175,845,850 : nan
175,868,920 : nan
176,265,656 : nan
176,298,448 : nan
176,352,948 : nan
176,432,624 : nan
176,492,556 : nan
176,739,770 : nan
176,791,949 : nan
177,245,554 : nan
177,498,557 : nan
178,581,688 : nan
178,682,806 : nan
179,272,349 : nan
179,277,462 : nan
179,499,750 : nan
179,757,827 : nan
179,762,961 : nan
180,213,883 : nan
180,222,599 : nan
180,249,488 : nan
180,542,687 : nan
181,210,534 : nan
181,317,725 : nan
181,333,480 : nan
181,487,964 : nan
181,633,905 : nan
181,889,953 : nan
182,298,415 : nan
182,327,476 : nan
183,202,944 : nan
183,377,465 : nan
183,403,619 : nan
183,475,544 : nan
183,594,975 : nan
184,186,255 : nan
184,560,837 : nan
184,563,606 : nan
184,676,903 : nan
184,886,978 : nan
184,894,936 : nan
185,196,713 : nan
185,239,714 : nan
185,382,902 : nan
185,449,474 : nan
186,349,393 : nan
186,456,679 : nan
186,483,806 : nan
186,631,978 : nan
186,774,951 : nan
187,430,826 : nan
187,660,782 : nan
187,671,990 : nan
187,805,992 : nan
188,273,741 : nan
188,353,731 : nan
188,387,554 : nan
188,420,770 : nan
188,448,649 : nan
188,686,901 : nan
189,281,989 : nan
189,335,975 : nan
189,421,800 : nan
189,510,815 : nan
190,201,524 : nan
190,330,993 : nan
190,367,618 : nan
190,520,973 : nan
190,571,947 : nan
191,428,942 : nan
191,436,596 : nan
191,762,789 : nan
192,235,360 : nan
192,244,377 : nan
192,414,592 : nan
192,689,723 : nan
192,693,695 : nan
192,721,879 : nan
193,211,436 : nan
193,603,912 : nan
193,729,814 : nan
194,298,894 : nan
194,515,522 : nan
194,527,631 : nan
194,620,900 : nan
194,906,998 : nan
195,559,639 : nan
195,828,837 : nan
195,928,934 : nan
196,328,523 : nan
196,487,500 : nan
196,575,857 : nan
197,229,515 : nan
197,295,536 : nan
197,327,394 : nan
197,505,514 : nan
197,653,673 : nan
197,830,978 : nan
198,291,777 : nan
198,497,693 : nan
199,270,826 : nan
199,338,964 : nan
199,347,429 : nan
200,365,376 : nan
200,384,506 : nan
200,389,624 : nan
200,479,657 : nan
200,484,785 : nan
200,544,783 : nan
201,215,682 : nan
201,301,368 : nan
201,571,786 : nan
201,642,780 : nan
201,902,990 : nan
202,428,492 : nan
202,580,789 : nan
203,228,854 : nan
203,675,908 : nan
203,838,900 : nan
204,295,792 : nan
204,415,513 : nan
204,430,520 : nan
205,489,721 : nan
205,751,838 : nan
205,880,920 : nan
206,417,430 : nan
206,587,623 : nan
206,621,805 : nan
207,229,878 : nan
207,401,867 : nan
207,418,482 : nan
208,266,397 : nan
208,283,941 : nan
208,433,741 : nan
208,756,794 : nan
209,248,989 : nan
209,334,535 : nan
209,338,872 : nan
209,375,743 : nan
209,489,657 : nan
209,594,927 : nan
210,227,950 : nan
210,229,858 : nan
210,340,706 : nan
210,356,384 : nan
210,412,990 : nan
210,425,727 : nan
210,603,632 : nan
210,891,931 : nan
211,316,735 : nan
211,340,421 : nan
211,346,477 : nan
211,371,504 : nan
211,487,523 : nan
211,518,719 : nan
211,576,658 : nan
211,734,854 : nan
212,361,659 : nan
212,589,611 : nan
212,667,901 : nan
213,322,519 : nan
213,397,716 : nan
213,428,656 : nan
213,493,980 : nan
213,583,636 : nan
214,248,868 : nan
214,540,557 : nan
215,486,996 : nan
216,395,832 : nan
216,650,923 : nan
216,842,961 : nan
217,297,745 : nan
217,521,729 : nan
217,826,893 : nan
218,284,971 : nan
218,311,694 : nan
218,364,698 : nan
219,306,945 : nan
219,400,986 : nan
219,718,973 : nan
219,770,771 : nan
219,819,935 : nan
220,264,508 : nan
220,299,834 : nan
220,345,933 : nan
220,372,463 : nan
220,573,851 : nan
221,263,916 : nan
221,297,799 : nan
221,302,776 : nan
221,508,686 : nan
221,784,972 : nan
222,302,858 : nan
222,337,969 : nan
222,681,968 : nan
223,266,351 : nan
223,368,752 : nan
223,374,987 : nan
223,427,811 : nan
223,845,924 : nan
224,264,918 : nan
224,588,601 : nan
225,317,386 : nan
225,362,826 : nan
225,388,499 : nan
225,453,556 : nan
225,543,800 : nan
225,588,834 : nan
225,597,898 : nan
225,614,648 : nan
225,662,977 : nan
226,244,330 : nan
226,273,982 : nan
226,465,851 : nan
226,481,824 : nan
226,761,965 : nan
226,768,973 : nan
227,329,482 : nan
227,521,995 : nan
227,782,962 : nan
228,278,347 : nan
228,496,674 : nan
228,821,912 : nan
228,893,946 : nan
229,230,524 : nan
229,468,634 : nan
229,617,645 : nan
229,954,969 : nan
230,250,462 : nan
230,297,858 : nan
230,413,687 : nan
231,258,294 : nan
231,284,688 : nan
231,379,828 : nan
231,396,409 : nan
231,455,469 : nan
232,244,634 : nan
232,275,891 : nan
232,341,404 : nan
232,423,803 : nan
232,566,858 : nan
232,654,830 : nan
233,503,567 : nan
233,635,828 : nan
233,651,679 : nan
234,334,571 : nan
234,664,879 : nan
235,259,870 : nan
235,337,640 : nan
235,474,552 : nan
235,605,724 : nan
235,699,850 : nan
235,772,944 : nan
236,625,633 : nan
237,251,336 : nan
237,306,556 : nan
238,354,592 : nan
238,361,437 : nan
238,421,960 : nan
238,537,817 : nan
238,716,884 : nan
240,319,420 : nan
240,367,880 : nan
240,378,563 : nan
240,410,555 : nan
241,467,923 : nan
242,437,777 : nan
242,547,574 : nan
242,664,822 : nan
242,828,979 : nan
242,915,927 : nan
243,251,380 : nan
243,252,528 : nan
243,386,676 : nan
243,499,836 : nan
243,500,868 : nan
243,564,603 : nan
244,466,728 : nan
244,481,730 : nan
244,565,952 : nan
245,304,646 : nan
245,444,980 : nan
245,534,719 : nan
245,618,667 : nan
246,248,704 : nan
246,282,294 : nan
246,359,394 : nan
246,362,605 : nan
246,383,621 : nan
246,745,897 : nan
247,497,921 : nan
247,524,904 : nan
247,621,960 : nan
247,627,713 : nan
247,975,983 : nan
248,472,479 : nan
249,459,471 : nan
249,501,562 : nan
250,370,459 : nan
250,431,555 : nan
250,578,652 : nan
250,589,885 : nan
251,301,698 : nan
251,394,686 : nan
251,435,471 : nan
251,769,784 : nan
252,536,994 : nan
253,335,805 : nan
253,344,753 : nan
253,375,589 : nan
253,649,835 : nan
255,263,841 : nan
255,316,627 : nan
255,472,499 : nan
255,819,856 : nan
256,437,636 : nan
256,562,599 : nan
256,884,971 : nan
256,945,969 : nan
257,322,758 : nan
257,335,791 : nan
257,345,716 : nan
257,359,407 : nan
257,456,945 : nan
257,546,958 : nan
257,682,749 : nan
258,965,990 : nan
259,265,587 : nan
259,525,694 : nan
259,643,933 : nan
259,748,838 : nan
259,847,913 : nan
260,316,503 : nan
260,373,420 : nan
260,398,866 : nan
260,463,569 : nan
260,530,601 : nan
260,558,983 : nan
261,448,521 : nan
261,558,583 : nan
262,632,988 : nan
263,398,502 : nan
264,442,882 : nan
264,464,812 : nan
264,680,865 : nan
265,270,639 : nan
265,298,507 : nan
265,343,960 : nan
265,353,815 : nan
265,453,566 : nan
265,509,931 : nan
265,534,792 : nan
266,381,819 : nan
266,493,687 : nan
267,377,439 : nan
267,460,924 : nan
267,687,861 : nan
267,737,973 : nan
268,309,689 : nan
268,581,904 : nan
268,609,855 : nan
268,898,973 : nan
270,350,989 : nan
270,549,926 : nan
270,792,937 : nan
272,295,991 : nan
272,589,665 : nan
273,297,699 : nan
273,440,833 : nan
273,581,693 : nan
274,293,648 : nan
274,443,568 : nan
274,573,945 : nan
274,912,926 : nan
275,304,550 : nan
275,334,694 : nan
276,457,855 : nan
277,284,395 : nan
277,636,651 : nan
278,308,328 : nan
278,445,864 : nan
278,490,949 : nan
278,545,696 : nan
278,568,924 : nan
278,650,662 : nan
278,809,953 : nan
278,812,862 : nan
279,307,541 : nan
279,431,828 : nan
279,646,648 : nan
280,719,999 : nan
281,380,449 : nan
281,398,570 : nan
281,436,956 : nan
281,564,736 : nan
281,573,624 : nan
281,595,964 : nan
281,829,999 : nan
282,366,676 : nan
282,703,993 : nan
283,529,908 : nan
283,776,975 : nan
284,447,908 : nan
285,392,824 : nan
285,436,632 : nan
285,442,565 : nan
285,501,617 : nan
285,517,856 : nan
285,542,667 : nan
285,630,664 : nan
285,830,878 : nan
286,394,932 : nan
286,500,901 : nan
286,754,884 : nan
287,476,597 : nan
287,603,673 : nan
287,702,796 : nan
288,289,630 : nan
288,325,998 : nan
288,477,800 : nan
291,508,735 : nan
292,304,652 : nan
292,473,496 : nan
292,576,877 : nan
292,850,999 : nan
293,328,709 : nan
293,550,823 : nan
293,725,729 : nan
295,768,963 : nan
296,303,781 : nan
296,321,439 : nan
296,340,408 : nan
296,357,483 : nan
296,622,938 : nan
296,626,999 : nan
296,799,985 : nan
297,497,720 : nan
298,412,702 : nan
299,371,729 : nan
299,434,655 : nan
299,507,685 : nan
299,549,851 : nan
299,634,953 : nan
299,844,884 : nan
300,540,913 : nan
300,600,843 : nan
302,535,536 : nan
302,616,757 : nan
303,423,888 : nan
303,839,884 : nan
304,307,553 : nan
304,347,954 : nan
304,576,589 : nan
304,767,972 : nan
305,400,936 : nan
305,947,995 : nan
306,506,848 : nan
307,501,845 : nan
307,506,704 : nan
307,940,999 : nan
308,431,767 : nan
308,699,900 : nan
308,862,997 : nan
309,368,540 : nan
309,404,674 : nan
310,708,740 : nan
311,457,626 : nan
311,542,827 : nan
311,657,693 : nan
311,707,908 : nan
312,628,696 : nan
313,333,899 : nan
313,458,876 : nan
313,573,783 : nan
313,911,970 : nan
314,347,716 : nan
314,777,819 : nan
315,774,786 : nan
316,430,653 : nan
317,377,612 : nan
317,518,641 : nan
317,624,809 : nan
318,560,890 : nan
318,747,929 : nan
319,345,845 : nan
319,422,993 : nan
320,539,982 : nan
320,589,624 : nan
320,661,796 : nan
321,389,947 : nan
321,502,951 : nan
321,556,707 : nan
321,591,906 : nan
322,373,617 : nan
322,408,963 : nan
322,545,698 : nan
322,554,643 : nan
322,579,619 : nan
322,921,979 : nan
323,458,817 : nan
323,584,629 : nan
323,592,681 : nan
324,452,938 : nan
324,553,679 : nan
324,643,718 : nan
324,730,861 : nan
325,721,954 : nan
326,332,970 : nan
326,441,524 : nan
326,635,961 : nan
326,642,926 : nan
327,614,895 : nan
328,421,868 : nan
328,429,708 : nan
328,541,733 : nan
328,719,860 : nan
329,456,515 : nan
329,562,786 : nan
329,591,662 : nan
330,579,693 : nan
330,672,750 : nan
331,516,624 : nan
332,343,856 : nan
332,364,438 : nan
333,401,446 : nan
334,428,672 : nan
334,536,908 : nan
334,631,731 : nan
335,492,656 : nan
335,529,921 : nan
336,360,512 : nan
336,465,714 : nan
336,779,965 : nan
336,940,996 : nan
338,347,615 : nan
339,642,714 : nan
339,667,883 : nan
341,357,662 : nan
341,530,733 : nan
341,615,698 : nan
342,370,760 : nan
342,442,929 : nan
342,622,794 : nan
342,651,922 : nan
343,504,758 : nan
344,901,965 : nan
345,768,802 : nan
346,389,799 : nan
346,494,925 : nan
346,502,778 : nan
346,690,966 : nan
346,748,870 : nan
347,418,821 : nan
347,584,695 : nan
348,513,574 : nan
348,764,802 : nan
349,363,527 : nan
349,738,902 : nan
350,375,517 : nan
350,407,701 : nan
350,724,948 : nan
350,791,968 : nan
351,394,968 : nan
352,361,913 : nan
352,366,436 : nan
352,495,867 : nan
352,638,871 : nan
352,699,910 : nan
352,709,957 : nan
353,482,777 : nan
354,406,887 : nan
354,512,593 : nan
354,677,921 : nan
355,361,568 : nan
355,439,848 : nan
355,454,530 : nan
355,468,576 : nan
355,510,768 : nan
356,453,995 : nan
356,550,706 : nan
356,654,911 : nan
356,687,771 : nan
357,367,825 : nan
357,435,911 : nan
357,487,815 : nan
358,489,593 : nan
359,561,993 : nan
360,863,870 : nan
361,768,865 : nan
362,518,549 : nan
363,635,865 : nan
363,783,954 : nan
364,402,715 : nan
364,524,756 : nan
366,506,604 : nan
366,632,948 : nan
367,564,648 : nan
369,673,791 : nan
369,737,940 : nan
369,769,861 : nan
371,419,932 : nan
372,508,671 : nan
372,610,787 : nan
372,729,831 : nan
373,386,765 : nan
373,387,963 : nan
373,458,639 : nan
374,379,590 : nan
374,388,834 : nan
374,584,688 : nan
374,735,782 : nan
375,434,656 : nan
375,466,947 : nan
376,490,491 : nan
376,694,709 : nan
377,412,908 : nan
377,491,495 : nan
377,507,530 : nan
377,791,888 : nan
378,497,890 : nan
378,568,829 : nan
379,443,641 : nan
379,555,660 : nan
379,910,971 : nan
380,440,961 : nan
380,600,901 : nan
381,601,828 : nan
383,535,856 : nan
383,638,640 : nan
384,489,650 : nan
386,645,706 : nan
387,419,653 : nan
387,650,991 : nan
387,758,894 : nan
388,520,743 : nan
388,748,770 : nan
388,901,991 : nan
389,437,894 : nan
389,891,909 : nan
390,457,894 : nan
390,468,775 : nan
390,510,834 : nan
390,830,881 : nan
391,648,873 : nan
392,416,919 : nan
393,411,851 : nan
393,498,868 : nan
393,555,952 : nan
393,632,882 : nan
395,789,898 : nan
395,796,926 : nan
396,541,876 : nan
396,599,885 : nan
396,674,695 : nan
397,399,659 : nan
398,455,898 : nan
398,631,668 : nan
398,678,735 : nan
398,800,974 : nan
399,424,678 : nan
399,482,907 : nan
399,695,909 : nan
399,701,768 : nan
401,412,686 : nan
401,472,728 : nan
402,417,908 : nan
402,421,671 : nan
402,507,606 : nan
403,504,835 : nan
405,426,819 : nan
405,505,987 : nan
406,737,964 : nan
408,473,499 : nan
409,412,903 : nan
409,440,458 : nan
410,434,557 : nan
410,617,824 : nan
411,611,642 : nan
413,422,510 : nan
413,557,797 : nan
414,468,688 : nan
414,600,658 : nan
414,643,915 : nan
414,673,810 : nan
415,797,954 : nan
416,606,883 : nan
417,456,632 : nan
417,930,937 : nan
418,535,774 : nan
419,744,973 : nan
420,639,733 : nan
421,902,949 : nan
422,539,760 : nan
422,550,908 : nan
423,529,848 : nan
423,551,711 : nan
424,460,544 : nan
424,487,596 : nan
424,576,779 : nan
424,647,682 : nan
424,780,886 : nan
424,809,948 : nan
425,430,916 : nan
425,576,596 : nan
426,450,466 : nan
427,433,546 : nan
427,541,901 : nan
428,460,922 : nan
428,777,831 : nan
428,830,924 : nan
429,457,838 : nan
429,562,771 : nan
429,596,685 : nan
429,763,887 : nan
430,525,956 : nan
430,597,828 : nan
430,718,800 : nan
432,478,724 : nan
432,580,862 : nan
433,506,987 : nan
433,521,922 : nan
434,829,900 : nan
434,915,986 : nan
434,939,956 : nan
435,509,582 : nan
436,452,823 : nan
436,485,866 : nan
436,641,886 : nan
436,731,931 : nan
437,553,726 : nan
438,486,991 : nan
438,494,815 : nan
439,626,797 : nan
441,461,944 : nan
441,501,592 : nan
441,545,794 : nan
441,888,979 : nan
442,601,730 : nan
442,689,702 : nan
442,892,948 : nan
443,501,726 : nan
443,668,684 : nan
443,673,702 : nan
444,688,938 : nan
444,857,903 : nan
445,746,805 : nan
446,566,724 : nan
447,460,830 : nan
447,491,587 : nan
447,589,921 : nan
448,463,843 : nan
448,571,718 : nan
448,765,894 : nan
449,493,984 : nan
449,870,900 : nan
450,606,945 : nan
450,842,966 : nan
452,541,756 : nan
454,685,859 : nan
454,890,931 : nan
455,785,971 : nan
455,904,959 : nan
458,474,498 : nan
458,835,912 : nan
459,508,716 : nan
460,558,691 : nan
460,774,806 : nan
461,627,668 : nan
462,543,723 : nan
463,495,710 : nan
463,499,728 : nan
463,753,868 : nan
465,474,770 : nan
466,511,747 : nan
466,566,836 : nan
466,655,975 : nan
466,748,919 : nan
466,857,909 : nan
467,865,894 : nan
469,816,969 : nan
470,583,959 : nan
470,804,848 : nan
471,722,780 : nan
471,794,970 : nan
473,523,563 : nan
473,666,795 : nan
473,928,991 : nan
476,773,951 : nan
476,872,942 : nan
477,656,917 : nan
478,490,961 : nan
479,525,665 : nan
479,730,925 : nan
480,541,988 : nan
480,645,939 : nan
482,675,906 : nan
483,520,808 : nan
483,667,709 : nan
483,679,845 : nan
483,871,970 : nan
484,532,646 : nan
484,713,765 : nan
485,521,801 : nan
485,524,836 : nan
485,717,935 : nan
485,719,896 : nan
486,490,936 : nan
486,505,678 : nan
486,608,863 : nan
486,652,965 : nan
486,703,858 : nan
487,562,796 : nan
487,919,994 : nan
488,492,978 : nan
488,731,768 : nan
488,822,843 : nan
489,938,973 : nan
490,620,906 : nan
491,510,671 : nan
491,840,886 : nan
492,791,820 : nan
492,805,959 : nan
493,523,941 : nan
493,684,961 : nan
493,919,955 : nan
494,516,882 : nan
494,589,755 : nan
495,715,881 : nan
496,726,891 : nan
496,764,816 : nan
497,541,741 : nan
497,649,934 : nan
498,732,838 : nan
500,510,784 : nan
501,517,692 : nan
501,785,828 : nan
502,557,578 : nan
502,821,931 : nan
503,538,794 : nan
503,729,949 : nan
504,544,896 : nan
504,553,943 : nan
506,600,984 : nan
506,709,979 : nan
506,817,990 : nan
508,519,815 : nan
508,546,715 : nan
509,688,951 : nan
509,752,760 : nan
510,837,906 : nan
511,649,946 : nan
512,546,969 : nan
512,664,900 : nan
512,808,881 : nan
515,543,850 : nan
515,582,861 : nan
515,740,849 : nan
515,769,837 : nan
517,528,585 : nan
517,703,959 : nan
517,716,987 : nan
517,934,937 : nan
518,649,904 : nan
519,523,600 : nan
519,538,953 : nan
522,705,856 : nan
523,566,839 : nan
523,606,650 : nan
523,815,862 : nan
523,950,991 : nan
525,741,906 : nan
526,615,620 : nan
526,676,791 : nan
526,677,771 : nan
527,535,777 : nan
528,930,980 : nan
529,579,584 : nan
529,675,932 : nan
530,906,945 : nan
532,569,627 : nan
532,733,910 : nan
534,546,913 : nan
534,563,608 : nan
534,564,944 : nan
534,623,686 : nan
534,662,894 : nan
535,619,677 : nan
537,552,837 : nan
537,615,951 : nan
537,669,868 : nan
537,779,929 : nan
539,570,888 : nan
541,963,995 : nan
542,665,765 : nan
543,937,968 : nan
544,913,960 : nan
545,699,929 : nan
546,768,922 : nan
547,737,925 : nan
548,580,861 : nan
548,586,644 : nan
548,676,732 : nan
549,614,763 : nan
549,681,811 : nan
550,827,982 : nan
552,769,868 : nan
555,674,822 : nan
555,803,828 : nan
556,593,806 : nan
556,685,887 : nan
556,818,889 : nan
557,628,634 : nan
557,641,888 : nan
558,560,652 : nan
559,803,928 : nan
560,982,993 : nan
561,792,883 : nan
562,609,904 : nan
563,586,703 : nan
563,818,939 : nan
564,865,991 : nan
565,608,770 : nan
565,645,986 : nan
566,635,972 : nan
566,690,996 : nan
567,914,931 : nan
568,854,911 : nan
569,629,847 : nan
569,770,824 : nan
571,939,943 : nan
572,688,854 : nan
575,641,953 : nan
575,910,987 : nan
576,725,936 : nan
578,616,939 : nan
581,588,591 : nan
581,696,874 : nan
582,733,947 : nan
583,620,642 : nan
584,701,727 : nan
586,844,850 : nan
587,712,927 : nan
587,801,938 : nan
587,857,919 : nan
588,941,960 : nan
589,732,840 : nan
589,747,943 : nan
591,739,802 : nan
591,807,928 : nan
592,611,885 : nan
592,619,689 : nan
592,839,913 : nan
593,756,757 : nan
594,649,997 : nan
595,659,754 : nan
598,642,983 : nan
598,816,998 : nan
599,808,953 : nan
600,713,872 : nan
600,849,979 : nan
601,839,944 : nan
603,807,908 : nan
603,921,980 : nan
604,609,787 : nan
605,742,802 : nan
606,627,840 : nan
607,639,788 : nan
607,733,824 : nan
610,792,806 : nan
610,829,832 : nan
610,945,952 : nan
613,648,993 : nan
613,778,820 : nan
614,885,991 : nan
616,782,949 : nan
616,859,992 : nan
617,656,714 : nan
617,836,927 : nan
618,696,746 : nan
618,737,782 : nan
619,814,894 : nan
620,754,894 : nan
622,683,975 : nan
623,669,762 : nan
625,690,957 : nan
626,759,945 : nan
627,649,999 : nan
628,785,831 : nan
629,665,812 : nan
629,727,896 : nan
630,635,653 : nan
630,915,929 : nan
632,652,861 : nan
635,712,753 : nan
635,803,945 : nan
635,824,846 : nan
637,761,925 : nan
638,644,649 : nan
638,911,928 : nan
639,728,742 : nan
641,756,760 : nan
644,674,859 : nan
645,776,895 : nan
647,864,973 : nan
648,761,819 : nan
651,869,876 : nan
652,731,859 : nan
652,821,911 : nan
657,695,912 : nan
657,730,845 : nan
657,800,957 : nan
662,702,811 : nan
663,682,693 : nan
668,759,859 : nan
669,791,950 : nan
674,740,915 : nan
678,763,786 : nan
682,757,786 : nan
682,767,887 : nan
682,863,918 : nan
683,771,792 : nan
683,887,994 : nan
686,773,950 : nan
690,757,908 : nan
692,757,788 : nan
692,883,991 : nan
693,754,849 : nan
693,929,945 : nan
695,788,942 : nan
696,845,973 : nan
697,745,889 : nan
698,741,948 : nan
702,785,990 : nan
702,814,817 : nan
702,832,957 : nan
707,816,917 : nan
711,877,981 : nan
717,839,887 : nan
719,736,930 : nan
719,773,827 : nan
720,863,946 : nan
723,744,914 : nan
723,789,991 : nan
726,820,841 : nan
727,919,956 : nan
728,755,963 : nan
728,808,882 : nan
733,758,890 : nan
735,986,988 : nan
738,762,831 : nan
738,883,978 : nan
739,864,913 : nan
741,780,875 : nan
743,869,933 : nan
746,952,972 : nan
748,803,905 : nan
748,953,974 : nan
751,883,899 : nan
768,941,992 : nan
776,785,907 : nan
783,793,832 : nan
786,799,938 : nan
787,793,875 : nan
790,845,928 : nan
798,807,839 : nan
805,895,945 : nan
805,946,977 : nan
808,816,935 : nan
813,914,968 : nan
814,884,979 : nan
814,934,990 : nan
817,938,950 : nan
821,980,990 : nan
827,844,886 : nan
832,943,977 : nan
836,878,932 : nan
861,908,943 : nan
882,908,959 : nan
890,960,986 : nan
899,902,929 : nan
915,953,970 : nan
936,937,972 : nan
940,968,975 : nan
