[1, 426, 628]
[2, 447, 917]
[3, 156, 794]
[3, 553, 860]
[3, 657, 717]
[4, 414, 872]
[7, 137, 179]
[7, 214, 248]
[9, 146, 721]
[10, 644, 985]
[10, 682, 703]
[11, 57, 369]
[11, 591, 815]
[13, 124, 476]
[13, 632, 988]
[14, 379, 410]
[14, 455, 806]
[15, 172, 313]
[17, 24, 259]
[17, 50, 522]
[17, 234, 556]
[18, 654, 850]
[20, 232, 928]
[20, 716, 878]
[22, 363, 992]
[22, 685, 830]
[23, 145, 932]
[25, 416, 733]
[25, 554, 959]
[25, 803, 969]
[26, 37, 632]
[26, 187, 598]
[26, 354, 964]
[27, 603, 924]
[30, 296, 619]
[32, 255, 696]
[32, 271, 954]
[32, 511, 513]
[32, 549, 841]
[33, 339, 668]
[33, 500, 750]
[35, 456, 713]
[36, 830, 937]
[37, 683, 740]
[38, 208, 625]
[38, 512, 756]
[39, 165, 487]
[39, 644, 748]
[40, 176, 307]
[40, 189, 968]
[40, 630, 676]
[40, 863, 906]
[43, 79, 807]
[43, 538, 807]
[44, 140, 152]
[44, 350, 613]
[45, 359, 924]
[46, 159, 300]
[46, 180, 987]
[46, 381, 421]
[46, 838, 846]
[48, 854, 872]
[51, 129, 392]
[52, 211, 974]
[53, 555, 872]
[53, 568, 636]
[58, 158, 256]
[58, 800, 915]
[61, 108, 381]
[61, 294, 357]
[63, 540, 675]
[65, 583, 927]
[67, 519, 567]
[68, 519, 598]
[69, 146, 156]
[69, 234, 911]
[70, 244, 871]
[71, 230, 711]
[71, 319, 416]
[71, 481, 866]
[73, 218, 355]
[73, 315, 883]
[73, 412, 711]
[74, 772, 945]
[75, 228, 867]
[76, 395, 961]
[77, 475, 777]
[78, 191, 484]
[78, 529, 577]
[79, 239, 635]
[79, 587, 959]
[81, 89, 849]
[81, 186, 510]
[82, 193, 474]
[82, 231, 952]
[82, 614, 777]
[83, 558, 872]
[85, 160, 417]
[85, 526, 843]
[86, 361, 905]
[86, 695, 972]
[87, 321, 385]
[90, 133, 653]
[90, 206, 823]
[92, 447, 861]
[92, 576, 926]
[92, 797, 878]
[93, 100, 538]
[93, 267, 314]
[94, 626, 822]
[95, 357, 435]
[96, 174, 590]
[96, 386, 590]
[97, 259, 659]
[97, 463, 897]
[98, 797, 808]
[99, 601, 685]
[100, 250, 904]
[101, 104, 390]
[102, 541, 835]
[102, 567, 834]
[103, 137, 563]
[103, 211, 261]
[104, 140, 511]
[104, 162, 703]
[104, 249, 740]
[104, 258, 917]
[105, 481, 708]
[106, 242, 562]
[107, 142, 311]
[107, 358, 791]
[108, 467, 843]
[110, 419, 847]
[111, 204, 998]
[111, 421, 727]
[112, 303, 961]
[112, 310, 318]
[113, 186, 901]
[114, 198, 378]
[114, 288, 818]
[115, 116, 799]
[116, 165, 554]
[117, 198, 505]
[117, 221, 401]
[117, 238, 294]
[117, 461, 661]
[118, 534, 963]
[119, 126, 132]
[120, 279, 575]
[121, 267, 793]
[121, 641, 863]
[122, 461, 852]
[123, 399, 770]
[123, 414, 600]
[125, 166, 910]
[125, 392, 522]
[128, 304, 583]
[130, 362, 792]
[131, 651, 988]
[131, 660, 676]
[132, 191, 223]
[132, 251, 605]
[134, 758, 954]
[135, 258, 855]
[135, 946, 951]
[136, 593, 980]
[137, 176, 566]
[138, 202, 320]
[138, 560, 778]
[139, 804, 935]
[140, 610, 709]
[141, 314, 773]
[143, 158, 446]
[144, 236, 450]
[144, 918, 966]
[145, 512, 818]
[145, 701, 887]
[146, 277, 325]
[146, 626, 641]
[146, 783, 816]
[148, 354, 390]
[150, 404, 541]
[151, 326, 595]
[153, 248, 520]
[153, 582, 718]
[154, 279, 926]
[156, 230, 718]
[156, 391, 950]
[157, 170, 321]
[157, 658, 877]
[157, 756, 932]
[158, 185, 907]
[159, 396, 874]
[161, 240, 417]
[161, 279, 923]
[163, 171, 351]
[163, 291, 680]
[164, 347, 969]
[165, 334, 599]
[165, 777, 789]
[166, 167, 990]
[171, 858, 993]
[173, 580, 729]
[174, 201, 337]
[174, 861, 931]
[176, 260, 746]
[176, 277, 902]
[177, 442, 605]
[177, 705, 707]
[177, 749, 868]
[178, 254, 271]
[178, 427, 533]
[178, 664, 869]
[179, 199, 729]
[180, 334, 583]
[180, 636, 809]
[181, 190, 751]
[181, 240, 966]
[181, 285, 714]
[181, 334, 533]
[183, 522, 608]
[184, 507, 882]
[185, 381, 542]
[185, 446, 617]
[186, 376, 555]
[187, 594, 804]
[191, 578, 892]
[192, 956, 982]
[193, 302, 484]
[197, 313, 531]
[199, 255, 786]
[200, 355, 822]
[201, 205, 327]
[202, 230, 328]
[202, 286, 348]
[203, 688, 987]
[204, 412, 883]
[204, 578, 806]
[204, 640, 915]
[204, 802, 915]
[207, 228, 571]
[207, 336, 772]
[207, 577, 601]
[208, 520, 840]
[212, 474, 503]
[214, 431, 607]
[214, 637, 766]
[217, 432, 577]
[218, 601, 924]
[220, 318, 475]
[220, 480, 695]
[221, 559, 999]
[224, 386, 686]
[225, 439, 504]
[226, 590, 696]
[227, 263, 685]
[228, 384, 721]
[228, 632, 657]
[229, 437, 718]
[229, 512, 994]
[229, 824, 939]
[230, 840, 979]
[231, 634, 861]
[232, 529, 826]
[232, 639, 863]
[235, 246, 780]
[236, 239, 339]
[236, 596, 848]
[237, 562, 875]
[238, 345, 819]
[239, 263, 474]
[240, 271, 287]
[240, 469, 700]
[241, 658, 711]
[242, 402, 465]
[242, 616, 958]
[245, 291, 562]
[246, 430, 791]
[246, 464, 945]
[246, 486, 917]
[246, 491, 907]
[250, 359, 998]
[250, 468, 558]
[250, 511, 909]
[250, 588, 634]
[251, 288, 923]
[251, 505, 606]
[251, 839, 910]
[252, 535, 950]
[252, 760, 979]
[253, 606, 757]
[255, 477, 520]
[258, 405, 484]
[258, 461, 797]
[258, 679, 836]
[260, 788, 847]
[261, 322, 523]
[262, 550, 794]
[263, 335, 435]
[264, 456, 827]
[266, 412, 508]
[268, 492, 521]
[271, 697, 912]
[275, 316, 442]
[278, 497, 555]
[281, 552, 663]
[281, 717, 918]
[282, 605, 758]
[285, 430, 841]
[286, 364, 857]
[287, 290, 597]
[287, 805, 961]
[290, 292, 989]
[291, 332, 349]
[291, 404, 908]
[292, 534, 812]
[293, 491, 563]
[293, 540, 928]
[295, 517, 522]
[295, 859, 972]
[296, 824, 988]
[297, 396, 663]
[298, 581, 794]
[299, 492, 593]
[300, 714, 808]
[301, 312, 482]
[301, 356, 832]
[301, 670, 976]
[301, 690, 975]
[302, 388, 843]
[302, 499, 992]
[302, 580, 784]
[304, 474, 536]
[304, 482, 830]
[305, 648, 974]
[306, 627, 991]
[309, 343, 927]
[309, 452, 772]
[310, 775, 972]
[311, 474, 851]
[313, 546, 772]
[315, 331, 916]
[316, 474, 655]
[318, 504, 596]
[323, 439, 847]
[323, 625, 849]
[323, 673, 996]
[325, 836, 837]
[328, 584, 737]
[330, 395, 551]
[333, 795, 905]
[334, 556, 623]
[336, 357, 639]
[336, 826, 982]
[337, 365, 836]
[337, 449, 664]
[337, 501, 548]
[337, 548, 586]
[338, 461, 886]
[339, 483, 664]
[344, 508, 774]
[347, 937, 946]
[349, 352, 360]
[349, 437, 690]
[350, 575, 899]
[359, 563, 858]
[362, 383, 869]
[362, 556, 570]
[365, 575, 788]
[368, 447, 574]
[370, 486, 728]
[371, 427, 490]
[371, 542, 749]
[374, 388, 902]
[374, 818, 897]
[376, 377, 638]
[377, 514, 932]
[378, 491, 621]
[378, 650, 914]
[381, 494, 646]
[382, 586, 628]
[386, 632, 927]
[387, 744, 857]
[388, 468, 747]
[388, 469, 697]
[389, 601, 688]
[391, 699, 776]
[392, 690, 907]
[394, 587, 816]
[398, 559, 962]
[399, 647, 917]
[400, 422, 734]
[400, 493, 631]
[400, 508, 517]
[402, 461, 740]
[404, 715, 954]
[408, 857, 930]
[410, 596, 699]
[410, 857, 959]
[413, 702, 709]
[414, 432, 575]
[414, 690, 709]
[417, 782, 907]
[418, 718, 949]
[419, 468, 491]
[419, 513, 725]
[422, 832, 931]
[423, 521, 610]
[423, 754, 843]
[426, 670, 720]
[429, 477, 717]
[429, 506, 592]
[431, 537, 855]
[433, 829, 936]
[434, 640, 670]
[438, 773, 831]
[440, 560, 802]
[442, 638, 649]
[443, 813, 919]
[444, 921, 952]
[445, 873, 904]
[447, 738, 886]
[448, 459, 837]
[448, 584, 871]
[448, 644, 721]
[450, 561, 597]
[451, 467, 812]
[452, 852, 909]
[455, 750, 831]
[456, 731, 781]
[456, 812, 848]
[457, 571, 598]
[460, 527, 717]
[463, 676, 986]
[464, 533, 634]
[465, 480, 509]
[465, 584, 728]
[469, 848, 861]
[470, 548, 831]
[472, 550, 660]
[475, 593, 691]
[478, 479, 841]
[478, 483, 937]
[478, 513, 865]
[484, 562, 577]
[487, 539, 604]
[488, 495, 853]
[496, 716, 881]
[505, 688, 837]
[514, 573, 692]
[514, 703, 704]
[517, 760, 983]
[521, 536, 595]
[521, 752, 958]
[525, 548, 965]
[525, 961, 966]
[528, 919, 971]
[532, 722, 867]
[535, 693, 965]
[541, 578, 642]
[549, 686, 988]
[549, 921, 986]
[550, 662, 923]
[553, 556, 640]
[554, 617, 818]
[554, 781, 802]
[557, 897, 903]
[559, 585, 618]
[560, 578, 887]
[569, 583, 599]
[576, 645, 868]
[577, 664, 962]
[578, 760, 912]
[585, 611, 683]
[585, 843, 930]
[586, 782, 982]
[591, 607, 647]
[595, 693, 874]
[604, 756, 801]
[608, 630, 688]
[617, 925, 992]
[620, 820, 881]
[622, 940, 952]
[625, 745, 917]
[638, 757, 789]
[640, 975, 997]
[642, 742, 795]
[652, 984, 994]
[655, 893, 936]
[657, 664, 687]
[666, 798, 914]
[667, 699, 816]
[667, 732, 945]
[669, 748, 962]
[670, 717, 757]
[678, 767, 957]
[681, 704, 960]
[681, 810, 860]
[703, 822, 839]
[705, 729, 760]
[716, 840, 910]
[718, 810, 850]
[722, 774, 777]
[724, 764, 965]
[732, 823, 939]
[740, 776, 908]
[741, 747, 790]
[770, 876, 921]
[797, 841, 882]
[797, 917, 954]
[799, 836, 994]
[838, 885, 961]
[839, 856, 893]
[886, 896, 986]
[892, 922, 951]
[898, 943, 987]
