[1, 340]
[1, 442]
[5, 329]
[5, 435]
[7, 778]
[9, 515]
[9, 893]
[11, 701]
[12, 910]
[20, 224]
[20, 790]
[22, 73]
[24, 339]
[24, 814]
[27, 279]
[28, 888]
[33, 63]
[34, 913]
[38, 244]
[40, 999]
[41, 615]
[44, 287]
[45, 778]
[45, 817]
[45, 896]
[46, 586]
[47, 861]
[50, 577]
[54, 444]
[54, 505]
[55, 883]
[60, 484]
[61, 490]
[61, 995]
[63, 100]
[63, 273]
[70, 200]
[71, 546]
[73, 248]
[79, 257]
[80, 226]
[80, 545]
[81, 672]
[84, 615]
[84, 964]
[86, 484]
[87, 914]
[88, 570]
[92, 754]
[93, 246]
[94, 102]
[94, 581]
[98, 272]
[98, 712]
[102, 422]
[107, 959]
[108, 381]
[108, 680]
[108, 944]
[110, 666]
[113, 591]
[124, 797]
[125, 797]
[126, 581]
[126, 940]
[129, 857]
[133, 456]
[134, 485]
[134, 919]
[134, 993]
[139, 466]
[141, 206]
[141, 429]
[143, 436]
[144, 637]
[153, 397]
[154, 342]
[154, 511]
[154, 891]
[155, 290]
[156, 276]
[159, 558]
[160, 245]
[163, 836]
[164, 371]
[170, 914]
[171, 470]
[175, 774]
[178, 267]
[180, 925]
[181, 845]
[186, 212]
[188, 439]
[201, 266]
[204, 550]
[206, 691]
[212, 439]
[213, 566]
[215, 928]
[216, 787]
[217, 854]
[219, 974]
[220, 480]
[221, 619]
[222, 263]
[224, 857]
[226, 528]
[230, 699]
[230, 707]
[234, 466]
[237, 892]
[244, 809]
[248, 507]
[249, 297]
[250, 267]
[255, 633]
[258, 360]
[260, 610]
[261, 687]
[263, 783]
[265, 380]
[265, 730]
[266, 636]
[269, 457]
[271, 603]
[274, 424]
[280, 509]
[284, 826]
[288, 492]
[291, 678]
[294, 880]
[296, 573]
[296, 631]
[297, 440]
[297, 908]
[298, 758]
[300, 390]
[300, 562]
[301, 607]
[303, 598]
[310, 874]
[312, 931]
[317, 602]
[323, 566]
[325, 578]
[326, 389]
[329, 815]
[330, 672]
[332, 622]
[338, 444]
[338, 516]
[341, 362]
[344, 831]
[345, 509]
[351, 769]
[352, 741]
[357, 862]
[360, 811]
[365, 551]
[365, 897]
[368, 882]
[368, 934]
[370, 613]
[371, 716]
[373, 764]
[377, 617]
[380, 610]
[380, 732]
[385, 855]
[385, 879]
[386, 819]
[390, 419]
[391, 698]
[394, 808]
[397, 924]
[400, 494]
[413, 970]
[416, 629]
[416, 687]
[420, 870]
[421, 872]
[424, 772]
[430, 468]
[430, 668]
[444, 967]
[449, 589]
[449, 591]
[454, 531]
[454, 858]
[456, 773]
[457, 662]
[459, 503]
[462, 915]
[463, 926]
[477, 781]
[480, 831]
[484, 742]
[487, 682]
[495, 735]
[501, 734]
[503, 892]
[507, 811]
[508, 787]
[510, 812]
[511, 623]
[512, 759]
[514, 803]
[519, 883]
[520, 894]
[526, 801]
[537, 833]
[537, 909]
[540, 760]
[541, 814]
[544, 718]
[546, 794]
[561, 880]
[569, 764]
[571, 694]
[573, 962]
[582, 852]
[582, 951]
[591, 976]
[595, 698]
[604, 978]
[606, 855]
[613, 702]
[623, 910]
[640, 823]
[650, 772]
[659, 975]
[663, 868]
[668, 794]
[668, 882]
[668, 976]
[670, 772]
[672, 913]
[673, 924]
[674, 726]
[698, 795]
[712, 954]
[720, 734]
[737, 876]
[741, 860]
[752, 776]
[763, 783]
[773, 963]
[795, 890]
[798, 883]
[802, 948]
[807, 977]
[847, 869]
[858, 952]
[864, 883]
[895, 901]
[915, 935]
