30,32,119,174
7,34,123,241
4,5,9,782
20,93,98,110
26,44,74,326
13,41,67,485
9,78,204,243
37,79,156,204
13,24,158,597
13,65,207,314
9,29,235,420
12,25,161,501
28,52,90,476
28,29,101,300
4,37,136,782
1,68,89,743
82,114,146,282
27,118,302,346
25,69,229,852
14,53,266,621
44,83,114,504
13,54,375,481
69,75,140,827
3,80,158,474
51,124,126,599
24,159,242,475
59,63,219,751
29,79,101,469
24,123,327,522
16,135,341,492
10,107,163,839
68,81,110,986
30,119,265,583
70,187,189,565
20,24,729,972
36,131,286,468
9,11,698,821
50,57,481,493
36,58,254,930
33,35,564,697
1,251,308,394
100,121,338,340
56,130,351,573
102,111,154,598
13,67,434,950
33,168,352,455
1,169,214,919
17,103,438,472
45,223,275,360
62,89,217,644
65,88,163,693
45,145,227,229
16,75,252,337
19,132,581,879
106,116,180,766
46,113,365,651
29,155,273,961
42,57,459,702
53,99,294,821
31,149,537,809
65,213,314,488
37,57,489,729
39,48,540,853
25,166,530,570
15,52,902,932
27,97,521,929
25,227,429,601
139,172,225,408
15,133,563,938
72,213,368,463
18,167,341,801
52,104,348,779
32,277,329,545
59,175,209,715
125,182,279,549
1,238,588,898
219,233,370,532
180,226,293,332
92,133,285,886
32,118,796,904
29,161,508,838
66,205,393,882
147,195,368,540
14,162,615,807
132,186,208,798
54,153,340,777
115,140,319,805
59,165,279,714
120,187,383,482
67,366,384,612
109,192,337,421
134,151,387,458
43,331,379,945
90,225,300,944
102,259,347,469
106,221,255,865
199,251,261,319
70,124,697,856
41,166,598,886
77,186,542,719
115,137,430,784
73,312,377,745
6,268,443,633
35,161,447,755
105,238,342,704
113,272,377,583
79,100,939,998
105,176,298,941
2,227,803,935
97,181,290,755
177,178,252,429
96,223,374,976
129,156,294,835
169,180,505,572
7,415,533,884
35,297,505,875
215,344,373,584
121,269,285,885
33,513,601,666
143,209,400,678
105,123,701,966
130,246,331,908
110,334,336,758
109,345,362,816
93,101,760,766
149,309,489,537
22,138,337,945
121,237,414,924
138,144,674,735
4,37,150
126,319,365,875
86,105,118,939
23,274,695,792
104,373,524,596
39,157,770,886
121,235,485,764
138,324,496,508
19,350,708,879
27,298,729,811
103,325,518,529
21,467,544,831
207,311,367,541
129,282,347,910
216,247,324,410
197,375,386,893
119,264,518,996
6,127,486,883
137,359,547,647
22,27,286
16,21,287
30,428,704,752
1,26,327
24,538,676,914
37,49,127
17,609,743,791
3,622,880,948
1,74,237
85,184,828,864
29,546,695,800
148,384,557,651
106,164,797,910
192,381,472,574
49,326,790,975
174,192,615,774
95,187,674,988
12,85,120
142,411,416,502
286,291,360,534
13,55,758,882
58,349,808,936
81,359,439,943
178,186,454,768
130,135,364,436
250,333,369,476
227,265,498,773
160,212,666,998
169,289,498,960
205,485,541,586
23,61,248
53,536,891,982
186,247,616,850
142,317,797,979
185,370,448,878
35,60,239
166,252,564,736
146,486,603,928
264,318,456,573
118,364,644,832
260,277,372,818
114,254,276,344
214,217,684,966
104,405,426,715
144,252,862,982
141,346,639,778
66,577,628,810
28,694,874,969
49,568,660,881
196,273,546,744
60,566,955,963
128,272,894,983
235,357,442,843
229,360,616,991
75,126,137
98,478,556,880
5,21,453
167,388,420,860
294,376,383,857
138,514,547,900
109,286,895,905
15,41,367
29,146,154
206,268,465,800
111,333,726,756
213,422,524,890
94,459,690,983
9,78,555
55,71,367
280,357,563,783
3,162,202
22,40,474
194,396,434,652
131,420,743,854
65,72,356
203,359,862,900
20,354,545,976
21,38,407
250,555,560,618
338,367,596,799
190,294,903,997
219,396,585,948
151,471,544,831
20,62,423
231,398,585,877
108,474,666,849
155,289,750,965
86,94,108
33,65,412
70,148,158
156,534,597,835
39,80,244
303,432,459,576
287,373,544,708
51,124,216
97,566,823,894
56,101,156
245,462,594,659
1,84,372
233,394,685,859
215,334,670,892
311,356,619,671
30,122,277
24,71,809
168,571,687,828
342,495,587,665
20,89,420
152,591,660,886
76,165,239
119,665,855,888
85,661,740,907
235,577,668,758
18,127,617
248,380,628,968
3,243,293
32,113,440
60,117,339
73,183,216
13,195,336
3,180,249
22,182,369
224,519,923,986
4,112,516
339,444,528,650
180,453,789,954
83,149,180
284,384,831,926
258,495,533,966
318,417,604,887
301,433,502,873
222,541,782,852
31,222,379
362,431,475,895
238,443,765,897
43,137,371
184,542,927,963
141,657,912,950
306,437,484,728
95,124,377
55,163,350
226,711,871,993
310,531,642,804
17,278,308
313,607,677,865
32,127,972
37,53,785
299,421,747,855
71,153,322
23,106,997
15,158,543
208,270,476,613
58,155,379
380,624,749,789
5,83,840
41,133,576
77,181,301
166,666,787,834
169,730,909,942
97,144,320
78,204,258
176,872,939,957
12,117,658
278,520,752,975
82,157,191
43,45,935
57,185,279
78,196,282
403,546,624,702
344,399,749,781
110,174,188
246,556,701,911
59,128,422
61,226,306
359,496,925,982
261,404,830,848
119,122,385
78,207,252
72,88,584
454,491,499,852
39,119,513
519,578,817,891
89,211,292
104,143,586
5,201,812
25,178,994
64,351,382
53,349,389
95,108,482
338,767,896,912
47,149,890
407,586,627,679
150,183,339
92,147,514
568,607,801,805
38,274,303
9,155,629
16,172,973
65,121,965
102,200,388
24,212,757
63,107,770
43,181,480
100,139,439
78,218,582
55,185,446
79,96,951
66,139,924
58,262,276
18,244,800
18,259,621
68,122,732
25,242,837
346,663,701,919
75,117,681
46,236,609
10,387,519
442,564,922,981
80,147,563
130,159,382
30,242,967
121,148,400
26,222,685
16,323,463
30,188,913
104,239,287
22,236,709
46,177,736
128,220,549
40,768,991,999
19,357,842
13,350,715
29,309,807
84,217,538
12,531,550
92,244,591
72,293,586
67,190,949
34,304,625
75,183,656
4,402,588
141,210,452
90,115,699
547,719,825,988
522,796,931,942
1,327,942
26,504,611
31,320,753
76,384,525
76,236,630
509,657,734,978
67,182,984
75,277,571
174,224,291
71,373,590
12,383,661
73,234,710
73,223,859
64,291,575
71,244,770
2,330,851
32,409,420
25,334,945
76,209,678
510,722,836,837
19,414,506
38,356,562
48,241,857
27,440,593
194,223,280
65,350,490
111,222,424
31,283,914
117,137,692
82,288,324
70,179,846
395,826,887,938
15,323,682
433,655,767,878
69,177,1000
106,193,419
103,299,388
60,215,875
80,128,718
88,175,463
219,233,304
119,149,783
63,242,869
57,220,896
128,152,571
127,196,610
67,284,590
224,264,386
12,16
713,771,840,940
76,370,721
87,385,479
17,495,754
27,510,957
146,362,401
11,30
717,786,810,978
153,210,437
112,268,608
156,274,305
65,519,562
126,172,868
165,283,303
95,341,570
91,151,651
142,275,487
28,577,949
14,28
5,416,654
83,250,462
80,237,759
142,221,722
87,232,867
26,425,748
68,457,488
47,310,674
115,312,430
167,241,562
104,157,984
53,309,633
136,196,917
98,173,635
6,11
4,8
130,174,864
7,489,920
23,29
42,566,569
138,205,839
97,229,819
147,197,806
47,508,523
23,32
39,575,617
101,343,598
4,560,936
86,331,593
138,199,670
217,329,345
150,296,453
123,389,545
154,162,595
118,346,594
98,230,931
233,284,386
237,467,667,906
2,33
46,295,706
191,231,572
56,511,600
46,391,640
139,230,713
10,15
112,183,955
135,188,711
156,171,529
135,321,529
96,369,617
63,247,674
12,398,745
103,326,589
164,293,309
137,181,656
154,259,306
31,537,689
50,295,739
181,236,815
188,276,482
60,501,649
280,340,532
66,414,965
144,423,427
114,437,610
46,503,700
64,457,971
23,53
10,52
102,534,582
158,198,758
7,793,814
190,243,790
112,332,628
34,541,777
212,214,727
68,479,818
153,170,679
221,369,415
33,47
92,356,651
28,74
170,260,572
131,415,579
5,44
45,454,700
46,564,636
190,249,418
84,431,464
51,558,762
86,257,754
108,482,523
9,58
118,345,864
172,216,700
49,537,975
81,285,741
88,475,618
142,317,756
47,527,703
40,447,954
38,488,990
218,309,502
157,393,591
160,197,792
148,439,576
85,358,955
17,56
125,322,986
8,665,811
114,255,870
220,378,426
145,334,856
41,543,970
64,593,680
48,515,714
114,326,968
87,506,614
10,72
41,596,857
87,583,606
7,632,809
230,302,522
177,363,542
2,69
191,232,684
166,184,801
99,374,968
165,357,559
230,382,538
3,82
51,825,907
174,389,887
92,570,669
207,426,494
181,363,955
47,51
67,653,733
99,443,944
44,797,979
60,892,964
106,454,833
137,580,873
306,380,509
280,376,407
7,102
109,498,711
164,328,866
7,130
77,676,998
200,265,967
40,781,807
56,650,869
355,365,483
228,268,698
40,77
93,451,669
232,302,854
11,129
46,710,900
5,142
50,66
162,315,760
97,402,925
92,446,949
42,734,768
210,318,730
78,626,728
260,318,417
14,102
107,408,640
307,310,505
258,380,489
81,625,806
23,95
237,285,759
20,113
116,608,928
109,496,675
85,523,827
137,429,867
17,122
34,41
227,247,969
35,707,755
98,430,911
104,409,856
111,595,865
11,85
90,416,959
160,290,980
39,63
231,395,606
15,104
98,417,836
204,353,629
8,145
241,304,962
339,383,507
66,646,983
89,435,938
66,839,989
58,708,755
30,131
170,257,872
191,272,824
234,352,830
167,417,452
365,371,505
123,457,683
209,432,449
283,373,488
86,441,904
44,806,848
209,497,612
217,302,905
161,285,840
21,128
21,175
52,94
136,709,756
100,655,853
264,399,472
213,464,633
313,341,649
131,774,832
191,451,855
162,419,919
240,413,635
279,408,559
251,483,567
19,178
62,113
293,547,576
6,226
4,164
259,384,718
78,143
96,673,789
195,395,884
274,305,673
360,430,580
192,512,775
103,704,752
252,470,499
30,180
339,461,539
48,132
186,580,710
304,393,679
50,107
157,501,645
61,87
80,845,926
21,244
251,402,609
61,136
189,491,937
228,520,881
81,688,723
234,552,697
8,176
26,171
277,335,637
369,374,756
105,730,871
39,133
73,97
118,795,917
4,206
288,313,827
206,550,638
33,144,925
280,434,448
236,480,661
32,238
37,86
353,523,581
74,129
258,561,611
25,177
45,140
214,517,845
36,116
222,462,940
4,202
106,654,903
266,520,603
28,218
310,465,549
269,427,460
240,441,939
39,92
76,107
89,93,335
371,455,473
6,206
200,498,659
38,121
169,456,916
223,552,999
368,378,970
54,143
2,229
194,577,675
56,141
6,190
22,320
201,664,793
245,777,857
368,485,822
50,167
322,442,958
8,335
31,273
80,132
397,532,795
25,312
86,87
49,193
88,91
69,234
215,745,793
412,503,550
125,135
460,467,612
83,112
28,347
175,977,994
61,206
50,179
100,147
136,150
185,630,791
57,179
7,270
246,472,913
255,435,780
18,349
112,146
52,168
211,663,757
256,622,711
64,242
168,933,958
16,290
64,211
296,416,664
366,620,646
249,484,769
218,761,883
74,243
203,894,907
279,612,932
18,317
25,310
399,424,617
68,230
143,147
347,554,738
215,907,1000
8,389
70,204
18,391
262,504,771
33,310
222,713,881
57,244
48,233
300,476,812
26,262
59,233
346,624,996
55,245
263,568,815
225,917,974
10,287
392,606,908
356,511,736
214,717,725
249,403,695
76,245
70,198
8,256
331,526,877
94,143
63,152
62,231
460,467,625
7,255
577,614,619
37,155
302,417,759
367,397,915
105,114
454,468,513
308,511,776
487,502,610
366,480,918
8,342
382,405,996
10,376
333,602,995
19,285
260,538,684
245,739,949
342,623,635
453,477,597
5,250
9,266
330,592,764
71,239
429,503,521
26,347
26,332
418,536,613
460,490,494
33,330
358,468,969
64,164
22,290
55,151
400,427,493
394,613,823
389,423,631
333,654,992
49,248
57,386
125,179
325,693,819
52,263
58,248
109,159
43,288
12,491
12,461
11,437
569,623,989
326,953,961
358,735,849
94,182
147,163
3,602
99,155
272,912,992
26,500
58,353
132,182
130,238
471,557,934
70,297
52,340
117,199
307,780,952
126,194
51,284
43,377
136,163
32,421
80,179
397,591,655
363,808,908
501,558,973
13,458
24,451
449,576,733
16,552
424,515,716
95,159
88,198
84,166
149,228
150,221
55,378
63,338
11,469
42,313
305,662,761
433,590,733
322,718,845
3,487
54,336
296,789,923
133,203
380,667,726
49,328
36,347
81,205
9,589
71,283
67,348
120,172
533,618,746
73,381
14,527
22,461
286,716,802
82,193
127,171
64,318
10,578
293,633,724
117,154
59,357
20,557
45,337
41,314
114,165
19,481
148,219
128,158
382,775,860
133,237
36,344
133,165
6,573
3,486
551,570,848
5,399
115,199
62,345
44,298
6,582
36,326
140,267,312
91,198
8,535
565,568,987
142,204
77,390
51,359
466,583,747
81,207
495,604,796
84,240
64,362
603,605,928
70,288
2,590
361,737,882
61,315
125,235
112,201
381,716,938
23,605
374,727,927
602,608,954
27,413
83,196
108,234
15,438
51,295
328,808,891
7,615
253,652,688
48,266
38,322
79,296
20,428
19,400
122,329
73,460
32,943
21,687
99,380
1,631
201,226
500,641,732
27,972
573,725,918
131,278
201,214
116,162,747
55,427
182,207
139,280
74,601
14,720
147,314
129,250
35,401
30,898
18,951
194,198
76,463
217,224
21,645
75,468
10,965
132,328
60,472
230,232
69,447
465,685,744
63,463
139,281
14,709
44,437
2,641
42,497
69,542
74,415
174,212
91,307
610,703,990
31,785
2,676
17,895
83,296
159,200
15,750
38,397
193,209
101,315
117,275
27,786
117,363
20,885
28,668
127,317
72,517
34,517
24,837
153,195
107,376
46,551
2,876
14,985
14,635
18,720
10,834
72,557
15,677
9,720
27,735
74,465
77,535
126,297
18,797
435,876,978
2,705
22,850
19,957
176,178
61,519
464,816,918
184,187
186,189
424,813,866
133,311
60,579
1,888
23,785
31,712
139,361
470,734,987
412,956,982
199,205
11,773
40,607
3,977
140,365
91,384
28,726
135,291
37,486
120,316
8,837
143,387
411,785,790
12,985
181,219
112,315
23,753
146,317
50,449
120,305
36,602
146,373
99,255
58,516
16,670
110,351
47,445
96,281
11,874
131,346
119,329
499,672,849
51,530
93,387
105,299
67,459
31,844
77,507
126,334
5,968
95,365
211,232
512,897,922
52,566
49,419,462
400,686,724
213,220
115,313
19,970
21,691
173,241
134,311
153,235
61,618
134,269
486,826,931
124,343
202,225
136,374
43,523
619,653,893
48,434
31,760
6,979
99,316
11,812
167,168
98,362
135,289
22,873
85,363
116,259
145,341
45,514
50,619
54,525
100,366
36,597
124,352
47,531
17,904
120,301
36,615
14,638
134,303
62,537
436,629,768
141,292
179,209
92,338
88,348
68,558
123,351
401,875,964
72,461
54,925
106,605
53,808
35,956
183,341
79,921
142,617
68,832
109,529
84,556
134,471
176,325
197,340
81,432
42,825
35,815
40,799
161,390
17,691,772
94,427
719,947,956
56,941
152,348
77,780
48,986
223,371
231,325
79,870
44,910
168,269
13,55
122,479
150,565
802,943,960
74,626
199,275
228,374
171,294
16,75
151,304
220,251
136,411
96,613
56,669
110,495
228,292
71,841
203,295
77,964
88,448
173,257
42,784
69,740
102,446
107,471
232,392
50,847
129,589
90,536
42,822
54,765
134,442
57,693
56,811
73,894
70,994
39,677
144,553
43,731
44,792
91,506
189,261
116,525
59,699
48,686
62,663
63,843
222,282
121,563
42,815
175,323
72,749
41,671
192,372
108,601
220,376
110,405
683,864,942
38,989
34,721
45,820
34,934
150,487
115,527
124,404
243,320
240,351
76,817
145,404
66,895
161,337
166,297
69,889
71,934
89,606
111,481
