505,583,719
145,528
40,377
253,729
468,939
318,980
557,750
43,108
60,281,827
90,376
250,396
199,200,346,386
428,882
20,73,244
45,358,940
266,334,358
223,877
17,496
138,336
11,93
63,69,272
110,259,903
743,884
590,644
163,501,999
146,172,445
283,375
231,467
143,754
46,61,768,986
114,821
202,368
122,256
40,951
581,763
40,52
46,544
491,984
34,565
37,155
154,402
58,134,161,231
112,262,302
19,765
634,737,860
477,626
418,815
65,812
450,933
55,165,369
366,822
639,850
78,234,594,748
227,318,466,989
144,190
40,421,666
199,346
95,351
95,198
106,524
573,708,947
203,383,437
108,141,153,329
342,556
278,461
188,203,500
211,820
317,476,577,849
346,862
297,388
451,550
857,900
158,577,714,738
130,174,411
74,527,946
354,643
24,104,139,487
58,505
161,290,676,810
182,237
132,338,491,608
22,400
243,275,369,785
62,134
96,212
308,350
574,596,679
26,397,930
119,364,481
78,223,258,790
479,798
391,474
671,820
188,228,799
242,773
222,357,741
174,232,242,795
158,331
48,636
235,751
282,600
35,688
172,729
529,871
509,660,712
209,295
559,663
168,333,785,804
305,860
550,557,657,977
280,873
757,950
150,598
71,669
78,101,234
178,316
756,894
64,874
179,352
421,549,579
343,556
675,897
590,869,967
159,707
302,388
519,824,928
16,20,260
143,350,937,953
492,861
59,674
73,635
100,287,380
747,816
121,392
149,643
217,268,566
233,488,710,979
224,377,405,868
57,288,434,458
143,725,875
617,690,829
373,846
5,117,605
6,168
51,642
262,602,888
80,692
408,844
93,253
44,85,255
397,680
158,402
580,716,867
120,323
2,357,367
41,166
274,439
333,489
60,139,610
140,235
17,98
460,601
71,89,813,989
577,723,845
491,584
173,350,584,662
356,604
337,504,672
794,853
25,63,274
181,397
192,632,738
593,686
109,150
46,640,883
240,777
54,835
321,840
97,329,355
425,630
332,940
47,311,855
586,844
228,994
400,623
9,230
457,885,983
339,731
82,842
415,665
77,253
91,813
44,99
41,226
183,866
383,557,991
622,813
49,710
53,430
261,581,632
485,804
261,733
297,394
37,136,681
163,359,913,990
510,934
67,745
246,387,791
46,351
232,597,843,895
137,462
54,397
48,241,656
41,291
311,551
98,683
421,428,637,902
13,348,663,966
150,354
20,180
545,937
479,524,653
313,508
34,67,123,140
20,33,148
193,721,784
182,471,571,643
223,252,627
121,307
115,571
51,294
149,997
281,918
186,587,674
42,203
18,78
26,812
389,670,882
14,23
190,706
674,766
548,607,728,986
479,727
110,125
189,226,646,861
184,378,739
66,161,427,669
5,242
41,113
706,935
68,378,720,763
740,950
32,89,325
351,404
886,972
52,379
77,128,322
105,469
357,769
306,457,646,944
96,209,534
171,239
554,762
56,248,760
267,794
23,744
269,781
34,667,735,945
170,236
414,666
684,918
18,583,631,993
385,708,957
600,773
391,447
33,387,719
246,338
343,963
69,324
19,210
281,690
149,279
267,469,964
2,38,640,836
262,438,690
13,90
422,724
143,241,453
176,831
176,650,985
265,383,573,982
137,278
17,82,228,301
555,990
191,721,732,996
152,723
8,188,416
254,847
66,75,277,862
27,332
236,540
95,202,224
247,386
256,464
159,913
186,296
505,595,922
260,430,594
13,282
846,976
175,469
405,497
467,893
204,902
707,718
115,191,996
68,744
11,164,659
322,786
160,310
55,124
10,27,74
102,204
48,113,211,552
271,916
62,81,369,693
335,493
76,287
1,858
681,880,905
53,291
107,152,985
43,538
126,324,436
215,407,786
182,316,462
770,775
3,771,882
280,503
314,621
116,836
2,48,526,784
202,579
35,97,245,589
148,726
174,498,511
324,768
274,612
126,192,389,595
375,962
42,792
580,938
347,574
95,164,478
11,886
125,400,537
44,81,905
313,672
106,727
378,541
398,429
334,376,566
271,963
5,155,492
86,135
14,598
115,630
22,171,187,362
21,436
405,964
44,369,736
318,587
187,427
219,230,409
15,170,282
213,676
838,843
36,87,534,689
61,153,352,450
44,124,736,805
226,695
28,993
450,737
145,185,356
50,325,328,520
85,100,968
76,267,386,909
344,380
347,428
131,435
416,500
33,69,209
321,418,749
177,746
103,493,656
482,597
173,692,735
384,662
86,526,770
14,189,550
50,767
288,605
135,167,314
196,294,455,465
261,410
139,475,584
174,791,997
80,191,224
159,166
46,180,529,715
301,914
217,324,349,607
70,255,336,759
265,379,535
33,488
66,141,180
18,33,209,322
168,668
407,998
116,153
62,472,514
205,290,315,640
18,65,842
60,503
59,63,274,411
172,696,830
500,621
10,138,268,922
400,561
24,971
91,848
70,257
125,696
187,499
147,257,301
233,947
80,126,311,659
76,489
142,470
41,79,660,854
629,796
264,873
27,599
408,671
228,697
87,772
39,624
187,458,607
131,447,495
352,543,834
162,813
48,104,113,296
414,473
18,119
342,407,802
181,513
120,426,613
262,844
216,516
126,271,825,939
675,890
372,983
583,635
766,955
592,795,994
817,934
147,245,314,442
74,851
64,183,519
702,750,952
641,746
15,172,919
144,446
62,219
242,356,647
64,220,586
176,243,266,399
11,527
567,604
37,86
167,325,384
15,403,831
229,628
185,887
21,424,547
490,893
459,947
361,937
143,415,561
611,683
106,148,326,527
205,273,443
53,268,365,552
132,221,906
387,613
45,84,240
221,614,859
269,323
27,125,149,476
89,94
57,290
94,623
30,986
383,819
375,626
190,803
311,600
775,851
157,323,417
3,558
73,770,793
124,593
238,838
39,154,724
563,961
321,419
200,774
566,688
167,865
88,767
191,331,580,702
177,897
199,321
45,442,783
6,648
217,555
682,710
31,691
18,470,900
130,306,829
433,943
54,951
4,492
17,622,679,943
12,498,732
264,914
114,176,289,468
75,654
328,987
319,825
165,700,763
13,470
14,47
214,816
381,563
517,935
83,88,287
574,704
15,120
189,854
72,184,559,657
241,486
32,554
260,928
471,645,988
10,367
100,327,742
31,917
72,135,416
315,586
101,439
223,524
61,382,546,654
304,396,755
30,340
26,590
57,99,956
53,231
44,163
350,704
498,528,838
68,266,334,494
64,844
94,353
2,363
55,985
389,906
69,682
181,757
60,308
107,212,338,425
155,242,603,888
46,567
118,290,594
472,771
145,359,398
548,605
105,368
196,326
74,129,185,821
64,176,273
365,956
225,352
29,183,541,680
91,850
19,327
9,28,595
117,183,484,697
662,859
61,521
457,523
273,293,905
367,847
7,382
294,349,960
384,725,814
17,234
279,679
171,756
269,287,514,921
431,537
12,158,427,532
131,475,811
272,835
215,220,569
305,833
47,128
301,777
18,420,804
265,332
689,811
148,465,791
26,380
165,483,959
10,327
936,962
542,546
49,414
375,678
389,395
634,897
5,23,291,801
3,131,485,871
22,218,224,977
12,477,943,987
29,594,619,788
436,645
92,463,671
542,623,931
93,910
248,548
140,644
285,518,587,828
699,941
328,651
67,780,901
160,514
143,206,380,464
7,67,303
595,940
490,561
409,579
688,985
54,495
337,478
299,520
167,368
575,852
197,638,920
279,534,556
73,472,611,816
381,722
352,852
9,123,755,948
581,713,983
316,432
131,215,387
249,255,434
52,398
627,958
127,638
1,209,243
68,254
16,554,870
144,754
178,192
76,218,309
229,461,615
529,645,781
202,284
97,251,286
592,842
649,937
197,388
497,588
401,944
547,652
161,803
62,367
326,502
29,67
272,362
101,343
768,926
603,783
92,528
237,444,596
14,112,462
152,270,885
54,56,102
194,356
551,925
219,552,883
142,227,502
18,237,480
238,317,611
134,314
34,978
235,354,398,410
77,467
264,927
3,104
365,593
315,991
157,918
455,500
151,542,885
851,970
231,244,424
55,624,694
100,361,608
63,568
160,583
242,560
177,956
200,744
60,87,318,568
819,946
65,153,734,873
73,111,148,483
21,133,625
121,200,820,1000
52,460
112,360
426,706
720,908
14,780
123,781
19,61
390,595
414,479
365,949
228,266,606
545,632
66,393
13,254,312,665
14,837
23,72,159
162,207,424
53,455,540,800
117,304,512
50,75,413
374,375,395
399,451
107,252
507,949
116,344,413
482,741
32,337
214,802
549,878
48,189
745,839,861
21,130,341,343
83,992
8,16,926
236,755
1,97
62,488
248,357,366,633
768,769
1,138,418,576
88,159,327
152,565,999
1,559,572,649
146,174,465,980
270,308,360,971
300,589
84,127,629
417,612,906
39,223
24,126,353
38,313,573
47,54
99,419
310,615
128,651
225,227,515,680
156,826
847,976
37,959
863,924
12,126,253
113,382,983
519,733
6,45
207,863
26,27,211,464
83,109,216,536
568,945
183,628
65,646
56,167
6,889
36,911
297,404
177,410,634
8,220,383,968
631,969
71,797
205,404
96,364
382,484,609,904
372,724
279,298,542,821
399,736
377,412
341,612,621
4,286,794
277,370,556
281,530
104,106
32,98
505,667
343,357,427
200,345
203,337,466,696
271,459,554
391,633
50,522
57,234,272
73,666
81,394,726
38,981
94,105,658,690
49,764
471,850
5,42,99,923
307,964
166,268
23,260,946
3,207
69,727
783,895
237,689,809
188,981
146,161,415,881
87,617
309,483
738,857
34,432,531
27,507
7,289
38,494,700
8,298,345,823
241,872
336,484,604,672
915,924
109,268
187,258,962
236,307,448
239,480,827,973
132,911
3,317
176,300,887
603,713
164,856
134,179,211,312
325,487
25,64
569,807
83,493
43,266,454,585
120,331
238,660
79,448
489,519,564,805
510,919
31,256
952,997
76,840
312,628
50,422,677,824
143,916
304,407,858
155,342,491,716
181,433,655,665
104,379
102,678,776,876
121,268,467,784
568,608
204,558,728
192,936
209,448,521
36,130,549
102,750
32,814
279,311
752,828
179,225,585
249,714
27,185,265,907
285,368,457,910
133,252
35,339,354
425,591
148,384
75,928
250,290,876
281,396,698,977
190,499
91,616,771
79,140,264
169,446,461
13,526,826
198,957
154,388,453
24,424
106,948
43,136,321,711
103,246,394,859
59,244,477,730
499,694
166,194,715,739
222,281,442
39,409,730
279,370
278,304
222,864
128,146,173,192
675,701
373,697,869,947
19,37,185,832
288,652
301,619
465,806,856,972
113,559
335,917
42,129
114,543
153,864
664,742
142,871
615,713
263,872,877,918
5,901
11,445
758,808
117,156
25,513,546,733
60,186,859,900
59,107,263,453
263,341
146,180,717,938
252,381,420,685
682,771
208,360,633
47,809
149,377
284,534
170,205
358,828
51,792
86,799
75,677
388,671
474,793
501,788
406,427,643
104,423
30,188,661
192,445,506
94,584
211,359
272,837
208,825,837
25,172
10,904
7,748
79,232
492,522
525,765
121,225,422,822
69,120,878
24,958
151,299,897
111,186,613,884
709,832
662,796,804
21,31,544,698
128,779
77,615,710
247,701
213,379,629
102,169
198,764
270,495,684,887
165,544,824,970
35,441
348,440,673
219,854
656,767
624,932
29,312
63,919
525,913,930
70,898
636,829
78,797
675,967
137,747,881
202,390,685
132,972
42,752
88,776,788,825
285,988
78,973
71,899
201,562,977
78,682
182,326
34,149,157,252
190,988
262,359
48,373,739
732,954
533,786
44,255,335
241,509
539,843
108,262
209,238
244,929
638,705,950
89,496
110,598
891,923
76,199,394
86,449,507,548
68,72,655
167,505,725,761
95,338,612,740
219,376,516
344,504
270,607
119,948
395,490
25,931
20,316,780,908
110,127,157
39,93,144
1,245
93,406
485,532
361,961
86,220
530,680
84,876
17,620
625,822
141,909
49,401,577
107,224
192,276
9,742,839
65,86,345,438
53,667
186,278
4,59,319,631
216,420,553
35,42
287,371
65,240,372,576
691,837
458,599
107,921
297,618
346,373,758
25,570
88,597
122,291,737
29,83,184,536
604,663
787,798,863
17,362
322,434
20,24
309,599
20,395
836,858
98,776
112,286
537,582
16,808
488,835
164,196,390
772,998
52,182
31,191,379,558
568,877,955
96,943
371,819
4,29,64,286
38,359
46,928
2,647
134,815
33,880
3,26,55,845
54,903
99,642
201,570
440,685
263,620,802
237,276
136,245
257,513
238,887
232,538,575
136,861
11,308
195,397
127,180,299
237,954
156,741
161,561
41,849
407,978
125,815
681,889
717,830
317,474
80,435,475
8,476
169,520
162,564
83,894
415,893
16,130,221,453
518,907
4,122,838
8,366,563
72,140,373
74,566,672
717,894
152,626,953
180,315,929
523,592
22,687
175,691,807
13,166,543,820
136,288
422,705
15,403
178,694
830,952
213,379,659
195,519
381,385
266,885
86,429,576,709
135,335
320,328,564,685
139,319,470,602
112,150,437
14,52
61,589
303,725,892
298,890,920
358,512,610
2,76,449,641
136,380
578,706,778
154,340
85,333,883,912
393,533
118,528
129,864
342,669,894
216,294,609
58,384
55,777
828,968
217,646
342,531
57,99
89,740
174,881
14,565,769
473,599
24,197,390
415,658
581,869
115,779
26,217
523,540
9,460
60,234,623
393,892
22,921
485,857
85,981
778,789
130,239
4,663
95,699,817
11,284,461,900
146,148,212,330
26,72,476
152,707,954
194,569
240,812,878
158,186
27,388,433,907
323,462
202,691
141,351
33,70,496,502
299,460,694
298,334
5,122,801
92,226
90,443,765
389,610
882,982
511,617
61,177,290
29,617
161,167
487,800
12,16,259
251,364,371
125,708
73,250,295
193,222,920
28,100,990
413,481,841
720,846
299,950
410,641
194,506,855
459,803
277,616
137,502
184,751
195,535
29,329,399
152,236,934
131,292,782,822
364,445
200,378,852
89,110,196,272
208,230,284
351,544
298,606
88,449,620,901
54,419,438,982
618,805
512,742,864
260,438
114,373
355,562
4,90,265
26,320,879
9,687
32,33,911
292,915
65,909
452,588,670,925
189,386
134,543,734
157,564,614
42,118,275,443
316,403
165,538,603,920
203,512
234,635
97,292,517
848,975
197,206
536,570
100,572
14,33,452
180,435
555,976
55,333,494
349,408,607
336,712
32,722
759,785
226,416
198,989
3,115
98,362,412
139,471
210,713
515,564
111,798,989
430,446,703
198,524
13,464
355,688
49,517,988
441,728
75,468
144,341,814,927
55,181
11,223,374,509
508,763
335,345
353,387
56,497,973
370,635
40,320
147,210,562
361,510
73,447,506
141,293,553
594,715
72,440,463
66,181,542
491,613
112,367
924,925
116,267
218,280
818,896
651,692
149,425
113,402,765
257,480,953
229,712
22,120,318
330,909
320,747,906
84,389
67,438,605
69,277,435
17,128,227
114,339
423,466,896
58,608,620
123,602,932,958
12,58
539,658
390,787
160,259
114,124,163,201
927,952
125,507,702
642,862
432,925
194,655
233,292,910
163,175
423,971
201,541
249,978
175,842
145,539,619
730,832
193,960
208,285
80,470
30,53,140,860
106,270
210,748
337,899
363,515
170,374
47,645,791,973
103,789,908
96,683
449,846
162,230,297,729
187,876
106,518,582,929
204,324
476,745,783
28,45,185,698
112,956
128,814
365,508
197,248
156,931
82,305
339,866
77,412
9,276
375,503
119,123
162,231,473,893
409,444
210,515,570
119,285,295
148,456,588
168,483,599
78,230
176,654,703
12,391,932
43,200
108,711
124,199
166,751
572,979
638,695,866
171,903
276,471,579
478,520
306,386
15,426,664
81,129,326,709
61,555
218,753,951
31,191
96,169
77,171,580
305,538
74,275
110,182
129,240,712,774
84,96,687,764
142,328
21,303
17,127,547
35,773
116,891
133,174,849
40,227,244,625
474,764
214,727
789,924
493,592
58,164
136,334
521,991
456,726
332,891
381,478
35,171,618,792
441,640
182,478
20,39,674
254,995
19,642
541,681,836
132,957
320,601,941
13,205,737,942
160,411,444,780
133,464
189,288,553
214,246
240,401,477,821
52,687
62,74,156,401
213,830
799,807
338,396
282,964
636,986
28,641
73,172,516,612
319,426
115,278,827,886
118,468
115,473,778
198,239
139,169
33,445
336,797
912,931
3,521,677
94,215,410,841
307,441
7,155,734
28,68,569
280,490
190,303
7,853
88,327,957
37,348
153,399
522,879
569,873
374,666
32,166,391
425,598
590,692,970
256,328
63,639
452,498,511,596
711,801
291,335,949,995
52,524
109,588
63,234
232,302,810
107,598
178,183,750
169,452
206,384
309,494,535,976
460,532
647,823
219,371
391,679
336,826
418,686
135,179
220,874
50,154,189,788
387,404,490,810
138,421,870
122,249,521
40,101
71,256
31,103,537
214,498
67,358,668
43,794
97,823
275,553,959
51,371,637,758
69,222,798
54,393,949
93,325
693,889
18,173,303
60,467
245,874
408,508
105,170,212,965
254,628
610,707,948,995
34,283
269,310
132,229,683,777
9,319,403,431
183,853
42,99
229,354
50,392
609,829,858
225,544
222,469
195,888
57,493
218,258,330
30,151
193,559,657,874
274,310
554,661
100,124,482
269,615,841
108,235,329,792
119,439
65,233
614,817
42,292
459,704
289,369,966
15,330
92,243,512,784
247,265
63,965
331,718
417,448,760
39,91
97,566
236,664,797
531,936
158,910
258,359
206,271
21,116,533
38,961
29,210,344
313,352
82,96,168,629
79,530
114,994
479,762,779
417,917
10,522,990
227,802
247,854
12,119
26,30,372
614,999
59,551,630
149,401
35,739
