[0, 45, 236, 578, 852]
[1, 100, 373, 619, 978]
[1, 186, 215, 320, 381]
[1, 292, 361, 527, 920]
[1, 558, 566, 595, 938]
[1, 569, 749, 937, 973]
[2, 46, 106, 114, 858]
[2, 420, 515, 569, 841]
[2, 459, 773, 897, 921]
[3, 124, 199, 339, 600]
[3, 235, 240, 504, 914]
[3, 700, 810, 850, 896]
[4, 25, 131, 385, 777]
[5, 28, 86, 116, 261]
[5, 161, 471, 788, 970]
[5, 358, 587, 668, 781]
[6, 16, 215, 391, 442]
[6, 26, 388, 452, 751]
[6, 194, 752, 778, 891]
[7, 9, 16, 87, 922]
[7, 52, 206, 389, 691]
[7, 346, 368, 385, 519]
[8, 31, 502, 518, 750]
[8, 192, 493, 613, 949]
[8, 302, 470, 541, 772]
[8, 626, 632, 658, 877]
[9, 45, 259, 474, 999]
[9, 161, 466, 972, 984]
[10, 34, 36, 51, 841]
[11, 387, 649, 853, 919]
[12, 29, 318, 419, 981]
[12, 264, 473, 652, 731]
[14, 518, 858, 861, 862]
[15, 119, 444, 699, 984]
[15, 460, 563, 679, 863]
[16, 35, 148, 559, 584]
[16, 212, 590, 601, 614]
[17, 22, 48, 500, 895]
[17, 58, 213, 327, 731]
[17, 109, 250, 336, 499]
[18, 46, 235, 253, 388]
[18, 114, 357, 451, 876]
[18, 124, 455, 476, 877]
[18, 139, 207, 410, 767]
[18, 165, 623, 895, 931]
[19, 25, 271, 405, 999]
[19, 30, 46, 185, 563]
[19, 297, 409, 683, 780]
[20, 54, 339, 548, 622]
[21, 40, 109, 387, 860]
[21, 111, 739, 877, 910]
[21, 162, 238, 829, 876]
[21, 234, 384, 628, 657]
[23, 335, 371, 895, 954]
[23, 341, 398, 567, 760]
[24, 110, 478, 604, 862]
[24, 156, 363, 418, 494]
[24, 169, 345, 651, 930]
[24, 216, 377, 464, 990]
[24, 413, 427, 824, 990]
[25, 62, 367, 459, 940]
[26, 27, 144, 253, 978]
[26, 154, 158, 508, 709]
[26, 188, 231, 612, 920]
[26, 271, 468, 596, 647]
[26, 413, 851, 911, 945]
[27, 37, 405, 538, 815]
[27, 186, 201, 722, 781]
[27, 189, 504, 538, 989]
[28, 30, 44, 263, 729]
[28, 316, 589, 837, 967]
[28, 510, 666, 881, 967]
[29, 303, 626, 788, 972]
[29, 311, 407, 717, 882]
[29, 744, 847, 863, 981]
[30, 548, 562, 682, 747]
[32, 258, 576, 658, 973]
[32, 439, 478, 709, 780]
[34, 129, 193, 246, 535]
[35, 283, 330, 525, 876]
[36, 63, 79, 147, 201]
[36, 180, 296, 493, 511]
[36, 216, 431, 816, 912]
[37, 195, 575, 605, 715]
[37, 224, 334, 546, 748]
[37, 812, 856, 950, 955]
[38, 56, 758, 794, 974]
[38, 556, 758, 785, 987]
[40, 149, 160, 446, 670]
[40, 336, 570, 582, 900]
[41, 192, 567, 791, 900]
[41, 398, 811, 944, 967]
[41, 523, 876, 913, 984]
[41, 774, 839, 972, 974]
[43, 84, 221, 356, 656]
[43, 365, 587, 700, 783]
[44, 150, 473, 509, 658]
[45, 101, 210, 640, 682]
[45, 231, 326, 398, 677]
[46, 707, 834, 917, 930]
[47, 346, 528, 724, 769]
[49, 77, 78, 462, 564]
[49, 197, 587, 720, 752]
[49, 210, 232, 470, 788]
[50, 179, 520, 748, 897]
[50, 202, 298, 431, 944]
[51, 68, 285, 577, 914]
[51, 106, 416, 723, 817]
[51, 131, 388, 811, 850]
[51, 220, 610, 758, 792]
[51, 302, 334, 433, 729]
[51, 517, 623, 636, 647]
[51, 600, 749, 907, 935]
[52, 75, 376, 847, 907]
[52, 212, 333, 721, 780]
[53, 87, 276, 860, 931]
[54, 68, 345, 349, 773]
[54, 165, 175, 289, 371]
[55, 87, 393, 394, 555]
[55, 416, 738, 755, 927]
[55, 494, 520, 529, 882]
[56, 80, 526, 661, 780]
[56, 172, 589, 848, 850]
[56, 204, 459, 830, 908]
[56, 384, 490, 878, 972]
[57, 134, 622, 762, 786]
[57, 199, 696, 831, 874]
[57, 321, 449, 456, 880]
[58, 219, 363, 732, 978]
[59, 86, 404, 847, 932]
[59, 173, 734, 807, 886]
[60, 106, 380, 686, 774]
[60, 119, 129, 593, 930]
[61, 394, 493, 514, 738]
[61, 465, 499, 516, 812]
[61, 478, 796, 854, 948]
[62, 101, 513, 515, 716]
[62, 575, 745, 766, 891]
[63, 80, 160, 348, 452]
[63, 209, 490, 837, 997]
[63, 289, 406, 599, 990]
[64, 131, 498, 571, 624]
[65, 76, 170, 417, 499]
[65, 82, 164, 622, 818]
[66, 185, 811, 833, 943]
[67, 506, 652, 655, 901]
[68, 81, 152, 177, 587]
[68, 115, 423, 912, 958]
[68, 381, 386, 453, 992]
[69, 157, 674, 695, 761]
[69, 228, 520, 626, 774]
[69, 377, 540, 572, 678]
[70, 78, 166, 566, 678]
[70, 209, 320, 617, 959]
[70, 213, 342, 679, 733]
[71, 223, 579, 658, 819]
[71, 348, 588, 690, 970]
[72, 266, 664, 815, 843]
[73, 124, 269, 374, 433]
[73, 431, 449, 698, 967]
[73, 591, 612, 760, 812]
[74, 141, 374, 540, 987]
[74, 434, 624, 953, 972]
[75, 126, 345, 459, 824]
[75, 276, 486, 510, 530]
[75, 580, 667, 713, 926]
[76, 345, 348, 644, 953]
[77, 153, 169, 781, 936]
[77, 328, 345, 863, 947]
[79, 102, 414, 889, 950]
[81, 214, 547, 569, 939]
[81, 355, 585, 921, 965]
[82, 291, 526, 560, 908]
[82, 363, 632, 684, 937]
[84, 438, 671, 730, 866]
[85, 331, 615, 692, 862]
[85, 651, 718, 848, 934]
[87, 122, 132, 456, 964]
[87, 293, 387, 516, 906]
[88, 178, 294, 608, 637]
[89, 113, 385, 524, 937]
[89, 553, 580, 606, 723]
[89, 583, 650, 726, 764]
[90, 286, 844, 856, 977]
[91, 458, 706, 899, 909]
[91, 526, 569, 689, 870]
[93, 96, 363, 490, 499]
[93, 141, 162, 364, 446]
[93, 215, 566, 639, 641]
[93, 295, 572, 683, 765]
[93, 384, 530, 542, 613]
[94, 398, 401, 540, 564]
[96, 374, 521, 562, 641]
[97, 168, 188, 233, 435]
[97, 371, 423, 517, 891]
[98, 299, 457, 594, 759]
[98, 370, 631, 885, 899]
[100, 126, 309, 608, 810]
[100, 257, 365, 421, 660]
[100, 527, 687, 762, 769]
[103, 399, 639, 725, 815]
[103, 536, 682, 729, 937]
[104, 273, 433, 830, 869]
[105, 117, 505, 863, 871]
[106, 153, 393, 753, 872]
[106, 380, 547, 719, 951]
[107, 174, 438, 739, 803]
[107, 284, 452, 478, 503]
[109, 341, 367, 721, 968]
[110, 170, 250, 350, 791]
[110, 340, 541, 601, 659]
[110, 358, 423, 737, 999]
[111, 125, 373, 901, 946]
[111, 188, 252, 296, 908]
[111, 427, 637, 714, 792]
[112, 183, 296, 711, 832]
[112, 186, 399, 761, 812]
[112, 456, 559, 757, 890]
[112, 460, 548, 622, 706]
[113, 157, 431, 558, 572]
[113, 172, 407, 579, 835]
[113, 293, 371, 584, 605]
[113, 356, 628, 728, 890]
[113, 447, 634, 742, 850]
[114, 243, 907, 930, 998]
[115, 161, 364, 639, 714]
[115, 172, 263, 313, 689]
[115, 596, 691, 880, 924]
[116, 143, 707, 720, 819]
[117, 179, 444, 699, 919]
[117, 359, 719, 817, 878]
[118, 213, 515, 755, 825]
[119, 172, 470, 676, 972]
[120, 162, 174, 359, 424]
[120, 168, 198, 519, 863]
[120, 248, 454, 667, 830]
[120, 660, 847, 978, 992]
[121, 212, 223, 749, 946]
[121, 248, 485, 755, 764]
[121, 364, 510, 667, 694]
[123, 148, 611, 730, 921]
[124, 163, 230, 266, 890]
[124, 183, 347, 402, 945]
[124, 321, 493, 621, 942]
[124, 807, 851, 893, 949]
[126, 184, 302, 502, 954]
[127, 308, 549, 728, 760]
[128, 336, 397, 487, 662]
[129, 248, 330, 604, 805]
[129, 456, 539, 740, 930]
[130, 283, 380, 541, 647]
[130, 426, 434, 639, 905]
[131, 235, 747, 790, 948]
[131, 475, 598, 761, 932]
[131, 513, 657, 776, 852]
[134, 167, 210, 540, 780]
[134, 259, 270, 307, 341]
[134, 349, 402, 758, 858]
[135, 520, 579, 728, 858]
[136, 139, 527, 689, 997]
[137, 283, 392, 407, 612]
[137, 349, 466, 681, 697]
[138, 482, 491, 747, 810]
[139, 273, 330, 516, 861]
[140, 179, 318, 503, 941]
[140, 306, 518, 801, 911]
[140, 527, 881, 931, 980]
[143, 210, 334, 664, 698]
[143, 255, 432, 547, 809]
[143, 524, 583, 611, 921]
[143, 638, 642, 807, 874]
[145, 217, 499, 586, 878]
[145, 524, 729, 792, 868]
[145, 574, 671, 679, 999]
[146, 214, 343, 491, 938]
[146, 423, 664, 720, 982]
[147, 238, 412, 441, 456]
[147, 259, 375, 502, 560]
[151, 183, 436, 709, 976]
[151, 185, 320, 358, 684]
[151, 388, 416, 769, 987]
[151, 501, 586, 652, 876]
[152, 268, 374, 757, 970]
[152, 322, 436, 497, 667]
[154, 254, 707, 753, 901]
[155, 169, 689, 784, 938]
[155, 219, 492, 933, 984]
[155, 220, 376, 779, 843]
[155, 433, 451, 838, 943]
[157, 478, 500, 666, 790]
[158, 177, 267, 713, 958]
[158, 269, 280, 411, 788]
[159, 599, 749, 781, 969]
[161, 209, 266, 523, 795]
[161, 415, 884, 936, 982]
[163, 215, 232, 353, 461]
[163, 233, 466, 498, 557]
[163, 235, 501, 522, 728]
[163, 309, 337, 502, 885]
[163, 367, 448, 902, 920]
[164, 326, 524, 741, 839]
[166, 273, 563, 911, 960]
[166, 375, 490, 671, 956]
[166, 504, 854, 951, 986]
[167, 207, 554, 630, 974]
[168, 348, 440, 711, 964]
[171, 375, 609, 861, 938]
[172, 212, 472, 569, 804]
[173, 447, 730, 787, 925]
[174, 487, 802, 873, 885]
[175, 304, 449, 612, 833]
[176, 386, 829, 935, 955]
[176, 419, 574, 806, 923]
[177, 414, 692, 769, 878]
[178, 235, 722, 763, 940]
[178, 242, 280, 471, 619]
[178, 357, 388, 664, 923]
[179, 297, 811, 852, 985]
[179, 399, 641, 884, 954]
[181, 218, 841, 886, 956]
[183, 226, 386, 601, 800]
[186, 215, 438, 559, 963]
[186, 316, 815, 827, 866]
[186, 525, 680, 936, 951]
[187, 244, 344, 661, 973]
[187, 359, 445, 797, 907]
[188, 212, 238, 731, 801]
[188, 224, 432, 501, 683]
[188, 523, 557, 628, 857]
[190, 475, 673, 863, 961]
[192, 218, 492, 578, 683]
[192, 648, 673, 915, 924]
[193, 298, 581, 586, 691]
[194, 291, 581, 648, 785]
[195, 237, 445, 811, 861]
[196, 282, 526, 698, 859]
[196, 390, 519, 742, 845]
[196, 484, 505, 611, 681]
[197, 520, 906, 956, 969]
[198, 217, 316, 557, 801]
[199, 391, 525, 758, 804]
[199, 403, 423, 523, 651]
[200, 408, 475, 870, 958]
[201, 223, 583, 866, 914]
[201, 366, 611, 677, 774]
[204, 221, 299, 367, 400]
[204, 372, 717, 816, 957]
[207, 414, 461, 766, 817]
[208, 314, 434, 448, 642]
[209, 224, 282, 634, 749]
[209, 234, 668, 770, 864]
[210, 525, 584, 625, 833]
[214, 217, 562, 614, 892]
[214, 341, 411, 564, 738]
[215, 439, 564, 634, 790]
[216, 302, 715, 762, 961]
[217, 493, 803, 862, 979]
[218, 266, 380, 661, 710]
[220, 330, 470, 742, 921]
[221, 259, 809, 891, 975]
[221, 334, 379, 435, 442]
[221, 376, 531, 775, 860]
[222, 484, 682, 756, 973]
[223, 336, 573, 657, 972]
[223, 353, 608, 858, 972]
[225, 430, 698, 702, 803]
[225, 581, 767, 904, 917]
[226, 283, 452, 739, 807]
[226, 293, 319, 627, 839]
[227, 248, 415, 520, 866]
[227, 736, 737, 961, 962]
[228, 415, 696, 723, 843]
[229, 502, 506, 628, 760]
[233, 250, 602, 692, 745]
[233, 452, 566, 637, 730]
[234, 512, 725, 747, 775]
[235, 405, 679, 920, 998]
[236, 247, 395, 497, 569]
[237, 268, 537, 681, 820]
[239, 308, 413, 592, 825]
[239, 372, 570, 803, 921]
[239, 397, 460, 773, 923]
[241, 318, 542, 598, 905]
[241, 630, 695, 742, 947]
[243, 269, 464, 507, 859]
[243, 384, 527, 644, 955]
[247, 277, 409, 540, 837]
[247, 300, 559, 617, 837]
[247, 351, 690, 792, 819]
[249, 613, 691, 718, 921]
[250, 367, 741, 775, 954]
[251, 581, 617, 729, 738]
[253, 587, 783, 945, 959]
[254, 278, 502, 688, 776]
[254, 369, 705, 717, 735]
[255, 296, 598, 632, 894]
[255, 517, 722, 945, 986]
[256, 258, 300, 856, 909]
[257, 351, 416, 711, 746]
[258, 334, 452, 526, 808]
[260, 325, 695, 739, 994]
[261, 342, 425, 554, 812]
[263, 485, 498, 977, 991]
[265, 308, 719, 845, 893]
[265, 522, 618, 689, 805]
[267, 417, 778, 800, 995]
[268, 307, 462, 583, 857]
[268, 388, 665, 713, 797]
[269, 301, 322, 445, 759]
[270, 315, 699, 744, 967]
[271, 405, 590, 800, 957]
[275, 344, 593, 649, 996]
[275, 471, 549, 722, 916]
[275, 505, 565, 780, 996]
[277, 561, 637, 720, 932]
[278, 364, 718, 907, 996]
[279, 308, 336, 365, 647]
[279, 381, 463, 558, 959]
[280, 285, 294, 881, 970]
[282, 387, 461, 713, 833]
[285, 405, 486, 651, 671]
[287, 326, 466, 534, 608]
[289, 541, 768, 856, 927]
[290, 445, 686, 849, 931]
[294, 411, 783, 808, 847]
[295, 324, 447, 515, 712]
[295, 421, 588, 751, 929]
[300, 534, 732, 959, 991]
[301, 302, 639, 813, 999]
[301, 370, 443, 635, 733]
[306, 497, 523, 554, 760]
[307, 520, 770, 922, 933]
[314, 341, 402, 530, 889]
[315, 422, 463, 600, 880]
[320, 345, 800, 819, 889]
[321, 354, 432, 749, 865]
[326, 341, 553, 829, 945]
[330, 581, 742, 765, 869]
[330, 630, 649, 867, 905]
[331, 396, 431, 715, 933]
[332, 355, 559, 811, 817]
[332, 473, 539, 556, 655]
[335, 533, 869, 900, 951]
[340, 444, 508, 667, 703]
[342, 642, 738, 754, 794]
[343, 448, 629, 770, 924]
[344, 363, 465, 607, 992]
[344, 577, 886, 942, 955]
[346, 534, 662, 974, 991]
[348, 391, 560, 756, 785]
[348, 640, 740, 895, 948]
[350, 367, 536, 628, 669]
[353, 463, 540, 682, 962]
[355, 403, 732, 942, 995]
[355, 438, 571, 800, 948]
[355, 462, 555, 570, 748]
[361, 484, 521, 631, 936]
[366, 567, 615, 701, 992]
[374, 382, 734, 796, 842]
[375, 607, 631, 906, 922]
[376, 397, 728, 756, 950]
[377, 645, 743, 917, 950]
[380, 628, 807, 811, 850]
[381, 418, 617, 623, 640]
[385, 411, 527, 648, 756]
[386, 615, 742, 775, 871]
[387, 419, 619, 807, 846]
[387, 508, 546, 657, 864]
[393, 482, 555, 773, 897]
[397, 402, 527, 780, 987]
[399, 587, 850, 925, 987]
[400, 517, 555, 565, 768]
[401, 577, 673, 759, 775]
[403, 563, 890, 924, 948]
[406, 627, 748, 802, 903]
[410, 721, 807, 833, 909]
[412, 590, 701, 988, 998]
[413, 507, 801, 893, 949]
[417, 432, 579, 969, 978]
[421, 523, 741, 795, 846]
[439, 465, 831, 898, 925]
[448, 519, 727, 840, 879]
[457, 552, 660, 720, 811]
[461, 544, 651, 719, 769]
[462, 604, 627, 771, 989]
[467, 488, 585, 666, 706]
[477, 492, 567, 601, 676]
[487, 498, 557, 723, 794]
[487, 541, 759, 858, 952]
[490, 514, 617, 800, 870]
[497, 607, 740, 760, 964]
[498, 629, 639, 663, 781]
[499, 505, 652, 871, 919]
[502, 782, 838, 900, 947]
[508, 550, 695, 776, 786]
[515, 519, 557, 707, 850]
[522, 577, 646, 895, 947]
[523, 603, 725, 751, 889]
[526, 553, 557, 685, 915]
[526, 769, 857, 986, 992]
[558, 590, 652, 747, 905]
[582, 604, 722, 734, 829]
[591, 603, 718, 855, 878]
[599, 612, 621, 741, 914]
[613, 644, 726, 786, 981]
[626, 627, 635, 794, 951]
[628, 646, 690, 782, 990]
[641, 664, 784, 785, 908]
[682, 727, 743, 826, 993]
[716, 837, 928, 941, 973]
