[0, 211, 589, 591]
[0, 258, 315, 541]
[1, 44, 925, 997]
[1, 450, 587, 848]
[1, 523, 675, 992]
[3, 67, 174, 713]
[3, 97, 520, 891]
[3, 457, 708, 893]
[4, 287, 655, 911]
[4, 853, 890, 936]
[5, 145, 672, 939]
[5, 154, 204, 604]
[5, 226, 249, 977]
[5, 575, 688, 721]
[6, 85, 94, 495]
[6, 419, 569, 716]
[6, 428, 481, 883]
[7, 117, 132, 806]
[7, 143, 518, 756]
[7, 252, 398, 779]
[7, 279, 416, 567]
[8, 60, 105, 695]
[8, 266, 639, 641]
[9, 46, 159, 246]
[9, 82, 190, 482]
[9, 91, 577, 705]
[9, 132, 329, 772]
[9, 364, 526, 601]
[9, 453, 597, 676]
[9, 816, 871, 938]
[10, 135, 195, 831]
[11, 85, 100, 927]
[11, 631, 669, 936]
[12, 57, 591, 651]
[12, 685, 897, 993]
[13, 111, 538, 973]
[13, 160, 244, 331]
[13, 275, 385, 975]
[13, 488, 573, 844]
[14, 254, 698, 710]
[15, 323, 648, 811]
[17, 196, 362, 883]
[19, 44, 259, 519]
[19, 475, 744, 891]
[20, 75, 157, 554]
[20, 286, 517, 809]
[21, 202, 884, 906]
[22, 55, 269, 320]
[22, 229, 477, 872]
[22, 298, 418, 817]
[22, 486, 737, 915]
[24, 264, 374, 758]
[24, 676, 928, 934]
[25, 507, 727, 834]
[25, 655, 691, 915]
[26, 34, 113, 661]
[26, 153, 200, 858]
[26, 230, 734, 872]
[26, 355, 551, 646]
[26, 449, 621, 914]
[27, 234, 525, 798]
[28, 142, 825, 989]
[28, 215, 218, 236]
[28, 226, 417, 593]
[29, 137, 211, 977]
[29, 288, 449, 993]
[29, 615, 707, 946]
[30, 219, 327, 693]
[30, 307, 335, 744]
[31, 387, 817, 969]
[32, 138, 224, 487]
[32, 395, 645, 751]
[32, 418, 554, 718]
[32, 806, 828, 957]
[33, 96, 109, 335]
[33, 96, 128, 918]
[34, 35, 296, 822]
[34, 135, 472, 976]
[35, 244, 707, 997]
[36, 252, 444, 793]
[36, 380, 900, 997]
[36, 478, 619, 966]
[37, 69, 247, 555]
[37, 188, 393, 578]
[37, 252, 543, 779]
[37, 266, 335, 950]
[37, 290, 752, 982]
[37, 369, 503, 669]
[38, 103, 634, 960]
[38, 162, 493, 858]
[39, 92, 389, 708]
[39, 113, 291, 359]
[39, 604, 656, 755]
[39, 626, 746, 926]
[40, 304, 412, 961]
[41, 179, 536, 832]
[41, 795, 860, 936]
[42, 193, 423, 812]
[43, 158, 284, 810]
[44, 70, 460, 769]
[44, 94, 783, 905]
[44, 109, 438, 653]
[45, 135, 433, 771]
[45, 379, 937, 960]
[46, 124, 414, 654]
[46, 167, 376, 416]
[46, 281, 729, 907]
[47, 77, 149, 800]
[47, 125, 835, 872]
[47, 252, 543, 749]
[48, 207, 399, 633]
[48, 274, 426, 550]
[48, 914, 938, 999]
[49, 72, 262, 993]
[49, 158, 655, 920]
[50, 202, 275, 309]
[50, 282, 685, 853]
[50, 538, 672, 816]
[51, 136, 261, 580]
[51, 403, 899, 982]
[51, 813, 982, 986]
[53, 311, 471, 649]
[54, 60, 675, 709]
[54, 73, 415, 837]
[54, 833, 894, 912]
[56, 114, 688, 931]
[56, 370, 444, 645]
[57, 87, 681, 829]
[57, 351, 855, 994]
[58, 94, 183, 326]
[58, 182, 217, 522]
[58, 244, 393, 623]
[60, 151, 178, 393]
[60, 491, 521, 944]
[61, 104, 438, 697]
[63, 243, 604, 716]
[63, 259, 331, 407]
[63, 430, 590, 597]
[64, 137, 543, 847]
[64, 377, 520, 573]
[65, 534, 638, 838]
[67, 282, 501, 984]
[67, 437, 696, 861]
[67, 482, 773, 871]
[67, 719, 771, 863]
[70, 196, 201, 205]
[72, 207, 522, 570]
[72, 452, 498, 598]
[73, 120, 268, 576]
[73, 244, 387, 526]
[73, 284, 950, 968]
[73, 321, 762, 951]
[73, 325, 690, 888]
[74, 180, 397, 673]
[74, 443, 521, 986]
[74, 446, 702, 795]
[75, 79, 262, 877]
[76, 477, 784, 818]
[76, 543, 713, 830]
[77, 139, 275, 930]
[78, 156, 322, 772]
[78, 580, 691, 894]
[79, 166, 483, 971]
[79, 284, 501, 983]
[80, 112, 550, 992]
[80, 179, 908, 953]
[80, 380, 610, 732]
[80, 391, 792, 935]
[80, 473, 662, 808]
[82, 93, 440, 940]
[83, 275, 423, 457]
[83, 329, 483, 823]
[83, 624, 642, 835]
[83, 654, 902, 905]
[84, 267, 448, 775]
[85, 330, 687, 690]
[87, 440, 577, 956]
[87, 647, 730, 958]
[89, 319, 377, 858]
[89, 542, 551, 768]
[90, 175, 279, 833]
[90, 256, 576, 863]
[90, 274, 466, 754]
[91, 256, 307, 427]
[91, 635, 905, 994]
[92, 132, 792, 985]
[93, 157, 201, 731]
[94, 468, 469, 814]
[96, 139, 219, 526]
[96, 155, 311, 396]
[96, 214, 396, 621]
[97, 252, 646, 985]
[100, 186, 359, 537]
[100, 319, 850, 979]
[101, 220, 558, 785]
[102, 229, 371, 659]
[103, 279, 771, 808]
[104, 105, 330, 615]
[104, 433, 735, 976]
[104, 467, 733, 962]
[105, 165, 402, 614]
[105, 191, 360, 471]
[105, 211, 634, 890]
[105, 240, 897, 900]
[105, 551, 825, 918]
[106, 189, 237, 852]
[106, 395, 634, 923]
[109, 264, 334, 772]
[109, 281, 484, 624]
[110, 491, 915, 995]
[111, 187, 489, 553]
[111, 298, 304, 793]
[111, 390, 736, 823]
[112, 148, 155, 350]
[112, 266, 282, 686]
[112, 329, 954, 986]
[112, 567, 690, 844]
[113, 168, 668, 907]
[113, 208, 527, 979]
[115, 167, 392, 739]
[115, 370, 461, 901]
[118, 207, 277, 536]
[119, 379, 779, 987]
[122, 209, 275, 450]
[122, 249, 370, 648]
[123, 184, 575, 846]
[123, 399, 409, 577]
[123, 539, 643, 730]
[124, 165, 295, 959]
[124, 183, 808, 874]
[124, 427, 573, 630]
[124, 775, 832, 975]
[125, 152, 584, 714]
[126, 457, 461, 500]
[127, 235, 640, 713]
[129, 179, 182, 763]
[129, 360, 487, 820]
[130, 302, 567, 644]
[130, 367, 803, 989]
[131, 191, 573, 767]
[132, 349, 675, 980]
[132, 408, 420, 479]
[133, 244, 523, 831]
[136, 258, 482, 896]
[137, 267, 583, 933]
[138, 179, 427, 819]
[140, 811, 944, 952]
[142, 339, 724, 727]
[143, 324, 404, 439]
[144, 268, 330, 429]
[145, 155, 377, 764]
[146, 147, 848, 952]
[146, 627, 900, 903]
[147, 341, 819, 867]
[148, 275, 466, 843]
[148, 381, 490, 617]
[148, 515, 754, 960]
[152, 183, 615, 940]
[153, 376, 778, 809]
[155, 325, 477, 775]
[156, 271, 539, 837]
[157, 223, 352, 435]
[157, 312, 606, 617]
[157, 448, 755, 914]
[157, 528, 568, 608]
[158, 201, 332, 896]
[158, 369, 382, 992]
[158, 371, 522, 839]
[158, 699, 768, 801]
[159, 469, 487, 741]
[160, 471, 637, 799]
[163, 374, 418, 997]
[163, 399, 595, 636]
[163, 578, 825, 919]
[164, 445, 623, 882]
[164, 529, 911, 919]
[165, 181, 324, 597]
[165, 449, 465, 705]
[165, 475, 485, 757]
[165, 555, 667, 945]
[166, 359, 412, 968]
[167, 254, 408, 661]
[168, 637, 669, 754]
[170, 625, 690, 746]
[171, 525, 665, 840]
[173, 223, 464, 752]
[175, 367, 659, 772]
[175, 536, 694, 809]
[175, 569, 707, 766]
[176, 233, 545, 641]
[176, 262, 328, 653]
[176, 307, 395, 574]
[176, 514, 580, 762]
[177, 297, 679, 744]
[178, 271, 358, 377]
[178, 668, 916, 955]
[179, 723, 776, 960]
[181, 378, 540, 840]
[182, 242, 407, 700]
[182, 388, 587, 848]
[183, 203, 758, 888]
[183, 293, 389, 740]
[184, 295, 330, 789]
[193, 196, 527, 946]
[194, 355, 424, 874]
[195, 446, 526, 956]
[196, 268, 324, 449]
[197, 240, 814, 823]
[197, 388, 647, 806]
[199, 202, 322, 777]
[199, 494, 654, 869]
[205, 508, 733, 914]
[206, 245, 551, 613]
[206, 290, 485, 608]
[206, 344, 725, 768]
[206, 401, 541, 631]
[208, 267, 384, 826]
[208, 273, 327, 947]
[208, 556, 749, 752]
[210, 386, 517, 570]
[212, 770, 799, 802]
[215, 476, 543, 982]
[216, 264, 302, 945]
[216, 449, 522, 550]
[216, 638, 684, 856]
[217, 318, 330, 602]
[218, 224, 403, 618]
[219, 670, 839, 933]
[220, 292, 421, 642]
[226, 259, 773, 776]
[226, 416, 674, 912]
[228, 397, 536, 799]
[230, 403, 675, 956]
[230, 453, 848, 910]
[230, 499, 764, 863]
[231, 254, 505, 722]
[232, 494, 571, 639]
[233, 413, 769, 828]
[234, 506, 934, 974]
[237, 272, 978, 979]
[238, 526, 568, 766]
[242, 244, 685, 929]
[242, 253, 292, 432]
[243, 494, 672, 697]
[244, 558, 763, 942]
[246, 376, 380, 764]
[246, 693, 696, 756]
[247, 449, 479, 862]
[247, 676, 749, 800]
[253, 317, 458, 976]
[255, 294, 323, 644]
[255, 542, 576, 954]
[256, 386, 431, 591]
[256, 486, 911, 914]
[259, 537, 902, 980]
[260, 804, 881, 909]
[262, 290, 518, 601]
[262, 711, 719, 934]
[264, 332, 357, 833]
[264, 475, 660, 910]
[267, 417, 576, 885]
[271, 294, 385, 593]
[272, 460, 603, 646]
[275, 543, 713, 816]
[276, 818, 864, 897]
[277, 521, 834, 980]
[281, 286, 310, 420]
[282, 298, 698, 981]
[282, 628, 698, 885]
[283, 489, 626, 861]
[288, 416, 608, 758]
[288, 587, 656, 803]
[289, 357, 448, 568]
[290, 747, 943, 947]
[292, 296, 332, 973]
[292, 417, 434, 745]
[292, 524, 629, 752]
[294, 516, 521, 731]
[295, 307, 485, 852]
[296, 368, 624, 649]
[296, 389, 495, 929]
[296, 453, 688, 719]
[298, 301, 597, 830]
[299, 442, 500, 655]
[300, 463, 488, 647]
[300, 487, 580, 835]
[303, 432, 462, 663]
[304, 396, 774, 801]
[304, 863, 964, 965]
[305, 442, 763, 978]
[309, 472, 473, 571]
[310, 397, 595, 700]
[311, 473, 504, 765]
[313, 366, 727, 950]
[313, 379, 546, 584]
[316, 571, 601, 702]
[317, 392, 603, 904]
[319, 604, 776, 906]
[319, 672, 755, 785]
[320, 866, 960, 963]
[322, 387, 697, 808]
[324, 467, 636, 771]
[325, 476, 518, 722]
[325, 585, 914, 982]
[330, 354, 872, 944]
[330, 609, 623, 928]
[334, 341, 712, 954]
[336, 500, 523, 852]
[336, 641, 768, 822]
[341, 444, 481, 551]
[341, 749, 797, 912]
[347, 349, 656, 825]
[348, 401, 608, 693]
[349, 367, 562, 856]
[352, 517, 795, 972]
[352, 877, 880, 950]
[355, 623, 816, 956]
[357, 403, 453, 584]
[359, 703, 725, 971]
[360, 465, 804, 901]
[363, 380, 570, 683]
[365, 568, 740, 861]
[374, 508, 676, 800]
[374, 595, 861, 977]
[381, 637, 679, 873]
[384, 444, 651, 790]
[385, 429, 794, 973]
[387, 544, 736, 843]
[388, 597, 835, 932]
[390, 759, 904, 970]
[391, 440, 909, 916]
[395, 475, 673, 859]
[404, 563, 666, 943]
[410, 442, 677, 728]
[411, 622, 825, 871]
[413, 419, 713, 805]
[413, 528, 709, 932]
[413, 566, 640, 943]
[415, 708, 764, 869]
[416, 498, 685, 946]
[418, 591, 825, 966]
[421, 463, 627, 719]
[426, 542, 578, 743]
[426, 705, 733, 744]
[429, 659, 824, 923]
[430, 820, 913, 992]
[432, 652, 796, 978]
[432, 657, 673, 842]
[436, 572, 605, 748]
[438, 487, 502, 997]
[438, 742, 947, 958]
[443, 611, 678, 779]
[444, 490, 593, 992]
[445, 777, 810, 849]
[452, 651, 718, 724]
[452, 703, 733, 890]
[455, 590, 874, 958]
[457, 747, 780, 889]
[458, 623, 891, 963]
[458, 672, 722, 977]
[463, 518, 544, 570]
[469, 722, 807, 911]
[470, 719, 790, 850]
[472, 505, 843, 864]
[474, 801, 807, 972]
[476, 573, 659, 838]
[476, 634, 672, 844]
[477, 528, 544, 714]
[479, 528, 820, 961]
[479, 615, 805, 830]
[479, 776, 848, 877]
[480, 723, 870, 947]
[488, 645, 658, 913]
[490, 724, 842, 991]
[492, 679, 768, 923]
[493, 538, 766, 838]
[495, 709, 905, 968]
[497, 678, 826, 858]
[499, 512, 516, 796]
[509, 558, 594, 990]
[521, 836, 889, 919]
[538, 775, 829, 838]
[550, 731, 941, 968]
[558, 660, 787, 844]
[577, 643, 757, 893]
[580, 792, 921, 935]
[584, 735, 801, 947]
[590, 650, 760, 793]
[630, 681, 817, 945]
[637, 646, 753, 957]
[661, 679, 698, 764]
[775, 863, 961, 963]
[786, 880, 884, 963]
[791, 905, 932, 934]
