[0, 433, 783]
[0, 539, 835]
[1, 293, 614]
[2, 257, 358]
[2, 310, 972]
[4, 131, 500]
[4, 192, 848]
[5, 66, 385]
[6, 98, 709]
[6, 421, 524]
[7, 86, 128]
[7, 99, 295]
[7, 211, 322]
[7, 674, 873]
[8, 162, 565]
[9, 40, 877]
[9, 46, 937]
[9, 475, 742]
[9, 559, 638]
[10, 55, 659]
[10, 86, 998]
[10, 620, 884]
[11, 266, 877]
[12, 78, 697]
[12, 149, 972]
[12, 168, 968]
[12, 250, 335]
[12, 818, 822]
[13, 61, 666]
[13, 180, 689]
[13, 514, 965]
[14, 721, 972]
[15, 699, 923]
[16, 93, 138]
[17, 156, 377]
[17, 428, 697]
[17, 573, 910]
[18, 72, 73]
[18, 270, 633]
[19, 231, 683]
[20, 628, 871]
[23, 134, 221]
[25, 221, 963]
[26, 238, 898]
[26, 563, 620]
[27, 248, 910]
[28, 329, 593]
[29, 228, 505]
[29, 716, 737]
[30, 67, 282]
[30, 232, 343]
[32, 421, 547]
[33, 115, 858]
[34, 229, 500]
[34, 300, 513]
[34, 361, 402]
[34, 873, 949]
[35, 138, 823]
[35, 298, 814]
[35, 402, 608]
[36, 340, 768]
[37, 383, 589]
[37, 569, 650]
[37, 602, 906]
[38, 679, 746]
[39, 195, 304]
[39, 506, 969]
[40, 287, 689]
[40, 437, 716]
[42, 104, 840]
[42, 621, 859]
[43, 294, 932]
[43, 317, 992]
[43, 538, 873]
[44, 52, 612]
[44, 52, 682]
[45, 94, 341]
[45, 303, 958]
[47, 96, 740]
[48, 284, 900]
[48, 479, 964]
[48, 621, 813]
[49, 137, 382]
[49, 382, 483]
[49, 525, 622]
[49, 557, 854]
[49, 620, 746]
[49, 947, 973]
[50, 412, 659]
[50, 589, 960]
[51, 683, 938]
[51, 818, 982]
[52, 713, 881]
[52, 737, 901]
[53, 592, 608]
[54, 583, 766]
[55, 417, 555]
[56, 135, 529]
[57, 248, 664]
[58, 249, 597]
[58, 306, 388]
[58, 341, 410]
[59, 719, 753]
[60, 354, 813]
[61, 152, 373]
[61, 229, 767]
[61, 436, 787]
[62, 226, 346]
[62, 335, 972]
[62, 673, 755]
[64, 96, 477]
[64, 186, 537]
[64, 608, 723]
[64, 728, 932]
[65, 178, 714]
[66, 463, 653]
[66, 679, 975]
[67, 219, 240]
[67, 550, 815]
[68, 299, 482]
[68, 533, 815]
[70, 669, 965]
[71, 283, 340]
[71, 314, 796]
[72, 476, 708]
[74, 184, 857]
[74, 731, 817]
[75, 299, 898]
[76, 168, 223]
[76, 542, 760]
[77, 107, 154]
[77, 198, 340]
[79, 395, 815]
[80, 245, 836]
[80, 499, 985]
[83, 553, 731]
[83, 594, 634]
[84, 159, 940]
[84, 526, 665]
[85, 274, 865]
[86, 708, 891]
[89, 123, 465]
[89, 283, 882]
[89, 321, 689]
[89, 447, 606]
[92, 528, 649]
[95, 278, 766]
[95, 724, 929]
[96, 278, 475]
[96, 566, 711]
[96, 683, 941]
[96, 832, 836]
[96, 854, 993]
[97, 677, 687]
[98, 358, 627]
[98, 361, 834]
[98, 587, 660]
[101, 167, 248]
[101, 205, 880]
[101, 444, 450]
[102, 853, 931]
[103, 651, 819]
[104, 253, 637]
[104, 477, 486]
[105, 306, 830]
[105, 466, 946]
[106, 186, 192]
[106, 196, 614]
[106, 265, 269]
[107, 727, 991]
[109, 615, 691]
[109, 793, 904]
[110, 291, 861]
[110, 303, 441]
[111, 150, 730]
[112, 396, 499]
[115, 278, 800]
[115, 412, 703]
[117, 499, 621]
[118, 143, 467]
[118, 406, 652]
[118, 610, 852]
[118, 663, 857]
[120, 162, 933]
[120, 535, 608]
[120, 838, 987]
[122, 290, 939]
[124, 330, 669]
[126, 189, 871]
[126, 219, 552]
[126, 327, 779]
[127, 622, 632]
[131, 359, 465]
[131, 666, 714]
[132, 670, 679]
[134, 210, 756]
[135, 454, 924]
[136, 263, 561]
[137, 243, 712]
[137, 271, 437]
[137, 609, 882]
[137, 713, 751]
[137, 826, 914]
[138, 162, 638]
[138, 512, 571]
[139, 213, 517]
[139, 550, 920]
[143, 259, 621]
[143, 284, 751]
[145, 154, 840]
[145, 433, 745]
[145, 741, 880]
[146, 203, 655]
[146, 523, 709]
[147, 190, 748]
[147, 272, 896]
[147, 514, 855]
[148, 169, 508]
[148, 235, 369]
[150, 461, 502]
[151, 243, 580]
[154, 447, 882]
[156, 313, 532]
[159, 524, 810]
[159, 638, 936]
[160, 690, 711]
[161, 396, 525]
[161, 546, 894]
[162, 188, 954]
[162, 220, 968]
[162, 636, 844]
[163, 228, 326]
[163, 291, 910]
[165, 361, 409]
[166, 225, 851]
[168, 395, 977]
[169, 185, 227]
[170, 238, 958]
[170, 319, 385]
[171, 197, 415]
[172, 652, 763]
[172, 824, 951]
[173, 619, 702]
[177, 505, 733]
[178, 790, 842]
[179, 720, 958]
[183, 426, 871]
[185, 410, 704]
[186, 553, 706]
[187, 630, 997]
[188, 506, 597]
[189, 694, 804]
[191, 197, 760]
[191, 639, 748]
[192, 706, 746]
[193, 262, 471]
[193, 383, 792]
[197, 474, 639]
[199, 410, 966]
[201, 680, 952]
[202, 790, 940]
[204, 211, 257]
[204, 343, 939]
[204, 530, 653]
[204, 629, 745]
[205, 283, 336]
[205, 588, 869]
[205, 593, 718]
[206, 293, 637]
[207, 293, 780]
[208, 422, 528]
[212, 222, 997]
[212, 248, 250]
[212, 386, 642]
[213, 412, 680]
[213, 493, 821]
[213, 723, 935]
[214, 571, 993]
[214, 608, 890]
[214, 721, 982]
[215, 606, 875]
[216, 551, 621]
[218, 590, 709]
[221, 313, 456]
[222, 375, 516]
[224, 245, 857]
[227, 239, 713]
[227, 388, 752]
[227, 410, 723]
[227, 686, 963]
[227, 817, 888]
[228, 268, 539]
[228, 505, 683]
[229, 363, 433]
[230, 440, 640]
[231, 340, 675]
[232, 482, 864]
[234, 482, 504]
[235, 380, 400]
[235, 669, 922]
[236, 421, 687]
[236, 636, 684]
[238, 247, 723]
[248, 657, 824]
[250, 541, 639]
[252, 290, 700]
[252, 669, 810]
[253, 804, 951]
[254, 439, 681]
[256, 348, 979]
[257, 315, 404]
[264, 528, 568]
[265, 285, 517]
[265, 356, 439]
[265, 440, 640]
[265, 526, 805]
[267, 538, 744]
[267, 552, 628]
[268, 418, 477]
[270, 469, 471]
[273, 477, 935]
[276, 709, 842]
[277, 447, 627]
[278, 281, 690]
[278, 402, 899]
[278, 719, 841]
[279, 598, 845]
[282, 293, 519]
[282, 457, 824]
[289, 566, 886]
[290, 356, 711]
[292, 533, 981]
[295, 304, 824]
[295, 353, 767]
[295, 393, 843]
[295, 613, 875]
[297, 607, 835]
[298, 623, 710]
[300, 356, 533]
[303, 331, 575]
[305, 327, 334]
[309, 314, 620]
[309, 328, 471]
[311, 337, 582]
[312, 471, 661]
[314, 463, 934]
[314, 956, 979]
[315, 705, 757]
[316, 387, 486]
[322, 589, 647]
[324, 840, 929]
[325, 628, 667]
[326, 526, 537]
[326, 689, 962]
[330, 533, 731]
[331, 936, 951]
[333, 462, 766]
[334, 464, 724]
[335, 822, 876]
[336, 484, 672]
[339, 731, 899]
[344, 396, 678]
[345, 859, 870]
[349, 668, 733]
[351, 426, 972]
[352, 381, 698]
[356, 370, 498]
[357, 459, 976]
[358, 442, 656]
[359, 416, 994]
[364, 802, 921]
[365, 480, 843]
[365, 770, 782]
[367, 788, 856]
[369, 417, 842]
[369, 628, 841]
[369, 869, 888]
[372, 479, 570]
[372, 686, 960]
[374, 443, 791]
[374, 473, 519]
[374, 562, 812]
[376, 466, 584]
[378, 386, 427]
[379, 470, 522]
[379, 495, 966]
[382, 668, 953]
[383, 700, 815]
[384, 577, 627]
[385, 419, 663]
[389, 814, 879]
[390, 745, 998]
[392, 478, 924]
[394, 465, 846]
[394, 484, 830]
[398, 527, 592]
[399, 404, 885]
[401, 883, 939]
[402, 421, 828]
[403, 521, 916]
[404, 763, 807]
[407, 571, 580]
[408, 660, 778]
[408, 864, 987]
[414, 418, 778]
[414, 755, 918]
[418, 628, 657]
[421, 611, 729]
[421, 785, 950]
[427, 473, 946]
[427, 737, 892]
[433, 667, 867]
[435, 453, 683]
[436, 451, 566]
[440, 469, 865]
[440, 633, 758]
[443, 754, 986]
[445, 575, 782]
[448, 619, 777]
[449, 482, 819]
[452, 501, 750]
[455, 501, 929]
[465, 538, 947]
[465, 622, 868]
[473, 645, 803]
[476, 576, 839]
[477, 597, 904]
[480, 511, 662]
[481, 595, 653]
[483, 840, 894]
[484, 546, 858]
[488, 822, 922]
[499, 580, 621]
[505, 653, 904]
[507, 582, 672]
[508, 741, 869]
[509, 568, 941]
[509, 606, 729]
[511, 844, 925]
[512, 636, 810]
[514, 957, 990]
[517, 798, 853]
[523, 736, 963]
[524, 551, 860]
[527, 617, 970]
[528, 721, 877]
[530, 718, 892]
[530, 722, 831]
[534, 802, 903]
[536, 731, 783]
[537, 641, 911]
[542, 718, 820]
[543, 603, 619]
[545, 573, 600]
[552, 701, 872]
[552, 740, 820]
[555, 734, 829]
[558, 598, 784]
[559, 560, 822]
[559, 588, 902]
[564, 565, 970]
[571, 599, 775]
[572, 617, 745]
[573, 738, 999]
[576, 734, 971]
[578, 631, 668]
[578, 687, 756]
[579, 600, 840]
[581, 634, 996]
[581, 736, 864]
[581, 906, 971]
[582, 902, 975]
[591, 658, 910]
[593, 749, 910]
[595, 760, 774]
[596, 633, 860]
[598, 873, 879]
[600, 906, 945]
[602, 681, 874]
[613, 637, 742]
[626, 713, 753]
[643, 917, 962]
[656, 684, 820]
[664, 673, 845]
[683, 691, 995]
[686, 785, 823]
[690, 755, 955]
[695, 944, 950]
[734, 911, 912]
[741, 782, 841]
[763, 932, 950]
[863, 948, 972]
[872, 932, 972]
[876, 938, 942]
