[0, 165, 300, 723]
[3, 142, 204, 779]
[3, 548, 699, 703]
[4, 153, 359, 364]
[4, 577, 967, 997]
[4, 597, 611, 851]
[5, 175, 358, 596]
[7, 101, 151, 339]
[7, 130, 488, 517]
[8, 247, 305, 392]
[9, 78, 790, 874]
[10, 29, 699, 822]
[10, 112, 380, 979]
[12, 462, 522, 642]
[13, 511, 806, 859]
[14, 362, 375, 524]
[15, 112, 508, 720]
[15, 155, 388, 847]
[16, 290, 609, 917]
[17, 374, 766, 895]
[18, 74, 668, 872]
[19, 443, 668, 989]
[20, 240, 255, 425]
[21, 380, 711, 827]
[22, 112, 339, 733]
[22, 460, 551, 760]
[23, 107, 398, 646]
[24, 73, 323, 753]
[25, 353, 627, 893]
[30, 140, 691, 892]
[30, 496, 691, 785]
[32, 233, 363, 991]
[38, 206, 625, 770]
[39, 259, 508, 669]
[41, 43, 66, 559]
[41, 208, 368, 637]
[42, 451, 746, 816]
[43, 656, 718, 963]
[44, 161, 433, 495]
[44, 418, 687, 895]
[46, 524, 771, 812]
[47, 240, 326, 647]
[47, 282, 514, 830]
[47, 350, 363, 418]
[47, 518, 610, 994]
[49, 172, 338, 888]
[49, 192, 705, 776]
[51, 144, 504, 652]
[52, 172, 608, 694]
[54, 547, 881, 916]
[55, 285, 308, 311]
[55, 654, 677, 703]
[56, 202, 682, 763]
[62, 175, 392, 867]
[62, 184, 266, 601]
[63, 419, 797, 876]
[64, 106, 218, 268]
[64, 139, 193, 334]
[64, 268, 934, 996]
[65, 176, 193, 809]
[66, 89, 464, 637]
[68, 241, 278, 932]
[69, 344, 418, 783]
[69, 556, 773, 877]
[70, 203, 269, 711]
[70, 540, 710, 740]
[71, 199, 275, 360]
[72, 360, 381, 438]
[72, 376, 671, 677]
[74, 95, 233, 397]
[76, 136, 232, 501]
[76, 375, 598, 834]
[78, 668, 751, 769]
[78, 775, 779, 971]
[79, 379, 410, 972]
[82, 235, 446, 703]
[87, 191, 285, 766]
[87, 721, 855, 938]
[92, 147, 573, 998]
[96, 138, 563, 724]
[97, 211, 704, 782]
[98, 250, 522, 703]
[98, 383, 794, 808]
[101, 279, 464, 887]
[101, 384, 502, 606]
[102, 623, 655, 772]
[103, 150, 154, 925]
[105, 454, 513, 675]
[110, 124, 180, 709]
[111, 183, 544, 835]
[113, 258, 590, 805]
[114, 285, 462, 494]
[114, 449, 470, 648]
[114, 642, 718, 924]
[118, 290, 428, 439]
[120, 286, 508, 985]
[122, 190, 806, 811]
[124, 493, 706, 971]
[125, 664, 674, 815]
[130, 249, 426, 639]
[132, 521, 633, 783]
[137, 152, 162, 611]
[138, 224, 307, 325]
[138, 259, 913, 936]
[141, 242, 366, 389]
[141, 319, 365, 846]
[143, 249, 610, 825]
[143, 491, 571, 687]
[144, 163, 335, 984]
[144, 560, 903, 939]
[145, 276, 491, 862]
[146, 184, 668, 689]
[146, 222, 457, 530]
[146, 395, 667, 778]
[148, 161, 194, 495]
[150, 163, 521, 807]
[153, 175, 613, 655]
[154, 208, 451, 933]
[156, 390, 554, 700]
[159, 173, 214, 630]
[159, 239, 325, 808]
[159, 561, 708, 845]
[160, 610, 686, 780]
[161, 218, 445, 827]
[162, 250, 301, 662]
[163, 572, 817, 819]
[164, 343, 378, 938]
[165, 283, 331, 974]
[168, 189, 563, 900]
[170, 189, 443, 814]
[171, 194, 247, 365]
[173, 485, 701, 704]
[173, 633, 638, 992]
[179, 346, 713, 909]
[179, 472, 518, 543]
[179, 497, 679, 977]
[180, 423, 608, 933]
[183, 346, 409, 724]
[183, 589, 893, 991]
[185, 306, 501, 931]
[186, 189, 418, 921]
[188, 220, 856, 957]
[190, 690, 729, 964]
[191, 200, 703, 859]
[195, 701, 819, 960]
[201, 357, 605, 744]
[201, 725, 860, 877]
[202, 351, 366, 614]
[204, 511, 800, 946]
[206, 487, 738, 960]
[207, 363, 527, 601]
[208, 376, 419, 941]
[209, 327, 758, 974]
[211, 231, 380, 756]
[211, 242, 611, 988]
[215, 224, 444, 497]
[215, 798, 835, 934]
[219, 300, 951, 971]
[221, 421, 596, 675]
[224, 272, 319, 792]
[224, 421, 456, 784]
[225, 515, 541, 976]
[228, 269, 368, 759]
[229, 392, 764, 844]
[231, 289, 339, 648]
[232, 412, 415, 609]
[235, 518, 519, 860]
[237, 741, 908, 945]
[239, 508, 700, 945]
[245, 383, 419, 760]
[255, 422, 639, 980]
[256, 565, 608, 662]
[260, 487, 566, 751]
[261, 318, 490, 576]
[270, 433, 575, 609]
[274, 397, 549, 782]
[275, 484, 658, 978]
[281, 288, 711, 933]
[283, 386, 453, 544]
[286, 512, 720, 829]
[290, 380, 513, 531]
[294, 412, 720, 867]
[294, 437, 516, 892]
[297, 565, 698, 873]
[304, 310, 487, 622]
[304, 378, 838, 918]
[309, 615, 898, 912]
[310, 571, 698, 856]
[312, 321, 809, 984]
[313, 328, 348, 402]
[313, 639, 688, 998]
[319, 375, 412, 839]
[329, 691, 818, 914]
[332, 564, 689, 774]
[335, 461, 658, 926]
[340, 456, 483, 497]
[341, 382, 622, 922]
[349, 365, 792, 927]
[351, 530, 717, 788]
[353, 810, 858, 954]
[372, 386, 720, 981]
[372, 722, 835, 961]
[377, 405, 409, 948]
[380, 473, 691, 716]
[388, 438, 714, 846]
[392, 456, 622, 761]
[395, 679, 838, 912]
[398, 434, 621, 738]
[414, 442, 488, 805]
[418, 513, 713, 743]
[422, 441, 470, 742]
[422, 498, 684, 746]
[425, 436, 702, 972]
[427, 438, 620, 918]
[431, 542, 578, 727]
[435, 514, 834, 998]
[435, 541, 585, 667]
[440, 534, 780, 790]
[440, 544, 724, 879]
[443, 509, 684, 974]
[443, 686, 882, 991]
[447, 458, 522, 719]
[448, 493, 577, 867]
[449, 534, 676, 903]
[455, 496, 497, 863]
[462, 506, 923, 984]
[462, 613, 813, 909]
[469, 806, 891, 930]
[471, 611, 797, 998]
[483, 682, 896, 943]
[489, 500, 753, 803]
[496, 612, 661, 932]
[506, 870, 926, 934]
[519, 609, 882, 898]
[519, 711, 907, 936]
[523, 614, 965, 981]
[530, 699, 711, 831]
[536, 578, 618, 980]
[537, 820, 889, 910]
[541, 851, 863, 979]
[565, 582, 744, 797]
[585, 674, 750, 947]
[587, 609, 660, 779]
[595, 746, 772, 961]
[604, 607, 755, 979]
[637, 694, 700, 763]
[689, 779, 865, 970]
[764, 771, 964, 985]
