# node_id:hyperedge_definition
0:0,669
1:0,720
2:2,659
3:2,712
4:3,880
5:4,744
6:4,933
7:5,832
8:6,437
9:10,62
10:10,345
11:10,964
12:12,97
13:12,335
14:13,541
15:14,346
16:16,386
17:17,312
18:18,921
19:20,299
20:20,586
21:21,878
22:22,624
23:22,644
24:22,684
25:23,30
26:23,643
27:24,951
28:26,830
29:26,861
30:27,550
31:29,762
32:30,265
33:30,518
34:31,39
35:31,126
36:34,453
37:35,126
38:35,903
39:38,788
40:39,272
41:39,432
42:39,954
43:41,382
44:41,557
45:42,274
46:42,945
47:43,273
48:45,273
49:45,472
50:45,853
51:46,140
52:47,838
53:48,107
54:49,809
55:52,468
56:52,625
57:52,775
58:52,907
59:53,711
60:55,115
61:60,352
62:60,789
63:61,180
64:61,360
65:62,688
66:64,351
67:64,798
68:65,81
69:65,118
70:67,144
71:67,873
72:67,985
73:68,914
74:69,512
75:73,506
76:73,901
77:73,986
78:74,251
79:74,373
80:74,788
81:76,344
82:76,607
83:78,315
84:78,500
85:81,508
86:81,700
87:83,670
88:84,734
89:85,968
90:86,424
91:88,322
92:89,337
93:94,940
94:96,469
95:97,431
96:99,872
97:100,430
98:101,498
99:101,819
100:102,347
101:103,291
102:103,434
103:103,892
104:104,208
105:105,386
106:105,995
107:107,836
108:107,840
109:109,471
110:110,940
111:113,890
112:115,475
113:115,745
114:116,222
115:118,507
116:119,604
117:120,590
118:120,998
119:121,905
120:122,561
121:122,736
122:123,180
123:124,312
124:125,239
125:126,365
126:128,829
127:130,681
128:132,204
129:133,495
130:134,790
131:135,476
132:135,505
133:135,760
134:135,994
135:136,406
136:136,922
137:137,146
138:137,518
139:138,349
140:141,332
141:142,191
142:143,880
143:146,335
144:147,164
145:147,406
146:148,774
147:149,187
148:149,830
149:152,187
150:152,223
151:153,288
152:154,662
153:154,828
154:157,380
155:157,690
156:159,679
157:160,774
158:162,559
159:162,732
160:163,837
161:163,863
162:164,497
163:164,863
164:165,680
165:167,188
166:168,284
167:168,345
168:170,288
169:170,300
170:170,577
171:171,770
172:172,387
173:173,525
174:174,663
175:175,524
176:180,504
177:181,392
178:181,421
179:182,856
180:183,330
181:184,329
182:186,264
183:186,364
184:191,393
185:192,777
186:192,778
187:194,504
188:194,668
189:195,365
190:195,581
191:196,239
192:197,450
193:197,723
194:202,354
195:203,363
196:204,556
197:205,501
198:207,972
199:209,892
200:210,679
201:211,837
202:212,284
203:212,786
204:212,936
205:213,462
206:213,970
207:215,646
208:215,891
209:217,706
210:220,950
211:220,988
212:221,826
213:222,305
214:222,941
215:223,656
216:227,942
217:230,308
218:230,701
219:231,494
220:233,800
221:233,850
222:236,424
223:237,334
224:239,749
225:240,322
226:241,849
227:244,587
228:248,652
229:250,895
230:253,303
231:253,924
232:254,975
233:255,275
234:255,322
235:255,550
236:255,948
237:256,374
238:256,438
239:261,522
240:264,447
241:265,733
242:268,903
243:269,684
244:271,571
245:273,447
246:274,964
247:278,397
248:278,697
249:279,407
250:279,907
251:284,697
252:285,827
253:286,492
254:288,922
255:290,455
256:295,840
257:299,534
258:301,666
259:302,848
260:303,921
261:304,349
262:305,804
263:311,497
264:311,688
265:315,725
266:319,371
267:319,409
268:319,692
269:321,419
270:324,412
271:325,687
272:327,422
273:327,556
274:328,755
275:332,578
276:332,654
277:333,462
278:336,615
279:339,808
280:340,912
281:344,668
282:345,473
283:345,957
284:351,489
285:351,703
286:351,943
287:352,385
288:352,785
289:353,506
290:356,381
291:361,910
292:366,456
293:366,493
294:366,930
295:366,985
296:368,773
297:369,424
298:373,638
299:376,558
300:378,597
301:379,574
302:380,539
303:381,616
304:382,855
305:383,791
306:383,825
307:384,990
308:385,554
309:389,989
310:391,724
311:392,696
312:393,567
313:395,743
314:397,455
315:397,510
316:397,942
317:398,877
318:403,612
319:408,596
320:410,969
321:414,602
322:414,619
323:424,713
324:426,571
325:431,557
326:432,436
327:437,679
328:442,563
329:446,868
330:449,516
331:450,518
332:450,735
333:452,958
334:455,583
335:455,776
336:456,526
337:459,965
338:460,641
339:460,826
340:463,940
341:464,872
342:467,897
343:470,718
344:471,895
345:473,491
346:474,701
347:475,791
348:478,769
349:479,499
350:481,741
351:481,833
352:482,979
353:485,624
354:488,832
355:490,536
356:492,497
357:492,970
358:494,655
359:500,939
360:501,624
361:507,616
362:507,805
363:508,522
364:508,601
365:509,520
366:512,882
367:514,727
368:516,582
369:517,558
370:519,561
371:519,953
372:523,631
373:525,721
374:526,858
375:528,764
376:532,987
377:533,556
378:533,925
379:534,643
380:536,744
381:536,801
382:537,547
383:537,568
384:540,809
385:542,633
386:544,673
387:545,707
388:548,735
389:553,790
390:555,641
391:556,645
392:558,718
393:558,731
394:560,753
395:563,645
396:563,851
397:565,743
398:568,743
399:571,705
400:571,760
401:571,799
402:572,808
403:575,809
404:576,727
405:579,991
406:582,869
407:584,651
408:586,737
409:588,960
410:588,987
411:593,716
412:594,799
413:602,847
414:608,872
415:612,877
416:612,886
417:613,820
418:613,962
419:621,912
420:622,918
421:624,987
422:627,743
423:628,717
424:631,785
425:633,718
426:636,969
427:639,823
428:641,734
429:646,803
430:650,686
431:652,857
432:654,915
433:655,794
434:656,893
435:658,785
436:658,925
437:663,856
438:670,792
439:673,742
440:679,791
441:681,741
442:682,979
443:689,813
444:690,838
445:692,809
446:695,753
447:695,839
448:695,995
449:700,998
450:707,723
451:707,812
452:713,929
453:714,922
454:718,954
455:722,857
456:724,897
457:724,974
458:748,852
459:755,939
460:757,782
461:760,991
462:766,822
463:766,860
464:772,813
465:773,924
466:773,961
467:775,783
468:776,903
469:778,784
470:779,781
471:784,999
472:787,827
473:788,836
474:788,955
475:789,844
476:789,945
477:801,827
478:806,828
479:810,850
480:810,965
481:815,903
482:822,970
483:846,936
484:854,989
485:856,950
486:887,911
487:904,960
488:917,983
489:925,994
490:941,958
491:943,970
492:0,216,376
493:0,331,505
494:0,368,750
495:0,444,675
496:2,15,779
497:2,98,176
498:2,256,830
499:3,15,337
500:5,286,977
501:6,445,653
502:6,659,948
503:8,341,541
504:9,199,828
505:10,157,578
506:10,282,542
507:11,100,327
508:12,599,675
509:13,312,938
510:14,164,526
511:14,309,587
512:15,170,998
513:15,333,817
514:15,820,949
515:16,41,344
516:16,155,748
517:16,658,972
518:17,226,250
519:17,685,954
520:17,915,931
521:19,217,516
522:19,795,821
523:20,235,776
524:20,820,946
525:21,195,927
526:21,571,625
527:22,257,708
528:22,451,531
529:23,282,668
530:23,572,897
531:24,39,687
532:25,281,304
533:26,152,343
534:26,174,867
535:26,188,911
536:26,192,217
537:28,336,999
538:28,440,832
539:28,482,495
540:28,553,642
541:29,42,405
542:29,189,921
543:29,338,761
544:29,737,797
545:30,78,274
546:30,374,690
547:31,418,498
548:33,202,616
549:33,243,781
550:33,379,733
551:34,593,945
552:34,813,893
553:35,595,665
554:36,111,465
555:36,679,777
556:37,947,954
557:39,168,987
558:41,123,888
559:43,67,878
560:44,946,984
561:46,532,750
562:46,687,770
563:47,247,680
564:48,674,903
565:49,238,803
566:49,584,693
567:50,220,622
568:51,324,452
569:52,106,422
570:52,159,479
571:52,736,862
572:53,286,970
573:53,321,677
574:54,380,805
575:54,587,841
576:55,239,773
577:55,352,782
578:56,207,715
579:56,530,556
580:57,334,346
581:57,410,488
582:57,462,826
583:58,68,146
584:58,74,950
585:58,194,865
586:58,275,735
587:58,328,765
588:59,316,351
589:59,322,732
590:60,154,681
591:60,500,556
592:62,68,539
593:62,141,631
594:62,885,990
595:63,199,202
596:64,290,632
597:65,175,611
598:65,791,933
599:67,92,639
600:69,429,549
601:69,610,621
602:69,656,731
603:71,76,286
604:72,289,844
605:73,188,503
606:75,157,421
607:75,349,586
608:76,218,475
609:76,522,637
610:76,596,976
611:76,748,862
612:76,905,964
613:77,97,679
614:77,319,640
615:77,930,957
616:80,398,860
617:82,272,783
618:82,685,847
619:83,86,634
620:83,473,831
621:88,149,185
622:89,278,356
623:89,418,504
624:91,126,509
625:92,283,555
626:93,292,734
627:93,586,903
628:93,772,845
629:95,177,279
630:95,419,818
631:96,145,915
632:96,563,700
633:97,198,710
634:97,289,350
635:98,450,643
636:99,195,673
637:101,154,263
638:101,478,805
639:101,659,890
640:101,661,693
641:102,348,377
642:103,352,728
643:103,763,793
644:104,554,642
645:106,393,760
646:107,143,458
647:107,235,502
648:107,287,460
649:107,297,751
650:108,211,757
651:109,296,333
652:111,218,707
653:111,757,976
654:112,161,829
655:113,276,853
656:113,356,434
657:113,566,568
658:115,172,443
659:115,383,940
660:115,502,853
661:115,551,819
662:117,259,657
663:117,353,699
664:117,500,961
665:118,707,721
666:119,783,873
667:119,867,877
668:120,661,977
669:121,756,987
670:122,219,436
671:123,815,899
672:124,438,504
673:125,370,686
674:126,132,298
675:126,354,547
676:126,653,803
677:127,432,454
678:127,507,655
679:127,648,953
680:127,721,951
681:128,453,757
682:128,701,775
683:129,465,761
684:130,563,632
685:131,187,991
686:131,211,257
687:131,308,948
688:132,371,952
689:133,598,900
690:134,141,824
691:134,289,976
692:134,362,582
693:136,213,389
694:136,278,920
695:137,160,267
696:138,236,242
697:139,217,909
698:139,220,735
699:139,240,308
700:141,366,687
701:142,393,886
702:142,614,859
703:145,658,698
704:148,715,796
705:151,577,921
706:151,709,872
707:152,732,905
708:153,837,984
709:154,234,518
710:155,266,985
711:155,420,811
712:156,380,865
713:157,465,724
714:158,398,793
715:160,235,778
716:162,486,855
717:162,585,841
718:162,721,753
719:163,488,999
720:163,888,899
721:164,218,291
722:165,174,553
723:165,325,429
724:165,482,505
725:168,195,317
726:169,860,864
727:170,281,931
728:170,467,638
729:172,271,391
730:172,363,928
731:172,493,547
732:173,545,583
733:174,587,768
734:176,752,982
735:177,554,684
736:179,726,896
737:180,417,558
738:180,837,948
739:181,421,428
740:184,239,560
741:184,487,930
742:184,730,787
743:186,689,702
744:187,359,524
745:187,472,980
746:189,293,790
747:189,337,814
748:189,352,472
749:189,560,685
750:189,680,770
751:191,263,614
752:191,479,672
753:191,530,977
754:194,681,993
755:195,215,338
756:196,449,941
757:196,606,690
758:197,290,510
759:197,402,948
760:198,375,707
761:199,293,808
762:199,331,883
763:202,226,429
764:204,207,277
765:204,218,785
766:204,258,523
767:206,270,349
768:206,282,619
769:207,490,760
770:207,571,795
771:207,657,985
772:211,652,705
773:216,656,899
774:218,228,606
775:218,259,898
776:218,373,867
777:219,392,976
778:219,483,819
779:220,702,722
780:222,229,455
781:223,695,828
782:223,744,879
783:224,278,783
784:224,916,946
785:226,436,473
786:226,456,926
787:227,474,884
788:229,346,853
789:230,330,761
790:230,521,897
791:230,764,954
792:233,412,797
793:233,445,461
794:233,785,904
795:237,270,576
796:237,356,583
797:237,371,530
798:237,473,563
799:242,719,918
800:243,610,677
801:244,391,920
802:244,460,860
803:245,366,543
804:248,371,956
805:248,409,694
806:248,438,459
807:249,368,953
808:252,643,696
809:252,898,939
810:253,393,636
811:253,409,777
812:259,381,394
813:260,386,888
814:261,712,965
815:264,526,670
816:264,860,893
817:266,383,773
818:270,404,684
819:272,728,915
820:273,323,980
821:273,648,784
822:275,612,632
823:276,342,854
824:278,657,829
825:279,389,938
826:279,698,940
827:286,531,847
828:287,470,898
829:287,740,924
830:288,376,708
831:288,604,606
832:288,725,776
833:289,372,798
834:289,417,611
835:290,493,754
836:294,925,997
837:297,408,419
838:298,886,991
839:303,420,903
840:306,452,648
841:307,415,570
842:309,384,459
843:310,859,912
844:311,457,874
845:311,564,844
846:311,698,936
847:313,389,801
848:313,620,682
849:313,805,883
850:316,572,716
851:318,794,866
852:319,535,721
853:321,496,532
854:323,729,885
855:325,437,594
856:331,489,643
857:332,604,664
858:337,425,958
859:339,485,568
860:341,658,663
861:343,510,678
862:346,624,926
863:347,745,781
864:348,510,742
865:350,397,700
866:350,440,883
867:350,539,706
868:352,487,866
869:357,581,973
870:358,359,822
871:360,472,884
872:362,402,697
873:363,369,409
874:363,369,782
875:365,367,565
876:366,455,803
877:367,379,499
878:367,636,837
879:370,460,965
880:371,417,533
881:372,427,779
882:372,777,810
883:376,587,979
884:380,423,756
885:380,438,471
886:380,570,622
887:380,757,881
888:380,884,930
889:381,392,986
890:382,641,902
891:383,434,719
892:383,843,955
893:384,871,970
894:385,631,667
895:387,644,692
896:387,833,835
897:389,581,924
898:392,887,939
899:401,479,881
900:402,426,651
901:404,745,953
902:404,813,959
903:407,966,974
904:410,471,972
905:410,482,546
906:411,577,828
907:411,647,753
908:412,448,472
909:416,496,598
910:419,503,953
911:421,467,697
912:421,553,809
913:423,634,682
914:425,469,809
915:426,650,865
916:428,837,909
917:429,562,790
918:435,571,783
919:438,624,992
920:438,887,981
921:439,937,971
922:441,573,829
923:443,628,669
924:447,923,942
925:449,699,840
926:449,714,777
927:450,806,906
928:452,480,587
929:452,486,795
930:452,572,867
931:452,573,708
932:452,612,652
933:453,576,766
934:456,473,787
935:457,488,937
936:459,621,881
937:459,941,996
938:464,649,709
939:466,577,608
940:466,748,789
941:468,678,869
942:469,787,892
943:475,595,879
944:478,618,964
945:478,662,672
946:479,676,754
947:482,511,870
948:483,744,878
949:484,599,704
950:484,962,975
951:485,625,958
952:488,681,958
953:492,575,734
954:493,629,650
955:495,530,867
956:496,695,730
957:500,735,820
958:503,777,971
959:504,676,876
960:507,612,810
961:508,545,961
962:516,758,914
963:516,842,984
964:521,637,994
965:523,693,908
966:523,802,940
967:527,853,878
968:532,632,943
969:532,646,717
970:532,758,892
971:534,732,844
972:543,663,831
973:545,562,890
974:549,704,806
975:554,756,803
976:554,887,969
977:556,705,752
978:559,640,684
979:569,585,675
980:572,750,896
981:573,617,854
982:577,740,803
983:581,865,962
984:583,820,915
985:589,632,784
986:591,719,737
987:592,736,939
988:597,770,778
989:600,816,904
990:603,626,987
991:607,710,793
992:614,626,769
993:624,632,819
994:626,815,820
995:627,640,713
996:647,693,835
997:648,652,719
998:648,690,986
999:651,769,907
1000:651,822,997
1001:653,804,893
1002:657,674,907
1003:661,766,864
1004:666,672,883
1005:668,731,994
1006:677,752,768
1007:679,791,818
1008:684,732,766
1009:686,923,924
1010:687,749,942
1011:697,820,998
1012:704,780,998
1013:714,840,887
1014:741,784,970
1015:746,766,813
1016:751,760,928
1017:751,761,886
1018:756,868,940
1019:767,869,894
1020:768,968,997
1021:842,870,999
1022:885,917,954
1023:902,942,958
1024:0,211,589,591
1025:0,258,315,541
1026:1,44,925,997
1027:1,450,587,848
1028:1,523,675,992
1029:3,67,174,713
1030:3,97,520,891
1031:3,457,708,893
1032:4,287,655,911
1033:4,853,890,936
1034:5,145,672,939
1035:5,154,204,604
1036:5,226,249,977
1037:5,575,688,721
1038:6,85,94,495
1039:6,419,569,716
1040:6,428,481,883
1041:7,117,132,806
1042:7,143,518,756
1043:7,252,398,779
1044:7,279,416,567
1045:8,60,105,695
1046:8,266,639,641
1047:9,46,159,246
1048:9,82,190,482
1049:9,91,577,705
1050:9,132,329,772
1051:9,364,526,601
1052:9,453,597,676
1053:9,816,871,938
1054:10,135,195,831
1055:11,85,100,927
1056:11,631,669,936
1057:12,57,591,651
1058:12,685,897,993
1059:13,111,538,973
1060:13,160,244,331
1061:13,275,385,975
1062:13,488,573,844
1063:14,254,698,710
1064:15,323,648,811
1065:17,196,362,883
1066:19,44,259,519
1067:19,475,744,891
1068:20,75,157,554
1069:20,286,517,809
1070:21,202,884,906
1071:22,55,269,320
1072:22,229,477,872
1073:22,298,418,817
1074:22,486,737,915
1075:24,264,374,758
1076:24,676,928,934
1077:25,507,727,834
1078:25,655,691,915
1079:26,34,113,661
1080:26,153,200,858
1081:26,230,734,872
1082:26,355,551,646
1083:26,449,621,914
1084:27,234,525,798
1085:28,142,825,989
1086:28,215,218,236
1087:28,226,417,593
1088:29,137,211,977
1089:29,288,449,993
1090:29,615,707,946
1091:30,219,327,693
1092:30,307,335,744
1093:31,387,817,969
1094:32,138,224,487
1095:32,395,645,751
1096:32,418,554,718
1097:32,806,828,957
1098:33,96,109,335
1099:33,96,128,918
1100:34,35,296,822
1101:34,135,472,976
1102:35,244,707,997
1103:36,252,444,793
1104:36,380,900,997
1105:36,478,619,966
1106:37,69,247,555
1107:37,188,393,578
1108:37,252,543,779
1109:37,266,335,950
1110:37,290,752,982
1111:37,369,503,669
1112:38,103,634,960
1113:38,162,493,858
1114:39,92,389,708
1115:39,113,291,359
1116:39,604,656,755
1117:39,626,746,926
1118:40,304,412,961
1119:41,179,536,832
1120:41,795,860,936
1121:42,193,423,812
1122:43,158,284,810
1123:44,70,460,769
1124:44,94,783,905
1125:44,109,438,653
1126:45,135,433,771
1127:45,379,937,960
1128:46,124,414,654
1129:46,167,376,416
1130:46,281,729,907
1131:47,77,149,800
1132:47,125,835,872
1133:47,252,543,749
1134:48,207,399,633
1135:48,274,426,550
1136:48,914,938,999
1137:49,72,262,993
1138:49,158,655,920
1139:50,202,275,309
1140:50,282,685,853
1141:50,538,672,816
1142:51,136,261,580
1143:51,403,899,982
1144:51,813,982,986
1145:53,311,471,649
1146:54,60,675,709
1147:54,73,415,837
1148:54,833,894,912
1149:56,114,688,931
1150:56,370,444,645
1151:57,87,681,829
1152:57,351,855,994
1153:58,94,183,326
1154:58,182,217,522
1155:58,244,393,623
1156:60,151,178,393
1157:60,491,521,944
1158:61,104,438,697
1159:63,243,604,716
1160:63,259,331,407
1161:63,430,590,597
1162:64,137,543,847
1163:64,377,520,573
1164:65,534,638,838
1165:67,282,501,984
1166:67,437,696,861
1167:67,482,773,871
1168:67,719,771,863
1169:70,196,201,205
1170:72,207,522,570
1171:72,452,498,598
1172:73,120,268,576
1173:73,244,387,526
1174:73,284,950,968
1175:73,321,762,951
1176:73,325,690,888
1177:74,180,397,673
1178:74,443,521,986
1179:74,446,702,795
1180:75,79,262,877
1181:76,477,784,818
1182:76,543,713,830
1183:77,139,275,930
1184:78,156,322,772
1185:78,580,691,894
1186:79,166,483,971
1187:79,284,501,983
1188:80,112,550,992
1189:80,179,908,953
1190:80,380,610,732
1191:80,391,792,935
1192:80,473,662,808
1193:82,93,440,940
1194:83,275,423,457
1195:83,329,483,823
1196:83,624,642,835
1197:83,654,902,905
1198:84,267,448,775
1199:85,330,687,690
1200:87,440,577,956
1201:87,647,730,958
1202:89,319,377,858
1203:89,542,551,768
1204:90,175,279,833
1205:90,256,576,863
1206:90,274,466,754
1207:91,256,307,427
1208:91,635,905,994
1209:92,132,792,985
1210:93,157,201,731
1211:94,468,469,814
1212:96,139,219,526
1213:96,155,311,396
1214:96,214,396,621
1215:97,252,646,985
1216:100,186,359,537
1217:100,319,850,979
1218:101,220,558,785
1219:102,229,371,659
1220:103,279,771,808
1221:104,105,330,615
1222:104,433,735,976
1223:104,467,733,962
1224:105,165,402,614
1225:105,191,360,471
1226:105,211,634,890
1227:105,240,897,900
1228:105,551,825,918
1229:106,189,237,852
1230:106,395,634,923
1231:109,264,334,772
1232:109,281,484,624
1233:110,491,915,995
1234:111,187,489,553
1235:111,298,304,793
1236:111,390,736,823
1237:112,148,155,350
1238:112,266,282,686
1239:112,329,954,986
1240:112,567,690,844
1241:113,168,668,907
1242:113,208,527,979
1243:115,167,392,739
1244:115,370,461,901
1245:118,207,277,536
1246:119,379,779,987
1247:122,209,275,450
1248:122,249,370,648
1249:123,184,575,846
1250:123,399,409,577
1251:123,539,643,730
1252:124,165,295,959
1253:124,183,808,874
1254:124,427,573,630
1255:124,775,832,975
1256:125,152,584,714
1257:126,457,461,500
1258:127,235,640,713
1259:129,179,182,763
1260:129,360,487,820
1261:130,302,567,644
1262:130,367,803,989
1263:131,191,573,767
1264:132,349,675,980
1265:132,408,420,479
1266:133,244,523,831
1267:136,258,482,896
1268:137,267,583,933
1269:138,179,427,819
1270:140,811,944,952
1271:142,339,724,727
1272:143,324,404,439
1273:144,268,330,429
1274:145,155,377,764
1275:146,147,848,952
1276:146,627,900,903
1277:147,341,819,867
1278:148,275,466,843
1279:148,381,490,617
1280:148,515,754,960
1281:152,183,615,940
1282:153,376,778,809
1283:155,325,477,775
1284:156,271,539,837
1285:157,223,352,435
1286:157,312,606,617
1287:157,448,755,914
1288:157,528,568,608
1289:158,201,332,896
1290:158,369,382,992
1291:158,371,522,839
1292:158,699,768,801
1293:159,469,487,741
1294:160,471,637,799
1295:163,374,418,997
1296:163,399,595,636
1297:163,578,825,919
1298:164,445,623,882
1299:164,529,911,919
1300:165,181,324,597
1301:165,449,465,705
1302:165,475,485,757
1303:165,555,667,945
1304:166,359,412,968
1305:167,254,408,661
1306:168,637,669,754
1307:170,625,690,746
1308:171,525,665,840
1309:173,223,464,752
1310:175,367,659,772
1311:175,536,694,809
1312:175,569,707,766
1313:176,233,545,641
1314:176,262,328,653
1315:176,307,395,574
1316:176,514,580,762
1317:177,297,679,744
1318:178,271,358,377
1319:178,668,916,955
1320:179,723,776,960
1321:181,378,540,840
1322:182,242,407,700
1323:182,388,587,848
1324:183,203,758,888
1325:183,293,389,740
1326:184,295,330,789
1327:193,196,527,946
1328:194,355,424,874
1329:195,446,526,956
1330:196,268,324,449
1331:197,240,814,823
1332:197,388,647,806
1333:199,202,322,777
1334:199,494,654,869
1335:205,508,733,914
1336:206,245,551,613
1337:206,290,485,608
1338:206,344,725,768
1339:206,401,541,631
1340:208,267,384,826
1341:208,273,327,947
1342:208,556,749,752
1343:210,386,517,570
1344:212,770,799,802
1345:215,476,543,982
1346:216,264,302,945
1347:216,449,522,550
1348:216,638,684,856
1349:217,318,330,602
1350:218,224,403,618
1351:219,670,839,933
1352:220,292,421,642
1353:226,259,773,776
1354:226,416,674,912
1355:228,397,536,799
1356:230,403,675,956
1357:230,453,848,910
1358:230,499,764,863
1359:231,254,505,722
1360:232,494,571,639
1361:233,413,769,828
1362:234,506,934,974
1363:237,272,978,979
1364:238,526,568,766
1365:242,244,685,929
1366:242,253,292,432
1367:243,494,672,697
1368:244,558,763,942
1369:246,376,380,764
1370:246,693,696,756
1371:247,449,479,862
1372:247,676,749,800
1373:253,317,458,976
1374:255,294,323,644
1375:255,542,576,954
1376:256,386,431,591
1377:256,486,911,914
1378:259,537,902,980
1379:260,804,881,909
1380:262,290,518,601
1381:262,711,719,934
1382:264,332,357,833
1383:264,475,660,910
1384:267,417,576,885
1385:271,294,385,593
1386:272,460,603,646
1387:275,543,713,816
1388:276,818,864,897
1389:277,521,834,980
1390:281,286,310,420
1391:282,298,698,981
1392:282,628,698,885
1393:283,489,626,861
1394:288,416,608,758
1395:288,587,656,803
1396:289,357,448,568
1397:290,747,943,947
1398:292,296,332,973
1399:292,417,434,745
1400:292,524,629,752
1401:294,516,521,731
1402:295,307,485,852
1403:296,368,624,649
1404:296,389,495,929
1405:296,453,688,719
1406:298,301,597,830
1407:299,442,500,655
1408:300,463,488,647
1409:300,487,580,835
1410:303,432,462,663
1411:304,396,774,801
1412:304,863,964,965
1413:305,442,763,978
1414:309,472,473,571
1415:310,397,595,700
1416:311,473,504,765
1417:313,366,727,950
1418:313,379,546,584
1419:316,571,601,702
1420:317,392,603,904
1421:319,604,776,906
1422:319,672,755,785
1423:320,866,960,963
1424:322,387,697,808
1425:324,467,636,771
1426:325,476,518,722
1427:325,585,914,982
1428:330,354,872,944
1429:330,609,623,928
1430:334,341,712,954
1431:336,500,523,852
1432:336,641,768,822
1433:341,444,481,551
1434:341,749,797,912
1435:347,349,656,825
1436:348,401,608,693
1437:349,367,562,856
1438:352,517,795,972
1439:352,877,880,950
1440:355,623,816,956
1441:357,403,453,584
1442:359,703,725,971
1443:360,465,804,901
1444:363,380,570,683
1445:365,568,740,861
1446:374,508,676,800
1447:374,595,861,977
1448:381,637,679,873
1449:384,444,651,790
1450:385,429,794,973
1451:387,544,736,843
1452:388,597,835,932
1453:390,759,904,970
1454:391,440,909,916
1455:395,475,673,859
1456:404,563,666,943
1457:410,442,677,728
1458:411,622,825,871
1459:413,419,713,805
1460:413,528,709,932
1461:413,566,640,943
1462:415,708,764,869
1463:416,498,685,946
1464:418,591,825,966
1465:421,463,627,719
1466:426,542,578,743
1467:426,705,733,744
1468:429,659,824,923
1469:430,820,913,992
1470:432,652,796,978
1471:432,657,673,842
1472:436,572,605,748
1473:438,487,502,997
1474:438,742,947,958
1475:443,611,678,779
1476:444,490,593,992
1477:445,777,810,849
1478:452,651,718,724
1479:452,703,733,890
1480:455,590,874,958
1481:457,747,780,889
1482:458,623,891,963
1483:458,672,722,977
1484:463,518,544,570
1485:469,722,807,911
1486:470,719,790,850
1487:472,505,843,864
1488:474,801,807,972
1489:476,573,659,838
1490:476,634,672,844
1491:477,528,544,714
1492:479,528,820,961
1493:479,615,805,830
1494:479,776,848,877
1495:480,723,870,947
1496:488,645,658,913
1497:490,724,842,991
1498:492,679,768,923
1499:493,538,766,838
1500:495,709,905,968
1501:497,678,826,858
1502:499,512,516,796
1503:509,558,594,990
1504:521,836,889,919
1505:538,775,829,838
1506:550,731,941,968
1507:558,660,787,844
1508:577,643,757,893
1509:580,792,921,935
1510:584,735,801,947
1511:590,650,760,793
1512:630,681,817,945
1513:637,646,753,957
1514:661,679,698,764
1515:775,863,961,963
1516:786,880,884,963
1517:791,905,932,934
1518:0,45,236,578,852
1519:1,100,373,619,978
1520:1,186,215,320,381
1521:1,292,361,527,920
1522:1,558,566,595,938
1523:1,569,749,937,973
1524:2,46,106,114,858
1525:2,420,515,569,841
1526:2,459,773,897,921
1527:3,124,199,339,600
1528:3,235,240,504,914
1529:3,700,810,850,896
1530:4,25,131,385,777
1531:5,28,86,116,261
1532:5,161,471,788,970
1533:5,358,587,668,781
1534:6,16,215,391,442
1535:6,26,388,452,751
1536:6,194,752,778,891
1537:7,9,16,87,922
1538:7,52,206,389,691
1539:7,346,368,385,519
1540:8,31,502,518,750
1541:8,192,493,613,949
1542:8,302,470,541,772
1543:8,626,632,658,877
1544:9,45,259,474,999
1545:9,161,466,972,984
1546:10,34,36,51,841
1547:11,387,649,853,919
1548:12,29,318,419,981
1549:12,264,473,652,731
1550:14,518,858,861,862
1551:15,119,444,699,984
1552:15,460,563,679,863
1553:16,35,148,559,584
1554:16,212,590,601,614
1555:17,22,48,500,895
1556:17,58,213,327,731
1557:17,109,250,336,499
1558:18,46,235,253,388
1559:18,114,357,451,876
1560:18,124,455,476,877
1561:18,139,207,410,767
1562:18,165,623,895,931
1563:19,25,271,405,999
1564:19,30,46,185,563
1565:19,297,409,683,780
1566:20,54,339,548,622
1567:21,40,109,387,860
1568:21,111,739,877,910
1569:21,162,238,829,876
1570:21,234,384,628,657
1571:23,335,371,895,954
1572:23,341,398,567,760
1573:24,110,478,604,862
1574:24,156,363,418,494
1575:24,169,345,651,930
1576:24,216,377,464,990
1577:24,413,427,824,990
1578:25,62,367,459,940
1579:26,27,144,253,978
1580:26,154,158,508,709
1581:26,188,231,612,920
1582:26,271,468,596,647
1583:26,413,851,911,945
1584:27,37,405,538,815
1585:27,186,201,722,781
1586:27,189,504,538,989
1587:28,30,44,263,729
1588:28,316,589,837,967
1589:28,510,666,881,967
1590:29,303,626,788,972
1591:29,311,407,717,882
1592:29,744,847,863,981
1593:30,548,562,682,747
1594:32,258,576,658,973
1595:32,439,478,709,780
1596:34,129,193,246,535
1597:35,283,330,525,876
1598:36,63,79,147,201
1599:36,180,296,493,511
1600:36,216,431,816,912
1601:37,195,575,605,715
1602:37,224,334,546,748
1603:37,812,856,950,955
1604:38,56,758,794,974
1605:38,556,758,785,987
1606:40,149,160,446,670
1607:40,336,570,582,900
1608:41,192,567,791,900
1609:41,398,811,944,967
1610:41,523,876,913,984
1611:41,774,839,972,974
1612:43,84,221,356,656
1613:43,365,587,700,783
1614:44,150,473,509,658
1615:45,101,210,640,682
1616:45,231,326,398,677
1617:46,707,834,917,930
1618:47,346,528,724,769
1619:49,77,78,462,564
1620:49,197,587,720,752
1621:49,210,232,470,788
1622:50,179,520,748,897
1623:50,202,298,431,944
1624:51,68,285,577,914
1625:51,106,416,723,817
1626:51,131,388,811,850
1627:51,220,610,758,792
1628:51,302,334,433,729
1629:51,517,623,636,647
1630:51,600,749,907,935
1631:52,75,376,847,907
1632:52,212,333,721,780
1633:53,87,276,860,931
1634:54,68,345,349,773
1635:54,165,175,289,371
1636:55,87,393,394,555
1637:55,416,738,755,927
1638:55,494,520,529,882
1639:56,80,526,661,780
1640:56,172,589,848,850
1641:56,204,459,830,908
1642:56,384,490,878,972
1643:57,134,622,762,786
1644:57,199,696,831,874
1645:57,321,449,456,880
1646:58,219,363,732,978
1647:59,86,404,847,932
1648:59,173,734,807,886
1649:60,106,380,686,774
1650:60,119,129,593,930
1651:61,394,493,514,738
1652:61,465,499,516,812
1653:61,478,796,854,948
1654:62,101,513,515,716
1655:62,575,745,766,891
1656:63,80,160,348,452
1657:63,209,490,837,997
1658:63,289,406,599,990
1659:64,131,498,571,624
1660:65,76,170,417,499
1661:65,82,164,622,818
1662:66,185,811,833,943
1663:67,506,652,655,901
1664:68,81,152,177,587
1665:68,115,423,912,958
1666:68,381,386,453,992
1667:69,157,674,695,761
1668:69,228,520,626,774
1669:69,377,540,572,678
1670:70,78,166,566,678
1671:70,209,320,617,959
1672:70,213,342,679,733
1673:71,223,579,658,819
1674:71,348,588,690,970
1675:72,266,664,815,843
1676:73,124,269,374,433
1677:73,431,449,698,967
1678:73,591,612,760,812
1679:74,141,374,540,987
1680:74,434,624,953,972
1681:75,126,345,459,824
1682:75,276,486,510,530
1683:75,580,667,713,926
1684:76,345,348,644,953
1685:77,153,169,781,936
1686:77,328,345,863,947
1687:79,102,414,889,950
1688:81,214,547,569,939
1689:81,355,585,921,965
1690:82,291,526,560,908
1691:82,363,632,684,937
1692:84,438,671,730,866
1693:85,331,615,692,862
1694:85,651,718,848,934
1695:87,122,132,456,964
1696:87,293,387,516,906
1697:88,178,294,608,637
1698:89,113,385,524,937
1699:89,553,580,606,723
1700:89,583,650,726,764
1701:90,286,844,856,977
1702:91,458,706,899,909
1703:91,526,569,689,870
1704:93,96,363,490,499
1705:93,141,162,364,446
1706:93,215,566,639,641
1707:93,295,572,683,765
1708:93,384,530,542,613
1709:94,398,401,540,564
1710:96,374,521,562,641
1711:97,168,188,233,435
1712:97,371,423,517,891
1713:98,299,457,594,759
1714:98,370,631,885,899
1715:100,126,309,608,810
1716:100,257,365,421,660
1717:100,527,687,762,769
1718:103,399,639,725,815
1719:103,536,682,729,937
1720:104,273,433,830,869
1721:105,117,505,863,871
1722:106,153,393,753,872
1723:106,380,547,719,951
1724:107,174,438,739,803
1725:107,284,452,478,503
1726:109,341,367,721,968
1727:110,170,250,350,791
1728:110,340,541,601,659
1729:110,358,423,737,999
1730:111,125,373,901,946
1731:111,188,252,296,908
1732:111,427,637,714,792
1733:112,183,296,711,832
1734:112,186,399,761,812
1735:112,456,559,757,890
1736:112,460,548,622,706
1737:113,157,431,558,572
1738:113,172,407,579,835
1739:113,293,371,584,605
1740:113,356,628,728,890
1741:113,447,634,742,850
1742:114,243,907,930,998
1743:115,161,364,639,714
1744:115,172,263,313,689
1745:115,596,691,880,924
1746:116,143,707,720,819
1747:117,179,444,699,919
1748:117,359,719,817,878
1749:118,213,515,755,825
1750:119,172,470,676,972
1751:120,162,174,359,424
1752:120,168,198,519,863
1753:120,248,454,667,830
1754:120,660,847,978,992
1755:121,212,223,749,946
1756:121,248,485,755,764
1757:121,364,510,667,694
1758:123,148,611,730,921
1759:124,163,230,266,890
1760:124,183,347,402,945
1761:124,321,493,621,942
1762:124,807,851,893,949
1763:126,184,302,502,954
1764:127,308,549,728,760
1765:128,336,397,487,662
1766:129,248,330,604,805
1767:129,456,539,740,930
1768:130,283,380,541,647
1769:130,426,434,639,905
1770:131,235,747,790,948
1771:131,475,598,761,932
1772:131,513,657,776,852
1773:134,167,210,540,780
1774:134,259,270,307,341
1775:134,349,402,758,858
1776:135,520,579,728,858
1777:136,139,527,689,997
1778:137,283,392,407,612
1779:137,349,466,681,697
1780:138,482,491,747,810
1781:139,273,330,516,861
1782:140,179,318,503,941
1783:140,306,518,801,911
1784:140,527,881,931,980
1785:143,210,334,664,698
1786:143,255,432,547,809
1787:143,524,583,611,921
1788:143,638,642,807,874
1789:145,217,499,586,878
1790:145,524,729,792,868
1791:145,574,671,679,999
1792:146,214,343,491,938
1793:146,423,664,720,982
1794:147,238,412,441,456
1795:147,259,375,502,560
1796:151,183,436,709,976
1797:151,185,320,358,684
1798:151,388,416,769,987
1799:151,501,586,652,876
1800:152,268,374,757,970
1801:152,322,436,497,667
1802:154,254,707,753,901
1803:155,169,689,784,938
1804:155,219,492,933,984
1805:155,220,376,779,843
1806:155,433,451,838,943
1807:157,478,500,666,790
1808:158,177,267,713,958
1809:158,269,280,411,788
1810:159,599,749,781,969
1811:161,209,266,523,795
1812:161,415,884,936,982
1813:163,215,232,353,461
1814:163,233,466,498,557
1815:163,235,501,522,728
1816:163,309,337,502,885
1817:163,367,448,902,920
1818:164,326,524,741,839
1819:166,273,563,911,960
1820:166,375,490,671,956
1821:166,504,854,951,986
1822:167,207,554,630,974
1823:168,348,440,711,964
1824:171,375,609,861,938
1825:172,212,472,569,804
1826:173,447,730,787,925
1827:174,487,802,873,885
1828:175,304,449,612,833
1829:176,386,829,935,955
1830:176,419,574,806,923
1831:177,414,692,769,878
1832:178,235,722,763,940
1833:178,242,280,471,619
1834:178,357,388,664,923
1835:179,297,811,852,985
1836:179,399,641,884,954
1837:181,218,841,886,956
1838:183,226,386,601,800
1839:186,215,438,559,963
1840:186,316,815,827,866
1841:186,525,680,936,951
1842:187,244,344,661,973
1843:187,359,445,797,907
1844:188,212,238,731,801
1845:188,224,432,501,683
1846:188,523,557,628,857
1847:190,475,673,863,961
1848:192,218,492,578,683
1849:192,648,673,915,924
1850:193,298,581,586,691
1851:194,291,581,648,785
1852:195,237,445,811,861
1853:196,282,526,698,859
1854:196,390,519,742,845
1855:196,484,505,611,681
1856:197,520,906,956,969
1857:198,217,316,557,801
1858:199,391,525,758,804
1859:199,403,423,523,651
1860:200,408,475,870,958
1861:201,223,583,866,914
1862:201,366,611,677,774
1863:204,221,299,367,400
1864:204,372,717,816,957
1865:207,414,461,766,817
1866:208,314,434,448,642
1867:209,224,282,634,749
1868:209,234,668,770,864
1869:210,525,584,625,833
1870:214,217,562,614,892
1871:214,341,411,564,738
1872:215,439,564,634,790
1873:216,302,715,762,961
1874:217,493,803,862,979
1875:218,266,380,661,710
1876:220,330,470,742,921
1877:221,259,809,891,975
1878:221,334,379,435,442
1879:221,376,531,775,860
1880:222,484,682,756,973
1881:223,336,573,657,972
1882:223,353,608,858,972
1883:225,430,698,702,803
1884:225,581,767,904,917
1885:226,283,452,739,807
1886:226,293,319,627,839
1887:227,248,415,520,866
1888:227,736,737,961,962
1889:228,415,696,723,843
1890:229,502,506,628,760
1891:233,250,602,692,745
1892:233,452,566,637,730
1893:234,512,725,747,775
1894:235,405,679,920,998
1895:236,247,395,497,569
1896:237,268,537,681,820
1897:239,308,413,592,825
1898:239,372,570,803,921
1899:239,397,460,773,923
1900:241,318,542,598,905
1901:241,630,695,742,947
1902:243,269,464,507,859
1903:243,384,527,644,955
1904:247,277,409,540,837
1905:247,300,559,617,837
1906:247,351,690,792,819
1907:249,613,691,718,921
1908:250,367,741,775,954
1909:251,581,617,729,738
1910:253,587,783,945,959
1911:254,278,502,688,776
1912:254,369,705,717,735
1913:255,296,598,632,894
1914:255,517,722,945,986
1915:256,258,300,856,909
1916:257,351,416,711,746
1917:258,334,452,526,808
1918:260,325,695,739,994
1919:261,342,425,554,812
1920:263,485,498,977,991
1921:265,308,719,845,893
1922:265,522,618,689,805
1923:267,417,778,800,995
1924:268,307,462,583,857
1925:268,388,665,713,797
1926:269,301,322,445,759
1927:270,315,699,744,967
1928:271,405,590,800,957
1929:275,344,593,649,996
1930:275,471,549,722,916
1931:275,505,565,780,996
1932:277,561,637,720,932
1933:278,364,718,907,996
1934:279,308,336,365,647
1935:279,381,463,558,959
1936:280,285,294,881,970
1937:282,387,461,713,833
1938:285,405,486,651,671
1939:287,326,466,534,608
1940:289,541,768,856,927
1941:290,445,686,849,931
1942:294,411,783,808,847
1943:295,324,447,515,712
1944:295,421,588,751,929
1945:300,534,732,959,991
1946:301,302,639,813,999
1947:301,370,443,635,733
1948:306,497,523,554,760
1949:307,520,770,922,933
1950:314,341,402,530,889
1951:315,422,463,600,880
1952:320,345,800,819,889
1953:321,354,432,749,865
1954:326,341,553,829,945
1955:330,581,742,765,869
1956:330,630,649,867,905
1957:331,396,431,715,933
1958:332,355,559,811,817
1959:332,473,539,556,655
1960:335,533,869,900,951
1961:340,444,508,667,703
1962:342,642,738,754,794
1963:343,448,629,770,924
1964:344,363,465,607,992
1965:344,577,886,942,955
1966:346,534,662,974,991
1967:348,391,560,756,785
1968:348,640,740,895,948
1969:350,367,536,628,669
1970:353,463,540,682,962
1971:355,403,732,942,995
1972:355,438,571,800,948
1973:355,462,555,570,748
1974:361,484,521,631,936
1975:366,567,615,701,992
1976:374,382,734,796,842
1977:375,607,631,906,922
1978:376,397,728,756,950
1979:377,645,743,917,950
1980:380,628,807,811,850
1981:381,418,617,623,640
1982:385,411,527,648,756
1983:386,615,742,775,871
1984:387,419,619,807,846
1985:387,508,546,657,864
1986:393,482,555,773,897
1987:397,402,527,780,987
1988:399,587,850,925,987
1989:400,517,555,565,768
1990:401,577,673,759,775
1991:403,563,890,924,948
1992:406,627,748,802,903
1993:410,721,807,833,909
1994:412,590,701,988,998
1995:413,507,801,893,949
1996:417,432,579,969,978
1997:421,523,741,795,846
1998:439,465,831,898,925
1999:448,519,727,840,879
2000:457,552,660,720,811
2001:461,544,651,719,769
2002:462,604,627,771,989
2003:467,488,585,666,706
2004:477,492,567,601,676
2005:487,498,557,723,794
2006:487,541,759,858,952
2007:490,514,617,800,870
2008:497,607,740,760,964
2009:498,629,639,663,781
2010:499,505,652,871,919
2011:502,782,838,900,947
2012:508,550,695,776,786
2013:515,519,557,707,850
2014:522,577,646,895,947
2015:523,603,725,751,889
2016:526,553,557,685,915
2017:526,769,857,986,992
2018:558,590,652,747,905
2019:582,604,722,734,829
2020:591,603,718,855,878
2021:599,612,621,741,914
2022:613,644,726,786,981
2023:626,627,635,794,951
2024:628,646,690,782,990
2025:641,664,784,785,908
2026:682,727,743,826,993
2027:716,837,928,941,973
2028:0,33,306,386,400,598
2029:0,78,87,637,692,799
2030:0,112,142,288,551,895
2031:0,114,580,656,732,983
2032:0,207,374,379,406,732
2033:1,265,303,342,559,796
2034:2,7,16,50,185,485
2035:2,58,102,469,494,640
2036:2,78,401,733,811,991
2037:2,85,415,623,632,957
2038:2,494,611,731,836,886
2039:3,5,178,345,839,900
2040:3,171,236,254,282,470
2041:3,263,702,849,922,940
2042:5,175,226,508,873,879
2043:5,200,566,615,699,928
2044:5,499,605,618,659,831
2045:6,132,546,603,668,741
2046:6,139,281,607,901,953
2047:7,91,397,451,510,908
2048:7,229,321,583,697,848
2049:7,551,731,748,895,914
2050:8,118,197,545,847,871
2051:8,281,314,381,481,800
2052:8,329,421,457,580,706
2053:9,113,293,454,857,944
2054:9,187,581,595,600,791
2055:10,47,117,289,571,761
2056:10,89,177,187,474,503
2057:10,300,483,501,697,902
2058:11,62,96,289,801,911
2059:11,124,472,603,703,708
2060:11,438,671,755,793,864
2061:12,23,226,410,498,956
2062:12,170,303,335,666,741
2063:12,197,200,223,727,780
2064:12,264,273,688,698,759
2065:13,140,272,343,433,562
2066:13,240,443,493,600,851
2067:14,225,292,345,688,954
2068:15,91,423,659,711,766
2069:15,253,254,421,919,981
2070:15,347,745,780,894,965
2071:16,26,80,155,649,828
2072:16,77,450,883,921,996
2073:16,366,374,573,857,897
2074:17,93,126,200,865,922
2075:17,133,236,791,797,915
2076:17,240,378,424,661,728
2077:18,47,87,128,292,737
2078:19,43,55,359,598,977
2079:20,73,626,629,684,932
2080:20,81,122,449,543,896
2081:20,182,501,590,769,991
2082:20,200,328,399,756,906
2083:21,55,243,492,602,678
2084:21,104,165,273,680,768
2085:21,341,370,581,592,904
2086:21,392,587,739,849,859
2087:22,137,517,575,760,977
2088:22,227,300,800,839,842
2089:22,233,484,814,830,834
2090:22,307,340,348,374,918
2091:23,32,84,125,174,526
2092:23,124,241,463,767,939
2093:23,211,518,598,806,935
2094:25,256,369,474,741,966
2095:26,157,323,401,540,589
2096:26,809,860,909,971,996
2097:28,64,289,400,705,936
2098:28,248,255,346,869,949
2099:29,40,440,630,685,838
2100:29,53,95,361,694,983
2101:29,60,119,199,369,680
2102:30,213,409,411,845,986
2103:30,468,487,532,927,956
2104:31,51,476,848,872,976
2105:31,76,213,601,745,787
2106:31,425,539,638,722,741
2107:33,351,663,859,890,929
2108:34,132,431,577,586,641
2109:34,361,409,862,966,976
2110:35,174,370,422,641,673
2111:36,66,191,348,450,691
2112:36,105,269,274,605,697
2113:36,407,660,739,767,816
2114:37,192,245,261,679,758
2115:38,61,83,407,487,699
2116:38,140,273,341,910,960
2117:39,56,279,586,607,854
2118:39,124,245,677,764,766
2119:39,131,533,621,961,978
2120:39,156,189,364,479,861
2121:39,197,283,351,614,772
2122:39,207,220,233,675,966
2123:39,221,274,860,913,996
2124:39,382,503,532,660,850
2125:40,48,520,562,666,795
2126:40,154,197,354,833,940
2127:40,256,320,569,667,902
2128:40,275,310,381,443,874
2129:41,48,83,175,566,988
2130:41,131,173,270,624,994
2131:41,186,298,683,722,869
2132:41,366,400,574,764,771
2133:42,340,734,785,948,996
2134:43,96,520,547,574,677
2135:44,60,162,704,951,970
2136:44,68,87,188,308,708
2137:44,96,107,204,463,532
2138:44,198,294,603,976,982
2139:45,246,455,502,706,760
2140:46,211,272,351,516,905
2141:47,84,255,271,454,854
2142:47,155,389,413,673,864
2143:48,142,475,514,623,684
2144:48,338,565,637,731,885
2145:49,197,270,336,699,956
2146:50,188,287,381,664,772
2147:51,160,453,517,665,813
2148:52,138,149,371,430,825
2149:52,161,279,508,811,842
2150:53,96,139,269,273,901
2151:54,88,306,314,658,703
2152:54,107,157,239,602,686
2153:54,111,215,260,486,576
2154:54,146,624,800,841,995
2155:55,197,334,476,625,702
2156:56,161,299,486,822,980
2157:57,123,403,437,824,868
2158:58,135,265,423,430,729
2159:58,248,325,435,461,732
2160:59,560,646,746,899,948
2161:60,76,524,715,738,965
2162:60,177,706,829,966,986
2163:61,109,374,734,738,742
2164:62,131,388,530,861,872
2165:62,210,366,424,596,634
2166:62,259,270,580,761,991
2167:62,464,791,910,921,955
2168:63,221,416,485,769,964
2169:63,266,304,647,860,955
2170:64,67,121,287,506,559
2171:64,119,328,801,892,927
2172:64,130,314,393,409,847
2173:64,181,505,565,571,752
2174:65,182,509,545,902,922
2175:65,246,289,735,764,850
2176:66,116,128,420,427,507
2177:66,143,206,610,619,679
2178:66,229,672,735,774,972
2179:66,418,517,589,720,980
2180:67,345,361,426,519,612
2181:69,204,361,418,839,940
2182:69,208,512,533,615,687
2183:71,119,179,218,597,934
2184:72,253,284,389,529,645
2185:73,81,213,287,804,967
2186:73,87,256,349,746,978
2187:73,155,347,765,777,959
2188:73,156,357,552,619,795
2189:73,205,542,775,784,922
2190:73,242,243,387,676,981
2191:73,287,315,428,899,999
2192:73,302,630,737,753,837
2193:73,312,319,511,569,799
2194:74,143,302,316,709,731
2195:74,191,198,277,342,349
2196:74,343,450,533,545,899
2197:74,351,424,463,516,705
2198:75,93,112,485,792,938
2199:75,208,540,602,816,950
2200:77,122,180,459,477,694
2201:77,160,423,748,770,814
2202:79,220,299,657,806,883
2203:79,320,821,855,877,902
2204:80,185,249,565,906,980
2205:80,255,347,523,634,832
2206:80,257,296,382,822,891
2207:81,119,599,648,692,800
2208:81,196,600,741,846,922
2209:81,325,508,758,891,943
2210:82,286,306,551,693,907
2211:82,390,398,627,721,800
2212:83,93,256,407,444,483
2213:83,120,294,523,951,982
2214:83,523,567,608,627,822
2215:85,163,203,453,523,676
2216:85,367,550,661,898,947
2217:86,527,564,770,888,977
2218:87,255,449,531,577,875
2219:89,338,434,462,615,773
2220:90,149,315,329,490,592
2221:90,361,383,435,831,977
2222:91,188,347,352,473,836
2223:91,487,790,883,884,927
2224:93,280,333,366,486,560
2225:94,121,234,898,913,979
2226:94,174,464,736,819,842
2227:94,615,743,879,887,940
2228:95,157,427,461,500,819
2229:95,189,207,240,412,424
2230:95,328,356,505,629,676
2231:95,354,815,879,905,973
2232:95,522,528,671,693,804
2233:96,154,424,641,658,821
2234:97,271,390,636,947,955
2235:98,113,338,480,567,924
2236:99,545,644,858,869,932
2237:99,665,751,763,778,833
2238:101,311,447,493,626,771
2239:102,265,329,382,929,988
2240:103,256,324,431,594,916
2241:103,292,293,381,409,696
2242:103,319,495,522,926,962
2243:103,476,632,665,964,986
2244:104,109,187,384,410,695
2245:104,351,640,663,756,964
2246:104,400,445,708,830,880
2247:106,145,281,379,434,610
2248:106,418,744,785,986,997
2249:106,564,676,737,790,892
2250:107,144,391,486,490,641
2251:107,153,271,607,769,790
2252:107,175,433,635,655,796
2253:108,157,188,222,290,895
2254:108,328,492,591,685,740
2255:108,332,403,747,795,974
2256:108,566,630,659,843,989
2257:109,130,263,315,799,808
2258:110,257,395,511,663,809
2259:110,268,310,314,328,677
2260:110,592,627,816,912,920
2261:112,132,438,447,754,996
2262:112,210,468,528,675,801
2263:112,226,359,430,719,945
2264:112,404,485,527,581,793
2265:112,408,430,525,667,855
2266:112,456,478,537,633,722
2267:113,184,211,483,668,680
2268:113,189,233,298,461,836
2269:113,234,420,475,783,843
2270:114,188,455,481,657,701
2271:115,343,652,732,767,939
2272:118,120,324,558,609,631
2273:118,208,514,585,602,843
2274:118,263,387,460,562,672
2275:119,414,547,886,958,960
2276:120,426,480,560,850,965
2277:120,443,572,577,578,630
2278:121,128,181,240,455,757
2279:121,336,360,411,429,463
2280:121,357,523,587,822,931
2281:122,174,561,616,978,981
2282:123,150,227,301,365,584
2283:123,382,497,716,721,828
2284:124,297,722,770,772,832
2285:124,451,574,721,736,998
2286:125,252,492,706,918,949
2287:125,449,498,527,539,657
2288:126,167,480,576,677,938
2289:126,296,481,721,742,928
2290:127,162,211,341,696,971
2291:127,418,552,665,776,915
2292:128,389,492,604,862,979
2293:130,216,484,726,825,930
2294:130,293,430,436,506,566
2295:133,230,282,390,922,958
2296:133,300,445,641,729,965
2297:133,406,569,616,767,774
2298:133,726,768,822,921,984
2299:134,194,408,489,857,994
2300:134,202,350,503,592,661
2301:134,688,691,707,727,979
2302:135,257,315,442,506,534
2303:136,218,232,648,679,899
2304:139,282,350,361,457,857
2305:140,174,287,349,700,917
2306:140,313,350,362,882,945
2307:141,183,402,527,756,833
2308:143,287,477,586,869,957
2309:144,499,696,857,870,879
2310:145,441,466,661,676,791
2311:146,268,378,614,922,931
2312:147,332,450,541,571,956
2313:148,246,322,486,783,853
2314:149,228,745,751,913,973
2315:151,161,486,727,946,982
2316:151,180,281,284,716,940
2317:151,271,560,666,916,997
2318:151,275,564,608,872,987
2319:151,500,576,704,765,832
2320:152,211,226,417,420,939
2321:153,166,219,395,928,948
2322:153,198,288,394,499,848
2323:153,404,449,478,654,848
2324:153,600,621,704,794,924
2325:154,283,518,758,763,939
2326:154,384,704,795,810,970
2327:155,176,245,254,478,829
2328:155,408,623,651,711,910
2329:157,340,373,686,859,906
2330:158,427,790,807,854,894
2331:159,270,296,498,545,994
2332:160,178,195,440,948,999
2333:161,226,238,254,570,606
2334:162,246,522,758,812,830
2335:163,226,537,575,617,794
2336:163,402,463,487,758,823
2337:165,391,529,635,679,895
2338:166,285,680,714,737,969
2339:166,433,519,718,767,798
2340:167,168,323,329,445,866
2341:167,292,300,404,521,649
2342:167,306,336,634,821,862
2343:167,432,671,683,731,997
2344:168,177,330,407,870,916
2345:169,362,429,514,692,727
2346:170,230,308,433,513,842
2347:173,203,239,392,570,982
2348:173,284,367,431,588,795
2349:174,277,524,662,692,965
2350:174,312,350,562,602,862
2351:176,251,319,497,586,728
2352:178,345,429,534,613,910
2353:179,288,356,616,790,871
2354:181,211,446,560,690,710
2355:181,361,648,824,951,971
2356:182,281,305,394,557,975
2357:185,536,668,810,936,946
2358:187,236,290,414,542,780
2359:189,196,302,325,711,760
2360:190,357,590,758,848,887
2361:190,363,408,439,626,917
2362:191,231,371,429,470,740
2363:191,286,397,902,939,967
2364:192,268,272,817,896,923
2365:194,203,608,823,891,937
2366:195,217,485,547,840,925
2367:195,296,383,420,655,994
2368:196,266,450,607,815,824
2369:200,720,730,844,846,938
2370:201,334,623,790,931,977
2371:202,255,362,477,516,788
2372:202,367,426,580,726,998
2373:206,292,306,325,740,958
2374:206,326,428,554,645,672
2375:207,280,318,607,761,867
2376:208,303,369,495,727,969
2377:209,432,445,713,954,962
2378:209,657,678,728,828,845
2379:211,295,814,937,964,971
2380:212,404,765,804,891,967
2381:212,485,622,747,898,984
2382:213,389,481,795,835,845
2383:217,237,542,688,763,873
2384:219,328,546,688,773,819
2385:219,469,475,521,559,738
2386:221,247,488,906,925,993
2387:222,336,403,418,679,771
2388:223,665,751,781,803,953
2389:224,227,509,703,766,925
2390:224,489,646,744,869,939
2391:225,227,278,613,750,902
2392:225,275,501,811,893,990
2393:225,345,490,492,514,635
2394:225,485,582,662,681,862
2395:227,280,609,721,888,891
2396:227,336,702,765,835,837
2397:228,303,386,691,817,889
2398:230,342,564,637,914,986
2399:232,277,294,607,796,869
2400:233,242,358,530,672,825
2401:233,636,642,702,909,974
2402:233,714,724,828,869,895
2403:234,363,373,393,529,681
2404:235,270,345,670,771,800
2405:239,241,497,629,684,966
2406:242,362,569,658,714,898
2407:244,275,630,802,875,998
2408:245,293,650,679,744,873
2409:245,314,519,557,596,763
2410:249,339,379,822,897,960
2411:249,551,721,899,932,994
2412:250,374,563,649,701,973
2413:252,378,379,436,824,835
2414:252,422,458,554,743,957
2415:254,272,453,521,665,673
2416:254,321,364,442,480,771
2417:256,300,520,535,544,548
2418:257,273,285,551,700,812
2419:257,346,398,573,802,874
2420:257,411,490,580,872,912
2421:259,295,350,539,727,970
2422:261,374,450,589,648,935
2423:262,296,505,617,696,737
2424:262,526,684,738,746,884
2425:267,408,765,813,947,991
2426:268,354,569,796,875,974
2427:268,379,456,705,957,978
2428:270,477,511,522,834,924
2429:271,384,503,677,956,974
2430:271,431,553,733,935,971
2431:273,319,352,428,750,801
2432:273,396,600,634,661,937
2433:273,465,767,825,871,881
2434:278,528,626,631,732,817
2435:280,821,825,837,871,995
2436:283,370,528,729,751,903
2437:283,417,658,750,820,987
2438:284,390,611,714,882,888
2439:288,343,478,494,613,863
2440:290,306,388,715,862,932
2441:292,394,419,643,891,991
2442:292,396,630,635,810,856
2443:292,481,721,771,810,820
2444:293,307,615,628,810,841
2445:297,355,716,721,934,979
2446:299,337,854,873,900,991
2447:300,536,550,601,606,747
2448:303,326,572,641,679,975
2449:303,371,481,643,689,764
2450:305,307,520,715,810,915
2451:305,412,718,774,775,950
2452:306,451,617,721,818,944
2453:308,425,478,808,825,942
2454:313,517,671,756,877,967
2455:314,340,357,493,578,740
2456:315,501,521,662,899,992
2457:321,493,497,592,659,749
2458:323,411,452,500,542,849
2459:331,335,444,563,740,769
2460:333,592,711,749,842,994
2461:334,362,490,608,609,870
2462:336,633,672,759,908,922
2463:339,551,662,743,744,915
2464:343,353,765,802,830,978
2465:344,460,532,647,670,747
2466:346,445,585,600,782,978
2467:349,394,418,510,614,918
2468:349,509,649,709,723,735
2469:351,658,728,885,944,951
2470:352,432,486,587,785,956
2471:355,380,487,488,541,960
2472:358,413,415,549,601,894
2473:363,545,717,723,741,796
2474:372,538,553,838,939,941
2475:374,518,534,693,725,999
2476:378,439,447,473,803,808
2477:385,475,555,641,717,888
2478:388,391,648,714,941,965
2479:389,436,447,598,674,681
2480:391,413,462,705,765,854
2481:408,428,629,686,802,950
2482:412,591,627,654,796,958
2483:414,561,731,744,769,945
2484:419,473,520,784,790,834
2485:423,530,607,651,722,826
2486:424,634,710,807,873,926
2487:435,478,535,594,613,775
2488:446,466,530,535,664,780
2489:447,639,743,772,857,959
2490:448,507,569,655,822,951
2491:461,463,520,750,830,875
2492:484,538,742,806,883,964
2493:486,523,657,715,901,929
2494:491,628,660,835,903,908
2495:506,673,731,916,946,999
2496:551,558,641,763,928,947
2497:562,714,742,780,869,904
2498:616,731,926,942,963,996
2499:621,645,729,766,979,985
2500:625,714,725,840,881,917
2501:641,691,702,776,827,850
2502:642,687,703,772,787,976
