# node_id:hyperedge_definition
0:1,675
1:1,802
2:6,664
3:6,796
4:9,733
5:11,903
6:12,389
7:14,650
8:16,178
9:25,344
10:26,78
11:27,654
12:30,515
13:31,141
14:34,223
15:36,271
16:41,489
17:43,845
18:48,56
19:51,551
20:52,322
21:55,662
22:57,583
23:57,632
24:57,730
25:58,593
26:60,247
27:63,643
28:68,544
29:68,621
30:70,414
31:76,243
32:77,501
33:78,212
34:79,514
35:79,730
36:88,559
37:90,332
38:92,460
39:100,170
40:101,382
41:101,781
42:103,294
43:106,975
44:107,519
45:109,422
46:111,322
47:112,144
48:117,496
49:117,993
50:119,183
51:119,781
52:124,522
53:125,198
54:129,842
55:137,177
56:137,568
57:137,941
58:138,410
59:140,567
60:144,374
61:158,867
62:160,281
63:161,264
64:161,713
65:165,533
66:170,214
67:171,503
68:172,218
69:172,311
70:177,920
71:180,282
72:180,560
73:183,260
74:184,765
75:196,326
76:197,512
77:197,723
78:198,397
79:198,701
80:199,938
81:204,460
82:205,324
83:210,247
84:210,709
85:219,568
86:220,268
87:225,895
88:229,258
89:232,825
90:233,981
91:239,708
92:242,746
93:259,879
94:264,534
95:267,495
96:275,281
97:276,700
98:279,951
99:281,316
100:282,660
101:285,616
102:285,972
103:287,693
104:288,508
105:292,355
106:294,466
107:300,323
108:300,333
109:305,384
110:310,323
111:319,696
112:324,696
113:325,698
114:326,924
115:334,697
116:338,488
117:341,672
118:343,378
119:346,378
120:348,408
121:348,845
122:349,993
123:353,920
124:356,991
125:360,928
126:369,740
127:375,960
128:381,382
129:385,812
130:390,658
131:392,818
132:392,890
133:393,922
134:394,903
135:395,987
136:398,470
137:398,685
138:400,414
139:402,949
140:413,848
141:416,886
142:423,697
143:432,602
144:435,608
145:436,650
146:441,899
147:442,999
148:445,940
149:454,753
150:454,843
151:458,951
152:464,773
153:465,654
154:475,573
155:476,824
156:484,852
157:489,628
158:496,736
159:497,666
160:502,522
161:502,587
162:504,769
163:506,696
164:509,849
165:515,863
166:520,774
167:520,927
168:529,665
169:529,695
170:530,917
171:536,677
172:538,863
173:543,983
174:549,675
175:553,597
176:576,831
177:580,913
178:580,985
179:588,800
180:590,706
181:595,711
182:605,632
183:605,882
184:632,822
185:640,900
186:640,903
187:650,712
188:651,773
189:654,987
190:656,839
191:659,969
192:667,818
193:669,840
194:698,773
195:705,706
196:713,861
197:720,735
198:739,765
199:753,983
200:759,967
201:769,988
202:772,888
203:778,802
204:779,955
205:783,863
206:789,856
207:804,938
208:807,971
209:826,962
210:869,930
211:870,896
212:882,965
213:888,925
214:903,969
215:917,958
216:2,555,769
217:3,268,664
218:4,230,836
219:7,302,621
220:7,363,839
221:10,513,520
222:11,693,697
223:15,130,819
224:15,549,669
225:18,22,43
226:21,299,800
227:26,651,864
228:29,778,891
229:32,663,741
230:33,889,982
231:35,259,633
232:35,310,481
233:35,369,594
234:35,861,903
235:36,466,790
236:36,934,998
237:37,91,968
238:43,814,960
239:47,656,985
240:49,524,622
241:54,122,649
242:55,100,149
243:57,409,922
244:60,113,674
245:62,310,939
246:66,684,931
247:67,315,325
248:68,211,953
249:69,191,367
250:75,573,695
251:77,308,717
252:78,164,946
253:81,620,681
254:83,510,934
255:91,396,580
256:96,455,856
257:99,568,966
258:101,420,629
259:103,185,709
260:103,322,595
261:105,617,707
262:113,706,965
263:114,257,527
264:120,235,881
265:125,314,863
266:125,361,964
267:126,164,625
268:128,358,482
269:132,749,914
270:135,147,590
271:137,354,993
272:137,560,918
273:139,524,972
274:145,316,576
275:145,416,480
276:146,471,652
277:151,435,846
278:156,486,698
279:158,360,450
280:164,193,850
281:165,237,583
282:166,314,413
283:174,510,743
284:175,249,949
285:175,595,705
286:175,871,952
287:176,831,950
288:177,694,705
289:182,338,982
290:191,602,657
291:198,612,896
292:198,700,821
293:199,956,970
294:200,258,762
295:202,731,853
296:203,511,745
297:210,696,897
298:215,558,594
299:219,290,810
300:220,658,986
301:222,405,995
302:224,368,591
303:226,587,930
304:228,335,693
305:228,379,638
306:230,479,970
307:231,248,491
308:239,345,404
309:242,247,315
310:243,581,699
311:245,279,610
312:249,313,442
313:251,745,874
314:252,270,707
315:253,392,767
316:254,821,954
317:263,352,450
318:272,438,745
319:277,408,501
320:283,612,804
321:283,649,801
322:303,485,578
323:306,808,914
324:316,807,836
325:318,527,673
326:329,638,876
327:339,712,916
328:349,597,916
329:354,705,841
330:357,359,852
331:357,776,881
332:363,452,846
333:368,549,663
334:369,471,982
335:370,567,961
336:379,495,904
337:380,471,833
338:381,405,731
339:388,656,723
340:390,710,715
341:398,451,509
342:404,696,843
343:408,432,533
344:411,469,524
345:414,704,970
346:417,709,745
347:425,575,993
348:426,697,834
349:433,524,805
350:433,727,997
351:437,510,599
352:443,642,891
353:453,499,605
354:457,522,529
355:462,767,877
356:465,646,707
357:469,690,696
358:489,939,972
359:491,534,735
360:511,515,919
361:512,604,727
362:513,781,969
363:514,611,711
364:517,587,792
365:530,758,820
366:537,539,760
367:543,677,742
368:547,595,851
369:555,601,611
370:558,696,697
371:572,725,912
372:582,654,919
373:588,640,992
374:596,810,884
375:619,763,990
376:620,624,642
377:624,694,858
378:626,739,816
379:639,691,703
380:639,968,983
381:642,801,880
382:642,929,996
383:665,801,831
384:677,694,765
385:693,719,757
386:702,715,894
387:730,916,917
388:800,867,918
389:838,908,993
390:875,898,909
391:0,6,159,902
392:1,51,928,936
393:2,300,569,773
394:2,559,768,997
395:3,501,763,978
396:5,220,387,804
397:7,44,932,991
398:7,70,263,308
399:7,89,356,693
400:7,404,695,923
401:9,174,455,776
402:9,483,545,965
403:11,452,528,885
404:13,123,841,895
405:14,47,409,805
406:15,121,290,461
407:16,313,485,808
408:16,337,468,841
409:19,28,642,951
410:19,324,645,961
411:24,30,93,839
412:27,112,578,826
413:29,165,315,794
414:29,170,322,570
415:29,442,905,988
416:30,32,252,340
417:34,83,174,961
418:34,335,816,872
419:35,451,529,568
420:37,50,264,539
421:37,247,311,517
422:39,98,507,648
423:40,78,175,740
424:42,47,579,966
425:43,171,595,621
426:44,131,277,646
427:46,554,591,868
428:48,407,659,722
429:50,56,472,485
430:51,88,279,619
431:51,217,293,883
432:52,80,175,252
433:52,605,882,986
434:53,98,100,816
435:55,265,407,417
436:58,562,612,721
437:60,165,634,636
438:63,169,533,585
439:64,130,224,731
440:65,79,350,750
441:68,120,273,736
442:68,357,880,919
443:69,303,329,981
444:70,591,682,714
445:71,87,353,596
446:71,172,620,804
447:73,349,715,773
448:76,258,606,717
449:76,332,539,957
450:79,305,495,733
451:80,85,560,670
452:81,554,900,923
453:83,289,607,895
454:84,270,776,864
455:84,336,690,877
456:94,531,650,988
457:97,644,821,999
458:98,283,795,944
459:100,128,171,553
460:102,177,504,755
461:102,201,457,711
462:104,341,668,895
463:105,166,217,602
464:105,188,405,573
465:105,418,448,777
466:106,216,431,772
467:106,574,680,940
468:107,197,487,761
469:109,328,731,754
470:110,249,644,764
471:110,470,557,926
472:110,918,974,997
473:111,167,260,662
474:111,232,593,723
475:115,309,871,901
476:117,214,387,744
477:118,424,504,962
478:118,637,651,908
479:120,312,601,902
480:122,729,834,923
481:130,235,359,927
482:132,411,448,875
483:133,183,297,563
484:140,455,567,892
485:144,246,397,582
486:146,400,692,786
487:147,639,924,979
488:149,761,816,958
489:150,222,479,883
490:153,307,587,931
491:154,400,422,530
492:155,204,377,935
493:155,255,464,631
494:155,375,379,773
495:159,486,600,889
496:160,242,412,796
497:161,188,670,743
498:162,648,916,978
499:170,556,760,946
500:174,505,665,889
501:175,315,536,595
502:181,182,568,927
503:183,430,520,548
504:186,536,558,589
505:187,353,660,736
506:189,614,679,753
507:195,454,619,885
508:198,221,737,858
509:200,537,859,902
510:201,423,463,893
511:204,342,494,976
512:205,309,816,988
513:206,618,713,972
514:207,260,800,935
515:207,743,764,795
516:210,277,339,805
517:212,232,651,863
518:214,215,443,787
519:214,321,835,902
520:219,384,664,885
521:221,525,565,838
522:223,359,463,938
523:225,460,470,987
524:227,240,532,748
525:228,693,735,736
526:231,336,499,903
527:232,349,770,866
528:235,385,445,551
529:236,622,855,942
530:237,534,573,872
531:243,434,752,955
532:246,587,838,843
533:247,248,584,883
534:247,275,291,433
535:247,281,330,600
536:256,431,476,664
537:257,292,335,545
538:257,352,594,858
539:257,477,622,774
540:258,492,557,975
541:259,639,721,818
542:260,658,686,989
543:262,466,744,839
544:263,366,923,985
545:265,428,836,975
546:270,343,386,403
547:277,823,825,949
548:278,361,531,838
549:279,343,624,757
550:285,308,460,839
551:285,556,761,850
552:289,700,729,915
553:291,442,810,900
554:295,338,651,738
555:300,553,916,963
556:307,355,487,672
557:317,413,626,697
558:327,617,968,976
559:339,363,800,987
560:349,620,787,817
561:350,533,742,853
562:353,547,945,967
563:363,457,713,980
564:366,507,595,830
565:369,520,738,868
566:373,392,499,817
567:381,440,490,983
568:385,593,705,996
569:386,500,555,925
570:391,600,674,720
571:395,541,790,979
572:395,820,828,830
573:404,506,678,759
574:406,483,805,836
575:410,620,850,899
576:412,455,620,955
577:418,575,737,965
578:422,557,669,700
579:429,461,749,987
580:430,456,581,827
581:430,632,821,978
582:433,716,765,876
583:434,436,522,806
584:436,471,715,892
585:437,547,572,894
586:438,492,799,966
587:447,630,637,986
588:447,676,756,776
589:454,779,790,963
590:460,551,565,879
591:474,625,823,882
592:476,546,554,644
593:486,506,916,929
594:489,619,635,726
595:504,628,726,765
596:515,688,942,946
597:526,670,841,849
598:544,702,872,977
599:597,828,858,957
600:603,613,654,803
601:604,617,938,955
602:638,698,881,924
603:701,757,868,937
604:774,787,934,998
605:0,132,204,593,868
606:1,133,150,688,781
607:2,5,80,121,650
608:2,31,94,426,459
609:2,74,444,511,631
610:2,101,304,621,722
611:2,125,310,794,930
612:2,507,601,610,703
613:3,226,558,577,627
614:6,632,678,930,972
615:9,104,402,782,839
616:10,11,195,466,524
617:10,54,112,176,501
618:11,21,38,610,898
619:16,513,797,845,977
620:18,220,665,700,807
621:18,445,452,481,739
622:20,437,438,457,699
623:22,247,284,935,965
624:24,30,264,839,905
625:24,209,440,493,928
626:24,321,381,562,943
627:26,161,209,234,490
628:27,32,78,158,204
629:27,296,315,883,897
630:28,243,385,530,849
631:29,95,109,130,364
632:29,173,495,549,608
633:31,83,262,313,965
634:31,688,699,901,943
635:34,255,356,468,574
636:35,156,290,612,666
637:35,277,318,440,534
638:35,278,306,683,747
639:36,209,224,613,730
640:37,562,575,643,817
641:38,232,567,607,891
642:39,323,346,822,992
643:42,120,193,412,947
644:43,56,526,652,802
645:43,131,519,523,559
646:43,179,323,406,908
647:43,189,400,513,683
648:44,281,434,847,868
649:46,140,512,589,708
650:49,52,153,215,544
651:50,56,495,699,979
652:50,128,154,262,966
653:52,70,510,673,710
654:52,126,174,308,359
655:52,296,587,606,996
656:54,297,336,718,886
657:55,127,187,467,835
658:55,213,428,867,960
659:55,251,650,671,940
660:57,469,671,850,931
661:58,96,120,160,349
662:58,197,310,355,612
663:60,132,296,438,970
664:61,407,704,708,850
665:61,469,604,796,919
666:63,118,141,207,959
667:64,396,580,741,778
668:65,132,375,536,589
669:67,490,569,582,716
670:68,446,516,760,962
671:70,133,354,806,895
672:71,85,539,562,612
673:71,335,445,461,824
674:72,163,549,695,886
675:73,210,331,613,903
676:73,279,503,812,872
677:73,451,743,777,801
678:73,617,814,894,985
679:75,92,448,503,921
680:75,223,250,640,779
681:76,292,396,408,666
682:78,195,197,332,518
683:79,82,151,307,543
684:79,100,348,449,467
685:79,186,446,600,889
686:81,116,124,240,398
687:83,139,212,602,933
688:83,265,465,736,788
689:84,104,259,796,832
690:84,160,230,851,955
691:87,96,258,316,506
692:87,151,318,452,818
693:88,218,613,645,947
694:90,181,547,614,742
695:91,500,654,661,734
696:91,514,567,650,688
697:91,678,793,819,824
698:95,308,474,762,820
699:97,202,350,379,680
700:97,473,746,812,868
701:102,681,697,921,971
702:108,151,200,470,495
703:113,144,563,683,970
704:113,207,401,490,769
705:115,149,160,216,999
706:117,120,453,660,786
707:117,221,410,572,659
708:119,190,463,874,900
709:119,403,447,633,801
710:121,244,608,614,846
711:123,261,489,753,800
712:125,150,318,618,765
713:128,168,477,552,615
714:132,356,494,570,684
715:132,571,592,827,954
716:133,178,335,621,636
717:134,297,558,597,615
718:135,191,239,554,951
719:135,272,276,593,738
720:137,180,455,622,745
721:137,421,596,715,953
722:138,214,347,583,770
723:142,675,681,811,914
724:146,357,433,726,885
725:147,199,304,747,885
726:147,498,512,677,868
727:151,174,188,711,763
728:151,275,339,485,621
729:151,516,725,779,804
730:154,161,446,671,845
731:156,189,362,384,960
732:160,305,608,664,951
733:162,199,767,840,961
734:166,381,454,630,827
735:167,637,689,794,890
736:168,602,952,992,994
737:170,189,322,341,872
738:175,398,566,847,944
739:176,417,422,713,866
740:177,267,393,496,701
741:181,383,504,693,806
742:182,481,581,794,987
743:183,249,735,742,894
744:187,189,685,745,976
745:187,236,280,405,500
746:187,252,449,612,806
747:188,202,247,285,949
748:188,279,711,745,841
749:191,289,537,916,989
750:192,278,293,454,855
751:192,335,414,608,756
752:199,718,803,861,877
753:200,317,435,737,779
754:204,209,420,511,714
755:204,358,487,791,889
756:205,404,755,821,986
757:206,259,666,754,939
758:208,354,528,541,855
759:210,373,400,570,787
760:210,475,502,905,980
761:217,439,611,817,821
762:222,456,465,660,934
763:222,504,895,916,927
764:223,240,777,821,924
765:228,328,439,610,993
766:228,351,583,681,857
767:232,294,311,517,912
768:232,394,481,517,720
769:232,568,701,866,988
770:244,249,716,740,990
771:258,498,655,735,861
772:262,391,474,764,979
773:262,493,495,785,846
774:263,404,475,647,672
775:266,530,572,596,637
776:267,346,355,495,522
777:271,389,559,682,730
778:275,338,459,492,827
779:281,374,491,660,842
780:281,421,570,705,985
781:282,369,541,676,775
782:285,356,373,513,738
783:290,410,430,750,767
784:290,457,600,748,809
785:294,367,452,548,848
786:300,508,670,736,992
787:304,383,582,650,702
788:305,534,596,823,840
789:306,636,703,885,954
790:316,558,602,833,955
791:317,332,409,659,919
792:318,620,715,804,814
793:332,396,738,827,849
794:333,375,669,761,797
795:333,407,497,617,923
796:334,386,415,681,840
797:359,552,702,871,928
798:364,417,512,551,779
799:367,489,497,769,780
800:368,426,691,895,992
801:372,539,829,930,931
802:390,432,481,507,574
803:390,566,763,854,994
804:391,408,582,709,949
805:396,483,615,685,786
806:420,501,515,698,855
807:422,425,822,839,847
808:424,586,855,860,952
809:425,426,487,506,725
810:479,598,643,705,984
811:491,591,624,778,914
812:512,531,609,663,898
813:560,617,673,716,920
814:569,577,648,660,988
815:606,670,729,872,940
816:1,205,224,545,583,792
817:1,326,471,519,893,902
818:2,66,333,714,725,787
819:3,161,314,502,655,760
820:3,352,457,486,588,696
821:5,179,647,802,895,916
822:5,468,612,761,804,868
823:6,80,231,536,646,763
824:10,305,459,641,763,879
825:11,113,326,506,649,801
826:11,223,401,596,622,897
827:11,445,484,548,624,870
828:12,68,366,367,413,990
829:12,97,198,515,831,883
830:12,181,269,381,636,960
831:12,213,486,681,805,997
832:13,128,281,381,822,993
833:16,139,542,858,869,925
834:18,26,158,734,897,927
835:19,56,487,559,608,863
836:22,44,105,270,668,892
837:24,63,225,256,509,774
838:24,293,324,573,696,957
839:26,47,276,328,539,934
840:27,93,260,456,846,858
841:27,182,584,596,623,653
842:27,252,277,744,824,929
843:27,356,367,404,580,750
844:28,314,635,737,837,921
845:29,62,155,200,566,572
846:29,99,202,472,554,830
847:31,61,157,592,694,757
848:32,246,525,663,886,894
849:33,62,342,568,635,813
850:34,143,291,404,672,699
851:36,54,219,264,268,707
852:37,56,78,220,355,658
853:41,105,275,593,622,843
854:42,71,145,203,292,845
855:45,114,518,557,819,902
856:46,305,339,516,620,892
857:48,145,175,188,724,871
858:49,209,221,409,419,954
859:51,342,501,625,635,971
860:52,235,730,775,796,805
861:53,66,667,845,859,900
862:54,108,209,461,538,835
863:54,129,161,344,496,904
864:54,177,457,551,626,819
865:55,322,334,465,816,979
866:59,163,358,408,526,824
867:59,282,324,822,834,865
868:61,142,444,470,843,873
869:62,229,519,585,715,924
870:63,117,158,343,860,879
871:63,117,250,260,667,743
872:64,241,486,732,882,936
873:65,197,415,461,642,766
874:66,81,505,819,912,941
875:66,195,343,466,543,849
876:68,146,243,246,423,985
877:68,530,646,830,923,986
878:69,265,351,523,730,792
879:70,109,401,680,689,748
880:72,327,374,407,478,727
881:75,146,329,342,364,716
882:75,154,290,375,765,768
883:75,231,234,436,722,832
884:75,354,570,651,792,993
885:75,439,698,843,904,914
886:75,535,589,731,871,888
887:77,102,104,293,416,966
888:77,189,270,440,720,763
889:78,84,139,275,346,440
890:78,303,697,752,824,964
891:79,128,610,695,803,833
892:80,267,563,581,602,949
893:80,386,403,455,464,803
894:82,85,91,340,441,528
895:84,192,257,764,781,827
896:90,177,575,576,689,737
897:90,673,750,810,811,838
898:92,537,592,795,833,857
899:93,98,476,699,705,882
900:95,148,172,339,653,733
901:96,377,411,449,539,770
902:96,395,761,775,831,931
903:97,330,399,628,645,753
904:97,417,468,479,492,740
905:98,145,213,563,797,965
906:101,147,195,428,496,883
907:103,195,252,571,701,912
908:104,340,660,721,774,911
909:104,547,847,862,864,950
910:106,243,332,355,401,825
911:107,295,368,638,911,942
912:108,337,526,673,711,836
913:110,210,228,472,779,920
914:110,358,804,818,893,899
915:115,156,193,458,483,706
916:117,233,642,668,713,734
917:117,363,585,658,935,974
918:118,252,401,423,628,976
919:119,271,430,459,798,915
920:121,157,250,795,922,949
921:124,224,548,569,641,942
922:125,325,514,546,789,921
923:125,336,444,886,894,924
924:126,271,515,553,593,881
925:127,241,256,345,480,963
926:127,246,267,515,689,740
927:127,322,503,517,759,989
928:127,323,391,521,719,887
929:127,366,371,547,575,728
930:128,231,346,640,727,833
931:130,226,316,403,815,832
932:131,174,270,659,713,983
933:133,134,545,841,886,911
934:133,208,333,649,818,937
935:136,360,673,687,777,886
936:138,161,209,255,507,606
937:138,229,371,447,810,900
938:139,386,402,566,718,728
939:140,332,570,860,948,990
940:144,451,664,743,751,941
941:147,183,509,545,721,803
942:147,202,217,325,514,609
943:148,159,162,343,497,584
944:149,512,642,678,748,810
945:151,185,248,280,437,945
946:151,318,341,485,677,742
947:152,173,618,724,891,931
948:152,255,600,611,722,946
949:154,424,493,521,524,659
950:157,316,385,589,934,961
951:158,277,295,433,790,841
952:159,390,568,603,690,997
953:160,521,548,744,856,926
954:164,173,410,499,666,779
955:166,248,326,471,563,855
956:166,687,735,739,771,959
957:169,194,280,356,392,680
958:169,358,384,490,582,734
959:176,239,400,693,866,907
960:176,266,367,551,753,930
961:179,513,727,757,881,884
962:181,316,444,727,867,911
963:181,395,536,606,734,769
964:184,519,653,685,831,923
965:188,267,297,490,723,925
966:188,275,450,807,822,915
967:188,350,360,578,795,967
968:190,220,642,645,660,942
969:197,199,224,445,530,979
970:198,247,355,631,905,973
971:201,409,687,775,816,885
972:205,422,429,457,463,729
973:205,642,652,754,862,962
974:207,252,441,467,529,920
975:209,293,479,559,878,948
976:217,232,610,699,941,948
977:219,533,610,680,802,805
978:220,284,416,684,844,894
979:223,465,577,627,679,836
980:227,267,369,784,827,829
981:228,415,494,495,784,970
982:233,237,264,838,915,958
983:234,491,667,886,953,996
984:235,403,512,819,933,993
985:239,428,640,751,844,999
986:242,283,577,747,801,845
987:244,259,535,653,844,892
988:247,360,720,762,777,821
989:252,476,512,929,951,961
990:260,470,655,807,900,908
991:262,678,739,786,792,999
992:263,301,736,896,897,976
993:279,346,373,631,924,930
994:280,281,407,679,943,987
995:280,307,331,422,782,841
996:282,501,532,901,924,973
997:282,675,858,888,925,981
998:284,385,502,727,848,917
999:287,329,454,609,719,976
1000:290,482,588,740,798,877
1001:294,361,428,602,678,902
1002:296,332,559,588,862,962
1003:303,378,388,559,772,809
1004:305,327,547,742,798,873
1005:308,537,697,716,804,940
1006:310,653,755,825,909,967
1007:311,358,557,683,806,981
1008:319,381,525,632,666,678
1009:324,462,480,645,968,981
1010:332,441,552,784,893,987
1011:352,469,482,704,734,980
1012:356,380,477,607,687,950
1013:359,507,720,759,855,955
1014:359,509,606,689,906,945
1015:363,521,588,667,707,776
1016:371,437,475,567,672,893
1017:372,418,492,544,585,921
1018:414,564,678,742,787,893
1019:430,482,521,569,595,921
1020:434,496,539,576,586,783
1021:464,566,757,856,866,987
1022:486,505,537,587,684,934
1023:490,499,591,663,708,901
1024:520,541,823,844,851,891
1025:585,825,891,961,972,979
1026:594,643,692,900,924,956
