# node_id:hyperedge_definition
0:0,267
1:0,288
2:2,265
3:2,287
4:3,356
5:4,304
6:4,380
7:5,343
8:6,189
9:10,59
10:10,172
11:11,31
12:12,87
13:12,182
14:13,272
15:14,203
16:16,237
17:17,218
18:19,92
19:20,247
20:20,362
21:22,114
22:23,27
23:23,35
24:23,51
25:23,180
26:24,50
27:25,188
28:27,172
29:27,185
30:28,78
31:30,198
32:30,387
33:31,120
34:31,316
35:31,351
36:35,176
37:36,68
38:36,379
39:40,43
40:40,221
41:40,285
42:41,136
43:42,316
44:42,386
45:43,299
46:44,212
47:44,326
48:46,381
49:47,109
50:47,261
51:47,357
52:49,315
53:50,54
54:51,366
55:54,327
56:54,390
57:55,106
58:55,159
59:56,116
60:57,290
61:63,232
62:64,72
63:64,203
64:64,275
65:66,113
66:67,394
67:68,242
68:68,329
69:68,344
70:71,112
71:72,76
72:72,121
73:73,139
74:73,350
75:78,214
76:78,372
77:79,86
78:79,162
79:79,211
80:79,377
81:81,300
82:82,88
83:83,391
84:84,150
85:87,315
86:87,392
87:90,182
88:91,265
89:93,111
90:93,259
91:95,337
92:97,101
93:103,361
94:105,306
95:106,358
96:109,380
97:110,274
98:111,372
99:112,213
100:112,383
101:114,148
102:114,205
103:114,388
104:115,188
105:116,333
106:117,294
107:119,382
108:119,384
109:121,391
110:123,380
111:127,328
112:129,328
113:130,167
114:130,311
115:133,328
116:135,189
117:136,271
118:137,172
119:138,224
120:139,177
121:139,247
122:139,375
123:141,260
124:142,323
125:144,211
126:147,333
127:150,218
128:152,225
129:154,196
130:156,172
131:156,392
132:157,162
133:157,264
134:157,358
135:158,227
136:159,193
137:159,228
138:159,377
139:161,176
140:165,256
141:166,309
142:169,233
143:172,354
144:174,175
145:174,272
146:176,312
147:177,195
148:178,231
149:181,333
150:181,348
151:183,279
152:185,337
153:186,191
154:189,389
155:190,304
156:193,350
157:195,314
158:198,291
159:198,360
160:200,337
161:200,348
162:201,338
163:202,287
164:203,351
165:206,238
166:208,225
167:208,250
168:211,322
169:211,327
170:212,251
171:214,288
172:215,281
173:217,301
174:219,325
175:221,242
176:230,316
177:232,263
178:232,275
179:235,280
180:235,396
181:237,396
182:241,382
183:242,265
184:252,378
185:256,276
186:256,277
187:259,388
188:260,315
189:261,377
190:262,326
191:263,374
192:266,377
193:267,354
194:279,296
195:281,381
196:285,314
197:287,384
198:295,345
199:301,341
200:303,378
201:307,382
202:308,385
203:311,319
204:311,379
205:313,331
206:315,365
207:321,379
208:323,324
209:330,371
210:347,383
211:347,399
212:353,354
213:355,368
214:361,379
215:367,368
216:1,26,183
217:1,87,151
218:1,204,253
219:2,380,389
220:3,10,77
221:4,68,318
222:4,204,230
223:6,22,323
224:6,72,331
225:7,47,255
226:8,147,199
227:10,198,356
228:11,323,340
229:13,40,165
230:13,148,194
231:14,43,235
232:14,50,82
233:14,57,152
234:14,94,242
235:14,173,381
236:14,217,341
237:14,237,257
238:17,146,201
239:19,43,189
240:19,262,356
241:21,167,345
242:22,23,255
243:23,25,238
244:24,26,170
245:24,312,365
246:26,200,304
247:26,310,391
248:27,82,304
249:27,181,340
250:30,84,265
251:30,301,304
252:31,75,360
253:32,193,216
254:33,125,143
255:36,161,264
256:38,170,327
257:39,259,340
258:40,165,209
259:41,81,181
260:41,102,230
261:42,93,263
262:45,146,308
263:45,190,271
264:48,53,210
265:50,64,399
266:50,70,396
267:50,120,213
268:51,110,111
269:53,69,181
270:53,307,371
271:54,287,292
272:55,58,153
273:55,243,351
274:58,68,302
275:58,81,114
276:58,173,243
277:60,167,398
278:62,175,342
279:63,113,267
280:65,170,309
281:65,338,344
282:66,148,225
283:69,236,271
284:69,336,344
285:70,105,199
286:70,121,316
287:70,212,379
288:71,78,143
289:72,264,309
290:76,192,303
291:79,149,257
292:79,157,209
293:79,288,306
294:79,318,329
295:81,87,145
296:81,139,160
297:84,120,323
298:86,110,180
299:87,187,342
300:88,120,167
301:88,272,325
302:89,203,338
303:90,192,324
304:91,118,293
305:91,125,149
306:92,105,174
307:92,139,162
308:95,198,208
309:96,222,376
310:97,152,375
311:97,298,321
312:99,190,385
313:100,211,273
314:100,227,284
315:101,130,268
316:101,274,356
317:105,126,127
318:108,268,375
319:110,259,329
320:113,162,344
321:113,166,274
322:121,151,170
323:122,221,297
324:126,222,301
325:127,159,172
326:131,249,322
327:135,260,267
328:139,243,256
329:141,259,291
330:142,234,363
331:142,334,366
332:145,156,395
333:147,170,381
334:147,221,245
335:147,371,385
336:151,225,364
337:151,313,362
338:152,179,200
339:155,187,219
340:156,166,193
341:159,163,197
342:161,259,331
343:162,370,371
344:164,193,245
345:165,261,281
346:166,309,311
347:169,336,382
348:170,227,278
349:173,180,280
350:173,203,356
351:174,263,337
352:177,197,283
353:180,377,391
354:182,264,397
355:184,315,349
356:185,348,388
357:187,262,340
358:195,287,395
359:196,214,363
360:204,214,359
361:204,280,377
362:205,227,316
363:205,253,381
364:206,277,292
365:211,368,396
366:214,266,319
367:217,224,332
368:218,278,339
369:221,309,350
370:223,230,317
371:228,304,360
372:232,290,398
373:234,359,361
374:238,270,312
375:247,289,342
376:247,307,374
377:249,279,371
378:250,268,390
379:255,281,303
380:255,310,317
381:256,320,324
382:256,335,356
383:265,348,396
384:270,302,362
385:276,351,361
386:280,308,354
387:291,368,396
388:319,358,390
389:334,386,394
390:349,368,369
391:0,1,240,365
392:0,74,129,214
393:1,10,25,260
394:1,24,306,393
395:1,94,127,250
396:2,31,231,309
397:2,182,293,387
398:2,195,292,350
399:2,206,224,287
400:3,18,164,339
401:3,153,251,379
402:3,239,325,363
403:4,141,300,374
404:5,51,136,302
405:5,115,376,381
406:6,20,217,338
407:6,122,232,253
408:6,126,169,252
409:7,109,213,387
410:7,192,206,207
411:9,108,340,388
412:10,203,229,390
413:11,145,245,268
414:11,147,148,219
415:11,218,221,258
416:11,285,311,329
417:13,121,296,380
418:13,189,251,302
419:14,57,92,279
420:14,168,174,284
421:14,285,372,375
422:15,125,147,236
423:16,18,36,76
424:16,164,236,247
425:17,60,325,377
426:17,133,137,330
427:18,149,256,337
428:19,90,166,398
429:19,271,324,399
430:20,80,82,258
431:20,104,334,351
432:20,173,206,381
433:21,38,88,105
434:21,49,278,362
435:22,44,145,228
436:23,102,292,366
437:24,33,97,375
438:25,62,112,390
439:25,129,134,382
440:25,269,342,348
441:27,54,253,329
442:27,87,166,286
443:27,171,243,262
444:28,70,302,385
445:28,79,184,233
446:28,96,173,374
447:29,87,100,108
448:30,111,271,355
449:30,123,207,341
450:31,169,327,357
451:31,250,327,328
452:32,149,152,183
453:33,81,87,153
454:33,160,293,323
455:33,175,382,393
456:37,211,236,342
457:39,50,237,316
458:39,81,313,389
459:39,262,285,381
460:40,189,273,293
461:40,199,212,333
462:41,173,203,240
463:41,302,342,364
464:42,43,195,236
465:42,67,254,333
466:42,104,223,227
467:42,150,287,367
468:42,195,220,283
469:43,169,258,339
470:44,52,95,144
471:44,72,188,365
472:44,84,232,296
473:44,95,210,286
474:44,107,218,323
475:46,59,276,353
476:46,197,233,285
477:47,100,106,335
478:47,114,140,384
479:48,61,79,236
480:49,59,106,307
481:52,54,75,102
482:52,275,354,386
483:53,71,167,230
484:56,77,251,281
485:57,147,153,178
486:58,134,236,373
487:59,64,91,346
488:59,221,259,301
489:59,280,306,355
490:61,91,276,352
491:61,177,386,392
492:61,256,339,398
493:61,315,379,390
494:62,74,122,339
495:63,192,222,328
496:63,285,293,303
497:64,101,165,170
498:65,68,194,251
499:68,90,251,317
500:69,193,274,298
501:70,72,133,218
502:72,101,144,320
503:73,110,152,309
504:74,152,178,201
505:74,219,251,294
506:75,205,311,391
507:78,89,293,338
508:79,85,297,357
509:80,96,261,321
510:80,141,183,235
511:81,163,229,387
512:81,283,338,372
513:82,160,217,311
514:82,184,305,361
515:82,361,385,395
516:83,254,263,354
517:84,175,221,297
518:85,136,170,368
519:85,159,167,298
520:87,171,179,215
521:88,154,239,284
522:89,109,112,168
523:90,97,153,328
524:90,174,352,390
525:91,135,251,252
526:92,131,265,396
527:92,205,263,273
528:93,314,335,393
529:94,164,180,206
530:94,255,270,272
531:97,121,143,272
532:98,162,322,372
533:98,174,191,351
534:98,181,257,268
535:98,183,216,395
536:102,147,328,391
537:102,184,314,396
538:102,201,249,388
539:102,234,272,343
540:103,129,227,283
541:103,205,361,394
542:104,117,277,306
543:104,230,282,358
544:105,116,324,372
545:105,309,343,387
546:107,249,262,398
547:110,288,299,311
548:111,118,327,346
549:111,163,194,349
550:113,226,325,370
551:114,119,189,333
552:115,211,258,292
553:116,153,290,319
554:117,235,263,331
555:120,123,163,300
556:122,195,279,281
557:126,209,222,357
558:130,250,331,385
559:135,169,254,290
560:139,209,215,231
561:139,294,349,377
562:141,154,351,368
563:145,147,374,376
564:146,173,203,272
565:147,198,272,297
566:148,281,352,387
567:152,166,283,301
568:153,300,343,389
569:154,175,301,359
570:156,187,266,298
571:157,276,300,371
572:158,161,238,351
573:161,199,348,387
574:162,177,196,311
575:163,298,342,351
576:164,214,261,281
577:167,173,195,229
578:168,235,251,330
579:171,195,215,335
580:171,241,249,373
581:171,294,355,387
582:173,186,255,268
583:173,191,202,221
584:174,180,293,315
585:174,233,277,359
586:174,298,299,360
587:178,247,350,362
588:178,254,281,390
589:181,234,270,362
590:183,264,277,370
591:189,225,269,388
592:190,198,302,387
593:194,195,233,309
594:195,227,229,362
595:201,230,299,343
596:205,291,340,366
597:210,223,306,391
598:217,246,256,293
599:238,284,290,325
600:240,291,306,396
601:241,246,364,396
602:254,313,341,343
603:279,354,392,397
604:308,368,386,395
605:0,19,75,100,316
606:0,76,272,307,331
607:0,133,165,168,266
608:0,147,226,253,380
609:0,175,229,283,284
610:0,196,276,351,390
611:0,221,244,272,383
612:1,20,87,224,267
613:1,57,96,256,268
614:2,129,147,196,263
615:3,112,122,288,303
616:3,269,365,373,383
617:4,10,64,234,293
618:4,52,127,258,328
619:6,123,187,194,247
620:7,57,166,179,242
621:7,76,141,372,374
622:8,46,104,155,392
623:9,13,32,46,80
624:9,85,338,382,398
625:9,138,159,235,346
626:9,168,200,207,394
627:10,80,228,364,389
628:10,131,209,257,267
629:11,17,123,174,291
630:11,61,76,78,113
631:11,103,325,346,393
632:11,126,189,360,363
633:12,65,109,213,285
634:12,128,143,148,358
635:13,147,156,241,379
636:14,27,87,262,384
637:14,39,102,159,226
638:14,39,116,234,385
639:14,88,252,308,386
640:15,29,236,280,327
641:15,60,195,258,323
642:15,162,165,311,322
643:16,166,261,262,370
644:17,35,78,129,153
645:17,47,141,244,252
646:17,54,119,262,316
647:17,55,208,329,386
648:17,150,174,219,290
649:18,76,129,320,331
650:19,87,221,288,378
651:19,219,235,274,399
652:20,26,62,192,389
653:20,136,172,246,328
654:20,162,231,343,363
655:21,23,86,164,333
656:21,150,245,279,372
657:22,26,246,341,381
658:22,37,39,85,250
659:22,40,170,292,395
660:23,32,179,303,316
661:23,43,73,130,152
662:23,58,95,196,353
663:24,28,89,125,260
664:24,113,310,326,387
665:24,118,249,326,346
666:25,47,79,211,339
667:25,167,314,326,369
668:26,29,62,130,159
669:27,35,247,275,311
670:27,82,97,249,374
671:28,30,54,199,204
672:28,65,105,266,285
673:28,106,158,176,372
674:28,168,171,308,344
675:29,61,143,386,397
676:29,69,175,260,348
677:29,83,93,263,296
678:29,88,198,205,227
679:29,214,268,307,335
680:30,41,117,376,396
681:30,101,106,108,377
682:31,60,71,79,349
683:31,91,235,256,327
684:31,96,214,322,335
685:31,118,260,284,380
686:32,71,142,319,364
687:33,52,134,140,276
688:33,69,116,290,314
689:33,97,114,286,337
690:33,111,176,265,294
691:34,131,287,296,349
692:34,154,170,319,378
693:35,64,113,276,317
694:36,39,138,294,398
695:36,121,145,286,291
696:36,122,123,148,182
697:36,127,180,207,334
698:38,53,73,304,338
699:38,170,248,309,374
700:39,43,79,122,212
701:41,48,102,365,388
702:43,57,80,269,386
703:45,56,198,279,283
704:45,65,324,347,383
705:45,209,312,361,377
706:46,131,142,155,301
707:46,168,212,257,270
708:47,114,268,308,328
709:47,156,185,244,281
710:48,95,182,187,191
711:49,74,100,174,331
712:49,199,200,214,265
713:51,62,106,330,362
714:52,214,231,257,374
715:53,55,106,231,302
716:53,64,126,194,237
717:53,136,186,253,341
718:53,221,244,247,260
719:54,58,66,157,299
720:54,146,172,258,319
721:54,238,289,359,363
722:55,70,106,236,368
723:57,59,165,166,208
724:58,112,159,230,363
725:58,149,236,375,395
726:58,261,326,361,387
727:60,85,128,265,374
728:60,102,115,335,381
729:60,126,145,304,360
730:61,105,258,291,384
731:62,88,152,253,258
732:64,66,155,175,237
733:64,146,154,214,375
734:66,116,245,297,309
735:66,279,285,308,351
736:67,104,249,250,326
737:67,186,211,229,381
738:70,77,118,199,369
739:70,121,170,215,265
740:70,163,213,339,349
741:72,118,197,234,302
742:72,222,305,313,316
743:73,81,253,331,388
744:74,138,142,165,183
745:74,151,284,317,394
746:74,156,254,293,308
747:74,334,371,375,383
748:75,86,165,216,384
749:76,107,232,299,330
750:76,163,180,287,369
751:76,179,228,233,374
752:79,174,188,317,328
753:79,244,288,340,360
754:81,115,277,321,393
755:81,144,198,339,399
756:82,85,93,195,373
757:82,104,224,340,373
758:83,98,162,215,310
759:83,291,336,348,351
760:84,90,149,261,391
761:86,199,227,276,323
762:88,201,256,364,377
763:88,211,235,276,356
764:88,264,303,368,373
765:91,99,167,360,384
766:91,102,111,191,193
767:92,160,302,305,396
768:92,185,284,289,302
769:92,218,274,337,357
770:97,125,165,166,386
771:103,120,170,247,308
772:104,181,186,374,385
773:104,200,325,384,396
774:105,114,173,187,259
775:106,143,172,218,293
776:106,170,195,249,308
777:108,131,184,356,370
778:109,203,222,343,369
779:112,131,149,164,349
780:112,136,233,292,322
781:112,174,240,339,395
782:113,206,242,387,392
783:115,225,248,285,334
784:115,245,252,298,303
785:117,150,182,216,294
786:119,260,316,320,345
787:121,153,274,311,375
788:121,268,276,318,385
789:122,156,172,192,226
790:126,154,235,277,384
791:126,164,289,303,387
792:127,140,300,336,391
793:132,179,188,214,316
794:132,245,297,315,371
795:132,271,295,379,386
796:133,157,181,195,249
797:143,181,245,278,381
798:145,165,266,370,373
799:146,196,354,384,393
800:146,251,319,355,369
801:148,204,283,314,353
802:155,209,228,271,316
803:155,242,259,368,385
804:155,298,304,324,328
805:158,165,247,267,278
806:167,224,252,271,287
807:168,188,254,263,342
808:169,196,199,319,354
809:169,205,241,367,399
810:191,208,238,255,264
811:196,199,205,206,269
812:204,217,337,353,398
813:223,251,291,298,335
814:226,314,344,349,396
815:241,305,325,390,397
816:0,80,91,146,259,360
817:0,95,133,345,390,393
818:0,152,207,282,368,393
819:1,43,160,175,225,318
820:1,60,103,250,258,385
821:2,24,39,48,151,217
822:2,38,100,117,187,240
823:2,56,272,278,298,362
824:4,33,239,250,284,399
825:4,63,113,143,296,387
826:4,82,104,338,346,386
827:4,103,112,171,289,349
828:4,142,212,247,270,386
829:4,165,183,249,271,397
830:5,8,10,178,333,392
831:5,10,51,102,189,378
832:5,40,64,261,272,282
833:6,68,90,187,278,292
834:7,24,39,109,139,363
835:7,80,200,224,321,385
836:8,119,151,299,345,386
837:9,81,186,215,284,380
838:9,146,202,213,383,399
839:10,49,73,91,160,394
840:10,144,241,243,261,353
841:10,256,293,327,373,383
842:11,16,41,192,268,331
843:11,20,215,246,280,313
844:11,60,177,271,292,364
845:11,80,120,193,274,281
846:11,91,139,146,270,368
847:12,52,65,203,242,394
848:13,17,29,31,222,349
849:13,31,138,267,276,354
850:13,103,109,120,193,363
851:14,50,123,153,304,325
852:14,116,156,200,243,344
853:16,61,78,143,146,154
854:16,121,140,279,291,321
855:18,23,156,210,211,238
856:18,91,134,189,324,374
857:19,45,211,232,295,392
858:19,116,197,240,274,307
859:20,95,102,195,209,304
860:20,247,285,311,333,339
861:21,34,68,187,196,201
862:21,89,112,154,191,383
863:21,94,244,277,305,316
864:21,107,192,262,339,366
865:22,43,135,144,239,378
866:23,103,117,131,165,206
867:23,130,229,341,358,375
868:24,68,108,177,255,344
869:24,205,212,237,276,289
870:25,43,105,108,325,326
871:25,43,112,189,307,359
872:25,120,294,319,354,389
873:26,36,106,109,212,331
874:26,56,133,155,304,325
875:26,77,123,189,323,326
876:27,48,91,197,245,310
877:27,74,273,278,302,380
878:27,125,126,154,182,313
879:27,227,271,324,342,345
880:29,31,73,92,226,361
881:30,32,272,340,353,357
882:30,33,198,209,231,349
883:30,41,113,192,314,347
884:30,49,132,207,331,337
885:30,52,156,213,214,270
886:30,54,132,138,177,311
887:30,118,159,281,326,339
888:30,159,163,250,277,324
889:31,39,204,229,287,345
890:31,66,201,229,282,377
891:31,91,127,204,298,300
892:32,45,114,119,246,315
893:32,52,65,101,190,220
894:32,109,172,228,248,262
895:33,106,143,157,204,365
896:36,39,87,118,164,210
897:36,59,90,270,322,330
898:37,42,72,107,108,322
899:37,44,59,143,285,377
900:37,221,225,253,285,396
901:38,99,271,292,323,328
902:38,101,128,200,218,256
903:38,226,256,323,379,392
904:39,41,92,177,235,391
905:39,52,62,181,227,329
906:40,70,173,217,235,237
907:41,59,145,279,292,317
908:41,132,213,355,385,390
909:41,152,171,224,287,337
910:42,86,147,201,266,350
911:42,189,191,229,237,258
912:43,74,110,131,134,312
913:44,46,207,287,345,375
914:44,57,274,289,305,358
915:45,188,219,297,321,357
916:46,155,180,208,209,363
917:46,214,229,337,348,360
918:47,68,160,254,337,397
919:47,119,195,314,363,395
920:48,73,239,260,265,384
921:49,110,127,147,228,355
922:50,59,153,222,281,363
923:50,60,99,115,189,314
924:50,92,97,129,151,326
925:50,153,215,331,345,368
926:50,155,199,309,352,363
927:50,185,190,196,268,377
928:50,185,206,241,326,349
929:50,203,228,272,297,348
930:51,68,75,145,250,276
931:51,300,308,357,364,375
932:52,77,174,250,309,363
933:53,55,102,141,216,250
934:53,66,75,133,208,294
935:54,102,168,251,291,385
936:55,60,89,128,248,267
937:55,69,130,183,208,320
938:55,136,150,200,287,357
939:56,63,183,296,353,394
940:57,142,209,290,318,352
941:58,127,265,291,327,374
942:58,133,281,307,325,345
943:59,61,117,215,255,302
944:59,146,233,288,338,383
945:60,81,129,179,292,395
946:60,100,125,192,223,255
947:60,123,193,222,321,358
948:60,150,171,209,355,387
949:61,140,144,270,315,363
950:62,167,245,298,300,374
951:63,78,133,144,356,398
952:63,136,174,235,293,395
953:64,76,114,121,226,380
954:65,98,130,150,203,310
955:66,93,114,132,151,206
956:66,118,260,263,330,352
957:67,103,108,120,121,287
958:67,132,176,204,342,398
959:70,93,106,188,200,361
960:70,97,105,116,257,376
961:71,147,177,225,320,393
962:72,104,120,170,187,393
963:72,111,221,299,320,362
964:73,147,295,302,304,323
965:75,83,113,134,244,330
966:75,84,111,186,296,317
967:75,91,132,251,269,347
968:75,168,221,231,248,352
969:78,125,147,193,295,390
970:79,82,216,334,355,385
971:80,116,148,265,300,304
972:82,86,88,164,228,245
973:82,91,96,151,222,234
974:82,139,205,268,285,292
975:83,124,155,282,303,315
976:86,133,163,178,260,371
977:87,151,214,282,326,399
978:87,186,200,203,227,306
979:89,107,109,135,258,366
980:90,142,153,340,343,366
981:91,105,167,205,249,360
982:92,208,211,234,304,308
983:93,150,315,347,364,378
984:93,257,280,292,323,395
985:95,146,155,252,270,283
986:96,145,218,220,314,387
987:97,120,193,230,292,326
988:98,164,166,220,233,379
989:100,185,186,210,304,339
990:103,290,318,336,343,357
991:104,200,242,303,312,317
992:104,243,293,296,326,376
993:111,140,163,174,192,223
994:111,166,225,226,254,266
995:111,176,190,234,299,351
996:112,188,208,216,349,356
997:112,200,270,338,371,381
998:113,147,150,223,224,295
999:114,156,233,257,268,299
1000:115,248,333,352,355,398
1001:117,144,246,273,333,364
1002:118,126,187,217,226,388
1003:121,122,135,146,206,254
1004:121,179,235,290,319,348
1005:123,134,159,210,280,375
1006:124,125,195,278,295,364
1007:124,133,166,211,248,373
1008:127,152,156,197,220,349
1009:129,163,234,307,327,370
1010:132,183,187,346,353,379
1011:140,190,211,223,295,313
1012:142,146,203,237,286,333
1013:143,176,205,257,312,399
1014:143,176,220,295,386,396
1015:145,151,184,270,376,385
1016:148,157,289,336,384,387
1017:148,183,212,229,238,333
1018:165,197,223,270,273,394
1019:171,229,257,288,308,350
1020:173,195,244,359,368,371
1021:185,215,285,289,354,384
1022:194,203,228,302,311,350
1023:195,247,268,311,360,375
1024:207,292,297,321,358,376
1025:234,296,313,319,321,374
1026:238,256,309,336,368,399
