1,208,233 : -15
1,102,224 : -26
2,71,324 : -16
2,236,340 : -10
3,201,212 : -12
3,345,467 : -14
4,26,133 : -14
4,23,303 : -13
4,228,488 : -13
7,100,452 : -16
7,188,284 : -18
7,250,380 : -17
8,81,224 : -19
8,297,397 : -18
9,167,223 : -19
9,194,412 : -13
11,34,433 : -21
11,144,316 : -13
12,254,309 : -16
11,13,224 : -25
13,312,491 : -21
14,206,417 : -27
14,426,430 : -24
14,436,439 : -20
14,448,495 : -19
15,48,346 : -16
15,238,427 : -17
16,136,308 : -18
1,17,203 : -19
17,212,231 : -26
17,184,417 : -32
19,84,492 : -17
19,159,231 : -22
19,300,309 : -24
19,94,461 : -22
19,464,487 : -17
21,74,488 : -12
22,185,314 : -15
22,304,426 : -21
24,84,286 : -20
24,382,423 : -20
24,74,473 : -22
22,25,135 : -18
26,52,93 : -13
26,106,118 : -22
26,56,315 : -15
23,27,71 : -15
2,27,111 : -15
28,202,481 : -17
28,264,287 : -17
28,270,382 : -18
28,348,456 : -14
29,243,468 : -17
30,36,346 : -10
31,48,478 : -9
32,175,325 : -24
32,373,396 : -22
24,32,420 : -28
32,433,460 : -29
33,193,240 : -19
34,94,219 : -22
37,127,170 : -30
37,262,411 : -21
37,308,364 : -26
37,131,420 : -21
38,248,312 : -17
39,153,288 : -10
39,426,434 : -16
18,39,494 : -19
5,40,250 : -14
27,41,92 : -18
41,317,489 : -22
41,219,352 : -20
42,76,119 : -16
42,282,425 : -19
45,54,158 : -19
45,80,226 : -26
45,139,178 : -28
8,45,177 : -17
45,278,305 : -19
46,240,262 : -17
40,46,322 : -12
17,47,303 : -22
47,138,360 : -18
6,49,218 : -14
49,209,277 : -14
50,229,336 : -27
51,75,140 : -20
51,133,496 : -16
52,110,302 : -10
53,117,144 : -14
53,430,485 : -16
24,57,424 : -19
57,74,439 : -18
58,206,491 : -14
59,197,402 : -17
43,60,481 : -18
60,164,343 : -14
60,407,442 : -15
61,74,207 : -17
61,334,477 : -23
24,61,379 : -24
21,59,62 : -24
62,86,143 : -18
62,409,418 : -18
63,107,293 : -12
64,111,451 : -12
50,64,113 : -17
15,51,65 : -19
22,65,472 : -21
67,281,475 : -16
68,201,419 : -15
68,285,287 : -14
68,396,495 : -20
32,65,70 : -18
70,334,461 : -19
71,102,477 : -18
71,166,229 : -17
71,309,472 : -19
72,137,444 : -15
6,72,192 : -14
72,290,497 : -13
73,87,103 : -18
73,310,351 : -14
74,161,262 : -14
75,345,490 : -18
76,263,339 : -13
77,229,324 : -17
78,88,161 : -19
34,78,448 : -15
79,118,283 : -27
79,127,231 : -28
79,206,275 : -19
61,79,279 : -20
79,214,364 : -21
24,80,108 : -24
50,80,411 : -20
80,165,463 : -17
80,205,380 : -20
82,130,174 : -18
82,102,396 : -24
83,235,375 : -12
1,37,85 : -21
22,85,212 : -22
85,286,497 : -17
63,86,165 : -14
86,246,290 : -15
86,400,445 : -22
35,88,204 : -21
46,88,227 : -19
6,88,329 : -20
89,206,453 : -15
89,172,258 : -16
90,397,403 : -19
90,379,499 : -16
17,92,370 : -20
92,216,307 : -18
59,93,260 : -20
93,313,336 : -21
94,105,139 : -25
94,109,113 : -17
94,258,337 : -22
94,371,495 : -19
73,95,319 : -17
95,224,437 : -27
96,224,366 : -25
96,243,296 : -19
97,130,240 : -22
97,243,466 : -21
97,316,329 : -16
98,137,146 : -20
98,283,391 : -21
82,99,347 : -19
95,99,381 : -18
93,100,274 : -17
102,360,368 : -17
79,103,224 : -32
88,103,187 : -24
103,345,476 : -17
66,104,269 : -13
104,318,441 : -16
105,179,303 : -14
105,139,334 : -32
99,108,268 : -16
108,434,468 : -17
85,108,469 : -13
109,383,441 : -15
109,286,434 : -18
89,110,441 : -17
110,156,337 : -21
110,299,317 : -13
111,113,391 : -23
111,198,234 : -18
113,118,323 : -24
72,114,389 : -18
101,114,379 : -20
108,115,222 : -17
64,116,246 : -9
117,211,311 : -22
45,117,390 : -25
118,183,266 : -26
118,255,450 : -28
118,245,411 : -24
118,376,457 : -30
54,117,119 : -15
119,211,262 : -16
97,120,258 : -20
120,173,192 : -12
101,112,121 : -15
122,346,402 : -15
122,207,414 : -22
105,123,137 : -18
123,184,335 : -20
123,381,390 : -21
34,44,124 : -15
82,126,232 : -15
75,102,127 : -27
20,127,224 : -29
127,397,426 : -26
128,154,468 : -11
128,268,483 : -14
62,130,155 : -18
130,270,348 : -18
131,370,485 : -10
131,429,473 : -13
132,134,372 : -13
133,267,494 : -22
135,190,448 : -13
136,280,488 : -10
28,137,500 : -18
138,192,332 : -17
138,145,439 : -18
138,405,452 : -16
138,174,467 : -17
37,139,404 : -32
62,139,161 : -26
139,142,213 : -18
139,232,431 : -23
141,259,406 : -12
68,102,143 : -16
143,218,384 : -10
98,118,145 : -20
145,276,336 : -15
146,193,249 : -23
105,147,315 : -14
147,428,490 : -10
122,149,211 : -16
59,149,304 : -19
117,149,437 : -16
61,92,150 : -17
50,139,152 : -23
152,400,454 : -20
4,18,153 : -12
92,154,404 : -19
154,387,471 : -13
102,138,157 : -20
158,256,377 : -15
159,275,351 : -10
116,124,160 : -12
160,295,362 : -17
160,300,400 : -18
161,256,397 : -17
163,334,446 : -21
5,164,399 : -14
165,367,433 : -16
103,167,301 : -22
111,115,167 : -18
167,202,473 : -20
35,39,168 : -14
165,169,442 : -15
79,169,460 : -24
28,170,295 : -22
170,308,336 : -25
106,124,171 : -12
172,380,389 : -17
162,172,404 : -12
51,122,173 : -17
174,216,305 : -17
175,253,391 : -23
34,128,176 : -11
177,366,413 : -16
9,41,178 : -15
158,178,484 : -13
176,180,224 : -20
180,290,306 : -11
180,364,444 : -15
150,180,392 : -17
16,104,181 : -12
129,181,432 : -16
175,182,190 : -15
35,184,347 : -21
32,186,191 : -22
137,186,202 : -16
186,337,378 : -17
186,328,354 : -16
180,187,193 : -18
174,187,267 : -17
59,112,189 : -18
167,190,489 : -27
65,191,235 : -17
191,236,250 : -15
191,255,431 : -18
146,192,421 : -15
139,192,412 : -24
83,156,193 : -20
93,193,408 : -18
193,322,335 : -21
193,293,390 : -24
62,195,284 : -22
79,157,196 : -17
196,258,320 : -16
196,277,406 : -17
197,335,469 : -12
120,155,198 : -18
88,137,198 : -28
80,198,271 : -20
125,198,437 : -20
200,248,282 : -17
116,197,202 : -9
178,203,295 : -19
204,226,292 : -18
204,264,297 : -17
96,124,208 : -15
208,332,435 : -16
188,210,315 : -10
210,305,453 : -9
212,400,403 : -23
214,234,314 : -11
17,100,216 : -27
216,364,420 : -23
91,205,217 : -12
158,214,217 : -14
67,118,218 : -22
26,218,458 : -15
17,219,417 : -32
108,219,311 : -25
134,220,248 : -13
220,314,470 : -9
95,220,372 : -14
58,221,407 : -12
51,222,369 : -19
55,175,223 : -13
223,463,492 : -16
183,211,224 : -27
224,301,412 : -24
140,225,288 : -13
225,330,394 : -17
226,284,309 : -28
47,226,387 : -20
227,283,394 : -16
45,227,312 : -21
17,228,272 : -18
228,348,386 : -18
229,338,427 : -21
151,230,342 : -13
214,230,454 : -18
100,231,480 : -17
231,310,316 : -18
79,233,338 : -19
233,361,394 : -19
227,235,312 : -19
35,235,371 : -22
146,235,435 : -20
235,391,459 : -24
86,215,236 : -15
152,237,435 : -11
237,405,408 : -10
160,238,258 : -15
238,244,302 : -13
101,137,239 : -18
222,239,355 : -18
122,215,240 : -22
37,239,241 : -21
224,226,241 : -28
241,283,489 : -22
139,243,435 : -26
150,243,320 : -21
243,264,499 : -21
243,292,321 : -20
118,140,244 : -24
157,244,397 : -20
66,222,244 : -17
228,244,273 : -17
67,231,245 : -17
157,245,460 : -20
147,246,255 : -14
216,246,406 : -22
247,284,335 : -21
47,169,249 : -18
249,276,439 : -17
186,249,415 : -22
211,250,414 : -21
215,250,372 : -18
250,482,494 : -21
44,251,368 : -9
251,431,437 : -18
167,252,467 : -18
69,253,417 : -25
19,253,457 : -23
253,428,473 : -16
253,471,485 : -13
89,121,254 : -15
16,255,424 : -18
122,170,255 : -22
95,256,463 : -14
256,428,446 : -11
136,257,364 : -16
257,333,419 : -14
243,258,473 : -25
32,252,258 : -23
259,278,300 : -15
259,377,451 : -14
156,261,460 : -18
166,200,263 : -11
183,264,376 : -25
169,186,264 : -19
171,264,285 : -15
89,264,329 : -18
163,260,266 : -12
66,266,379 : -19
133,239,267 : -16
267,404,420 : -22
11,268,345 : -15
75,268,376 : -23
82,269,311 : -22
9,269,499 : -12
270,285,289 : -14
144,270,484 : -12
32,56,272 : -19
272,307,454 : -12
13,223,273 : -18
45,273,455 : -25
24,104,274 : -20
11,161,274 : -16
124,274,339 : -18
216,274,382 : -21
46,275,385 : -14
85,277,463 : -17
277,323,374 : -13
278,467,489 : -24
171,279,383 : -14
279,343,455 : -20
49,280,472 : -11
75,278,281 : -22
38,257,281 : -16
23,224,282 : -25
50,63,282 : -18
98,160,282 : -16
65,283,481 : -18
59,121,284 : -28
148,227,284 : -18
221,233,285 : -13
167,286,443 : -25
163,286,483 : -19
166,209,287 : -12
122,190,287 : -17
106,274,291 : -11
169,292,398 : -17
230,271,292 : -13
59,293,299 : -23
190,293,445 : -17
46,293,457 : -16
294,432,473 : -22
75,294,485 : -17
16,69,295 : -21
175,188,295 : -19
275,295,378 : -18
295,342,430 : -23
20,247,296 : -12
296,391,395 : -26
296,397,459 : -20
254,296,496 : -15
27,72,297 : -17
58,221,297 : -13
45,279,298 : -18
81,299,372 : -12
299,324,357 : -16
113,299,360 : -17
129,244,300 : -15
40,301,475 : -13
254,303,450 : -17
139,304,334 : -30
171,216,304 : -19
230,306,425 : -13
293,307,483 : -16
198,308,345 : -23
40,309,439 : -21
309,354,365 : -18
200,309,393 : -15
278,310,380 : -19
59,127,311 : -33
42,137,311 : -23
159,311,347 : -20
201,297,311 : -18
312,320,336 : -23
312,392,492 : -17
14,286,313 : -23
51,282,313 : -19
315,395,417 : -26
178,316,470 : -12
59,317,345 : -22
318,326,454 : -16
24,187,319 : -19
32,110,320 : -21
200,320,395 : -19
18,29,321 : -13
273,322,377 : -16
81,178,323 : -12
323,378,427 : -14
30,324,398 : -16
310,324,383 : -17
324,470,496 : -14
188,306,325 : -12
225,250,325 : -19
279,321,325 : -17
99,155,326 : -11
253,323,326 : -13
56,232,327 : -11
98,327,498 : -10
189,212,328 : -14
328,477,492 : -13
171,329,391 : -20
329,377,428 : -14
2,88,330 : -20
213,303,330 : -14
76,331,411 : -12
97,193,331 : -19
37,121,332 : -22
191,332,465 : -13
13,290,332 : -15
226,333,420 : -18
105,267,334 : -28
284,334,415 : -34
269,295,334 : -27
297,334,453 : -24
275,336,496 : -22
7,335,336 : -22
336,355,371 : -26
336,355,387 : -23
325,336,491 : -25
56,113,337 : -20
18,215,337 : -18
255,337,386 : -23
73,337,460 : -24
173,329,338 : -13
134,207,339 : -18
331,340,365 : -10
235,340,395 : -20
286,340,482 : -14
18,258,342 : -19
30,79,342 : -18
318,342,451 : -16
91,343,493 : -14
343,386,411 : -18
53,344,389 : -15
345,427,459 : -18
226,247,347 : -18
52,60,349 : -10
350,379,441 : -20
13,126,352 : -16
121,182,352 : -15
53,352,386 : -18
21,230,354 : -14
27,221,354 : -17
207,354,410 : -15
118,127,355 : -31
115,356,438 : -15
73,356,374 : -16
356,416,489 : -22
213,330,357 : -13
357,425,453 : -15
153,357,448 : -11
358,396,399 : -20
94,358,499 : -13
34,224,359 : -25
59,298,359 : -17
114,360,429 : -12
187,304,360 : -14
113,361,392 : -21
148,158,361 : -17
185,361,437 : -18
48,328,361 : -16
16,334,361 : -27
322,361,430 : -20
101,361,488 : -19
22,330,362 : -19
25,362,426 : -14
103,362,430 : -21
221,271,363 : -13
363,437,489 : -25
292,364,468 : -16
29,249,365 : -13
251,365,366 : -15
365,367,481 : -16
31,366,453 : -14
21,277,367 : -13
73,156,368 : -20
19,369,376 : -27
57,302,371 : -16
138,240,371 : -24
127,154,371 : -24
114,292,372 : -14
69,177,373 : -11
4,225,374 : -12
135,276,375 : -8
375,409,417 : -19
10,219,376 : -23
126,376,397 : -24
376,427,441 : -25
16,376,474 : -22
148,376,499 : -18
20,48,377 : -14
183,313,377 : -18
377,396,454 : -23
379,412,500 : -21
118,379,381 : -30
318,381,493 : -20
73,367,381 : -19
126,338,382 : -15
328,358,385 : -11
338,346,386 : -19
356,386,423 : -19
218,387,494 : -21
310,388,493 : -17
381,389,430 : -25
35,167,390 : -25
90,335,390 : -20
61,117,391 : -22
219,369,391 : -24
214,391,416 : -20
162,167,392 : -18
335,392,415 : -24
266,392,399 : -20
47,372,393 : -13
88,258,394 : -26
127,308,395 : -27
14,396,432 : -29
87,243,396 : -21
87,396,467 : -16
37,318,396 : -26
194,267,397 : -20
265,363,397 : -15
19,170,398 : -24
315,334,399 : -25
34,259,400 : -20
103,400,486 : -21
139,339,400 : -28
146,267,400 : -25
208,400,456 : -19
383,384,401 : -7
65,86,403 : -19
68,322,403 : -17
274,388,403 : -17
295,337,404 : -25
45,388,404 : -22
210,404,493 : -17
245,405,490 : -12
132,374,406 : -15
168,194,406 : -15
215,406,431 : -20
125,279,407 : -13
339,407,481 : -20
289,407,418 : -13
355,408,432 : -21
221,234,409 : -12
15,248,409 : -16
62,379,410 : -20
144,410,447 : -8
19,49,411 : -20
76,174,412 : -16
231,399,412 : -23
217,266,413 : -13
60,406,413 : -17
62,338,414 : -22
200,414,432 : -22
281,414,460 : -23
364,414,497 : -18
53,167,415 : -24
74,349,415 : -18
324,415,434 : -23
157,415,422 : -17
118,183,416 : -24
78,417,445 : -22
211,214,417 : -24
228,314,417 : -21
42,296,417 : -25
184,343,418 : -18
142,241,419 : -14
222,390,419 : -23
330,419,500 : -17
212,376,419 : -25
333,420,471 : -12
17,390,421 : -22
158,277,421 : -14
35,179,422 : -10
10,146,423 : -17
12,156,423 : -18
26,120,423 : -16
207,294,424 : -17
25,152,425 : -13
253,425,493 : -19
268,289,427 : -14
319,429,441 : -15
103,281,431 : -23
324,431,449 : -17
164,412,432 : -21
18,433,494 : -23
90,348,433 : -16
15,433,445 : -21
38,434,478 : -15
240,347,434 : -22
222,435,493 : -18
16,431,436 : -14
69,163,437 : -17
310,371,438 : -20
165,414,438 : -17
22,438,458 : -19
12,198,439 : -23
313,346,439 : -19
229,359,439 : -20
150,275,440 : -17
255,425,440 : -18
342,440,494 : -21
132,441,442 : -16
245,443,491 : -21
334,443,478 : -24
442,443,474 : -17
88,444,465 : -18
24,57,445 : -20
92,443,445 : -19
366,433,445 : -22
267,319,446 : -18
369,447,449 : -10
101,200,448 : -16
291,384,449 : -7
73,250,450 : -23
146,219,450 : -24
386,450,494 : -26
203,244,452 : -17
350,364,452 : -18
438,452,463 : -19
43,430,454 : -21
204,321,454 : -17
235,266,454 : -22
20,275,455 : -19
47,303,455 : -20
311,455,460 : -28
146,417,455 : -30
353,455,459 : -14
118,363,456 : -21
310,456,489 : -21
13,193,457 : -21
413,458,475 : -13
36,459,493 : -14
17,459,483 : -24
51,362,460 : -20
188,397,460 : -22
158,257,460 : -19
40,185,461 : -11
281,287,461 : -16
311,461,474 : -20
123,130,463 : -16
168,205,464 : -15
213,434,464 : -14
241,464,489 : -21
75,336,465 : -23
242,344,465 : -7
155,255,466 : -14
290,338,466 : -14
321,337,466 : -17
127,468,480 : -18
388,415,471 : -17
10,262,472 : -14
54,284,472 : -20
299,356,472 : -17
150,387,473 : -18
105,198,473 : -24
63,216,474 : -18
390,455,474 : -23
273,404,475 : -20
168,417,475 : -23
27,475,485 : -16
223,476,479 : -12
82,136,477 : -17
146,443,477 : -20
91,433,477 : -15
278,415,478 : -21
180,426,479 : -15
282,479,493 : -18
335,363,479 : -17
50,124,481 : -21
67,233,481 : -15
189,205,481 : -18
48,122,483 : -20
99,103,483 : -22
13,112,483 : -17
166,432,483 : -22
29,100,486 : -12
331,450,486 : -14
385,486,495 : -12
32,282,487 : -21
245,281,487 : -15
38,225,489 : -22
59,379,489 : -33
41,75,489 : -26
240,298,489 : -23
205,394,491 : -22
102,260,491 : -19
352,387,491 : -19
361,408,491 : -20
88,385,494 : -25
142,332,495 : -12
32,395,496 : -26
14,223,497 : -20
170,318,497 : -16
151,199,498 : -5
156,269,500 : -19
2,382,704 : -17
6,430,630 : -17
19,211,602 : -21
22,192,520 : -19
17,39,664 : -20
42,134,803 : -14
45,363,783 : -18
88,108,594 : -22
93,347,947 : -19
96,154,869 : -14
98,284,601 : -21
101,208,837 : -18
102,207,870 : -22
104,349,877 : -12
105,181,845 : -15
112,277,923 : -14
77,140,828 : -11
62,154,996 : -21
153,164,661 : -14
129,190,593 : -17
208,218,927 : -22
213,400,967 : -17
25,225,981 : -17
148,235,665 : -17
237,370,891 : -10
12,239,764 : -13
119,240,616 : -21
175,248,846 : -14
77,251,758 : -7
230,252,818 : -16
267,457,899 : -20
23,281,983 : -20
284,297,670 : -29
216,295,624 : -24
308,446,579 : -19
36,317,980 : -10
350,440,939 : -15
311,357,855 : -19
284,382,582 : -23
37,394,543 : -23
270,406,976 : -24
308,415,861 : -24
294,432,637 : -26
369,438,759 : -13
398,441,850 : -18
320,450,742 : -17
129,451,710 : -14
246,452,957 : -15
86,462,595 : -13
355,488,520 : -15
432,490,899 : -20
10,109,505 : -17
14,51,736 : -21
14,342,740 : -23
24,243,665 : -26
30,492,763 : -15
34,403,668 : -21
37,359,724 : -19
50,424,560 : -15
54,243,680 : -17
59,381,667 : -29
62,349,874 : -14
80,426,713 : -20
14,97,670 : -29
97,144,771 : -20
99,419,575 : -16
100,189,849 : -14
101,482,627 : -20
20,101,792 : -19
109,416,603 : -14
111,216,757 : -24
115,495,570 : -15
119,346,941 : -20
123,370,521 : -14
132,317,685 : -10
133,339,791 : -15
130,140,965 : -16
156,177,768 : -24
193,206,706 : -17
197,242,535 : -8
209,440,512 : -16
209,248,696 : -16
169,222,877 : -18
38,232,583 : -18
224,232,648 : -24
32,237,822 : -21
238,423,653 : -12
240,368,661 : -20
113,257,862 : -23
240,270,625 : -23
170,278,503 : -22
167,279,521 : -23
66,288,503 : -15
184,294,649 : -21
224,300,642 : -22
309,408,738 : -17
196,311,720 : -19
335,380,586 : -21
186,347,666 : -16
69,348,952 : -13
352,483,929 : -18
100,358,667 : -18
366,479,735 : -15
283,383,569 : -13
381,389,771 : -26
389,424,824 : -18
44,393,946 : -9
229,398,696 : -21
22,398,737 : -24
229,399,734 : -19
366,399,737 : -24
379,399,931 : -23
366,403,583 : -24
203,412,932 : -14
360,416,832 : -14
50,425,644 : -19
198,427,501 : -25
49,443,616 : -17
32,449,767 : -20
420,450,975 : -21
208,457,698 : -17
68,461,779 : -20
72,480,760 : -18
336,490,888 : -20
25,491,579 : -19
89,494,796 : -22
6,529,698 : -15
8,724,740 : -14
10,716,954 : -13
11,710,988 : -14
22,552,708 : -20
33,859,913 : -10
37,572,747 : -22
42,707,863 : -14
47,697,757 : -19
59,873,986 : -20
69,503,661 : -21
71,768,825 : -23
80,519,955 : -14
82,513,655 : -19
107,681,950 : -19
107,887,901 : -18
120,773,803 : -18
126,714,818 : -20
127,632,655 : -23
138,647,764 : -16
150,662,817 : -17
150,717,876 : -21
151,786,978 : -11
156,650,864 : -25
179,576,793 : -11
183,561,849 : -18
194,963,988 : -12
207,789,842 : -21
208,576,930 : -23
212,534,653 : -15
218,574,852 : -18
241,672,908 : -16
249,633,718 : -16
250,815,883 : -20
260,699,939 : -13
269,820,999 : -16
273,606,862 : -24
284,944,992 : -22
289,884,964 : -19
291,538,960 : -13
302,566,589 : -13
308,627,981 : -25
312,773,880 : -22
321,518,598 : -17
333,639,739 : -11
350,918,999 : -13
355,810,829 : -14
356,593,843 : -17
388,802,841 : -20
389,582,931 : -22
390,587,741 : -22
395,574,588 : -19
395,721,779 : -26
398,651,698 : -17
403,630,638 : -13
409,641,771 : -21
415,674,888 : -20
418,748,952 : -10
430,751,879 : -18
433,612,748 : -14
439,652,655 : -18
442,763,820 : -19
443,512,885 : -23
454,572,958 : -19
462,514,670 : -21
472,828,943 : -16
496,768,973 : -17
500,713,913 : -17
3,205,501 : -18
35,84,505 : -17
368,376,512 : -22
42,294,513 : -18
43,354,547 : -16
237,392,557 : -15
402,494,559 : -17
296,354,574 : -19
15,440,583 : -21
184,285,584 : -21
37,327,593 : -22
319,450,604 : -16
226,293,605 : -18
249,371,626 : -18
381,439,627 : -27
97,451,637 : -23
19,156,650 : -29
184,452,655 : -20
422,481,661 : -17
69,424,662 : -18
231,463,664 : -19
182,404,670 : -24
1,278,675 : -14
273,455,684 : -22
26,389,685 : -17
367,417,692 : -19
413,414,693 : -14
136,162,697 : -11
127,494,697 : -25
231,344,706 : -14
135,309,713 : -19
15,380,721 : -21
56,156,723 : -17
164,352,723 : -13
140,325,725 : -16
56,391,731 : -19
28,157,733 : -21
88,442,735 : -19
121,234,741 : -17
50,465,755 : -13
350,419,766 : -15
223,355,769 : -16
376,458,782 : -17
325,418,787 : -17
216,220,789 : -20
266,452,792 : -21
132,474,796 : -15
15,141,808 : -8
182,288,825 : -14
12,271,853 : -10
66,95,878 : -15
41,139,890 : -20
417,427,894 : -28
245,437,901 : -21
23,432,914 : -17
5,316,924 : -12
217,478,930 : -17
394,395,932 : -19
103,119,936 : -18
182,326,962 : -11
166,169,968 : -14
43,222,982 : -22
184,229,983 : -25
89,184,984 : -15
92,455,989 : -23
178,343,991 : -14
378,467,994 : -13
205,386,996 : -22
19,513,976 : -27
215,515,908 : -17
386,515,779 : -21
396,527,541 : -17
209,532,674 : -13
195,537,887 : -12
219,545,990 : -22
394,547,694 : -17
177,564,614 : -13
220,572,983 : -22
159,579,990 : -14
356,579,861 : -20
407,534,582 : -16
301,585,623 : -15
302,550,585 : -18
366,514,597 : -23
429,601,862 : -20
38,620,624 : -15
464,634,690 : -15
444,637,856 : -18
226,516,639 : -14
76,643,923 : -14
304,647,786 : -17
264,649,832 : -20
447,649,773 : -19
263,650,927 : -20
131,603,652 : -13
60,636,659 : -14
147,661,962 : -14
86,673,838 : -16
498,673,961 : -13
205,585,684 : -22
286,566,684 : -20
183,694,837 : -16
125,612,705 : -13
78,714,749 : -16
34,720,772 : -20
107,733,956 : -17
55,519,744 : -11
57,745,921 : -15
348,745,815 : -20
457,760,894 : -24
300,724,767 : -14
347,626,774 : -18
117,590,776 : -17
312,779,875 : -21
476,555,786 : -16
446,608,788 : -15
498,792,964 : -19
389,725,805 : -16
339,615,807 : -16
462,813,987 : -16
453,627,814 : -21
119,569,818 : -18
341,599,833 : -11
480,835,843 : -11
198,698,840 : -17
204,845,848 : -15
252,780,852 : -14
432,855,918 : -19
212,779,878 : -22
14,552,884 : -22
286,780,884 : -22
265,881,897 : -11
389,509,913 : -18
27,813,921 : -17
203,926,974 : -15
195,908,934 : -19
161,940,996 : -22
270,646,943 : -21
219,648,945 : -18
334,614,969 : -22
270,594,977 : -16
228,951,981 : -19
43,501,714 : -21
369,505,532 : -18
475,510,989 : -17
319,517,768 : -21
106,533,597 : -13
406,555,689 : -18
68,558,760 : -26
116,559,583 : -17
175,534,561 : -16
85,592,735 : -12
437,618,996 : -18
229,624,727 : -18
198,501,629 : -23
22,546,633 : -22
489,586,634 : -28
135,527,635 : -13
129,571,635 : -15
183,557,644 : -17
341,650,655 : -15
401,650,681 : -18
174,637,653 : -20
391,676,813 : -23
114,677,701 : -14
431,676,681 : -21
438,694,884 : -19
451,701,703 : -12
313,707,944 : -13
399,687,711 : -21
168,718,824 : -11
446,530,721 : -14
391,603,726 : -22
134,708,726 : -15
339,727,855 : -17
108,606,743 : -19
82,761,892 : -18
207,539,763 : -19
371,574,767 : -20
43,673,767 : -17
75,567,774 : -19
83,591,788 : -13
500,565,815 : -19
334,641,817 : -25
482,787,837 : -13
3,587,841 : -15
418,845,930 : -21
390,663,848 : -19
385,848,899 : -15
395,791,860 : -17
136,769,866 : -14
236,868,936 : -8
17,881,966 : -21
254,716,901 : -15
380,809,917 : -11
466,598,918 : -13
130,565,920 : -14
170,634,933 : -22
120,562,967 : -15
41,900,970 : -19
226,532,980 : -17
122,575,992 : -18
501,704,733 : -26
502,565,764 : -20
502,584,812 : -22
502,760,992 : -26
502,789,793 : -19
502,817,924 : -20
502,719,850 : -18
503,566,584 : -22
503,574,733 : -25
503,662,927 : -24
506,513,635 : -17
506,544,652 : -15
507,737,740 : -19
507,861,920 : -14
508,538,989 : -22
508,613,723 : -18
508,519,803 : -17
508,854,941 : -18
508,753,1000 : -16
509,521,637 : -22
509,762,777 : -7
509,711,811 : -12
511,620,696 : -15
511,823,915 : -11
513,905,947 : -18
515,532,799 : -12
517,634,789 : -20
517,528,679 : -10
518,522,856 : -14
518,724,797 : -16
518,798,844 : -18
518,561,914 : -16
518,916,937 : -22
519,658,959 : -15
519,661,768 : -23
519,630,812 : -13
503,521,981 : -23
521,737,964 : -23
522,887,990 : -15
523,529,672 : -12
524,531,751 : -16
524,585,663 : -18
524,633,820 : -18
525,678,882 : -13
525,646,924 : -19
526,688,853 : -13
528,904,983 : -14
521,529,812 : -17
530,609,619 : -10
532,736,914 : -11
533,794,845 : -14
534,573,722 : -11
535,558,760 : -24
535,765,814 : -13
536,689,966 : -13
537,542,614 : -10
537,682,781 : -9
538,604,921 : -14
521,538,694 : -18
538,770,790 : -18
520,541,886 : -11
542,584,697 : -16
520,543,792 : -16
544,614,848 : -16
544,695,934 : -20
523,545,896 : -16
545,621,739 : -22
545,613,660 : -21
545,662,778 : -20
545,934,938 : -24
545,815,940 : -29
546,577,959 : -11
502,546,870 : -22
527,547,738 : -14
549,769,944 : -12
549,787,847 : -16
549,858,875 : -13
550,677,911 : -17
550,588,719 : -12
550,802,997 : -18
531,540,551 : -12
536,551,554 : -16
551,589,668 : -15
551,705,839 : -18
552,602,997 : -12
553,574,687 : -15
505,554,893 : -23
555,711,939 : -17
556,688,793 : -13
518,558,766 : -21
558,613,849 : -22
558,625,982 : -27
539,558,742 : -18
558,584,772 : -25
558,587,815 : -23
558,748,950 : -21
559,651,750 : -16
559,885,969 : -18
560,687,801 : -15
539,561,667 : -19
562,584,729 : -24
535,562,802 : -18
562,617,930 : -17
563,570,596 : -17
563,661,690 : -16
528,564,589 : -11
569,804,893 : -15
562,570,873 : -18
571,756,942 : -15
571,661,940 : -23
572,712,732 : -22
572,613,862 : -28
573,825,864 : -16
560,574,954 : -14
577,949,970 : -12
566,578,772 : -20
578,611,669 : -18
578,658,770 : -20
507,578,700 : -21
579,704,795 : -21
579,700,710 : -20
579,894,906 : -19
580,759,916 : -13
582,658,888 : -19
583,599,978 : -16
584,617,954 : -15
584,761,860 : -22
505,584,836 : -21
584,684,965 : -21
585,640,668 : -18
586,730,755 : -14
550,586,826 : -19
531,590,855 : -18
590,637,660 : -22
591,717,903 : -21
592,787,879 : -15
592,652,818 : -16
592,841,847 : -18
592,663,943 : -15
593,717,900 : -25
594,634,858 : -17
594,642,963 : -12
596,626,643 : -12
572,597,737 : -25
598,800,954 : -12
598,651,963 : -17
586,599,910 : -19
563,600,704 : -17
601,637,879 : -21
601,770,798 : -13
601,900,948 : -14
531,602,754 : -18
604,916,960 : -17
605,644,908 : -16
567,585,606 : -18
606,737,870 : -21
606,770,797 : -15
577,608,889 : -7
608,884,893 : -18
609,665,857 : -15
609,726,872 : -13
610,687,696 : -19
610,791,941 : -17
517,611,992 : -14
613,637,860 : -22
614,719,788 : -15
615,811,967 : -10
616,689,757 : -19
616,926,974 : -17
618,693,743 : -12
578,618,934 : -21
616,619,679 : -12
619,729,793 : -16
621,767,877 : -18
597,621,957 : -20
546,558,622 : -17
563,622,934 : -18
555,623,667 : -19
623,760,861 : -21
623,816,961 : -13
586,624,749 : -17
624,829,898 : -12
595,625,713 : -18
610,625,643 : -16
625,650,730 : -22
625,826,968 : -17
626,627,785 : -15
508,627,930 : -28
521,627,649 : -25
621,628,810 : -14
628,711,807 : -14
628,941,976 : -21
543,629,842 : -17
630,716,880 : -15
508,539,631 : -16
526,631,786 : -17
620,632,874 : -14
506,630,632 : -17
554,633,825 : -21
633,884,931 : -21
634,807,923 : -20
561,634,940 : -25
635,654,816 : -13
635,824,899 : -15
636,830,959 : -11
525,637,686 : -18
570,637,768 : -29
603,638,885 : -16
514,639,873 : -16
609,640,790 : -17
571,641,763 : -22
620,641,733 : -23
529,531,643 : -18
644,902,913 : -17
622,645,826 : -11
645,768,989 : -22
646,862,938 : -25
590,646,931 : -21
647,882,898 : -10
628,648,956 : -13
570,649,801 : -20
576,649,654 : -16
574,582,650 : -23
650,909,996 : -20
636,653,862 : -21
653,894,982 : -22
525,655,946 : -15
639,656,804 : -14
572,656,939 : -21
657,780,802 : -15
640,657,940 : -15
658,752,918 : -13
658,725,792 : -20
539,659,862 : -20
599,662,743 : -19
663,813,823 : -14
513,664,916 : -21
540,664,676 : -12
664,672,732 : -13
664,746,861 : -16
529,665,768 : -24
589,665,807 : -16
665,730,869 : -18
666,676,941 : -18
667,745,802 : -23
554,667,846 : -19
668,683,919 : -15
668,818,928 : -18
523,552,669 : -12
524,543,669 : -15
669,795,946 : -17
630,670,964 : -25
544,670,704 : -26
671,716,873 : -15
510,671,777 : -12
671,817,957 : -14
575,660,673 : -15
603,670,673 : -25
673,944,992 : -18
656,674,675 : -14
674,750,754 : -17
674,761,831 : -17
675,696,824 : -14
629,676,814 : -17
676,776,905 : -14
526,677,682 : -14
554,677,776 : -17
677,844,910 : -19
677,745,928 : -16
677,897,981 : -19
656,678,941 : -20
678,686,782 : -10
678,714,894 : -21
641,678,795 : -19
679,887,955 : -12
634,680,715 : -20
680,788,965 : -16
680,828,881 : -13
533,681,786 : -18
607,681,789 : -14
556,683,962 : -12
684,931,947 : -20
529,687,972 : -17
688,722,847 : -16
645,689,690 : -9
583,691,736 : -16
691,743,771 : -18
691,709,916 : -14
568,660,692 : -7
620,695,989 : -18
510,695,824 : -12
696,879,964 : -20
599,700,720 : -20
512,670,700 : -27
508,699,700 : -20
512,702,813 : -16
641,702,902 : -18
508,550,704 : -22
704,717,790 : -28
704,853,863 : -16
528,705,926 : -16
531,705,936 : -17
567,683,705 : -15
564,706,739 : -12
706,760,837 : -18
634,707,815 : -21
707,825,912 : -10
585,708,721 : -22
651,708,982 : -23
594,709,919 : -12
582,710,729 : -21
710,779,981 : -22
563,641,711 : -20
526,671,711 : -16
542,712,721 : -19
712,801,871 : -20
712,863,994 : -18
713,841,979 : -19
662,688,714 : -20
541,715,768 : -22
687,715,871 : -22
585,715,856 : -19
715,972,975 : -16
716,734,795 : -13
684,717,976 : -28
719,909,993 : -7
612,651,720 : -16
613,721,761 : -24
724,765,819 : -10
569,714,725 : -17
646,725,970 : -21
588,726,754 : -16
726,863,963 : -15
727,773,832 : -19
727,870,873 : -17
727,937,995 : -12
554,562,729 : -22
611,727,729 : -17
729,748,880 : -18
597,729,778 : -20
729,828,880 : -19
720,730,922 : -13
730,733,811 : -19
731,732,846 : -11
515,531,732 : -15
671,687,733 : -24
733,863,927 : -24
733,735,964 : -21
580,734,736 : -9
609,610,737 : -17
614,737,850 : -18
733,737,977 : -23
570,578,738 : -21
593,738,885 : -22
670,738,833 : -21
649,738,871 : -20
562,739,967 : -14
663,740,852 : -17
740,865,961 : -15
522,629,741 : -17
590,641,741 : -24
619,741,768 : -24
524,741,887 : -22
712,742,819 : -15
718,742,916 : -16
556,693,743 : -14
575,744,757 : -18
578,700,744 : -22
745,749,750 : -15
627,745,758 : -18
693,745,929 : -13
585,747,888 : -14
510,746,749 : -12
749,814,903 : -16
733,751,884 : -23
753,797,812 : -10
571,754,979 : -18
739,754,820 : -18
754,791,878 : -18
511,756,994 : -14
555,756,860 : -16
756,835,847 : -17
756,884,976 : -23
757,911,969 : -18
759,909,975 : -13
602,667,760 : -23
642,695,761 : -17
761,870,934 : -25
633,761,932 : -19
761,969,979 : -17
726,763,992 : -19
647,764,865 : -14
515,765,842 : -15
556,766,847 : -15
764,766,792 : -17
503,699,768 : -23
701,769,888 : -12
547,771,915 : -19
717,771,790 : -29
771,802,809 : -21
772,890,919 : -14
772,927,966 : -20
501,773,785 : -18
650,773,875 : -23
670,773,928 : -25
583,774,989 : -24
527,686,774 : -13
565,774,828 : -16
708,774,850 : -18
774,927,940 : -26
696,699,775 : -11
578,776,910 : -19
652,777,827 : -9
777,859,966 : -12
666,778,816 : -12
547,765,779 : -17
779,803,986 : -16
779,783,914 : -15
605,780,869 : -15
658,780,796 : -19
780,857,979 : -14
563,646,781 : -19
544,763,781 : -18
781,907,916 : -15
718,782,902 : -13
756,783,877 : -14
783,904,935 : -7
784,865,906 : -13
784,805,933 : -12
507,786,899 : -18
786,939,947 : -21
590,786,946 : -20
596,787,820 : -15
577,636,788 : -15
642,788,819 : -13
788,895,1000 : -17
501,511,789 : -17
698,789,851 : -13
682,790,818 : -19
790,832,937 : -19
572,632,792 : -24
513,794,814 : -19
589,744,794 : -15
621,668,794 : -20
529,774,795 : -20
570,795,834 : -14
505,795,950 : -23
608,673,796 : -16
742,754,796 : -18
556,796,1000 : -17
506,647,797 : -14
557,598,798 : -14
689,740,798 : -15
729,790,799 : -21
568,732,800 : -8
800,943,982 : -18
503,751,801 : -18
632,672,801 : -15
514,802,966 : -20
671,708,802 : -20
520,802,948 : -16
636,771,803 : -18
581,804,892 : -7
687,804,886 : -15
627,805,987 : -20
597,806,898 : -13
712,809,956 : -16
723,809,874 : -9
606,810,862 : -21
744,810,930 : -18
572,697,813 : -19
536,814,960 : -15
551,680,814 : -15
670,807,815 : -27
575,764,816 : -15
624,816,950 : -19
753,817,857 : -10
599,806,818 : -16
813,818,871 : -21
504,667,819 : -16
648,820,829 : -16
820,856,866 : -16
794,821,927 : -18
522,621,822 : -16
651,751,822 : -17
634,754,822 : -22
822,833,940 : -19
761,823,864 : -19
597,825,883 : -18
544,644,826 : -17
826,894,986 : -17
710,827,841 : -15
827,843,906 : -9
579,593,829 : -19
704,809,829 : -16
506,830,981 : -16
832,938,953 : -13
518,833,901 : -18
833,836,916 : -16
578,834,842 : -18
644,835,867 : -14
625,835,929 : -16
674,836,927 : -17
831,836,948 : -10
571,838,866 : -14
629,708,839 : -16
502,839,851 : -18
536,839,866 : -15
526,761,840 : -17
643,696,840 : -15
780,840,897 : -14
570,616,841 : -21
621,797,841 : -21
841,893,976 : -24
841,895,948 : -16
549,640,842 : -16
576,667,842 : -23
746,842,877 : -17
791,807,842 : -18
609,842,868 : -15
648,663,843 : -14
507,712,844 : -19
526,844,864 : -19
844,870,890 : -16
688,844,946 : -17
505,845,982 : -25
703,766,846 : -10
504,847,994 : -15
847,897,903 : -16
659,848,859 : -13
848,953,983 : -17
538,721,849 : -19
826,849,893 : -18
818,849,945 : -17
566,772,850 : -16
678,702,851 : -11
684,746,852 : -16
563,720,852 : -18
505,852,901 : -21
564,599,853 : -13
552,626,854 : -9
741,855,894 : -22
715,740,856 : -18
563,597,857 : -19
700,743,857 : -18
549,670,858 : -20
669,858,965 : -15
709,858,930 : -16
636,685,859 : -11
651,822,859 : -16
631,861,940 : -21
771,826,861 : -22
757,861,866 : -22
736,862,897 : -21
504,862,944 : -21
593,757,864 : -24
627,659,864 : -21
640,669,865 : -15
681,865,933 : -19
720,830,866 : -15
757,866,893 : -22
534,684,867 : -15
527,869,941 : -19
591,658,869 : -17
538,790,869 : -20
706,816,869 : -16
576,867,870 : -17
618,714,871 : -18
632,768,871 : -25
681,773,871 : -24
838,871,983 : -18
681,717,872 : -23
744,872,925 : -12
676,751,875 : -16
649,754,875 : -21
796,875,987 : -19
548,701,876 : -7
773,799,876 : -16
731,832,876 : -11
550,784,878 : -16
558,815,878 : -25
517,878,896 : -15
580,878,897 : -13
603,879,902 : -18
880,908,971 : -15
536,880,999 : -15
633,666,881 : -15
721,835,882 : -16
705,821,883 : -14
583,883,919 : -18
512,884,975 : -22
502,514,885 : -26
504,885,951 : -19
512,593,885 : -24
645,781,885 : -16
885,915,987 : -22
514,681,887 : -23
778,887,964 : -19
695,850,887 : -18
595,887,963 : -17
734,888,999 : -13
621,891,918 : -15
731,804,891 : -10
770,862,893 : -23
701,893,1000 : -17
845,894,928 : -18
616,894,950 : -22
801,895,907 : -11
895,942,980 : -11
683,895,989 : -15
501,613,896 : -19
525,896,908 : -17
896,953,995 : -8
504,799,898 : -11
705,873,899 : -19
700,712,901 : -23
732,837,901 : -16
559,901,967 : -16
590,862,902 : -26
604,713,902 : -17
730,880,902 : -19
524,899,902 : -18
639,844,903 : -16
787,904,988 : -12
695,717,905 : -21
900,905,994 : -14
646,867,906 : -16
573,906,965 : -11
722,741,907 : -16
556,602,908 : -17
700,779,908 : -25
752,839,908 : -15
587,909,976 : -17
656,909,968 : -14
505,660,910 : -19
667,910,938 : -20
831,910,987 : -17
615,855,911 : -13
772,900,911 : -16
546,913,961 : -13
712,776,913 : -17
567,662,915 : -16
885,915,951 : -20
578,692,916 : -20
593,811,916 : -20
567,621,917 : -13
557,919,949 : -12
702,749,919 : -14
565,658,920 : -15
671,750,920 : -13
501,673,921 : -20
787,891,921 : -14
922,929,933 : -11
637,646,923 : -24
717,816,923 : -23
752,923,974 : -13
598,691,924 : -14
648,784,924 : -16
582,799,924 : -17
815,911,925 : -18
633,925,969 : -15
565,794,926 : -16
576,646,926 : -19
587,798,926 : -13
541,927,954 : -18
729,864,927 : -25
545,582,928 : -21
728,925,929 : -8
600,670,930 : -24
561,892,930 : -18
603,773,931 : -21
613,714,931 : -21
502,932,937 : -19
566,722,933 : -16
623,933,939 : -16
641,831,933 : -17
590,760,934 : -26
606,743,934 : -21
543,545,935 : -16
654,868,935 : -6
554,937,997 : -17
512,581,937 : -14
629,845,937 : -17
741,784,938 : -18
648,879,938 : -16
571,722,939 : -17
705,757,940 : -27
756,886,940 : -19
823,844,940 : -20
514,941,944 : -21
662,872,941 : -19
705,941,991 : -20
757,942,977 : -17
514,714,943 : -21
620,943,959 : -14
506,715,945 : -16
763,835,945 : -17
610,945,972 : -10
605,870,946 : -15
502,643,947 : -22
572,760,947 : -26
715,921,947 : -19
591,947,950 : -19
632,741,948 : -20
554,830,950 : -18
569,637,950 : -23
627,651,950 : -25
591,862,951 : -22
703,919,951 : -15
821,860,951 : -13
924,934,951 : -21
542,952,982 : -15
547,815,953 : -17
545,668,954 : -21
505,586,955 : -18
525,956,982 : -19
682,956,985 : -11
635,936,957 : -12
557,943,958 : -13
632,867,958 : -13
619,763,960 : -17
656,797,960 : -16
717,960,975 : -24
694,962,981 : -17
746,881,962 : -13
687,964,992 : -22
721,881,965 : -18
966,996,999 : -17
877,964,968 : -17
713,725,970 : -20
722,821,970 : -16
717,788,970 : -27
631,911,970 : -17
659,970,985 : -16
583,963,971 : -15
665,825,973 : -14
516,792,974 : -15
596,601,974 : -14
535,688,974 : -15
790,930,974 : -24
561,900,975 : -18
583,771,975 : -25
717,864,975 : -26
529,586,976 : -23
669,976,996 : -22
564,730,977 : -15
750,977,1000 : -15
650,763,977 : -22
555,825,979 : -17
615,713,980 : -14
555,595,982 : -20
767,806,982 : -17
839,903,982 : -20
545,699,983 : -23
656,886,983 : -18
760,925,983 : -23
851,865,984 : -9
551,576,985 : -15
588,915,985 : -12
631,703,985 : -11
612,758,986 : -8
625,980,987 : -19
903,910,987 : -19
882,983,987 : -20
597,600,988 : -14
792,970,988 : -20
595,611,989 : -15
981,987,989 : -24
649,694,990 : -17
517,717,990 : -21
541,544,991 : -13
905,930,991 : -17
740,863,994 : -17
546,559,996 : -17
557,675,997 : -12
934,976,997 : -22
513,786,998 : -16
509,794,998 : -11
889,968,999 : -10
807,942,1000 : -15
782,957,1000 : -13
