1,208,233 : -0.68736
1,102,224 : -0.691884
2,71,324 : -0.78109
2,236,340 : -0.728206
3,201,212 : -0.577559
3,345,467 : -0.703627
4,26,133 : -0.832281
4,23,303 : -0.838164
4,228,488 : -0.85421
7,100,452 : -0.758799
7,188,284 : -0.761918
7,250,380 : -0.783519
8,81,224 : -0.755683
8,297,397 : -0.823527
9,167,223 : -0.815068
9,194,412 : -0.59875
11,34,433 : -0.792666
11,144,316 : -0.786505
12,254,309 : -0.765697
11,13,224 : -0.765496
13,312,491 : -0.701292
14,206,417 : -0.829904
14,426,430 : -0.62652
14,436,439 : -0.798216
14,448,495 : -0.779084
15,48,346 : -0.752822
15,238,427 : -0.794929
16,136,308 : -0.714924
1,17,203 : -0.716181
17,212,231 : -0.817601
17,184,417 : -0.625807
19,84,492 : -0.73018
19,159,231 : -0.733037
19,300,309 : -0.964175
19,94,461 : -0.688638
19,464,487 : -0.660675
21,74,488 : -0.740031
22,185,314 : -0.776174
22,304,426 : -0.794305
24,84,286 : -0.71294
24,382,423 : -0.730824
24,74,473 : -0.526507
22,25,135 : -0.74289
26,52,93 : -0.844628
26,106,118 : -0.926677
26,56,315 : -0.782083
23,27,71 : -0.705345
2,27,111 : -0.780181
28,202,481 : -0.731383
28,264,287 : -0.690492
28,270,382 : -0.671387
28,348,456 : -0.638156
29,243,468 : -0.580718
30,36,346 : -0.728777
31,48,478 : -0.491143
32,175,325 : -0.81256
32,373,396 : -0.801348
24,32,420 : -0.835991
32,433,460 : -0.76199
33,193,240 : -0.826763
34,94,219 : -0.699033
37,127,170 : -0.507652
37,262,411 : -0.763582
37,308,364 : -0.64345
37,131,420 : -0.738985
38,248,312 : -0.863229
39,153,288 : -0.668255
39,426,434 : -0.662154
18,39,494 : -0.52519
5,40,250 : -0.956584
27,41,92 : -0.813453
41,317,489 : -0.765573
41,219,352 : -0.841798
42,76,119 : -0.70681
42,282,425 : -0.657045
45,54,158 : -0.664549
45,80,226 : -0.756284
45,139,178 : -0.742215
8,45,177 : -0.757513
45,278,305 : -0.734081
46,240,262 : -0.652839
40,46,322 : -0.542997
17,47,303 : -0.717667
47,138,360 : -0.741768
6,49,218 : -0.868768
49,209,277 : -0.95311
50,229,336 : -0.852399
51,75,140 : -0.73591
51,133,496 : -0.758586
52,110,302 : -0.760048
53,117,144 : -0.751822
53,430,485 : -0.733482
24,57,424 : -0.616633
57,74,439 : -0.683538
58,206,491 : -0.728473
59,197,402 : -0.864261
43,60,481 : -0.868711
60,164,343 : -0.902517
60,407,442 : -0.725599
61,74,207 : -0.616934
61,334,477 : -0.619697
24,61,379 : -0.604118
21,59,62 : -0.860159
62,86,143 : -0.954175
62,409,418 : -0.926498
63,107,293 : -0.868279
64,111,451 : -0.775714
50,64,113 : -0.796523
15,51,65 : -0.667751
22,65,472 : -0.959956
67,281,475 : -0.62373
68,201,419 : -0.583489
68,285,287 : -0.704268
68,396,495 : -0.739536
32,65,70 : -0.642161
70,334,461 : -0.632404
71,102,477 : -0.848253
71,166,229 : -0.698331
71,309,472 : -0.750244
72,137,444 : -0.62617
6,72,192 : -0.701058
72,290,497 : -0.68433
73,87,103 : -0.639181
73,310,351 : -0.628308
74,161,262 : -0.630634
75,345,490 : -0.59953
76,263,339 : -0.681422
77,229,324 : -0.747109
78,88,161 : -0.815452
34,78,448 : -0.720168
79,118,283 : -0.558209
79,127,231 : -0.544693
79,206,275 : -0.563367
61,79,279 : -0.59994
79,214,364 : -0.625875
24,80,108 : -0.77343
50,80,411 : -0.790077
80,165,463 : -0.734598
80,205,380 : -0.775857
82,130,174 : -0.777942
82,102,396 : -0.690684
83,235,375 : -0.808055
1,37,85 : -0.80207
22,85,212 : -0.884291
85,286,497 : -0.76753
63,86,165 : -0.746654
86,246,290 : -0.913471
86,400,445 : -0.793061
35,88,204 : -0.728195
46,88,227 : -0.688904
6,88,329 : -0.818591
89,206,453 : -0.808619
89,172,258 : -0.715297
90,397,403 : -0.639127
90,379,499 : -0.577704
17,92,370 : -0.753804
92,216,307 : -0.68002
59,93,260 : -0.687185
93,313,336 : -0.762343
94,105,139 : -0.552686
94,109,113 : -0.649631
94,258,337 : -0.505068
94,371,495 : -0.724446
73,95,319 : -0.59174
95,224,437 : -0.849635
96,224,366 : -0.800574
96,243,296 : -0.76518
97,130,240 : -0.710165
97,243,466 : -0.663402
97,316,329 : -0.737658
98,137,146 : -0.670491
98,283,391 : -0.620127
82,99,347 : -0.733002
95,99,381 : -0.704735
93,100,274 : -0.779299
102,360,368 : -0.72567
79,103,224 : -0.636343
88,103,187 : -0.719641
103,345,476 : -0.75233
66,104,269 : -0.614924
104,318,441 : -0.76129
105,179,303 : -0.854875
105,139,334 : -0.465849
99,108,268 : -0.559127
108,434,468 : -0.738138
85,108,469 : -0.689179
109,383,441 : -0.788888
109,286,434 : -0.742887
89,110,441 : -0.719068
110,156,337 : -0.720801
110,299,317 : -0.703071
111,113,391 : -0.689926
111,198,234 : -0.761822
113,118,323 : -0.710677
72,114,389 : -0.976685
101,114,379 : -0.824466
108,115,222 : -0.869069
64,116,246 : -0.696551
117,211,311 : -0.609845
45,117,390 : -0.663206
118,183,266 : -0.610647
118,255,450 : -0.728799
118,245,411 : -0.664295
118,376,457 : -0.60474
54,117,119 : -0.6657
119,211,262 : -0.513514
97,120,258 : -0.655972
120,173,192 : -0.645695
101,112,121 : -0.576114
122,346,402 : -0.605879
122,207,414 : -0.755557
105,123,137 : -0.7513
123,184,335 : -0.650781
123,381,390 : -0.650184
34,44,124 : -0.897954
82,126,232 : -0.777277
75,102,127 : -0.588215
20,127,224 : -0.612905
127,397,426 : -0.667227
128,154,468 : -0.633416
128,268,483 : -0.593861
62,130,155 : -0.839767
130,270,348 : -0.71653
131,370,485 : -0.604395
131,429,473 : -0.704992
132,134,372 : -0.67801
133,267,494 : -0.622036
135,190,448 : -0.732976
136,280,488 : -0.729711
28,137,500 : -0.643367
138,192,332 : -0.771825
138,145,439 : -0.628053
138,405,452 : -0.725602
138,174,467 : -0.798628
37,139,404 : -0.646573
62,139,161 : -0.758617
139,142,213 : -0.50875
139,232,431 : -0.83758
141,259,406 : -0.820169
68,102,143 : -0.833702
143,218,384 : -0.888861
98,118,145 : -0.724662
145,276,336 : -0.481762
146,193,249 : -0.681939
105,147,315 : -0.745755
147,428,490 : -0.678469
122,149,211 : -0.483291
59,149,304 : -0.729553
117,149,437 : -0.554187
61,92,150 : -0.62195
50,139,152 : -0.733367
152,400,454 : -0.749
4,18,153 : -0.610407
92,154,404 : -0.728622
154,387,471 : -0.555518
102,138,157 : -0.634498
158,256,377 : -0.697476
159,275,351 : -0.436991
116,124,160 : -0.643549
160,295,362 : -0.743252
160,300,400 : -0.619318
161,256,397 : -0.771817
163,334,446 : -0.746391
5,164,399 : -0.820466
165,367,433 : -0.707933
103,167,301 : -0.727486
111,115,167 : -0.76251
167,202,473 : -0.777809
35,39,168 : -0.676485
165,169,442 : -0.706502
79,169,460 : -0.579751
28,170,295 : -0.643184
170,308,336 : -0.587202
106,124,171 : -0.624321
172,380,389 : -0.888223
162,172,404 : -0.550512
51,122,173 : -0.7276
174,216,305 : -0.802722
175,253,391 : -0.768404
34,128,176 : -0.537126
177,366,413 : -0.836687
9,41,178 : -0.692483
158,178,484 : -0.640924
176,180,224 : -0.73661
180,290,306 : -0.758294
180,364,444 : -0.752138
150,180,392 : -0.862693
16,104,181 : -0.69496
129,181,432 : -0.824576
175,182,190 : -0.776155
35,184,347 : -0.703658
32,186,191 : -0.774971
137,186,202 : -0.584985
186,337,378 : -0.695831
186,328,354 : -0.838888
180,187,193 : -0.735346
174,187,267 : -0.530144
59,112,189 : -0.674035
167,190,489 : -0.754448
65,191,235 : -0.594472
191,236,250 : -0.608616
191,255,431 : -0.651774
146,192,421 : -0.680766
139,192,412 : -0.757986
83,156,193 : -0.919086
93,193,408 : -0.664295
193,322,335 : -0.671704
193,293,390 : -0.7129
62,195,284 : -0.961529
79,157,196 : -0.633254
196,258,320 : -0.662026
196,277,406 : -0.935919
197,335,469 : -0.79749
120,155,198 : -0.798736
88,137,198 : -0.698906
80,198,271 : -0.745018
125,198,437 : -0.888147
200,248,282 : -0.677105
116,197,202 : -0.789154
178,203,295 : -0.845769
204,226,292 : -0.725405
204,264,297 : -0.691081
96,124,208 : -0.765106
208,332,435 : -0.692926
188,210,315 : -0.556009
210,305,453 : -0.498724
212,400,403 : -0.766737
214,234,314 : -0.634464
17,100,216 : -0.795339
216,364,420 : -0.733538
91,205,217 : -0.723334
158,214,217 : -0.741511
67,118,218 : -0.634108
26,218,458 : -0.832605
17,219,417 : -0.603722
108,219,311 : -0.738069
134,220,248 : -0.700553
220,314,470 : -0.677265
95,220,372 : -0.846498
58,221,407 : -0.412291
51,222,369 : -0.714838
55,175,223 : -0.852658
223,463,492 : -0.825725
183,211,224 : -0.735232
224,301,412 : -0.807214
140,225,288 : -0.66349
225,330,394 : -0.707332
226,284,309 : -0.800257
47,226,387 : -0.803066
227,283,394 : -0.485873
45,227,312 : -0.622278
17,228,272 : -0.716614
228,348,386 : -0.864074
229,338,427 : -0.832106
151,230,342 : -0.91603
214,230,454 : -0.737919
100,231,480 : -0.662459
231,310,316 : -0.796167
79,233,338 : -0.700125
233,361,394 : -0.725335
227,235,312 : -0.460758
35,235,371 : -0.72934
146,235,435 : -0.547767
235,391,459 : -0.744657
86,215,236 : -0.786624
152,237,435 : -0.586096
237,405,408 : -0.60263
160,238,258 : -0.69711
238,244,302 : -0.830144
101,137,239 : -0.66644
222,239,355 : -0.781953
122,215,240 : -0.815663
37,239,241 : -0.718234
224,226,241 : -0.845027
241,283,489 : -0.637775
139,243,435 : -0.713681
150,243,320 : -0.72318
243,264,499 : -0.786438
243,292,321 : -0.575735
118,140,244 : -0.807074
157,244,397 : -0.70118
66,222,244 : -0.68006
228,244,273 : -0.736835
67,231,245 : -0.59049
157,245,460 : -0.555962
147,246,255 : -0.855653
216,246,406 : -0.919073
247,284,335 : -0.66074
47,169,249 : -0.76101
249,276,439 : -0.587945
186,249,415 : -0.686893
211,250,414 : -0.748075
215,250,372 : -0.764522
250,482,494 : -0.791866
44,251,368 : -0.676922
251,431,437 : -0.881411
167,252,467 : -0.783828
69,253,417 : -0.783772
19,253,457 : -0.770443
253,428,473 : -0.686928
253,471,485 : -0.642291
89,121,254 : -0.865248
16,255,424 : -0.672677
122,170,255 : -0.6805
95,256,463 : -0.814015
256,428,446 : -0.717809
136,257,364 : -0.656388
257,333,419 : -0.882566
243,258,473 : -0.558832
32,252,258 : -0.781156
259,278,300 : -0.6679
259,377,451 : -0.810186
156,261,460 : -0.407933
166,200,263 : -0.53098
183,264,376 : -0.763324
169,186,264 : -0.777767
171,264,285 : -0.664689
89,264,329 : -0.727496
163,260,266 : -0.571782
66,266,379 : -0.589612
133,239,267 : -0.546558
267,404,420 : -0.670516
11,268,345 : -0.603731
75,268,376 : -0.693432
82,269,311 : -0.72107
9,269,499 : -0.615274
270,285,289 : -0.694875
144,270,484 : -0.716753
32,56,272 : -0.840974
272,307,454 : -0.593969
13,223,273 : -0.7623
45,273,455 : -0.491708
24,104,274 : -0.810284
11,161,274 : -0.776574
124,274,339 : -0.787739
216,274,382 : -0.717734
46,275,385 : -0.708446
85,277,463 : -0.793984
277,323,374 : -0.776908
278,467,489 : -0.659467
171,279,383 : -0.795514
279,343,455 : -0.711667
49,280,472 : -0.693753
75,278,281 : -0.672868
38,257,281 : -0.65314
23,224,282 : -0.880565
50,63,282 : -0.747274
98,160,282 : -0.712473
65,283,481 : -0.83806
59,121,284 : -0.72206
148,227,284 : -0.555017
221,233,285 : -0.712406
167,286,443 : -0.724444
163,286,483 : -0.835692
166,209,287 : -0.633936
122,190,287 : -0.844463
106,274,291 : -0.731259
169,292,398 : -0.711856
230,271,292 : -0.815549
59,293,299 : -0.851172
190,293,445 : -0.73416
46,293,457 : -0.650407
294,432,473 : -0.584215
75,294,485 : -0.662632
16,69,295 : -0.701636
175,188,295 : -0.735157
275,295,378 : -0.759478
295,342,430 : -0.745692
20,247,296 : -0.463264
296,391,395 : -0.627874
296,397,459 : -0.741709
254,296,496 : -0.697716
27,72,297 : -0.883181
58,221,297 : -0.406983
45,279,298 : -0.633015
81,299,372 : -0.615111
299,324,357 : -0.84409
113,299,360 : -0.699118
129,244,300 : -0.847455
40,301,475 : -0.763768
254,303,450 : -0.807007
139,304,334 : -0.681209
171,216,304 : -0.802577
230,306,425 : -0.751941
293,307,483 : -0.707367
198,308,345 : -0.804009
40,309,439 : -0.809739
309,354,365 : -0.789283
200,309,393 : -0.770799
278,310,380 : -0.724883
59,127,311 : -0.654535
42,137,311 : -0.758218
159,311,347 : -0.716403
201,297,311 : -0.752807
312,320,336 : -0.716577
312,392,492 : -0.739321
14,286,313 : -0.659309
51,282,313 : -0.614672
315,395,417 : -0.817263
178,316,470 : -0.83116
59,317,345 : -0.778065
318,326,454 : -0.725157
24,187,319 : -0.573733
32,110,320 : -0.73054
200,320,395 : -0.732766
18,29,321 : -0.632827
273,322,377 : -0.606843
81,178,323 : -0.724865
323,378,427 : -0.715784
30,324,398 : -0.793244
310,324,383 : -0.807035
324,470,496 : -0.846097
188,306,325 : -0.669399
225,250,325 : -0.790457
279,321,325 : -0.894478
99,155,326 : -0.757492
253,323,326 : -0.732616
56,232,327 : -0.688553
98,327,498 : -0.78519
189,212,328 : -0.661791
328,477,492 : -0.639472
171,329,391 : -0.804905
329,377,428 : -0.771089
2,88,330 : -0.786561
213,303,330 : -0.553342
76,331,411 : -0.768189
97,193,331 : -0.833446
37,121,332 : -0.820953
191,332,465 : -0.803503
13,290,332 : -0.672622
226,333,420 : -0.538862
105,267,334 : -0.544332
284,334,415 : -0.727642
269,295,334 : -0.69641
297,334,453 : -0.741039
275,336,496 : -0.721145
7,335,336 : -0.586493
336,355,371 : -0.571271
336,355,387 : -0.492355
325,336,491 : -0.694825
56,113,337 : -0.582509
18,215,337 : -0.635018
255,337,386 : -0.550937
73,337,460 : -0.522384
173,329,338 : -0.521804
134,207,339 : -0.805907
331,340,365 : -0.703924
235,340,395 : -0.742425
286,340,482 : -0.835403
18,258,342 : -0.57427
30,79,342 : -0.78832
318,342,451 : -0.806084
91,343,493 : -0.768932
343,386,411 : -0.752088
53,344,389 : -0.837483
345,427,459 : -0.541185
226,247,347 : -0.719387
52,60,349 : -0.785391
350,379,441 : -0.76085
13,126,352 : -0.563914
121,182,352 : -0.826757
53,352,386 : -0.789973
21,230,354 : -0.878349
27,221,354 : -0.874103
207,354,410 : -0.821605
118,127,355 : -0.658297
115,356,438 : -0.716133
73,356,374 : -0.677638
356,416,489 : -0.807156
213,330,357 : -0.449515
357,425,453 : -0.886705
153,357,448 : -0.711831
358,396,399 : -0.801349
94,358,499 : -0.577403
34,224,359 : -0.685443
59,298,359 : -0.608201
114,360,429 : -0.662639
187,304,360 : -0.605577
113,361,392 : -0.763458
148,158,361 : -0.673456
185,361,437 : -0.705094
48,328,361 : -0.644268
16,334,361 : -0.607381
322,361,430 : -0.684866
101,361,488 : -0.775349
22,330,362 : -0.676316
25,362,426 : -0.406731
103,362,430 : -0.63524
221,271,363 : -0.829113
363,437,489 : -0.785965
292,364,468 : -0.584775
29,249,365 : -0.712428
251,365,366 : -0.944397
365,367,481 : -0.742617
31,366,453 : -0.716735
21,277,367 : -0.723384
73,156,368 : -0.712045
19,369,376 : -0.641198
57,302,371 : -0.859665
138,240,371 : -0.730049
127,154,371 : -0.660804
114,292,372 : -0.878638
69,177,373 : -0.585497
4,225,374 : -0.643911
135,276,375 : -0.598924
375,409,417 : -0.844083
10,219,376 : -0.618628
126,376,397 : -0.768855
376,427,441 : -0.735117
16,376,474 : -0.721354
148,376,499 : -0.629637
20,48,377 : -0.624555
183,313,377 : -0.80534
377,396,454 : -0.700501
379,412,500 : -0.709714
118,379,381 : -0.580555
318,381,493 : -0.677459
73,367,381 : -0.753435
126,338,382 : -0.668972
328,358,385 : -0.655768
338,346,386 : -0.661575
356,386,423 : -0.813685
218,387,494 : -0.878915
310,388,493 : -0.672839
381,389,430 : -0.644863
35,167,390 : -0.690016
90,335,390 : -0.643774
61,117,391 : -0.694468
219,369,391 : -0.760136
214,391,416 : -0.707497
162,167,392 : -0.690301
335,392,415 : -0.687681
266,392,399 : -0.693294
47,372,393 : -0.809167
88,258,394 : -0.816346
127,308,395 : -0.622875
14,396,432 : -0.734256
87,243,396 : -0.54787
87,396,467 : -0.485951
37,318,396 : -0.711
194,267,397 : -0.846197
265,363,397 : -0.836833
19,170,398 : -0.708422
315,334,399 : -0.679152
34,259,400 : -0.751547
103,400,486 : -0.766116
139,339,400 : -0.748651
146,267,400 : -0.660304
208,400,456 : -0.743333
383,384,401 : -0.505026
65,86,403 : -0.813908
68,322,403 : -0.798077
274,388,403 : -0.817152
295,337,404 : -0.613214
45,388,404 : -0.607541
210,404,493 : -0.628838
245,405,490 : -0.595118
132,374,406 : -0.921018
168,194,406 : -0.915611
215,406,431 : -0.873176
125,279,407 : -0.752556
339,407,481 : -0.962861
289,407,418 : -0.609985
355,408,432 : -0.687615
221,234,409 : -0.643697
15,248,409 : -0.79772
62,379,410 : -0.838935
144,410,447 : -0.683787
19,49,411 : -0.684377
76,174,412 : -0.711658
231,399,412 : -0.72129
217,266,413 : -0.71507
60,406,413 : -0.992609
62,338,414 : -0.736518
200,414,432 : -0.750157
281,414,460 : -0.554628
364,414,497 : -0.595249
53,167,415 : -0.751485
74,349,415 : -0.785009
324,415,434 : -0.856845
157,415,422 : -0.779597
118,183,416 : -0.613089
78,417,445 : -0.627466
211,214,417 : -0.66786
228,314,417 : -0.7998
42,296,417 : -0.761809
184,343,418 : -0.804232
142,241,419 : -0.611665
222,390,419 : -0.735704
330,419,500 : -0.760243
212,376,419 : -0.754254
333,420,471 : -0.491367
17,390,421 : -0.665088
158,277,421 : -0.771293
35,179,422 : -0.692489
10,146,423 : -0.727223
12,156,423 : -0.736035
26,120,423 : -0.662748
207,294,424 : -0.744194
25,152,425 : -0.710336
253,425,493 : -0.734594
268,289,427 : -0.702729
319,429,441 : -0.723615
103,281,431 : -0.770387
324,431,449 : -0.891338
164,412,432 : -0.781084
18,433,494 : -0.687356
90,348,433 : -0.743217
15,433,445 : -0.502801
38,434,478 : -0.705946
240,347,434 : -0.765735
222,435,493 : -0.770398
16,431,436 : -0.602423
69,163,437 : -0.787323
310,371,438 : -0.83865
165,414,438 : -0.695323
22,438,458 : -0.850472
12,198,439 : -0.846074
313,346,439 : -0.705919
229,359,439 : -0.860212
150,275,440 : -0.740074
255,425,440 : -0.861695
342,440,494 : -0.719514
132,441,442 : -0.714595
245,443,491 : -0.734905
334,443,478 : -0.69353
442,443,474 : -0.576585
88,444,465 : -0.78633
24,57,445 : -0.649898
92,443,445 : -0.615282
366,433,445 : -0.57089
267,319,446 : -0.692173
369,447,449 : -0.798671
101,200,448 : -0.815458
291,384,449 : -0.675386
73,250,450 : -0.64621
146,219,450 : -0.602232
386,450,494 : -0.57598
203,244,452 : -0.778577
350,364,452 : -0.846742
438,452,463 : -0.707987
43,430,454 : -0.845542
204,321,454 : -0.745264
235,266,454 : -0.819902
20,275,455 : -0.662863
47,303,455 : -0.702567
311,455,460 : -0.624514
146,417,455 : -0.569374
353,455,459 : -0.35618
118,363,456 : -0.613445
310,456,489 : -0.668158
13,193,457 : -0.634527
413,458,475 : -0.758072
36,459,493 : -0.790039
17,459,483 : -0.776417
51,362,460 : -0.573138
188,397,460 : -0.687767
158,257,460 : -0.685825
40,185,461 : -0.560913
281,287,461 : -0.634531
311,461,474 : -0.682068
123,130,463 : -0.701819
168,205,464 : -0.791374
213,434,464 : -0.768915
241,464,489 : -0.616464
75,336,465 : -0.754565
242,344,465 : -0.659591
155,255,466 : -0.624547
290,338,466 : -0.619178
321,337,466 : -0.581968
127,468,480 : -0.626974
388,415,471 : -0.738904
10,262,472 : -0.77033
54,284,472 : -0.79319
299,356,472 : -0.766396
150,387,473 : -0.665934
105,198,473 : -0.683507
63,216,474 : -0.69076
390,455,474 : -0.653418
273,404,475 : -0.787688
168,417,475 : -0.79611
27,475,485 : -0.770686
223,476,479 : -0.771474
82,136,477 : -0.804036
146,443,477 : -0.64336
91,433,477 : -0.721283
278,415,478 : -0.699199
180,426,479 : -0.633167
282,479,493 : -0.800896
335,363,479 : -0.759073
50,124,481 : -0.724843
67,233,481 : -0.600007
189,205,481 : -0.761168
48,122,483 : -0.722811
99,103,483 : -0.66659
13,112,483 : -0.656511
166,432,483 : -0.857539
29,100,486 : -0.621126
331,450,486 : -0.578456
385,486,495 : -0.615491
32,282,487 : -0.733044
245,281,487 : -0.40166
38,225,489 : -0.827938
59,379,489 : -0.721342
41,75,489 : -0.680929
240,298,489 : -0.681177
205,394,491 : -0.730378
102,260,491 : -0.761334
352,387,491 : -0.686209
361,408,491 : -0.543938
88,385,494 : -0.809035
142,332,495 : -0.503622
32,395,496 : -0.640715
14,223,497 : -0.625359
170,318,497 : -0.570666
151,199,498 : -0.323597
156,269,500 : -0.74529
2,382,704 : -0.972766
6,430,630 : -0.92504
19,211,602 : -0.79006
22,192,520 : -0.96755
17,39,664 : -0.88722
42,134,803 : -0.774749
45,363,783 : -1.02219
88,108,594 : -1.03423
93,347,947 : -0.957604
96,154,869 : -0.828065
98,284,601 : -1.00977
101,208,837 : -0.763429
102,207,870 : -0.978797
104,349,877 : -0.827074
105,181,845 : -0.912985
112,277,923 : -0.996151
77,140,828 : -0.831564
62,154,996 : -0.94824
153,164,661 : -0.994063
129,190,593 : -0.921977
208,218,927 : -1.00238
213,400,967 : -0.933547
25,225,981 : -0.792678
148,235,665 : -0.902202
237,370,891 : -0.930108
12,239,764 : -0.881825
119,240,616 : -0.831895
175,248,846 : -0.982444
77,251,758 : -0.661739
230,252,818 : -1.05814
267,457,899 : -0.826367
23,281,983 : -0.911351
284,297,670 : -0.844596
216,295,624 : -0.953057
308,446,579 : -0.805247
36,317,980 : -0.859905
350,440,939 : -1.00896
311,357,855 : -0.947946
284,382,582 : -0.853396
37,394,543 : -0.959941
270,406,976 : -1.00094
308,415,861 : -0.847948
294,432,637 : -0.723607
369,438,759 : -0.713385
398,441,850 : -0.910623
320,450,742 : -0.898964
129,451,710 : -0.870307
246,452,957 : -1.04978
86,462,595 : -0.764109
355,488,520 : -0.851455
432,490,899 : -0.869366
10,109,505 : -0.764419
14,51,736 : -0.891124
14,342,740 : -0.919126
24,243,665 : -0.887598
30,492,763 : -0.932625
34,403,668 : -1.01527
37,359,724 : -0.80526
50,424,560 : -0.85506
54,243,680 : -1.04113
59,381,667 : -0.95078
62,349,874 : -0.940352
80,426,713 : -0.904562
14,97,670 : -0.928276
97,144,771 : -0.822914
99,419,575 : -0.979968
100,189,849 : -0.723814
101,482,627 : -0.84604
20,101,792 : -0.889009
109,416,603 : -0.732286
111,216,757 : -0.966615
115,495,570 : -0.961979
119,346,941 : -1.01643
123,370,521 : -0.783813
132,317,685 : -0.740197
133,339,791 : -0.891304
130,140,965 : -0.874365
156,177,768 : -0.940796
193,206,706 : -0.927227
197,242,535 : -0.816612
209,440,512 : -0.933855
209,248,696 : -0.996775
169,222,877 : -0.871701
38,232,583 : -0.870225
224,232,648 : -0.980603
32,237,822 : -1.08401
238,423,653 : -0.644482
240,368,661 : -0.950481
113,257,862 : -1.1025
240,270,625 : -0.866813
170,278,503 : -0.732805
167,279,521 : -0.910872
66,288,503 : -0.882057
184,294,649 : -0.836716
224,300,642 : -0.95038
309,408,738 : -0.820081
196,311,720 : -1.01894
335,380,586 : -0.944437
186,347,666 : -0.898617
69,348,952 : -0.761149
352,483,929 : -0.975525
100,358,667 : -0.941508
366,479,735 : -0.906417
283,383,569 : -0.883317
381,389,771 : -0.754478
389,424,824 : -1.07353
44,393,946 : -0.80039
229,398,696 : -0.789565
22,398,737 : -0.878039
229,399,734 : -0.89046
366,399,737 : -0.833958
379,399,931 : -0.821093
366,403,583 : -0.84402
203,412,932 : -0.705255
360,416,832 : -0.758697
50,425,644 : -1.01147
198,427,501 : -0.719534
49,443,616 : -0.945739
32,449,767 : -0.945537
420,450,975 : -0.955677
208,457,698 : -0.887077
68,461,779 : -0.841347
72,480,760 : -0.943109
336,490,888 : -0.828335
25,491,579 : -0.925307
89,494,796 : -0.921478
6,529,698 : -0.80917
8,724,740 : -0.874225
10,716,954 : -0.821939
11,710,988 : -0.890688
22,552,708 : -0.925246
33,859,913 : -0.724854
37,572,747 : -0.845022
42,707,863 : -0.87788
47,697,757 : -0.992688
59,873,986 : -1.03222
69,503,661 : -0.763914
71,768,825 : -1.00038
80,519,955 : -0.907248
82,513,655 : -0.744469
107,681,950 : -0.779494
107,887,901 : -0.763709
120,773,803 : -0.890565
126,714,818 : -0.795985
127,632,655 : -0.873789
138,647,764 : -0.77122
150,662,817 : -0.935553
150,717,876 : -1.02756
151,786,978 : -0.75065
156,650,864 : -0.878545
179,576,793 : -0.895655
183,561,849 : -0.816589
194,963,988 : -0.981879
207,789,842 : -0.921757
208,576,930 : -1.06537
212,534,653 : -0.929434
218,574,852 : -1.00051
241,672,908 : -0.961605
249,633,718 : -1.01633
250,815,883 : -1.02307
260,699,939 : -0.81783
269,820,999 : -0.934034
273,606,862 : -0.892091
284,944,992 : -0.760218
289,884,964 : -0.795989
291,538,960 : -0.846398
302,566,589 : -0.842466
308,627,981 : -0.772678
312,773,880 : -0.983767
321,518,598 : -0.950087
333,639,739 : -0.934845
350,918,999 : -0.909539
355,810,829 : -0.830623
356,593,843 : -0.895101
388,802,841 : -1.00817
389,582,931 : -0.788866
390,587,741 : -0.96285
395,574,588 : -0.834069
395,721,779 : -0.861902
398,651,698 : -0.855189
403,630,638 : -0.770144
409,641,771 : -1.00278
415,674,888 : -1.02088
418,748,952 : -0.56419
430,751,879 : -0.901237
433,612,748 : -0.847926
439,652,655 : -0.99084
442,763,820 : -0.917075
443,512,885 : -0.705909
454,572,958 : -0.867795
462,514,670 : -0.644298
472,828,943 : -1.0158
496,768,973 : -0.659347
500,713,913 : -0.963275
3,205,501 : -0.865046
35,84,505 : -0.777786
368,376,512 : -1.01071
42,294,513 : -0.855748
43,354,547 : -0.768675
237,392,557 : -1.04041
402,494,559 : -0.85614
296,354,574 : -0.840563
15,440,583 : -0.815489
184,285,584 : -0.949509
37,327,593 : -0.945501
319,450,604 : -0.770068
226,293,605 : -0.91966
249,371,626 : -0.804162
381,439,627 : -0.878463
97,451,637 : -0.983007
19,156,650 : -0.901801
184,452,655 : -0.890606
422,481,661 : -0.919765
69,424,662 : -0.851619
231,463,664 : -0.891732
182,404,670 : -1.09131
1,278,675 : -0.826583
273,455,684 : -0.789022
26,389,685 : -0.958737
367,417,692 : -1.02277
413,414,693 : -0.986106
136,162,697 : -0.702399
127,494,697 : -0.878806
231,344,706 : -0.961452
135,309,713 : -0.920479
15,380,721 : -1.12195
56,156,723 : -0.919965
164,352,723 : -0.884374
140,325,725 : -0.914274
56,391,731 : -0.894531
28,157,733 : -0.954949
88,442,735 : -0.895409
121,234,741 : -1.01952
50,465,755 : -0.740769
350,419,766 : -0.946106
223,355,769 : -0.867708
376,458,782 : -0.934676
325,418,787 : -1.07885
216,220,789 : -1.00585
266,452,792 : -0.86313
132,474,796 : -0.840981
15,141,808 : -0.260773
182,288,825 : -0.973245
12,271,853 : -0.808755
66,95,878 : -0.907347
41,139,890 : -0.858207
417,427,894 : -0.862026
245,437,901 : -1.01896
23,432,914 : -0.828947
5,316,924 : -0.944474
217,478,930 : -1.04813
394,395,932 : -0.887005
103,119,936 : -1.00383
182,326,962 : -0.927833
166,169,968 : -0.8289
43,222,982 : -0.97448
184,229,983 : -0.920831
89,184,984 : -0.909309
92,455,989 : -0.801041
178,343,991 : -0.921682
378,467,994 : -0.99161
205,386,996 : -0.846394
19,513,976 : -0.930124
215,515,908 : -0.957445
386,515,779 : -0.948379
396,527,541 : -0.894919
209,532,674 : -0.91548
195,537,887 : -0.663393
219,545,990 : -0.87968
394,547,694 : -0.862856
177,564,614 : -0.862158
220,572,983 : -0.909462
159,579,990 : -0.783275
356,579,861 : -0.784187
407,534,582 : -0.941225
301,585,623 : -0.977653
302,550,585 : -0.966207
366,514,597 : -0.864879
429,601,862 : -0.929996
38,620,624 : -0.783003
464,634,690 : -0.791776
444,637,856 : -1.03166
226,516,639 : -0.776146
76,643,923 : -0.789947
304,647,786 : -1.02238
264,649,832 : -0.933898
447,649,773 : -0.734559
263,650,927 : -0.830292
131,603,652 : -0.909883
60,636,659 : -0.870156
147,661,962 : -1.04523
86,673,838 : -0.94771
498,673,961 : -0.833355
205,585,684 : -0.904648
286,566,684 : -0.881139
183,694,837 : -0.905466
125,612,705 : -0.889434
78,714,749 : -0.929488
34,720,772 : -1.0203
107,733,956 : -0.813906
55,519,744 : -0.798735
57,745,921 : -1.00943
348,745,815 : -0.902922
457,760,894 : -0.811544
300,724,767 : -0.817488
347,626,774 : -0.871866
117,590,776 : -0.75878
312,779,875 : -0.82408
476,555,786 : -0.904075
446,608,788 : -0.923006
498,792,964 : -1.00794
389,725,805 : -0.790515
339,615,807 : -0.774648
462,813,987 : -0.641227
453,627,814 : -1.09682
119,569,818 : -0.962344
341,599,833 : -0.608118
480,835,843 : -0.828056
198,698,840 : -0.889633
204,845,848 : -0.772084
252,780,852 : -0.870205
432,855,918 : -1.07859
212,779,878 : -0.913637
14,552,884 : -0.907376
286,780,884 : -0.813135
265,881,897 : -0.854085
389,509,913 : -0.920091
27,813,921 : -0.828488
203,926,974 : -0.696928
195,908,934 : -0.799966
161,940,996 : -1.0299
270,646,943 : -0.889414
219,648,945 : -0.955871
334,614,969 : -0.97409
270,594,977 : -0.801816
228,951,981 : -0.908735
43,501,714 : -0.778464
369,505,532 : -0.929267
475,510,989 : -0.930581
319,517,768 : -0.966512
106,533,597 : -0.898084
406,555,689 : -1.01816
68,558,760 : -0.79233
116,559,583 : -1.03536
175,534,561 : -0.941778
85,592,735 : -0.804766
437,618,996 : -0.929927
229,624,727 : -0.936431
198,501,629 : -0.708781
22,546,633 : -0.925628
489,586,634 : -1.00445
135,527,635 : -0.810187
129,571,635 : -0.891964
183,557,644 : -0.979217
341,650,655 : -0.801216
401,650,681 : -0.859983
174,637,653 : -0.958776
391,676,813 : -1.01293
114,677,701 : -0.992644
431,676,681 : -0.987407
438,694,884 : -0.920861
451,701,703 : -1.04688
313,707,944 : -0.812886
399,687,711 : -0.882616
168,718,824 : -0.811061
446,530,721 : -0.862515
391,603,726 : -1.01301
134,708,726 : -0.843938
339,727,855 : -0.961959
108,606,743 : -0.90046
82,761,892 : -1.01614
207,539,763 : -0.947598
371,574,767 : -0.82317
43,673,767 : -0.786627
75,567,774 : -0.910391
83,591,788 : -0.858221
500,565,815 : -0.893519
334,641,817 : -0.984885
482,787,837 : -0.779068
3,587,841 : -0.753669
418,845,930 : -0.919868
390,663,848 : -0.883204
385,848,899 : -0.941428
395,791,860 : -0.82732
136,769,866 : -0.833473
236,868,936 : -0.688865
17,881,966 : -1.05002
254,716,901 : -0.900566
380,809,917 : -0.69485
466,598,918 : -0.991437
130,565,920 : -0.616194
170,634,933 : -0.975653
120,562,967 : -0.896507
41,900,970 : -0.922753
226,532,980 : -1.06013
122,575,992 : -0.875392
501,704,733 : -0.75633
502,565,764 : -0.908279
502,584,812 : -0.801353
502,760,992 : -0.760188
502,789,793 : -0.788116
502,817,924 : -0.928503
502,719,850 : -0.716394
503,566,584 : -0.682424
503,574,733 : -0.693428
503,662,927 : -0.705245
506,513,635 : -0.783304
506,544,652 : -0.724195
507,737,740 : -0.697943
507,861,920 : -0.742634
508,538,989 : -0.784871
508,613,723 : -0.814063
508,519,803 : -0.796224
508,854,941 : -0.772276
508,753,1000 : -0.737053
509,521,637 : -0.98443
509,762,777 : -0.296968
509,711,811 : -0.676283
511,620,696 : -0.783232
511,823,915 : -0.571682
513,905,947 : -0.605577
515,532,799 : -0.831763
517,634,789 : -0.801896
517,528,679 : -0.755427
518,522,856 : -0.719621
518,724,797 : -0.839162
518,798,844 : -0.751318
518,561,914 : -0.853058
518,916,937 : -0.845029
519,658,959 : -0.924125
519,661,768 : -0.938534
519,630,812 : -0.607563
503,521,981 : -0.676586
521,737,964 : -0.734798
522,887,990 : -0.723176
523,529,672 : -0.694427
524,531,751 : -0.580688
524,585,663 : -0.664137
524,633,820 : -0.830193
525,678,882 : -0.579243
525,646,924 : -0.611052
526,688,853 : -0.663928
528,904,983 : -0.956525
521,529,812 : -0.724687
530,609,619 : -0.615318
532,736,914 : -0.648249
533,794,845 : -0.701975
534,573,722 : -0.606298
535,558,760 : -0.694483
535,765,814 : -0.854419
536,689,966 : -0.792599
537,542,614 : -0.649351
537,682,781 : -0.698491
538,604,921 : -0.787172
521,538,694 : -0.758483
538,770,790 : -0.442018
520,541,886 : -0.743944
542,584,697 : -0.842281
520,543,792 : -0.814859
544,614,848 : -0.838335
544,695,934 : -0.63743
523,545,896 : -0.692712
545,621,739 : -0.829964
545,613,660 : -0.602715
545,662,778 : -0.70659
545,934,938 : -0.580845
545,815,940 : -0.66389
546,577,959 : -0.715339
502,546,870 : -0.730489
527,547,738 : -0.621466
549,769,944 : -0.842249
549,787,847 : -0.9911
549,858,875 : -0.472461
550,677,911 : -0.655172
550,588,719 : -0.661688
550,802,997 : -0.645083
531,540,551 : -0.49093
536,551,554 : -0.637578
551,589,668 : -0.689444
551,705,839 : -0.648779
552,602,997 : -0.543683
553,574,687 : -0.347546
505,554,893 : -0.738645
555,711,939 : -0.674856
556,688,793 : -0.77099
518,558,766 : -0.879857
558,613,849 : -0.683939
558,625,982 : -0.772418
539,558,742 : -0.7236
558,584,772 : -0.661626
558,587,815 : -0.670418
558,748,950 : -0.834382
559,651,750 : -0.840016
559,885,969 : -0.874425
560,687,801 : -0.658885
539,561,667 : -0.639486
562,584,729 : -0.641093
535,562,802 : -0.793098
562,617,930 : -0.600457
563,570,596 : -0.769189
563,661,690 : -0.772127
528,564,589 : -0.702744
569,804,893 : -0.821232
562,570,873 : -0.730834
571,756,942 : -0.572694
571,661,940 : -0.899113
572,712,732 : -0.801926
572,613,862 : -0.722147
573,825,864 : -0.777404
560,574,954 : -0.661447
577,949,970 : -0.63296
566,578,772 : -0.595449
578,611,669 : -0.835812
578,658,770 : -0.74723
507,578,700 : -0.489828
579,704,795 : -0.827514
579,700,710 : -0.74731
579,894,906 : -0.802331
580,759,916 : -0.859535
582,658,888 : -0.935012
583,599,978 : -0.845831
584,617,954 : -0.560157
584,761,860 : -0.66771
505,584,836 : -0.674945
584,684,965 : -0.709855
585,640,668 : -0.79611
586,730,755 : -0.751719
550,586,826 : -0.767829
531,590,855 : -0.753638
590,637,660 : -0.629824
591,717,903 : -0.70335
592,787,879 : -0.758056
592,652,818 : -0.868184
592,841,847 : -0.79824
592,663,943 : -0.797698
593,717,900 : -0.696501
594,634,858 : -0.701163
594,642,963 : -0.853555
596,626,643 : -0.791337
572,597,737 : -0.834269
598,800,954 : -0.775385
598,651,963 : -0.928561
586,599,910 : -0.771849
563,600,704 : -0.539419
601,637,879 : -0.758891
601,770,798 : -0.661313
601,900,948 : -0.901494
531,602,754 : -0.747804
604,916,960 : -0.669451
605,644,908 : -0.774364
567,585,606 : -0.761855
606,737,870 : -0.841773
606,770,797 : -0.584808
577,608,889 : -0.377543
608,884,893 : -0.746718
609,665,857 : -0.669223
609,726,872 : -0.663969
610,687,696 : -0.635717
610,791,941 : -0.860516
517,611,992 : -0.727973
613,637,860 : -0.6676
614,719,788 : -0.857652
615,811,967 : -0.745012
616,689,757 : -0.720921
616,926,974 : -0.519341
618,693,743 : -0.530259
578,618,934 : -0.656062
616,619,679 : -0.646132
619,729,793 : -0.790549
621,767,877 : -0.876307
597,621,957 : -0.930083
546,558,622 : -0.746162
563,622,934 : -0.669551
555,623,667 : -0.812669
623,760,861 : -0.747278
623,816,961 : -0.784104
586,624,749 : -0.936324
624,829,898 : -0.809883
595,625,713 : -0.773874
610,625,643 : -0.76806
625,650,730 : -0.690331
625,826,968 : -0.836551
626,627,785 : -0.726977
508,627,930 : -0.851294
521,627,649 : -0.713147
621,628,810 : -0.581127
628,711,807 : -0.766599
628,941,976 : -0.798774
543,629,842 : -0.775332
630,716,880 : -0.876948
508,539,631 : -0.700383
526,631,786 : -0.745436
620,632,874 : -0.819426
506,630,632 : -0.819847
554,633,825 : -0.876172
633,884,931 : -0.773286
634,807,923 : -0.780885
561,634,940 : -0.695944
635,654,816 : -0.844397
635,824,899 : -0.928389
636,830,959 : -0.595914
525,637,686 : -0.674981
570,637,768 : -0.805402
603,638,885 : -0.70399
514,639,873 : -0.731213
609,640,790 : -0.659616
571,641,763 : -0.739972
620,641,733 : -0.717906
529,531,643 : -0.704956
644,902,913 : -0.808811
622,645,826 : -0.478153
645,768,989 : -0.828801
646,862,938 : -0.605177
590,646,931 : -0.482335
647,882,898 : -0.840192
628,648,956 : -0.799706
570,649,801 : -0.736995
576,649,654 : -0.925733
574,582,650 : -0.870823
650,909,996 : -0.804525
636,653,862 : -0.894706
653,894,982 : -0.78267
525,655,946 : -0.856296
639,656,804 : -0.776073
572,656,939 : -0.755674
657,780,802 : -0.787702
640,657,940 : -0.655
658,752,918 : -0.863971
658,725,792 : -0.818744
539,659,862 : -0.709705
599,662,743 : -0.695639
663,813,823 : -0.782492
513,664,916 : -0.880072
540,664,676 : -0.615284
664,672,732 : -0.732128
664,746,861 : -0.874364
529,665,768 : -0.774009
589,665,807 : -0.769583
665,730,869 : -0.789032
666,676,941 : -0.878005
667,745,802 : -0.868689
554,667,846 : -0.790688
668,683,919 : -0.803735
668,818,928 : -0.72381
523,552,669 : -0.650544
524,543,669 : -0.718353
669,795,946 : -0.814294
630,670,964 : -0.748389
544,670,704 : -0.724877
671,716,873 : -0.859436
510,671,777 : -0.761796
671,817,957 : -0.789136
575,660,673 : -0.787011
603,670,673 : -0.742794
673,944,992 : -0.528146
656,674,675 : -0.789085
674,750,754 : -0.87466
674,761,831 : -0.711796
675,696,824 : -0.991141
629,676,814 : -0.655696
676,776,905 : -0.664884
526,677,682 : -0.611448
554,677,776 : -0.651199
677,844,910 : -0.522407
677,745,928 : -0.768049
677,897,981 : -0.808912
656,678,941 : -0.901577
678,686,782 : -0.50658
678,714,894 : -0.624881
641,678,795 : -0.634214
679,887,955 : -0.646365
634,680,715 : -0.970651
680,788,965 : -0.848083
680,828,881 : -0.755881
533,681,786 : -0.759432
607,681,789 : -0.410767
556,683,962 : -0.874059
684,931,947 : -0.612442
529,687,972 : -0.566565
688,722,847 : -0.829639
645,689,690 : -0.52815
583,691,736 : -0.717083
691,743,771 : -0.77512
691,709,916 : -0.754286
568,660,692 : -0.493594
620,695,989 : -0.699326
510,695,824 : -0.643084
696,879,964 : -0.759776
599,700,720 : -0.707276
512,670,700 : -0.842345
508,699,700 : -0.759182
512,702,813 : -0.779503
641,702,902 : -0.678026
508,550,704 : -0.731693
704,717,790 : -0.545983
704,853,863 : -0.77432
528,705,926 : -0.858272
531,705,936 : -0.830573
567,683,705 : -0.654292
564,706,739 : -0.930449
706,760,837 : -0.858275
634,707,815 : -0.868508
707,825,912 : -0.447003
585,708,721 : -0.84422
651,708,982 : -0.739329
594,709,919 : -0.800828
582,710,729 : -0.819355
710,779,981 : -0.813693
563,641,711 : -0.657324
526,671,711 : -0.687955
542,712,721 : -0.81763
712,801,871 : -0.6735
712,863,994 : -0.654294
713,841,979 : -0.901447
662,688,714 : -0.845685
541,715,768 : -0.7473
687,715,871 : -0.617706
585,715,856 : -0.671238
715,972,975 : -0.639434
716,734,795 : -0.79744
684,717,976 : -0.755454
719,909,993 : -0.355747
612,651,720 : -0.818551
613,721,761 : -0.667716
724,765,819 : -0.599463
569,714,725 : -0.806024
646,725,970 : -0.600397
588,726,754 : -0.724004
726,863,963 : -0.885261
727,773,832 : -0.64865
727,870,873 : -0.792481
727,937,995 : -0.569345
554,562,729 : -0.62578
611,727,729 : -0.746776
729,748,880 : -0.737919
597,729,778 : -0.662536
729,828,880 : -0.798808
720,730,922 : -0.71421
730,733,811 : -0.771738
731,732,846 : -0.77314
515,531,732 : -0.804201
671,687,733 : -0.743986
733,863,927 : -0.736487
733,735,964 : -0.685985
580,734,736 : -0.678522
609,610,737 : -0.78123
614,737,850 : -0.581956
733,737,977 : -0.648734
570,578,738 : -0.681501
593,738,885 : -0.651769
670,738,833 : -0.729918
649,738,871 : -0.617923
562,739,967 : -0.755473
663,740,852 : -0.883128
740,865,961 : -0.899512
522,629,741 : -0.694809
590,641,741 : -0.553879
619,741,768 : -0.791198
524,741,887 : -0.725939
712,742,819 : -0.748542
718,742,916 : -0.884192
556,693,743 : -0.721302
575,744,757 : -0.90715
578,700,744 : -0.601961
745,749,750 : -0.774574
627,745,758 : -0.840554
693,745,929 : -1.00772
585,747,888 : -0.694672
510,746,749 : -0.780832
749,814,903 : -0.700333
733,751,884 : -0.705619
753,797,812 : -0.524108
571,754,979 : -0.718618
739,754,820 : -0.901362
754,791,878 : -0.745188
511,756,994 : -0.786966
555,756,860 : -0.739049
756,835,847 : -0.775665
756,884,976 : -0.781033
757,911,969 : -0.63609
759,909,975 : -0.745287
602,667,760 : -0.621565
642,695,761 : -0.831956
761,870,934 : -0.644819
633,761,932 : -0.639932
761,969,979 : -0.670451
726,763,992 : -0.680254
647,764,865 : -0.73829
515,765,842 : -0.695799
556,766,847 : -0.812166
764,766,792 : -0.861427
503,699,768 : -0.637792
701,769,888 : -0.918016
547,771,915 : -0.809832
717,771,790 : -0.605451
771,802,809 : -0.862389
772,890,919 : -0.78573
772,927,966 : -0.803384
501,773,785 : -0.717151
650,773,875 : -0.656909
670,773,928 : -0.641257
583,774,989 : -0.845641
527,686,774 : -0.706158
565,774,828 : -0.824828
708,774,850 : -0.662985
774,927,940 : -0.722912
696,699,775 : -0.403191
578,776,910 : -0.57609
652,777,827 : -0.886826
777,859,966 : -0.880641
666,778,816 : -0.692416
547,765,779 : -0.758573
779,803,986 : -0.72892
779,783,914 : -0.837368
605,780,869 : -0.910341
658,780,796 : -0.874587
780,857,979 : -0.62409
563,646,781 : -0.73404
544,763,781 : -0.698069
781,907,916 : -0.82455
718,782,902 : -0.726032
756,783,877 : -0.97751
783,904,935 : -0.566503
784,865,906 : -0.656873
784,805,933 : -0.614725
507,786,899 : -0.798608
786,939,947 : -0.662676
590,786,946 : -0.776409
596,787,820 : -0.799273
577,636,788 : -0.688078
642,788,819 : -0.847438
788,895,1000 : -0.900367
501,511,789 : -0.782406
698,789,851 : -0.754645
682,790,818 : -0.889253
790,832,937 : -0.798305
572,632,792 : -0.662778
513,794,814 : -0.777016
589,744,794 : -0.680087
621,668,794 : -0.710437
529,774,795 : -0.756867
570,795,834 : -0.556941
505,795,950 : -0.676658
608,673,796 : -0.959382
742,754,796 : -0.723908
556,796,1000 : -0.867865
506,647,797 : -0.793696
557,598,798 : -0.873127
689,740,798 : -0.908829
729,790,799 : -0.641061
568,732,800 : -0.606138
800,943,982 : -0.809118
503,751,801 : -0.664794
632,672,801 : -0.581458
514,802,966 : -0.864244
671,708,802 : -0.764155
520,802,948 : -0.81958
636,771,803 : -0.796974
581,804,892 : -0.568519
687,804,886 : -0.779499
627,805,987 : -0.767047
597,806,898 : -0.724833
712,809,956 : -0.731354
723,809,874 : -0.700144
606,810,862 : -0.651178
744,810,930 : -0.800748
572,697,813 : -0.819732
536,814,960 : -0.759119
551,680,814 : -0.706465
670,807,815 : -0.859916
575,764,816 : -0.789526
624,816,950 : -0.893757
753,817,857 : -0.428673
599,806,818 : -0.821625
813,818,871 : -0.741012
504,667,819 : -0.774581
648,820,829 : -0.834522
820,856,866 : -0.789833
794,821,927 : -0.797102
522,621,822 : -0.704546
651,751,822 : -0.693109
634,754,822 : -0.724097
822,833,940 : -0.778339
761,823,864 : -0.525914
597,825,883 : -0.854057
544,644,826 : -0.770914
826,894,986 : -0.766849
710,827,841 : -0.861715
827,843,906 : -0.544548
579,593,829 : -0.685512
704,809,829 : -0.6109
506,830,981 : -0.898256
832,938,953 : -0.732948
518,833,901 : -0.725813
833,836,916 : -0.685142
578,834,842 : -0.687796
644,835,867 : -0.723061
625,835,929 : -0.849174
674,836,927 : -0.623706
831,836,948 : -0.523467
571,838,866 : -0.810396
629,708,839 : -0.619108
502,839,851 : -0.744269
536,839,866 : -0.599267
526,761,840 : -0.746088
643,696,840 : -0.826208
780,840,897 : -0.913733
570,616,841 : -0.794439
621,797,841 : -0.853095
841,893,976 : -0.683952
841,895,948 : -0.663541
549,640,842 : -0.689825
576,667,842 : -0.825373
746,842,877 : -1.0805
791,807,842 : -0.590499
609,842,868 : -0.836462
648,663,843 : -0.736842
507,712,844 : -0.592069
526,844,864 : -0.498959
844,870,890 : -0.71526
688,844,946 : -0.669831
505,845,982 : -0.790385
703,766,846 : -0.786901
504,847,994 : -0.771262
847,897,903 : -0.825655
659,848,859 : -0.781366
848,953,983 : -0.882951
538,721,849 : -0.743139
826,849,893 : -0.658838
818,849,945 : -0.750261
566,772,850 : -0.455023
678,702,851 : -0.622966
684,746,852 : -0.783429
563,720,852 : -0.924536
505,852,901 : -0.874023
564,599,853 : -0.804439
552,626,854 : -0.528109
741,855,894 : -0.819896
715,740,856 : -0.627966
563,597,857 : -0.669562
700,743,857 : -0.657733
549,670,858 : -0.540185
669,858,965 : -0.791382
709,858,930 : -0.741077
636,685,859 : -0.70376
651,822,859 : -0.796947
631,861,940 : -0.727312
771,826,861 : -0.808946
757,861,866 : -0.537189
736,862,897 : -0.977648
504,862,944 : -0.791323
593,757,864 : -0.728927
627,659,864 : -0.916823
640,669,865 : -0.705529
681,865,933 : -0.823663
720,830,866 : -0.864528
757,866,893 : -0.576016
534,684,867 : -0.743152
527,869,941 : -0.913958
591,658,869 : -0.748917
538,790,869 : -0.566166
706,816,869 : -0.932083
576,867,870 : -0.821675
618,714,871 : -0.757118
632,768,871 : -0.669144
681,773,871 : -0.740342
838,871,983 : -0.823715
681,717,872 : -0.682753
744,872,925 : -0.709029
676,751,875 : -0.614421
649,754,875 : -0.696513
796,875,987 : -0.741155
548,701,876 : -0.321516
773,799,876 : -0.692348
731,832,876 : -0.659724
550,784,878 : -0.768424
558,815,878 : -0.604049
517,878,896 : -0.724365
580,878,897 : -0.836359
603,879,902 : -0.746974
880,908,971 : -0.821354
536,880,999 : -0.754316
633,666,881 : -0.797901
721,835,882 : -0.793975
705,821,883 : -0.650185
583,883,919 : -0.822032
512,884,975 : -0.746574
502,514,885 : -0.783714
504,885,951 : -0.644304
512,593,885 : -0.592
645,781,885 : -0.687098
885,915,987 : -0.632779
514,681,887 : -0.723046
778,887,964 : -0.707815
695,850,887 : -0.661611
595,887,963 : -0.736016
734,888,999 : -0.803356
621,891,918 : -0.978649
731,804,891 : -0.851216
770,862,893 : -0.635137
701,893,1000 : -0.868664
845,894,928 : -0.67574
616,894,950 : -0.700124
801,895,907 : -0.65059
895,942,980 : -0.63854
683,895,989 : -0.827573
501,613,896 : -0.699968
525,896,908 : -0.795444
896,953,995 : -0.441513
504,799,898 : -0.712492
705,873,899 : -0.87924
700,712,901 : -0.775293
732,837,901 : -0.918114
559,901,967 : -0.966747
590,862,902 : -0.699085
604,713,902 : -0.806675
730,880,902 : -0.954263
524,899,902 : -0.753456
639,844,903 : -0.827123
787,904,988 : -0.894406
695,717,905 : -0.615166
900,905,994 : -0.695162
646,867,906 : -0.601786
573,906,965 : -0.600627
722,741,907 : -0.765947
556,602,908 : -0.804144
700,779,908 : -0.847418
752,839,908 : -0.871209
587,909,976 : -0.692343
656,909,968 : -0.76248
505,660,910 : -0.742785
667,910,938 : -0.729092
831,910,987 : -0.526796
615,855,911 : -0.758238
772,900,911 : -0.651347
546,913,961 : -0.921216
712,776,913 : -0.90791
567,662,915 : -0.744077
885,915,951 : -0.480637
578,692,916 : -1.03423
593,811,916 : -0.972411
567,621,917 : -0.688616
557,919,949 : -0.868583
702,749,919 : -0.872104
565,658,920 : -0.639767
671,750,920 : -0.688067
501,673,921 : -0.892801
787,891,921 : -0.950325
922,929,933 : -0.706908
637,646,923 : -0.733336
717,816,923 : -0.891533
752,923,974 : -0.686104
598,691,924 : -0.770893
648,784,924 : -0.775667
582,799,924 : -0.745535
815,911,925 : -0.649051
633,925,969 : -0.724975
565,794,926 : -0.708497
576,646,926 : -0.788781
587,798,926 : -0.641926
541,927,954 : -0.705259
729,864,927 : -0.708582
545,582,928 : -0.688002
728,925,929 : -0.391269
600,670,930 : -0.709116
561,892,930 : -0.859924
603,773,931 : -0.735129
613,714,931 : -0.544249
502,932,937 : -0.864922
566,722,933 : -0.683828
623,933,939 : -0.65327
641,831,933 : -0.684627
590,760,934 : -0.63631
606,743,934 : -0.535127
543,545,935 : -0.818677
654,868,935 : -0.389408
554,937,997 : -0.730036
512,581,937 : -0.729538
629,845,937 : -0.651147
741,784,938 : -0.639332
648,879,938 : -0.686302
571,722,939 : -0.718197
705,757,940 : -0.784456
756,886,940 : -0.70238
823,844,940 : -0.637767
514,941,944 : -0.828761
662,872,941 : -0.71945
705,941,991 : -0.864582
757,942,977 : -0.576175
514,714,943 : -0.763962
620,943,959 : -0.860547
506,715,945 : -0.686816
763,835,945 : -0.685455
610,945,972 : -0.395747
605,870,946 : -0.716628
502,643,947 : -0.764467
572,760,947 : -0.600728
715,921,947 : -0.803572
591,947,950 : -0.720789
632,741,948 : -0.753027
554,830,950 : -0.665743
569,637,950 : -0.772723
627,651,950 : -0.819697
591,862,951 : -0.698457
703,919,951 : -0.891692
821,860,951 : -0.68774
924,934,951 : -0.719553
542,952,982 : -0.809961
547,815,953 : -0.846432
545,668,954 : -0.752714
505,586,955 : -0.768089
525,956,982 : -0.77257
682,956,985 : -0.659599
635,936,957 : -0.812338
557,943,958 : -0.659858
632,867,958 : -0.61991
619,763,960 : -0.802809
656,797,960 : -0.899857
717,960,975 : -0.645438
694,962,981 : -0.805559
746,881,962 : -0.913486
687,964,992 : -0.796691
721,881,965 : -0.792773
966,996,999 : -0.945624
877,964,968 : -0.862415
713,725,970 : -0.788573
722,821,970 : -0.827793
717,788,970 : -0.812813
631,911,970 : -0.606568
659,970,985 : -0.706947
583,963,971 : -0.814025
665,825,973 : -0.580384
516,792,974 : -0.830175
596,601,974 : -0.690044
535,688,974 : -0.885784
790,930,974 : -0.808184
561,900,975 : -0.655427
583,771,975 : -0.952672
717,864,975 : -0.547702
529,586,976 : -0.824661
669,976,996 : -0.772166
564,730,977 : -0.632005
750,977,1000 : -0.667552
650,763,977 : -0.737969
555,825,979 : -0.719593
615,713,980 : -0.794989
555,595,982 : -0.879658
767,806,982 : -0.814324
839,903,982 : -0.805714
545,699,983 : -0.798231
656,886,983 : -0.701515
760,925,983 : -0.820716
851,865,984 : -0.728942
551,576,985 : -0.859354
588,915,985 : -0.721865
631,703,985 : -0.535628
612,758,986 : -0.578472
625,980,987 : -0.848625
903,910,987 : -0.479054
882,983,987 : -0.889183
597,600,988 : -0.606938
792,970,988 : -0.957511
595,611,989 : -0.833967
981,987,989 : -0.721167
649,694,990 : -0.769606
517,717,990 : -0.783955
541,544,991 : -0.746426
905,930,991 : -0.682575
740,863,994 : -0.650631
546,559,996 : -0.908974
557,675,997 : -0.908621
934,976,997 : -0.595833
513,786,998 : -0.506104
509,794,998 : -0.580722
889,968,999 : -0.724568
807,942,1000 : -0.580945
782,957,1000 : -0.931742
