[65, 117]
[292, 303]
[9, 269]
[9, 285]
[170, 195]
[59, 99]
[133, 136]
[265, 281]
[20, 230]
[35, 203]
[38, 108]
[7, 33]
[229, 295]
[276, 305]
[125, 231]
[19, 281]
[6, 226]
[49, 183]
[82, 186]
[75, 321]
[77, 266]
[31, 186]
[49, 205]
[26, 68]
[109, 151]
[94, 108]
[43, 56]
[58, 139]
[227, 296]
[211, 228]
[4, 47]
[133, 298]
[71, 213]
[52, 156]
[132, 220]
[60, 201]
[218, 263]
[52, 103]
[36, 42]
[51, 201]
[82, 108]
[1, 2]
[139, 161]
[49, 177]
[19, 197]
[89, 106]
[126, 142]
[200, 310]
[93, 148]
[131, 155]
[43, 118]
[118, 163]
[105, 243]
[122, 301]
[24, 72]
[53, 100]
[80, 131]
[262, 306]
[52, 231]
[230, 243]
[131, 184]
[20, 239]
[89, 142]
[53, 185]
[73, 126]
[31, 103]
[149, 271]
[229, 290]
[217, 290]
[276, 301]
[100, 288]
[226, 243]
[88, 199]
[150, 172]
[17, 38]
[63, 125]
[113, 134]
[29, 76]
[209, 287]
[198, 199]
[104, 149]
[21, 75]
[216, 217]
[13, 106]
[135, 302]
[250, 311]
[133, 280]
[120, 158]
[202, 292]
[227, 311]
[107, 138]
[111, 186]
[107, 176]
[161, 163]
[11, 305]
[8, 65]
[18, 298]
[87, 247]
[141, 205]
[66, 139]
[45, 159]
[65, 264]
[133, 316]
[17, 86]
[50, 184]
[125, 174]
[57, 78]
[34, 253]
[145, 323]
[107, 114]
[73, 260]
[65, 132]
[38, 174]
[236, 312]
[115, 130]
[77, 132]
[101, 127]
[292, 305]
[106, 216]
[34, 223]
[35, 90]
[91, 117]
[54, 125]
[106, 226]
[74, 154]
[87, 232]
[272, 313]
[147, 287]
[41, 108]
[88, 232]
[9, 99]
[27, 109]
[75, 294]
[269, 305]
[89, 298]
[221, 309]
[137, 273]
[248, 294]
[36, 38]
[107, 170]
[47, 97]
[175, 176]
[244, 253]
[112, 298]
[254, 255]
[18, 295]
[45, 105]
[155, 167]
[105, 197]
[81, 128]
[196, 274]
[46, 298]
[27, 102]
[68, 96]
[160, 169]
[170, 173]
[243, 293]
[232, 241]
[264, 286]
[112, 228]
[102, 153]
[224, 259]
[175, 302]
[217, 303]
[104, 226]
[216, 298]
[275, 314]
[107, 127]
[74, 155]
[193, 309]
[132, 309]
[136, 166]
[98, 258]
[140, 301]
[36, 41]
[25, 318]
[215, 262]
[42, 48]
[206, 239]
[207, 223]
[74, 279]
[31, 78]
[75, 102]
[76, 179]
[105, 297]
[66, 161]
[58, 206]
[235, 316]
[8, 97]
[220, 289]
[16, 114]
[103, 178]
[281, 301]
[9, 307]
[229, 293]
[83, 263]
[223, 254]
[49, 195]
[141, 166]
[76, 121]
[104, 112]
[62, 317]
[279, 301]
[133, 258]
[73, 184]
[91, 92]
[27, 155]
[29, 66]
[38, 72]
[174, 320]
[208, 256]
[73, 317]
[13, 107]
[239, 277]
[27, 275]
[73, 201]
[227, 253]
[148, 282]
[205, 313]
[42, 101]
[314, 320]
[30, 132]
[48, 70]
[80, 94]
[11, 205]
[31, 182]
[33, 226]
[256, 311]
[125, 189]
[268, 299]
[265, 322]
[30, 139]
[71, 279]
[49, 317]
[189, 205]
[29, 92]
[281, 290]
[21, 109]
[108, 239]
[163, 324]
[169, 195]
[176, 178]
[215, 223]
[27, 71]
[71, 167]
[37, 121]
[62, 73]
[145, 292]
[22, 274]
[58, 86]
[72, 314]
[30, 31]
[147, 263]
[111, 241]
[10, 145]
[265, 280]
[6, 259]
[178, 303]
[54, 126]
[47, 115]
[223, 282]
[74, 321]
[3, 85]
[108, 247]
[145, 310]
[186, 312]
[198, 210]
[257, 297]
[61, 70]
[227, 255]
[112, 303]
[11, 37]
[112, 285]
[36, 76]
[148, 199]
[32, 115]
[111, 286]
[82, 138]
[126, 195]
[51, 103]
[31, 178]
[177, 292]
[269, 316]
[41, 70]
[247, 264]
[132, 186]
[177, 185]
[104, 249]
[8, 29]
[75, 154]
[227, 310]
[38, 121]
[171, 216]
[14, 43]
[29, 114]
[1, 131]
[12, 230]
[12, 19]
[281, 299]
[10, 133]
[103, 128]
[89, 112]
[73, 267]
[88, 286]
[68, 156]
[215, 275]
[118, 184]
[48, 115]
[86, 110]
[132, 191]
[66, 88]
[166, 287]
[100, 173]
[1, 155]
[46, 253]
[296, 297]
[54, 185]
[200, 263]
[18, 87]
[169, 275]
[23, 275]
[88, 266]
[72, 102]
[47, 121]
[150, 298]
[49, 54]
[105, 295]
[22, 279]
[165, 169]
[128, 142]
[68, 165]
[93, 323]
[203, 215]
[215, 253]
[9, 10]
[84, 216]
[58, 175]
[159, 275]
[3, 36]
[74, 169]
[40, 214]
[17, 65]
[58, 70]
[148, 297]
[108, 161]
[60, 274]
[216, 251]
[182, 192]
[19, 243]
[113, 226]
[61, 277]
[164, 270]
[70, 205]
[12, 219]
[85, 107]
[67, 96]
[268, 305]
[207, 308]
[13, 47]
[57, 186]
[120, 270]
[26, 323]
[235, 292]
[60, 131]
[142, 235]
[148, 308]
[107, 286]
[208, 213]
[63, 188]
[170, 185]
[213, 242]
[161, 181]
[170, 187]
[150, 293]
[72, 255]
[179, 186]
[88, 108]
[53, 265]
[21, 74]
[37, 191]
[194, 304]
[55, 245]
[133, 288]
[92, 107]
[11, 112]
[223, 244]
[186, 193]
[47, 107]
[8, 38]
[31, 309]
[138, 221]
[183, 188]
[22, 194]
[13, 112]
[51, 263]
[65, 101]
[78, 264]
[156, 159]
[156, 283]
[88, 176]
[150, 276]
[252, 277]
[62, 231]
[78, 179]
[265, 278]
[60, 183]
[39, 214]
[213, 294]
[21, 93]
[12, 112]
[123, 220]
[235, 293]
[141, 303]
[232, 247]
[10, 235]
[215, 298]
[27, 75]
[25, 75]
[60, 126]
[62, 125]
[192, 193]
[53, 187]
[22, 73]
[147, 148]
[14, 232]
[33, 70]
[171, 321]
[5, 150]
[80, 111]
[44, 90]
[23, 112]
[92, 97]
[7, 70]
[100, 293]
[19, 89]
[54, 73]
[21, 153]
[3, 37]
[104, 293]
[29, 86]
[291, 301]
[134, 259]
[95, 144]
[155, 279]
[133, 150]
[33, 76]
[82, 163]
[158, 321]
[98, 174]
[94, 107]
[158, 162]
[150, 290]
[144, 313]
[236, 277]
[134, 212]
[123, 195]
[191, 220]
[201, 231]
[21, 279]
[85, 221]
[250, 256]
[211, 259]
[142, 313]
[152, 213]
[135, 197]
[4, 85]
[242, 296]
[67, 156]
[50, 60]
[107, 174]
[2, 128]
[204, 294]
[213, 254]
[196, 235]
[102, 107]
[112, 192]
[78, 243]
[104, 217]
[90, 259]
[241, 261]
[90, 106]
[20, 262]
[285, 299]
[292, 313]
[136, 265]
[77, 186]
[237, 277]
[105, 150]
[101, 107]
[122, 123]
[207, 212]
[246, 286]
[298, 306]
[56, 111]
[90, 226]
[158, 169]
[87, 107]
[109, 231]
[299, 315]
[163, 206]
[144, 269]
[133, 175]
[288, 293]
[76, 130]
[52, 196]
[50, 187]
[4, 127]
[11, 61]
[78, 170]
[11, 258]
[2, 151]
[148, 306]
[104, 230]
[88, 246]
[91, 210]
[120, 157]
[29, 94]
[51, 68]
[128, 323]
[202, 300]
[22, 152]
[249, 295]
[4, 65]
[311, 326]
[73, 188]
[15, 232]
[265, 305]
[139, 241]
[110, 284]
[29, 121]
[51, 196]
[75, 323]
[205, 300]
[2, 75]
[47, 302]
[253, 257]
[122, 237]
[127, 167]
[140, 166]
[279, 321]
[21, 128]
[123, 264]
[31, 108]
[44, 212]
[152, 155]
[95, 169]
[82, 263]
[24, 327]
[132, 233]
[97, 111]
[105, 149]
[113, 229]
[74, 170]
[2, 102]
[250, 282]
[66, 94]
[112, 273]
[154, 171]
[184, 187]
[54, 60]
[234, 254]
[9, 305]
[102, 131]
[76, 204]
[42, 127]
[161, 193]
[168, 187]
[105, 112]
[89, 104]
[116, 121]
[146, 160]
[144, 301]
[19, 259]
[232, 266]
[126, 187]
[291, 292]
[148, 302]
[51, 52]
[119, 159]
[124, 186]
[13, 113]
[150, 222]
[288, 301]
[57, 178]
[15, 312]
[96, 283]
[97, 127]
[184, 231]
[90, 287]
[172, 196]
[13, 88]
[36, 91]
[74, 81]
[108, 126]
[106, 243]
[145, 172]
[99, 149]
[256, 263]
[35, 243]
[141, 145]
[27, 153]
[170, 174]
[67, 314]
[55, 286]
[101, 163]
[217, 249]
[175, 309]
[138, 206]
[21, 22]
[160, 168]
[150, 202]
[78, 84]
[46, 295]
[280, 301]
[27, 151]
[1, 103]
[173, 188]
[226, 228]
[20, 218]
[179, 261]
[83, 123]
[43, 284]
[67, 190]
[157, 159]
[201, 320]
[226, 290]
[57, 302]
[211, 212]
[203, 253]
[26, 149]
[205, 288]
[23, 68]
[293, 299]
[281, 291]
[32, 38]
[140, 293]
[45, 112]
[235, 303]
[34, 208]
[161, 220]
[4, 36]
[173, 304]
[80, 152]
[108, 206]
[268, 300]
[245, 264]
[24, 68]
[90, 197]
[35, 281]
[155, 323]
[285, 296]
[9, 276]
[166, 291]
[110, 252]
[22, 128]
[100, 184]
[145, 278]
[5, 313]
[22, 155]
[150, 217]
[5, 252]
[170, 274]
[12, 60]
[225, 236]
[161, 179]
[63, 126]
[145, 205]
[272, 303]
[265, 303]
[19, 104]
[279, 318]
[82, 232]
[9, 20]
[82, 266]
[78, 289]
[39, 93]
[228, 299]
[124, 264]
[84, 220]
[231, 271]
[208, 215]
[33, 127]
[140, 287]
[39, 75]
[113, 306]
[85, 86]
[155, 261]
[87, 94]
[70, 94]
[71, 184]
[80, 169]
[73, 189]
[287, 291]
[52, 120]
[30, 79]
[204, 310]
[144, 280]
[24, 162]
[93, 249]
[20, 60]
[212, 298]
[13, 45]
[109, 323]
[100, 188]
[74, 318]
[76, 94]
[194, 195]
[136, 268]
[119, 263]
[38, 65]
[90, 105]
[17, 91]
[82, 284]
[81, 279]
[12, 249]
[11, 265]
[72, 167]
[4, 8]
[258, 291]
[70, 121]
[83, 302]
[3, 42]
[28, 115]
[280, 303]
[212, 250]
[254, 326]
[104, 134]
[138, 179]
[177, 194]
[49, 60]
[171, 184]
[124, 135]
[51, 146]
[27, 72]
[199, 321]
[205, 258]
[9, 11]
[80, 102]
[55, 225]
[98, 100]
[266, 277]
[142, 272]
[116, 130]
[217, 281]
[140, 144]
[173, 195]
[54, 275]
[237, 286]
[19, 229]
[140, 202]
[148, 251]
[171, 227]
[25, 188]
[141, 144]
[57, 210]
[183, 201]
[148, 223]
[59, 195]
[241, 277]
[36, 72]
[113, 212]
[226, 259]
[94, 116]
[65, 182]
[217, 262]
[144, 265]
[9, 293]
[78, 192]
[17, 235]
[63, 118]
[146, 168]
[21, 167]
[179, 198]
[155, 321]
[142, 299]
[26, 279]
[96, 156]
[40, 321]
[21, 243]
[13, 18]
[5, 228]
[7, 36]
[23, 24]
[9, 268]
[82, 167]
[45, 89]
[48, 61]
[157, 287]
[183, 227]
[73, 171]
[51, 165]
[243, 259]
[65, 108]
[79, 302]
[141, 301]
[223, 227]
[214, 311]
[147, 326]
[60, 272]
[150, 321]
[60, 171]
[159, 259]
[17, 41]
[70, 77]
[52, 93]
[45, 139]
[142, 172]
[80, 128]
[191, 210]
[15, 56]
[89, 216]
[49, 174]
[127, 135]
[280, 313]
[18, 112]
[1, 279]
[126, 196]
[23, 319]
[87, 225]
[24, 319]
[162, 314]
[305, 322]
[207, 251]
[51, 317]
[45, 295]
[31, 239]
[193, 233]
[223, 310]
[185, 196]
[187, 213]
[114, 124]
[111, 284]
[51, 131]
[228, 229]
[30, 179]
[143, 156]
[216, 219]
[218, 259]
[167, 177]
[293, 301]
[77, 237]
[103, 209]
[172, 281]
[38, 91]
[162, 319]
[232, 264]
[65, 147]
[21, 27]
[199, 227]
[104, 113]
[120, 131]
[34, 49]
[86, 116]
[58, 245]
[95, 275]
[94, 179]
[20, 226]
[167, 318]
[144, 272]
[96, 200]
[5, 89]
[105, 219]
[81, 102]
[133, 205]
[103, 318]
[261, 277]
[12, 222]
[44, 259]
[281, 294]
[246, 264]
[66, 114]
[228, 295]
[6, 229]
[211, 224]
[38, 114]
[92, 116]
[61, 309]
[42, 238]
[36, 191]
[36, 139]
[95, 320]
[133, 265]
[199, 282]
[13, 195]
[11, 214]
[50, 98]
[72, 74]
[269, 272]
[288, 300]
[52, 158]
[93, 314]
[287, 306]
[25, 27]
[64, 94]
[151, 167]
[8, 210]
[176, 206]
[35, 148]
[212, 230]
[72, 188]
[141, 268]
[188, 304]
[8, 37]
[49, 203]
[112, 218]
[77, 101]
[111, 245]
[149, 158]
[37, 178]
[220, 312]
[72, 317]
[114, 117]
[108, 261]
[119, 165]
[42, 108]
[225, 286]
[149, 151]
[13, 226]
[46, 112]
[95, 149]
[77, 324]
[94, 127]
[35, 253]
[245, 252]
[9, 136]
[6, 217]
[17, 29]
[243, 262]
[98, 205]
[151, 152]
[5, 18]
[142, 303]
[21, 149]
[87, 252]
[13, 92]
[206, 221]
[8, 76]
[38, 86]
[281, 298]
[102, 155]
[229, 298]
[24, 52]
[82, 261]
[25, 149]
[100, 189]
[103, 323]
[172, 268]
[236, 241]
[61, 312]
[106, 249]
[14, 312]
[88, 225]
[58, 79]
[64, 75]
[249, 251]
[138, 302]
[227, 248]
[74, 151]
[15, 124]
[163, 179]
[122, 193]
[191, 233]
[113, 298]
[208, 234]
[192, 238]
[98, 188]
[173, 183]
[5, 255]
[17, 36]
[33, 122]
[12, 90]
[91, 97]
[225, 245]
[25, 152]
[95, 164]
[74, 167]
[32, 48]
[105, 226]
[94, 163]
[258, 278]
[11, 150]
[239, 252]
[21, 323]
[218, 323]
[110, 123]
[20, 207]
[167, 169]
[120, 196]
[37, 56]
[172, 280]
[98, 193]
[178, 217]
[36, 179]
[299, 313]
[226, 302]
[245, 247]
[117, 250]
[113, 262]
[126, 320]
[73, 183]
[74, 171]
[221, 225]
[72, 320]
[5, 13]
[216, 288]
[55, 135]
[249, 298]
[142, 307]
[195, 199]
[83, 266]
[14, 15]
[11, 145]
[34, 311]
[125, 194]
[145, 268]
[111, 122]
[89, 251]
[61, 65]
[182, 264]
[46, 228]
[71, 128]
[5, 259]
[188, 320]
[281, 293]
[101, 117]
[162, 188]
[54, 75]
[60, 187]
[104, 243]
[9, 226]
[278, 285]
[19, 249]
[60, 160]
[205, 305]
[42, 86]
[11, 300]
[77, 220]
[50, 170]
[150, 226]
[58, 78]
[135, 239]
[83, 100]
[7, 48]
[177, 231]
[111, 247]
[209, 225]
[51, 160]
[81, 149]
[202, 291]
[64, 130]
[76, 108]
[72, 100]
[49, 263]
[142, 291]
[84, 118]
[290, 301]
[29, 58]
[20, 216]
[148, 248]
[136, 144]
[2, 152]
[11, 280]
[32, 93]
[264, 277]
[103, 292]
[265, 301]
[213, 234]
[18, 230]
[30, 78]
[218, 249]
[133, 287]
[51, 75]
[144, 278]
[75, 152]
[144, 287]
[140, 150]
[135, 186]
[91, 200]
[7, 17]
[205, 290]
[18, 198]
[178, 220]
[60, 305]
[258, 281]
[122, 186]
[105, 281]
[173, 320]
[60, 73]
[44, 295]
[223, 249]
[55, 83]
[126, 177]
[161, 186]
[82, 188]
[268, 285]
[16, 108]
[49, 296]
[106, 313]
[124, 127]
[73, 203]
[298, 299]
[90, 295]
[62, 189]
[133, 290]
[184, 248]
[9, 84]
[152, 159]
[67, 187]
[1, 81]
[203, 250]
[135, 261]
[167, 323]
[16, 76]
[16, 127]
[196, 287]
[27, 279]
[77, 130]
[2, 21]
[135, 292]
[76, 85]
[215, 256]
[189, 196]
[223, 326]
[36, 94]
[22, 171]
[131, 200]
[38, 48]
[33, 61]
[45, 166]
[15, 266]
[199, 200]
[206, 324]
[104, 152]
[204, 227]
[135, 246]
[71, 103]
[48, 85]
[38, 85]
[49, 163]
[232, 267]
[18, 211]
[256, 257]
[90, 262]
[82, 193]
[53, 201]
[255, 296]
[114, 127]
[49, 185]
[19, 296]
[87, 88]
[108, 174]
[126, 318]
[68, 80]
[232, 245]
[18, 134]
[49, 164]
[106, 112]
[170, 320]
[176, 192]
[7, 32]
[259, 298]
[301, 303]
[60, 260]
[49, 63]
[22, 167]
[43, 264]
[153, 271]
[18, 218]
[207, 244]
[4, 176]
[46, 211]
[39, 40]
[93, 168]
[49, 117]
[57, 179]
[113, 230]
[112, 251]
[100, 320]
[35, 249]
[183, 187]
[207, 296]
[159, 288]
[60, 185]
[107, 248]
[1, 318]
[56, 163]
[77, 207]
[122, 264]
[27, 167]
[17, 98]
[151, 157]
[80, 323]
[124, 267]
[203, 263]
[105, 222]
[72, 201]
[45, 262]
[43, 266]
[177, 304]
[159, 271]
[38, 286]
[83, 264]
[166, 268]
[38, 287]
[89, 218]
[251, 256]
[22, 80]
[182, 209]
[108, 262]
[184, 196]
[88, 247]
[67, 73]
[80, 108]
[149, 153]
[229, 262]
[153, 323]
[189, 274]
[116, 176]
[6, 112]
[33, 107]
[113, 263]
[151, 275]
[27, 242]
[72, 81]
[79, 138]
[60, 188]
[142, 205]
[109, 279]
[105, 287]
[71, 152]
[173, 274]
[128, 271]
[203, 213]
[148, 287]
[242, 263]
[154, 156]
[216, 306]
[37, 85]
[238, 284]
[65, 312]
[138, 309]
[126, 170]
[123, 284]
[71, 173]
[155, 275]
[34, 227]
[98, 177]
[22, 40]
[214, 255]
[10, 268]
[285, 298]
[293, 316]
[81, 318]
[49, 190]
[121, 179]
[59, 63]
[67, 242]
[72, 196]
[124, 232]
[264, 267]
[43, 277]
[207, 282]
[27, 81]
[60, 128]
[150, 269]
[217, 224]
[135, 264]
[122, 238]
[45, 211]
[152, 271]
[149, 321]
[163, 210]
[84, 198]
[3, 66]
[106, 222]
[2, 318]
[226, 251]
[84, 206]
[225, 267]
[28, 302]
[32, 36]
[31, 94]
[147, 242]
[41, 303]
[96, 327]
[264, 317]
[37, 122]
[18, 113]
[26, 109]
[174, 244]
[151, 279]
[177, 184]
[61, 302]
[297, 326]
[5, 90]
[202, 303]
[110, 239]
[54, 180]
[6, 230]
[173, 317]
[4, 248]
[65, 77]
[232, 261]
[65, 225]
[89, 249]
[32, 75]
[4, 28]
[281, 288]
[37, 70]
[180, 201]
[15, 264]
[273, 301]
[177, 271]
[58, 77]
[164, 169]
[178, 196]
[167, 277]
[215, 281]
[59, 174]
[51, 63]
[220, 233]
[186, 213]
[49, 170]
[140, 251]
[72, 184]
[10, 313]
[60, 302]
[85, 94]
[126, 178]
[69, 275]
[108, 259]
[107, 302]
[3, 127]
[17, 114]
[12, 104]
[104, 311]
[229, 249]
[22, 131]
[7, 127]
[142, 287]
[120, 147]
[67, 283]
[47, 48]
[79, 108]
[179, 220]
[199, 326]
[174, 189]
[281, 305]
[245, 261]
[39, 233]
[10, 11]
[11, 208]
[285, 297]
[23, 158]
[84, 130]
[172, 301]
[31, 224]
[259, 262]
[108, 124]
[82, 252]
[148, 159]
[51, 180]
[67, 109]
[161, 286]
[149, 231]
[45, 298]
[181, 206]
[48, 91]
[47, 70]
[43, 228]
[77, 138]
[275, 283]
[79, 122]
[148, 204]
[2, 321]
[41, 114]
[68, 169]
[12, 150]
[214, 310]
[85, 87]
[28, 42]
[171, 174]
[107, 317]
[201, 275]
[31, 58]
[53, 231]
[147, 203]
[280, 287]
[4, 116]
[132, 302]
[54, 109]
[165, 194]
[55, 163]
[47, 167]
[103, 155]
[138, 184]
[245, 246]
[19, 212]
[166, 323]
[163, 193]
[107, 246]
[299, 307]
[236, 245]
[47, 94]
[125, 195]
[303, 311]
[197, 298]
[171, 189]
[50, 72]
[95, 120]
[107, 117]
[27, 271]
[134, 211]
[203, 310]
[44, 45]
[163, 186]
[268, 291]
[36, 116]
[231, 250]
[159, 321]
[34, 207]
[2, 25]
[223, 296]
[285, 307]
[99, 194]
[152, 169]
[32, 116]
[122, 219]
[6, 203]
[30, 193]
[47, 108]
[91, 252]
[50, 231]
[112, 207]
[192, 245]
[136, 303]
[59, 184]
[113, 293]
[93, 218]
[147, 251]
[313, 316]
[73, 100]
[126, 251]
[145, 243]
[53, 183]
[181, 199]
[239, 240]
[55, 312]
[28, 108]
[101, 108]
[124, 325]
[58, 179]
[263, 303]
[19, 298]
[78, 181]
[94, 129]
[150, 258]
[84, 267]
[58, 82]
[272, 287]
[52, 69]
[40, 143]
[93, 155]
[34, 254]
[30, 122]
[142, 265]
[134, 224]
[78, 271]
[72, 80]
[112, 134]
[11, 51]
[145, 202]
[21, 169]
[11, 272]
[73, 196]
[58, 83]
[117, 178]
[60, 62]
[232, 325]
[145, 290]
[236, 261]
[222, 263]
[51, 283]
[57, 220]
[60, 231]
[27, 74]
[105, 280]
[141, 278]
[104, 229]
[9, 249]
[10, 285]
[273, 278]
[113, 219]
[161, 199]
[256, 312]
[59, 189]
[57, 132]
[104, 106]
[84, 256]
[139, 191]
[1, 26]
[100, 145]
[32, 229]
[281, 313]
[108, 175]
[131, 279]
[145, 269]
[176, 324]
[265, 287]
[56, 87]
[22, 187]
[58, 220]
[25, 74]
[282, 297]
[215, 296]
[31, 79]
[79, 192]
[114, 116]
[139, 179]
[255, 256]
[138, 220]
[207, 326]
[45, 134]
[137, 272]
[18, 228]
[199, 205]
[55, 88]
[114, 121]
[184, 202]
[94, 161]
[25, 271]
[163, 175]
[269, 315]
[29, 41]
[76, 101]
[6, 249]
[73, 74]
[112, 163]
[10, 280]
[182, 186]
[226, 229]
[214, 215]
[140, 268]
[60, 70]
[56, 239]
[175, 182]
[99, 162]
[175, 178]
[130, 178]
[85, 101]
[178, 287]
[60, 125]
[208, 297]
[166, 276]
[65, 93]
[71, 102]
[218, 243]
[18, 293]
[16, 86]
[78, 210]
[87, 110]
[51, 327]
[24, 118]
[239, 261]
[133, 285]
[60, 194]
[59, 118]
[56, 237]
[40, 167]
[6, 105]
[59, 72]
[64, 302]
[187, 320]
[73, 320]
[58, 193]
[71, 80]
[125, 183]
[211, 287]
[62, 177]
[82, 111]
[25, 153]
[56, 286]
[261, 267]
[244, 287]
[141, 313]
[178, 264]
[2, 3]
[147, 244]
[251, 259]
[258, 300]
[43, 83]
[78, 135]
[82, 241]
[141, 258]
[100, 118]
[10, 272]
[7, 42]
[120, 148]
[73, 274]
[26, 223]
[98, 118]
[48, 92]
[18, 72]
[250, 257]
[265, 268]
[75, 242]
[197, 287]
[271, 323]
[272, 285]
[143, 321]
[103, 141]
[261, 264]
[12, 243]
[18, 306]
[139, 259]
[6, 218]
[18, 246]
[14, 245]
[139, 220]
[64, 107]
[21, 159]
[11, 218]
[57, 209]
[22, 271]
[63, 274]
[215, 242]
[89, 268]
[287, 293]
[88, 237]
[67, 89]
[18, 251]
[183, 195]
[105, 106]
[182, 302]
[132, 161]
[49, 62]
[20, 89]
[1, 293]
[38, 122]
[59, 201]
[32, 61]
[78, 101]
[224, 228]
[61, 91]
[28, 237]
[63, 177]
[83, 127]
[81, 271]
[55, 60]
[163, 302]
[217, 269]
[142, 167]
[175, 228]
[119, 120]
[207, 287]
[221, 289]
[156, 169]
[198, 221]
[9, 23]
[11, 268]
[21, 154]
[78, 176]
[51, 285]
[72, 326]
[167, 188]
[184, 268]
[85, 91]
[21, 69]
[112, 222]
[4, 16]
[161, 223]
[133, 272]
[73, 194]
[60, 165]
[287, 303]
[95, 168]
[7, 107]
[7, 85]
[71, 318]
[49, 180]
[75, 263]
[94, 132]
[166, 218]
[114, 167]
[86, 92]
[133, 300]
[77, 209]
[43, 267]
[58, 178]
[88, 238]
[158, 159]
[5, 298]
[99, 317]
[84, 138]
[69, 164]
[82, 122]
[8, 70]
[21, 72]
[66, 179]
[43, 225]
[235, 281]
[97, 121]
[278, 305]
[29, 277]
[17, 64]
[136, 137]
[58, 163]
[212, 229]
[241, 312]
[243, 244]
[83, 122]
[88, 240]
[104, 224]
[60, 233]
[60, 148]
[278, 281]
[4, 107]
[118, 125]
[21, 271]
[49, 173]
[90, 104]
[29, 312]
[276, 281]
[18, 217]
[81, 152]
[32, 211]
[112, 113]
[173, 260]
[198, 309]
[154, 157]
[98, 159]
[281, 303]
[5, 216]
[199, 215]
[24, 119]
[101, 220]
[57, 324]
[159, 167]
[112, 295]
[89, 222]
[75, 168]
[126, 183]
[58, 176]
[146, 173]
[113, 197]
[74, 149]
[278, 287]
[101, 221]
[135, 266]
[64, 83]
[124, 245]
[11, 60]
[223, 248]
[53, 148]
[73, 99]
[166, 172]
[7, 97]
[33, 114]
[118, 194]
[47, 237]
[256, 294]
[186, 198]
[38, 61]
[80, 103]
[118, 177]
[55, 266]
[30, 58]
[162, 177]
[30, 138]
[111, 135]
[21, 49]
[43, 123]
[263, 311]
[136, 140]
[64, 121]
[173, 231]
[214, 248]
[63, 195]
[134, 249]
[49, 231]
[75, 318]
[118, 231]
[76, 92]
[18, 156]
[47, 80]
[161, 210]
[108, 122]
[256, 269]
[67, 199]
[48, 117]
[197, 222]
[126, 184]
[81, 154]
[31, 175]
[111, 225]
[14, 186]
[27, 80]
[11, 299]
[37, 66]
[265, 313]
[144, 299]
[22, 52]
[195, 201]
[104, 218]
[105, 212]
[13, 250]
[49, 95]
[215, 248]
[55, 241]
[67, 100]
[133, 281]
[149, 294]
[45, 93]
[17, 177]
[3, 4]
[49, 125]
[136, 287]
[121, 225]
[63, 156]
[78, 138]
[132, 181]
[4, 42]
[171, 194]
[56, 186]
[145, 265]
[292, 299]
[142, 321]
[60, 228]
[59, 304]
[128, 154]
[51, 303]
[14, 175]
[17, 85]
[85, 115]
[204, 311]
[260, 314]
[70, 133]
[47, 85]
[22, 141]
[263, 297]
[35, 227]
[141, 280]
[11, 144]
[13, 105]
[95, 270]
[89, 228]
[9, 112]
[107, 115]
[186, 324]
[9, 12]
[93, 199]
[150, 166]
[254, 294]
[249, 303]
[51, 158]
[299, 303]
[27, 180]
[38, 101]
[40, 109]
[163, 277]
[159, 244]
[82, 267]
[43, 312]
[11, 313]
[26, 151]
[145, 305]
[101, 309]
[170, 326]
[44, 134]
[226, 293]
[37, 281]
[92, 129]
[244, 257]
[70, 130]
[134, 243]
[6, 134]
[15, 277]
[43, 310]
[172, 291]
[80, 151]
[41, 101]
[164, 304]
[76, 115]
[52, 67]
[22, 49]
[111, 266]
[72, 235]
[235, 287]
[55, 237]
[106, 113]
[61, 94]
[268, 281]
[121, 237]
[142, 269]
[93, 152]
[85, 130]
[22, 27]
[108, 186]
[141, 269]
[175, 206]
[98, 171]
[133, 303]
[123, 238]
[9, 25]
[265, 272]
[10, 141]
[281, 282]
[36, 181]
[133, 269]
[147, 297]
[199, 203]
[98, 126]
[12, 217]
[61, 85]
[164, 275]
[20, 106]
[88, 245]
[257, 263]
[146, 201]
[42, 297]
[263, 296]
[17, 181]
[192, 306]
[87, 286]
[195, 320]
[72, 118]
[133, 144]
[48, 114]
[160, 202]
[27, 231]
[59, 173]
[15, 286]
[145, 291]
[21, 177]
[47, 92]
[138, 148]
[17, 33]
[84, 195]
[161, 306]
[185, 189]
[169, 327]
[79, 221]
[60, 303]
[174, 194]
[3, 92]
[16, 232]
[77, 206]
[93, 184]
[91, 101]
[18, 286]
[256, 296]
[175, 181]
[73, 98]
[148, 203]
[77, 84]
[60, 226]
[269, 301]
[221, 302]
[50, 271]
[51, 100]
[106, 218]
[227, 256]
[141, 305]
[51, 59]
[239, 284]
[253, 256]
[177, 196]
[219, 262]
[21, 102]
[166, 285]
[202, 235]
[211, 251]
[96, 159]
[126, 201]
[258, 314]
[162, 164]
[109, 169]
[219, 243]
[20, 293]
[118, 275]
[119, 156]
[142, 285]
[58, 84]
[77, 135]
[172, 276]
[59, 98]
[100, 126]
[296, 311]
[147, 172]
[106, 150]
[205, 287]
[9, 166]
[108, 115]
[21, 103]
[60, 193]
[72, 169]
[155, 283]
[73, 118]
[5, 167]
[26, 75]
[163, 221]
[181, 220]
[101, 114]
[208, 254]
[245, 277]
[302, 324]
[67, 180]
[276, 313]
[33, 86]
[109, 128]
[146, 159]
[85, 116]
[111, 237]
[38, 127]
[92, 179]
[212, 243]
[17, 101]
[13, 91]
[17, 61]
[185, 187]
[222, 262]
[49, 196]
[35, 214]
[17, 178]
[268, 280]
[214, 244]
[105, 224]
[65, 127]
[38, 77]
[11, 281]
[310, 326]
[100, 195]
[18, 244]
[49, 260]
[110, 261]
[9, 281]
[3, 76]
[91, 107]
[27, 158]
[149, 155]
[231, 272]
[20, 224]
[35, 311]
[150, 265]
[184, 297]
[119, 314]
[211, 298]
[164, 327]
[64, 117]
[18, 24]
[71, 153]
[202, 288]
[180, 184]
[31, 161]
[17, 225]
[96, 165]
[88, 252]
[265, 321]
[223, 234]
[135, 161]
[63, 189]
[36, 61]
[56, 107]
[17, 184]
[28, 210]
[94, 279]
[96, 120]
[32, 86]
[89, 226]
[99, 184]
[122, 252]
[238, 264]
[200, 208]
[76, 124]
[22, 75]
[142, 292]
[5, 20]
[138, 321]
[90, 134]
[249, 296]
[213, 214]
[273, 280]
[258, 285]
[296, 326]
[136, 288]
[229, 259]
[164, 319]
[195, 203]
[144, 172]
[38, 94]
[72, 174]
[72, 128]
[72, 173]
[62, 100]
[49, 51]
[162, 245]
[82, 312]
[148, 263]
[71, 109]
[98, 184]
[17, 117]
[105, 229]
[145, 218]
[150, 292]
[32, 117]
[34, 203]
[300, 307]
[28, 127]
[222, 226]
[78, 211]
[132, 210]
[18, 105]
[41, 85]
[98, 125]
[108, 129]
[277, 312]
[122, 235]
[159, 191]
[58, 277]
[135, 237]
[27, 152]
[64, 70]
[74, 271]
[225, 261]
[16, 66]
[88, 241]
[148, 161]
[100, 317]
[123, 266]
[204, 208]
[282, 311]
[228, 243]
[38, 179]
[69, 169]
[21, 95]
[203, 223]
[276, 278]
[135, 252]
[55, 247]
[71, 81]
[299, 300]
[132, 324]
[35, 263]
[81, 163]
[174, 271]
[71, 75]
[13, 55]
[35, 146]
[64, 237]
[76, 201]
[166, 299]
[239, 302]
[31, 107]
[65, 115]
[9, 235]
[64, 232]
[51, 173]
[32, 33]
[170, 183]
[159, 165]
[20, 251]
[197, 259]
[61, 225]
[92, 101]
[131, 194]
[141, 281]
[55, 277]
[9, 316]
[268, 273]
[167, 178]
[214, 257]
[14, 123]
[12, 295]
[13, 296]
[134, 226]
[13, 197]
[157, 327]
[77, 178]
[112, 249]
[239, 245]
[253, 294]
[79, 175]
[27, 54]
[291, 313]
[135, 238]
[60, 64]
[72, 94]
[58, 309]
[263, 294]
[125, 242]
[147, 159]
[10, 281]
[208, 263]
[155, 326]
[25, 26]
[74, 103]
[148, 208]
[48, 127]
[126, 155]
[126, 194]
[83, 232]
[166, 278]
[203, 294]
[93, 149]
[6, 90]
[66, 316]
[211, 222]
[199, 294]
[216, 218]
[258, 316]
[15, 122]
[134, 229]
[243, 249]
[15, 58]
[16, 107]
[171, 235]
[63, 174]
[234, 248]
[258, 273]
[75, 231]
[142, 166]
[215, 254]
[60, 159]
[223, 324]
[4, 206]
[178, 192]
[84, 93]
[60, 317]
[187, 271]
[60, 304]
[60, 118]
[141, 248]
[17, 286]
[197, 219]
[255, 263]
[301, 313]
[142, 281]
[94, 225]
[258, 265]
[24, 275]
[90, 216]
[51, 141]
[84, 139]
[18, 296]
[97, 108]
[60, 283]
[147, 200]
[288, 315]
[61, 114]
[133, 305]
[56, 122]
[89, 281]
[72, 87]
[76, 107]
[49, 267]
[219, 249]
[228, 235]
[177, 320]
[171, 185]
[174, 201]
[84, 108]
[215, 322]
[213, 256]
[268, 288]
[44, 46]
[125, 256]
[109, 149]
[175, 186]
[184, 244]
[17, 198]
[144, 273]
[166, 292]
[292, 316]
[18, 222]
[39, 211]
[210, 263]
[3, 195]
[256, 310]
[150, 235]
[14, 241]
[171, 196]
[128, 164]
[31, 210]
[217, 230]
[188, 189]
[65, 100]
[89, 105]
[51, 125]
[262, 290]
[237, 252]
[145, 298]
[8, 48]
[145, 299]
[189, 195]
[78, 178]
[159, 173]
[15, 83]
[50, 196]
[36, 114]
[243, 251]
[31, 221]
[209, 233]
[207, 254]
[60, 113]
[72, 146]
[302, 326]
[188, 196]
[201, 267]
[76, 91]
[9, 243]
[26, 167]
[126, 213]
[193, 206]
[84, 122]
[24, 314]
[63, 320]
[72, 177]
[52, 169]
[218, 229]
[159, 270]
[34, 250]
[63, 180]
[70, 107]
[145, 281]
[268, 296]
[53, 196]
[216, 243]
[43, 245]
[8, 258]
[205, 315]
[231, 275]
[22, 323]
[36, 86]
[78, 161]
[136, 281]
[34, 35]
[202, 273]
[199, 208]
[145, 273]
[37, 64]
[17, 97]
[144, 205]
[179, 182]
[172, 313]
[81, 151]
[49, 169]
[51, 169]
[75, 274]
[235, 276]
[63, 173]
[263, 326]
[217, 228]
[152, 249]
[176, 220]
[195, 226]
[64, 87]
[203, 282]
[29, 65]
[32, 130]
[127, 130]
[84, 163]
[102, 152]
[74, 75]
[11, 23]
[21, 25]
[174, 317]
[140, 285]
[171, 183]
[202, 299]
[196, 320]
[147, 285]
[122, 192]
[185, 231]
[103, 314]
[124, 312]
[23, 176]
[205, 310]
[159, 269]
[16, 29]
[57, 84]
[184, 201]
[202, 205]
[78, 220]
[181, 192]
[75, 160]
[72, 194]
[230, 298]
[146, 179]
[56, 61]
[184, 205]
[163, 176]
[17, 108]
[148, 184]
[135, 284]
[62, 119]
[131, 153]
[5, 106]
[26, 152]
[172, 314]
[49, 133]
[202, 265]
[53, 62]
[69, 168]
[52, 95]
[104, 259]
[122, 138]
[99, 188]
[249, 293]
[36, 108]
[59, 177]
[207, 215]
[152, 167]
[127, 175]
[187, 189]
[244, 297]
[49, 100]
[18, 103]
[127, 163]
[285, 326]
[87, 135]
[170, 194]
[108, 130]
[54, 74]
[5, 303]
[95, 187]
[47, 76]
[107, 178]
[136, 305]
[134, 218]
[68, 69]
[235, 269]
[122, 184]
[150, 281]
[92, 94]
[45, 251]
[136, 276]
[59, 196]
[85, 114]
[2, 131]
[61, 127]
[24, 252]
[266, 312]
[20, 243]
[37, 77]
[58, 209]
[243, 298]
[8, 36]
[91, 178]
[256, 287]
[49, 118]
[237, 241]
[11, 235]
[83, 163]
[60, 189]
[156, 162]
[17, 122]
[119, 173]
[139, 221]
[53, 250]
[125, 180]
[71, 131]
[163, 192]
[226, 295]
[11, 166]
[11, 196]
[102, 128]
[180, 292]
[26, 128]
[159, 233]
[272, 307]
[36, 121]
[22, 321]
[178, 233]
[51, 119]
[24, 155]
[172, 299]
[87, 124]
[17, 130]
[43, 78]
[78, 309]
[61, 130]
[139, 198]
[107, 121]
[21, 155]
[254, 296]
[61, 245]
[26, 81]
[184, 189]
[17, 66]
[269, 276]
[113, 216]
[50, 213]
[216, 230]
[251, 298]
[3, 94]
[8, 94]
[67, 146]
[17, 262]
[32, 58]
[75, 103]
[178, 299]
[93, 270]
[105, 216]
[72, 171]
[176, 221]
[74, 93]
[110, 135]
[140, 299]
[1, 152]
[9, 122]
[55, 108]
[200, 207]
[11, 122]
[99, 177]
[28, 37]
[56, 161]
[82, 83]
[118, 185]
[43, 186]
[51, 275]
[6, 20]
[205, 301]
[72, 215]
[72, 73]
[200, 254]
[264, 284]
[321, 323]
[1, 80]
[33, 64]
[9, 219]
[72, 256]
[13, 216]
[122, 127]
[213, 326]
[205, 276]
[172, 258]
[134, 219]
[125, 215]
[73, 173]
[35, 204]
[293, 303]
[10, 249]
[129, 143]
[135, 277]
[303, 310]
[51, 281]
[80, 153]
[169, 190]
[17, 37]
[86, 91]
[252, 267]
[32, 91]
[278, 290]
[11, 113]
[30, 186]
[77, 93]
[172, 290]
[63, 98]
[4, 7]
[55, 236]
[57, 161]
[138, 222]
[171, 258]
[113, 228]
[128, 131]
[2, 195]
[20, 78]
[184, 320]
[13, 89]
[104, 150]
[150, 287]
[81, 131]
[134, 251]
[13, 222]
[12, 262]
[266, 267]
[55, 78]
[118, 260]
[148, 254]
[89, 150]
[203, 214]
[41, 92]
[28, 107]
[55, 94]
[87, 245]
[152, 288]
[157, 196]
[16, 214]
[215, 255]
[184, 194]
[55, 232]
[33, 41]
[58, 138]
[6, 306]
[52, 159]
[196, 314]
[84, 302]
[17, 55]
[140, 280]
[84, 193]
[93, 109]
[184, 199]
[77, 161]
[141, 202]
[6, 198]
[75, 275]
[149, 169]
[207, 213]
[174, 188]
[12, 202]
[37, 148]
[35, 147]
[51, 270]
[95, 96]
[51, 162]
[197, 230]
[87, 171]
[189, 317]
[220, 225]
[6, 262]
[13, 259]
[10, 217]
[140, 258]
[188, 194]
[249, 253]
[2, 271]
[219, 229]
[84, 191]
[28, 64]
[176, 186]
[122, 247]
[227, 234]
[22, 99]
[106, 197]
[64, 66]
[139, 263]
[210, 220]
[200, 248]
[18, 20]
[48, 76]
[72, 207]
[105, 205]
[1, 75]
[166, 273]
[72, 99]
[18, 259]
[172, 235]
[173, 180]
[199, 308]
[143, 223]
[41, 76]
[36, 256]
[51, 262]
[25, 155]
[116, 245]
[60, 149]
[87, 91]
[55, 246]
[5, 12]
[198, 236]
[118, 189]
[180, 187]
[304, 323]
[99, 189]
[103, 196]
[69, 131]
[130, 302]
[122, 225]
[24, 51]
[8, 41]
[123, 261]
[87, 237]
[29, 101]
[172, 285]
[299, 305]
[32, 51]
[57, 77]
[16, 238]
[8, 85]
[248, 282]
[12, 143]
[39, 167]
[79, 132]
[213, 296]
[107, 232]
[13, 229]
[136, 142]
[32, 121]
[179, 324]
[288, 292]
[32, 108]
[208, 326]
[217, 219]
[230, 262]
[147, 234]
[32, 288]
[65, 97]
[7, 130]
[77, 181]
[45, 229]
[79, 161]
[20, 217]
[170, 231]
[12, 18]
[21, 94]
[105, 293]
[257, 287]
[268, 315]
[107, 116]
[56, 264]
[235, 258]
[272, 311]
[134, 228]
[171, 173]
[163, 245]
[83, 267]
[18, 262]
[112, 250]
[38, 116]
[83, 284]
[32, 92]
[19, 112]
[20, 228]
[53, 189]
[16, 70]
[49, 201]
[56, 127]
[138, 175]
[166, 281]
[107, 126]
[89, 243]
[10, 172]
[103, 120]
[144, 285]
[191, 302]
[5, 84]
[7, 37]
[245, 286]
[224, 243]
[177, 274]
[144, 288]
[21, 152]
[106, 211]
[234, 296]
[49, 148]
[285, 290]
[179, 193]
[131, 149]
[89, 230]
[176, 233]
[216, 281]
[43, 94]
[31, 206]
[117, 173]
[42, 129]
[224, 226]
[81, 103]
[38, 115]
[115, 152]
[95, 327]
[142, 300]
[61, 115]
[34, 256]
[176, 182]
[218, 235]
[298, 303]
[178, 266]
[87, 238]
[95, 158]
[27, 189]
[55, 72]
[170, 177]
[77, 127]
[65, 217]
[74, 275]
[17, 199]
[103, 265]
[107, 221]
[164, 165]
[175, 179]
[22, 159]
[120, 164]
[107, 209]
[24, 156]
[280, 293]
[110, 232]
[119, 146]
[5, 287]
[15, 247]
[272, 316]
[24, 146]
[116, 127]
[18, 84]
[211, 219]
[71, 171]
[60, 98]
[169, 237]
[98, 173]
[103, 258]
[280, 291]
[202, 280]
[132, 179]
[29, 32]
[280, 288]
[52, 184]
[42, 135]
[134, 306]
[58, 92]
[22, 102]
[86, 161]
[303, 305]
[103, 170]
[213, 243]
[28, 29]
[21, 131]
[131, 321]
[88, 122]
[18, 300]
[12, 46]
[11, 283]
[303, 316]
[5, 113]
[123, 277]
[16, 17]
[51, 53]
[11, 316]
[25, 143]
[140, 217]
[90, 313]
[43, 261]
[159, 320]
[22, 72]
[36, 37]
[273, 285]
[258, 301]
[163, 205]
[47, 114]
[22, 122]
[149, 270]
[135, 177]
[75, 169]
[60, 177]
[59, 126]
[136, 273]
[48, 107]
[101, 233]
[49, 65]
[111, 277]
[272, 280]
[151, 318]
[178, 179]
[4, 29]
[183, 194]
[173, 314]
[71, 93]
[6, 104]
[148, 285]
[107, 132]
[132, 163]
[45, 90]
[69, 95]
[222, 306]
[85, 266]
[73, 187]
[156, 201]
[238, 261]
[175, 192]
[113, 316]
[146, 275]
[12, 20]
[262, 298]
[164, 168]
[176, 191]
[56, 88]
[72, 149]
[20, 150]
[96, 275]
[262, 302]
[142, 280]
[171, 220]
[192, 309]
[142, 263]
[262, 303]
[162, 283]
[215, 263]
[92, 127]
[67, 159]
[37, 161]
[84, 266]
[12, 106]
[241, 246]
[27, 68]
[203, 254]
[81, 164]
[122, 135]
[40, 74]
[21, 96]
[17, 116]
[4, 66]
[280, 290]
[235, 291]
[104, 228]
[81, 267]
[118, 196]
[167, 271]
[138, 266]
[45, 212]
[5, 139]
[161, 191]
[14, 124]
[38, 233]
[41, 47]
[161, 309]
[268, 303]
[87, 264]
[30, 127]
[122, 124]
[81, 326]
[242, 253]
[165, 275]
[227, 326]
[48, 121]
[30, 221]
[162, 169]
[124, 175]
[272, 276]
[11, 291]
[130, 264]
[158, 168]
[98, 317]
[7, 41]
[82, 247]
[125, 178]
[36, 70]
[107, 135]
[238, 267]
[43, 101]
[281, 285]
[147, 184]
[18, 219]
[2, 171]
[54, 62]
[51, 245]
[13, 228]
[66, 76]
[185, 274]
[18, 89]
[66, 97]
[28, 32]
[243, 295]
[33, 101]
[145, 303]
[8, 127]
[148, 296]
[166, 272]
[264, 312]
[43, 82]
[75, 148]
[37, 47]
[219, 298]
[51, 231]
[73, 232]
[27, 321]
[148, 326]
[177, 201]
[144, 281]
[13, 103]
[226, 262]
[51, 120]
[88, 111]
[187, 231]
[137, 292]
[31, 116]
[83, 135]
[28, 85]
[67, 69]
[249, 259]
[293, 296]
[122, 232]
[166, 258]
[199, 207]
[161, 198]
[104, 186]
[230, 249]
[133, 226]
[25, 71]
[277, 302]
[22, 74]
[71, 155]
[47, 64]
[197, 251]
[5, 249]
[106, 306]
[11, 288]
[51, 215]
[35, 254]
[56, 83]
[3, 28]
[262, 293]
[305, 313]
[49, 271]
[13, 230]
[133, 276]
[218, 226]
[163, 309]
[98, 194]
[40, 49]
[163, 224]
[136, 307]
[102, 103]
[148, 244]
[42, 92]
[200, 282]
[117, 132]
[83, 245]
[87, 123]
[8, 47]
[138, 139]
[23, 314]
[98, 107]
[157, 158]
[250, 253]
[108, 213]
[93, 163]
[159, 199]
[23, 169]
[88, 110]
[91, 179]
[62, 107]
[145, 147]
[32, 207]
[42, 179]
[55, 252]
[15, 261]
[86, 101]
[53, 275]
[261, 286]
[1, 174]
[39, 71]
[94, 101]
[38, 130]
[7, 94]
[63, 99]
[282, 326]
[69, 158]
[270, 283]
[159, 314]
[131, 159]
[205, 264]
[144, 300]
[55, 239]
[100, 187]
[67, 169]
[72, 90]
[26, 74]
[161, 221]
[247, 296]
[150, 218]
[215, 227]
[107, 225]
[36, 145]
[196, 205]
[171, 180]
[77, 210]
[53, 171]
[96, 323]
[54, 259]
[146, 170]
[16, 117]
[83, 249]
[244, 294]
[148, 207]
[120, 169]
[146, 190]
[9, 172]
[206, 209]
[171, 274]
[180, 231]
[238, 239]
[168, 214]
[16, 36]
[249, 262]
[176, 179]
[71, 207]
[48, 66]
[27, 39]
[241, 252]
[22, 153]
[215, 311]
[133, 142]
[138, 262]
[184, 188]
[3, 8]
[75, 167]
[62, 195]
[263, 323]
[138, 163]
[20, 212]
[106, 259]
[60, 72]
[28, 48]
[49, 59]
[260, 319]
[67, 68]
[103, 148]
[22, 103]
[187, 196]
[162, 168]
[36, 64]
[117, 290]
[60, 168]
[77, 139]
[8, 66]
[30, 83]
[6, 197]
[30, 161]
[197, 313]
[285, 288]
[112, 305]
[224, 249]
[22, 25]
[28, 130]
[5, 19]
[45, 222]
[67, 275]
[214, 294]
[32, 94]
[184, 185]
[290, 299]
[13, 306]
[84, 186]
[122, 239]
[38, 97]
[81, 153]
[122, 244]
[64, 116]
[20, 46]
[79, 169]
[61, 92]
[60, 170]
[70, 262]
[219, 290]
[148, 261]
[134, 303]
[45, 46]
[202, 272]
[216, 249]
[158, 164]
[6, 138]
[149, 279]
[285, 291]
[63, 72]
[114, 149]
[65, 130]
[184, 214]
[220, 221]
[242, 326]
[60, 119]
[19, 224]
[73, 174]
[102, 318]
[142, 268]
[150, 243]
[35, 285]
[214, 263]
[54, 177]
[36, 48]
[76, 86]
[107, 179]
[177, 195]
[77, 271]
[268, 276]
[203, 255]
[199, 214]
[202, 301]
[122, 171]
[132, 198]
[23, 67]
[77, 193]
[136, 272]
[66, 163]
[276, 290]
[30, 309]
[276, 285]
[46, 90]
[123, 188]
[133, 292]
[216, 287]
[100, 183]
[35, 282]
[5, 226]
[9, 205]
[267, 277]
[251, 295]
[99, 100]
[47, 66]
[73, 125]
[127, 206]
[83, 124]
[145, 280]
[9, 273]
[77, 221]
[74, 128]
[94, 130]
[136, 141]
[51, 320]
[194, 196]
[81, 95]
[48, 104]
[179, 192]
[67, 201]
[216, 262]
[85, 92]
[242, 255]
[39, 154]
[135, 247]
[80, 155]
[11, 178]
[113, 249]
[55, 87]
[63, 280]
[52, 271]
[61, 86]
[147, 215]
[72, 103]
[71, 326]
[188, 201]
[140, 142]
[78, 163]
[17, 139]
[171, 231]
[222, 236]
[265, 300]
[61, 121]
[26, 131]
[13, 214]
[248, 287]
[132, 138]
[57, 163]
[125, 187]
[172, 292]
[272, 292]
[181, 221]
[83, 175]
[1, 25]
[78, 186]
[82, 88]
[258, 272]
[18, 90]
[71, 196]
[26, 271]
[131, 227]
[2, 155]
[149, 152]
[270, 314]
[43, 163]
[101, 210]
[3, 7]
[41, 86]
[136, 205]
[58, 161]
[38, 70]
[11, 74]
[282, 303]
[70, 117]
[109, 242]
[267, 284]
[203, 204]
[23, 283]
[49, 304]
[133, 172]
[1, 128]
[52, 270]
[261, 317]
[70, 122]
[207, 257]
[280, 299]
[156, 157]
[170, 188]
[6, 178]
[8, 115]
[22, 39]
[76, 117]
[141, 316]
[52, 62]
[161, 263]
[32, 76]
[82, 245]
[36, 117]
[272, 299]
[187, 317]
[34, 242]
[49, 126]
[15, 43]
[118, 195]
[10, 305]
[100, 274]
[191, 324]
[205, 291]
[11, 306]
[41, 181]
[67, 269]
[42, 121]
[117, 130]
[48, 108]
[108, 178]
[38, 256]
[118, 317]
[112, 219]
[183, 185]
[195, 216]
[37, 92]
[135, 286]
[178, 182]
[202, 290]
[53, 205]
[248, 256]
[68, 171]
[192, 284]
[202, 268]
[149, 156]
[113, 222]
[16, 61]
[252, 266]
[30, 182]
[61, 146]
[223, 297]
[49, 223]
[4, 86]
[255, 257]
[94, 121]
[208, 296]
[105, 259]
[158, 327]
[225, 264]
[37, 130]
[57, 124]
[29, 252]
[29, 64]
[26, 153]
[229, 251]
[5, 227]
[269, 287]
[223, 263]
[35, 297]
[82, 92]
[86, 114]
[175, 312]
[67, 158]
[154, 155]
[149, 189]
[208, 294]
[102, 167]
[126, 219]
[227, 294]
[14, 83]
[19, 106]
[28, 38]
[61, 171]
[35, 255]
[90, 243]
[22, 154]
[83, 107]
[10, 37]
[12, 13]
[174, 218]
[143, 147]
[50, 73]
[107, 188]
[78, 232]
[52, 157]
[151, 169]
[236, 252]
[25, 131]
[58, 191]
[6, 89]
[272, 273]
[177, 187]
[40, 93]
[28, 92]
[72, 155]
[305, 307]
[11, 287]
[198, 222]
[100, 316]
[13, 262]
[22, 164]
[141, 255]
[2, 153]
[60, 99]
[281, 320]
[184, 317]
[87, 266]
[55, 117]
[31, 209]
[83, 277]
[246, 266]
[27, 40]
[215, 282]
[127, 186]
[93, 154]
[192, 233]
[13, 35]
[196, 201]
[230, 259]
[222, 259]
[78, 175]
[125, 302]
[166, 269]
[59, 225]
[16, 166]
[47, 91]
[5, 306]
[66, 108]
[222, 249]
[161, 324]
[291, 307]
[99, 183]
[133, 235]
[51, 67]
[167, 182]
[51, 156]
[176, 181]
[147, 256]
[143, 155]
[280, 300]
[203, 311]
[220, 237]
[141, 235]
[100, 174]
[144, 292]
[212, 249]
[15, 238]
[290, 293]
[236, 284]
[174, 195]
[208, 227]
[234, 294]
[95, 159]
[141, 273]
[179, 210]
[11, 142]
[300, 313]
[42, 130]
[29, 82]
[84, 161]
[27, 103]
[148, 255]
[128, 155]
[181, 182]
[45, 271]
[172, 269]
[172, 288]
[59, 202]
[251, 297]
[163, 182]
[248, 296]
[154, 271]
[17, 121]
[144, 293]
[13, 108]
[168, 270]
[37, 58]
[57, 206]
[53, 170]
[56, 241]
[99, 126]
[147, 199]
[72, 253]
[32, 101]
[235, 261]
[65, 174]
[147, 248]
[244, 296]
[199, 257]
[133, 217]
[50, 59]
[211, 218]
[44, 224]
[45, 306]
[95, 173]
[66, 127]
[4, 115]
[133, 313]
[196, 275]
[150, 273]
[142, 326]
[136, 258]
[101, 161]
[227, 281]
[179, 238]
[94, 122]
[23, 162]
[181, 186]
[38, 107]
[24, 96]
[171, 242]
[90, 211]
[158, 283]
[219, 224]
[178, 209]
[113, 303]
[244, 251]
[79, 186]
[100, 170]
[52, 119]
[220, 302]
[105, 113]
[194, 274]
[287, 313]
[216, 259]
[17, 48]
[65, 94]
[161, 302]
[173, 174]
[2, 149]
[108, 302]
[91, 114]
[62, 98]
[292, 301]
[177, 180]
[258, 280]
[141, 147]
[9, 288]
[41, 107]
[77, 309]
[80, 107]
[6, 13]
[88, 135]
[55, 56]
[84, 94]
[178, 186]
[61, 97]
[258, 299]
[298, 317]
[135, 241]
[104, 285]
[87, 111]
[131, 271]
[52, 174]
[37, 186]
[27, 323]
[39, 321]
[142, 305]
[154, 223]
[244, 285]
[172, 303]
[33, 115]
[203, 242]
[17, 138]
[301, 310]
[4, 37]
[149, 171]
[271, 305]
[23, 119]
[93, 321]
[35, 144]
[107, 130]
[60, 67]
[226, 285]
[2, 27]
[110, 111]
[92, 121]
[282, 310]
[17, 175]
[63, 187]
[207, 285]
[81, 107]
[243, 272]
[103, 205]
[93, 102]
[237, 238]
[228, 248]
[116, 117]
[136, 316]
[2, 279]
[63, 75]
[280, 285]
[36, 231]
[64, 86]
[25, 99]
[13, 104]
[9, 141]
[239, 266]
[18, 139]
[74, 102]
[102, 151]
[82, 135]
[19, 262]
[215, 326]
[81, 155]
[63, 71]
[68, 242]
[61, 129]
[64, 114]
[157, 169]
[227, 250]
[225, 232]
[243, 287]
[228, 298]
[79, 163]
[166, 288]
[90, 112]
[17, 237]
[53, 65]
[108, 188]
[117, 121]
[102, 149]
[45, 249]
[28, 41]
[36, 130]
[127, 277]
[4, 17]
[4, 101]
[33, 108]
[28, 114]
[94, 97]
[73, 170]
[79, 289]
[250, 310]
[82, 227]
[212, 222]
[119, 283]
[142, 257]
[126, 180]
[77, 122]
[33, 48]
[106, 230]
[191, 223]
[163, 209]
[199, 256]
[10, 205]
[159, 297]
[134, 230]
[184, 256]
[52, 250]
[56, 277]
[118, 201]
[90, 228]
[52, 201]
[30, 82]
[125, 317]
[30, 163]
[137, 142]
[17, 300]
[285, 300]
[20, 90]
[82, 302]
[63, 215]
[32, 64]
[191, 198]
[51, 314]
[35, 251]
[17, 76]
[49, 72]
[8, 205]
[214, 227]
[14, 277]
[100, 177]
[228, 287]
[291, 316]
[5, 243]
[204, 213]
[59, 60]
[57, 127]
[88, 277]
[5, 230]
[259, 306]
[41, 42]
[88, 312]
[79, 210]
[177, 317]
[4, 76]
[9, 142]
[245, 267]
[261, 312]
[5, 222]
[78, 132]
[26, 155]
[65, 116]
[87, 241]
[198, 206]
[7, 47]
[72, 198]
[11, 161]
[30, 57]
[170, 317]
[200, 203]
[73, 142]
[122, 277]
[147, 296]
[10, 144]
[108, 163]
[205, 303]
[79, 220]
[103, 149]
[174, 180]
[134, 136]
[253, 255]
[161, 182]
[43, 247]
[276, 322]
[268, 292]
[176, 209]
[9, 150]
[98, 99]
[81, 174]
[103, 125]
[52, 168]
[203, 257]
[164, 194]
[3, 47]
[59, 170]
[285, 301]
[199, 296]
[178, 181]
[9, 313]
[48, 130]
[144, 145]
[95, 146]
[58, 210]
[88, 178]
[104, 216]
[27, 154]
[117, 227]
[183, 184]
[215, 234]
[66, 92]
[118, 183]
[170, 196]
[42, 97]
[121, 127]
[23, 51]
[99, 173]
[244, 255]
[28, 76]
[17, 166]
[12, 251]
[29, 115]
[18, 258]
[6, 219]
[5, 43]
[194, 260]
[75, 178]
[24, 43]
[120, 165]
[131, 167]
[238, 246]
[118, 227]
[235, 280]
[166, 202]
[207, 227]
[175, 222]
[9, 128]
[68, 157]
[137, 281]
[245, 284]
[49, 189]
[72, 170]
[287, 307]
[239, 247]
[234, 326]
[64, 115]
[18, 106]
[80, 81]
[266, 289]
[128, 152]
[132, 178]
[202, 281]
[276, 280]
[68, 72]
[135, 232]
[127, 209]
[270, 275]
[51, 93]
[207, 297]
[98, 183]
[41, 94]
[251, 285]
[144, 303]
[2, 71]
[199, 311]
[175, 210]
[94, 115]
[75, 190]
[10, 150]
[318, 323]
[57, 79]
[216, 228]
[250, 255]
[280, 322]
[136, 278]
[181, 233]
[186, 221]
[265, 276]
[25, 169]
[75, 125]
[172, 316]
[18, 60]
[11, 269]
[51, 159]
[188, 202]
[86, 127]
[136, 280]
[60, 63]
[142, 145]
[7, 115]
[212, 218]
[105, 298]
[101, 121]
[53, 174]
[75, 109]
[88, 261]
[79, 179]
[207, 311]
[271, 279]
[138, 233]
[45, 224]
[133, 299]
[71, 194]
[72, 279]
[145, 287]
[4, 97]
[197, 243]
[6, 139]
[291, 305]
[59, 188]
[100, 196]
[25, 167]
[7, 92]
[82, 123]
[33, 37]
[153, 167]
[46, 249]
[15, 239]
[252, 261]
[85, 194]
[126, 189]
[187, 188]
[45, 60]
[32, 56]
[44, 228]
[258, 269]
[13, 218]
[272, 305]
[41, 316]
[101, 116]
[185, 233]
[269, 299]
[13, 249]
[85, 286]
[63, 100]
[96, 266]
[1, 321]
[53, 126]
[8, 108]
[180, 185]
[247, 266]
[181, 191]
[49, 167]
[29, 127]
[28, 94]
[56, 58]
[209, 324]
[23, 146]
[89, 217]
[301, 307]
[84, 210]
[99, 196]
[4, 108]
[217, 302]
[102, 113]
[234, 283]
[59, 171]
[25, 59]
[64, 65]
[80, 318]
[57, 58]
[232, 312]
[31, 233]
[15, 78]
[81, 167]
[51, 183]
[38, 42]
[176, 302]
[16, 32]
[43, 108]
[154, 321]
[31, 302]
[9, 240]
[214, 282]
[51, 72]
[61, 108]
[28, 36]
[171, 304]
[144, 150]
[85, 121]
[151, 155]
[56, 243]
[9, 277]
[45, 216]
[67, 231]
[169, 313]
[178, 302]
[102, 321]
[18, 147]
[58, 132]
[89, 211]
[218, 262]
[203, 287]
[256, 276]
[106, 217]
[37, 126]
[103, 109]
[177, 188]
[20, 211]
[76, 114]
[137, 301]
[158, 314]
[163, 266]
[77, 179]
[5, 211]
[11, 303]
[77, 79]
[179, 240]
[71, 72]
[6, 18]
[287, 296]
[36, 115]
[213, 308]
[112, 243]
[82, 225]
[61, 64]
[225, 247]
[41, 121]
[45, 259]
[42, 85]
[11, 292]
[200, 326]
[28, 86]
[25, 81]
[49, 214]
[60, 195]
[156, 202]
[38, 161]
[118, 170]
[213, 310]
[125, 131]
[63, 146]
[103, 279]
[66, 85]
[72, 138]
[255, 287]
[54, 187]
[30, 176]
[39, 155]
[56, 284]
[173, 189]
[103, 131]
[71, 149]
[75, 253]
[247, 312]
[136, 150]
[29, 61]
[61, 169]
[237, 239]
[55, 284]
[212, 219]
[239, 267]
[97, 117]
[100, 194]
[22, 81]
[171, 199]
[123, 124]
[122, 289]
[173, 270]
[291, 293]
[123, 239]
[242, 257]
[29, 36]
[75, 303]
[217, 272]
[28, 117]
[39, 279]
[263, 287]
[4, 121]
[141, 307]
[109, 318]
[215, 287]
[65, 114]
[317, 320]
[214, 287]
[118, 162]
[278, 301]
[51, 96]
[294, 326]
[51, 60]
[265, 293]
[62, 75]
[145, 276]
[31, 306]
[63, 151]
[60, 180]
[174, 187]
[249, 313]
[191, 221]
[273, 300]
[98, 187]
[25, 93]
[227, 254]
[27, 125]
[248, 250]
[202, 276]
[122, 163]
[39, 269]
[12, 224]
[111, 236]
[9, 75]
[217, 226]
[205, 278]
[152, 153]
[276, 303]
[46, 229]
[44, 219]
[49, 184]
[170, 201]
[147, 243]
[158, 243]
[28, 116]
[301, 305]
[150, 316]
[300, 301]
[90, 326]
[85, 163]
[130, 135]
[135, 245]
[113, 243]
[159, 161]
[2, 109]
[151, 223]
[250, 263]
[93, 159]
[14, 135]
[268, 287]
[90, 218]
[49, 188]
[264, 266]
[127, 292]
[47, 238]
[258, 292]
[78, 221]
[265, 288]
[278, 280]
[25, 321]
[36, 265]
[186, 277]
[85, 97]
[293, 298]
[71, 323]
[294, 296]
[203, 208]
[51, 170]
[265, 273]
[205, 265]
[83, 286]
[114, 115]
[223, 294]
[107, 238]
[5, 45]
[214, 223]
[9, 106]
[60, 184]
[4, 31]
[64, 176]
[88, 267]
[97, 129]
[136, 285]
[125, 199]
[165, 226]
[168, 212]
[159, 245]
[75, 180]
[44, 243]
[30, 209]
[224, 281]
[185, 288]
[77, 108]
[57, 175]
[89, 306]
[175, 193]
[269, 322]
[122, 284]
[122, 266]
[75, 122]
[218, 303]
[28, 179]
[234, 256]
[126, 159]
[179, 181]
[28, 225]
[17, 222]
[61, 264]
[8, 28]
[147, 253]
[144, 291]
[126, 173]
[52, 314]
[60, 102]
[71, 107]
[189, 320]
[17, 18]
[18, 226]
[202, 269]
[49, 187]
[93, 271]
[60, 293]
[171, 260]
[11, 141]
[122, 218]
[105, 249]
[138, 161]
[215, 216]
[33, 116]
[82, 237]
[55, 98]
[109, 167]
[213, 223]
[166, 280]
[30, 178]
[135, 312]
[132, 176]
[159, 318]
[141, 142]
[240, 261]
[206, 302]
[42, 76]
[94, 186]
[150, 280]
[166, 205]
[40, 71]
[215, 310]
[174, 183]
[7, 76]
[39, 143]
[119, 164]
[17, 220]
[257, 303]
[9, 280]
[291, 300]
[36, 78]
[3, 107]
[159, 198]
[172, 287]
[203, 234]
[77, 262]
[219, 273]
[83, 186]
[72, 274]
[283, 314]
[120, 159]
[102, 217]
[148, 174]
[41, 66]
[142, 150]
[112, 230]
[104, 268]
[119, 270]
[248, 326]
[159, 202]
[72, 208]
[78, 184]
[95, 314]
[20, 219]
[89, 113]
[177, 256]
[12, 229]
[4, 92]
[49, 98]
[35, 244]
[179, 233]
[209, 230]
[120, 250]
[75, 248]
[267, 312]
[118, 126]
[18, 224]
[37, 116]
[12, 216]
[166, 251]
[35, 310]
[79, 84]
[146, 283]
[80, 326]
[61, 66]
[63, 317]
[152, 154]
[175, 209]
[75, 93]
[158, 165]
[142, 255]
[13, 20]
[280, 315]
[9, 144]
[11, 67]
[171, 247]
[19, 134]
[140, 292]
[57, 135]
[17, 92]
[200, 223]
[118, 174]
[20, 105]
[97, 107]
[70, 108]
[49, 69]
[78, 302]
[56, 247]
[237, 245]
[79, 101]
[18, 45]
[29, 33]
[51, 184]
[182, 191]
[5, 36]
[11, 322]
[200, 215]
[101, 130]
[152, 318]
[104, 296]
[101, 115]
[218, 290]
[155, 319]
[18, 303]
[9, 58]
[107, 177]
[12, 313]
[78, 198]
[136, 202]
[145, 293]
[112, 262]
[64, 108]
[80, 167]
[80, 279]
[22, 93]
[22, 169]
[65, 121]
[218, 293]
[120, 275]
[172, 207]
[5, 217]
[16, 138]
[104, 251]
[287, 316]
[201, 263]
[92, 209]
[75, 319]
[87, 236]
[202, 322]
[26, 102]
[136, 291]
[112, 197]
[144, 276]
[21, 318]
[51, 247]
[122, 133]
[13, 219]
[109, 271]
[210, 221]
[9, 301]
[81, 158]
[115, 206]
[83, 312]
[123, 312]
[128, 318]
[30, 233]
[140, 145]
[65, 230]
[38, 171]
[194, 253]
[109, 155]
[205, 235]
[268, 269]
[38, 181]
[5, 104]
[39, 128]
[26, 39]
[43, 124]
[37, 94]
[1, 71]
[188, 260]
[171, 188]
[149, 318]
[199, 233]
[137, 280]
[31, 193]
[27, 149]
[228, 306]
[93, 120]
[1, 27]
[78, 108]
[217, 298]
[69, 72]
[66, 115]
[88, 191]
[6, 251]
[173, 196]
[216, 229]
[53, 118]
[73, 160]
[155, 271]
[22, 26]
[167, 262]
[214, 296]
[153, 288]
[158, 187]
[196, 258]
[252, 286]
[10, 316]
[75, 279]
[134, 197]
[96, 196]
[140, 265]
[72, 75]
[107, 129]
[191, 206]
[23, 75]
[75, 128]
[272, 291]
[182, 233]
[64, 101]
[194, 317]
[107, 108]
[166, 305]
[61, 107]
[281, 322]
[192, 324]
[227, 257]
[184, 227]
[74, 153]
[173, 184]
[133, 291]
[165, 314]
[30, 98]
[136, 172]
[213, 311]
[187, 314]
[153, 318]
[39, 152]
[208, 255]
[207, 256]
[98, 320]
[41, 127]
[159, 205]
[28, 33]
[9, 178]
[67, 183]
[58, 198]
[36, 290]
[22, 173]
[165, 327]
[176, 193]
[20, 259]
[274, 320]
[140, 290]
[110, 225]
[93, 318]
[285, 313]
[172, 202]
[265, 285]
[107, 306]
[112, 211]
[139, 159]
[204, 256]
[13, 217]
[37, 133]
[183, 189]
[35, 250]
[6, 199]
[38, 64]
[75, 271]
[97, 114]
[287, 305]
[74, 152]
[160, 268]
[255, 272]
[135, 191]
[60, 120]
[62, 173]
[100, 125]
[44, 229]
[89, 90]
[232, 277]
[37, 65]
[170, 293]
[41, 64]
[110, 237]
[194, 201]
[205, 281]
[29, 220]
[203, 256]
[14, 56]
[31, 132]
[89, 197]
[34, 282]
[90, 298]
[145, 166]
[76, 129]
[28, 65]
[205, 299]
[18, 44]
[207, 310]
[83, 121]
[152, 321]
[36, 233]
[7, 116]
[31, 138]
[101, 264]
[37, 175]
[87, 277]
[54, 67]
[41, 117]
[135, 267]
[112, 212]
[135, 236]
[28, 91]
[105, 217]
[35, 134]
[56, 57]
[111, 246]
[179, 302]
[108, 114]
[123, 267]
[124, 277]
[55, 92]
[89, 212]
[11, 219]
[70, 114]
[217, 243]
[181, 309]
[99, 195]
[25, 128]
[52, 108]
[49, 194]
[217, 287]
[57, 138]
[207, 263]
[124, 181]
[61, 79]
[28, 129]
[134, 216]
[14, 127]
[225, 239]
[266, 302]
[36, 65]
[181, 209]
[183, 294]
[107, 191]
[152, 164]
[117, 125]
[98, 195]
[161, 209]
[29, 184]
[115, 121]
[142, 301]
[161, 178]
[83, 116]
[132, 209]
[2, 167]
[75, 149]
[46, 212]
[145, 150]
[155, 318]
[236, 286]
[185, 194]
[72, 95]
[168, 275]
[269, 291]
[115, 117]
[35, 215]
[163, 183]
[73, 144]
[169, 279]
[58, 221]
[21, 80]
[9, 60]
[16, 65]
[82, 87]
[66, 249]
[31, 179]
[35, 213]
[60, 152]
[36, 85]
[60, 80]
[17, 111]
[8, 42]
[33, 94]
[25, 279]
[229, 230]
[47, 101]
[90, 213]
[134, 217]
[83, 225]
[37, 114]
[23, 60]
[10, 265]
[13, 293]
[77, 183]
[20, 249]
[86, 115]
[166, 290]
[18, 212]
[125, 232]
[78, 107]
[43, 132]
[67, 126]
[122, 189]
[146, 162]
[17, 31]
[63, 184]
[4, 130]
[14, 267]
[141, 285]
[43, 232]
[167, 216]
[273, 276]
[2, 81]
[44, 298]
[207, 248]
[173, 177]
[49, 244]
[101, 111]
[141, 299]
[142, 290]
[83, 247]
[102, 109]
[95, 305]
[18, 229]
[21, 40]
[12, 218]
[36, 161]
[183, 196]
[51, 190]
[140, 249]
[292, 293]
[46, 134]
[94, 239]
[133, 145]
[159, 184]
[258, 276]
[131, 187]
[217, 305]
[36, 87]
[66, 107]
[51, 95]
[144, 305]
[77, 191]
[145, 272]
[255, 326]
[183, 274]
[101, 138]
[41, 116]
[14, 266]
[4, 48]
[88, 236]
[142, 278]
[241, 286]
[272, 301]
[74, 299]
[196, 260]
[77, 302]
[2, 143]
[50, 118]
[123, 135]
[217, 218]
[234, 282]
[142, 258]
[168, 169]
[219, 293]
[78, 266]
[33, 65]
[61, 117]
[186, 245]
[160, 190]
[57, 139]
[25, 102]
[2, 103]
[169, 323]
[115, 125]
[3, 38]
[81, 321]
[142, 273]
[288, 303]
[44, 89]
[23, 120]
[17, 299]
[81, 323]
[163, 178]
[15, 267]
[138, 199]
[299, 316]
[152, 214]
[173, 187]
[213, 257]
[96, 314]
[142, 316]
[9, 291]
[64, 127]
[120, 146]
[62, 174]
[170, 189]
[216, 222]
[100, 107]
[78, 191]
[112, 306]
[123, 241]
[9, 113]
[139, 222]
[80, 125]
[54, 174]
[163, 220]
[268, 319]
[60, 173]
[77, 243]
[82, 264]
[9, 176]
[203, 326]
[203, 248]
[169, 318]
[188, 274]
[12, 212]
[61, 232]
[72, 98]
[8, 101]
[99, 191]
[178, 239]
[128, 153]
[29, 237]
[77, 298]
[214, 250]
[5, 262]
[139, 309]
[286, 301]
[20, 197]
[113, 251]
[58, 98]
[112, 297]
[114, 130]
[281, 316]
[194, 323]
[61, 116]
[75, 80]
[241, 266]
[213, 248]
[213, 255]
[141, 291]
[205, 316]
[119, 158]
[127, 302]
[55, 129]
[223, 257]
[32, 209]
[9, 292]
[39, 72]
[104, 212]
[75, 226]
[3, 48]
[178, 198]
[27, 67]
[107, 247]
[272, 281]
[99, 201]
[89, 205]
[25, 174]
[58, 181]
[210, 250]
[232, 286]
[249, 287]
[108, 176]
[39, 131]
[59, 260]
[1, 143]
[41, 97]
[278, 292]
[141, 293]
[178, 238]
[56, 225]
[110, 286]
[9, 259]
[29, 85]
[235, 298]
[174, 177]
[207, 234]
[8, 141]
[269, 288]
[5, 6]
[49, 50]
[75, 131]
[152, 323]
[30, 236]
[120, 283]
[15, 225]
[62, 320]
[33, 117]
[11, 202]
[227, 297]
[63, 275]
[116, 178]
[224, 293]
[287, 300]
[94, 117]
[69, 270]
[2, 80]
[150, 285]
[11, 12]
[11, 136]
[225, 252]
[104, 211]
[62, 63]
[91, 116]
[156, 183]
[167, 279]
[44, 104]
[236, 246]
[136, 301]
[9, 134]
[169, 213]
[247, 261]
[53, 63]
[78, 209]
[205, 280]
[74, 109]
[142, 276]
[268, 290]
[20, 298]
[60, 100]
[53, 194]
[7, 28]
[16, 64]
[200, 294]
[88, 107]
[142, 199]
[231, 263]
[295, 298]
[112, 316]
[132, 175]
[109, 153]
[51, 157]
[88, 239]
[1, 22]
[196, 317]
[58, 149]
[205, 323]
[82, 277]
[115, 202]
[59, 125]
[235, 265]
[104, 298]
[186, 267]
[17, 192]
[137, 144]
[179, 266]
[136, 145]
[207, 255]
[46, 218]
[214, 256]
[24, 60]
[200, 296]
[56, 261]
[75, 155]
[118, 217]
[110, 236]
[5, 112]
[217, 293]
[273, 305]
[273, 287]
[34, 263]
[24, 283]
[167, 171]
[171, 320]
[36, 66]
[238, 286]
[124, 266]
[276, 299]
[255, 282]
[60, 314]
[150, 272]
[205, 297]
[202, 258]
[91, 130]
[115, 116]
[18, 150]
[169, 173]
[112, 235]
[12, 197]
[162, 275]
[157, 275]
[273, 292]
[99, 174]
[182, 266]
[16, 33]
[13, 243]
[49, 302]
[235, 312]
[6, 222]
[38, 78]
[252, 264]
[106, 134]
[126, 174]
[55, 261]
[186, 192]
[112, 226]
[59, 317]
[287, 299]
[188, 317]
[136, 298]
[205, 268]
[5, 134]
[77, 163]
[170, 171]
[184, 265]
[138, 259]
[170, 184]
[12, 89]
[232, 236]
[92, 130]
[265, 292]
[32, 37]
[23, 231]
[10, 293]
[108, 127]
[200, 227]
[60, 320]
[93, 107]
[218, 298]
[117, 126]
[215, 294]
[102, 271]
[145, 288]
[231, 242]
[237, 264]
[8, 114]
[272, 288]
[62, 126]
[98, 201]
[86, 94]
[78, 79]
[101, 179]
[203, 207]
[79, 309]
[9, 299]
[177, 267]
[77, 182]
[61, 105]
[265, 291]
[59, 87]
[147, 254]
[32, 107]
[136, 299]
[15, 87]
[61, 83]
[207, 253]
[101, 316]
[137, 278]
[167, 252]
[18, 46]
[72, 195]
[36, 101]
[117, 127]
[49, 80]
[186, 194]
[89, 134]
[12, 113]
[26, 33]
[241, 264]
[207, 208]
[147, 207]
[115, 176]
[161, 192]
[122, 245]
[11, 293]
[66, 112]
[103, 183]
[235, 305]
[132, 221]
[60, 157]
[1, 167]
[73, 80]
[18, 104]
[60, 103]
[47, 111]
[19, 90]
[65, 76]
[211, 306]
[13, 94]
[27, 318]
[213, 219]
[150, 207]
[174, 185]
[75, 91]
[21, 50]
[41, 179]
[98, 180]
[145, 174]
[219, 226]
[87, 122]
[65, 131]
[48, 94]
[17, 236]
[103, 271]
[26, 321]
[12, 134]
[75, 223]
[4, 91]
[207, 224]
[71, 151]
[115, 237]
[29, 148]
[281, 296]
[272, 290]
[3, 97]
[273, 304]
[199, 213]
[39, 271]
[46, 89]
[249, 326]
[103, 107]
[17, 82]
[239, 250]
[123, 192]
[28, 66]
[288, 299]
[205, 292]
[76, 127]
[285, 293]
[41, 129]
[265, 299]
[118, 171]
[41, 48]
[30, 277]
[202, 287]
[215, 283]
[84, 116]
[112, 293]
[247, 277]
[141, 276]
[22, 71]
[287, 288]
[85, 210]
[48, 101]
[77, 198]
[251, 262]
[87, 261]
[135, 225]
[227, 282]
[72, 213]
[228, 303]
[194, 231]
[25, 103]
[82, 171]
[269, 303]
[222, 230]
[25, 288]
[70, 127]
[35, 296]
[238, 252]
[55, 238]
[158, 275]
[84, 258]
[89, 172]
[202, 285]
[280, 281]
[31, 226]
[20, 45]
[21, 71]
[41, 65]
[279, 323]
[250, 296]
[215, 297]
[4, 94]
[89, 229]
[49, 171]
[202, 305]
[91, 115]
[271, 321]
[105, 262]
[84, 132]
[108, 179]
[53, 125]
[212, 226]
[234, 253]
[144, 316]
[108, 116]
[1, 171]
[60, 75]
[38, 117]
[161, 206]
[110, 241]
[60, 196]
[144, 258]
[31, 176]
[54, 183]
[18, 205]
[57, 176]
[73, 180]
[128, 194]
[59, 100]
[16, 220]
[207, 294]
[77, 107]
[32, 65]
[175, 191]
[172, 265]
[61, 209]
[181, 302]
[103, 321]
[11, 118]
[82, 94]
[2, 22]
[272, 278]
[145, 301]
[167, 321]
[134, 192]
[98, 189]
[226, 303]
[157, 223]
[32, 42]
[28, 61]
[42, 47]
[114, 129]
[258, 287]
[87, 267]
[73, 177]
[105, 134]
[112, 216]
[181, 193]
[13, 44]
[75, 115]
[9, 239]
[84, 176]
[116, 302]
[77, 175]
[145, 258]
[22, 51]
[32, 114]
[3, 101]
[68, 164]
[318, 321]
[199, 204]
[30, 181]
[171, 177]
[148, 227]
[114, 283]
[53, 54]
[84, 175]
[269, 293]
[228, 259]
[11, 133]
[9, 83]
[67, 157]
[103, 252]
[29, 37]
[80, 271]
[46, 147]
[51, 260]
[11, 249]
[89, 141]
[226, 249]
[81, 191]
[37, 108]
[153, 155]
[94, 114]
[72, 126]
[113, 217]
[126, 188]
[4, 117]
[6, 216]
[149, 167]
[98, 170]
[258, 305]
[11, 239]
[103, 189]
[16, 145]
[107, 173]
[140, 243]
[172, 293]
[112, 217]
[64, 67]
[33, 85]
[49, 207]
[9, 187]
[209, 302]
[12, 259]
[172, 177]
[45, 145]
[126, 167]
[7, 66]
[148, 311]
[9, 133]
[141, 292]
[218, 224]
[16, 116]
[49, 73]
[207, 249]
[28, 47]
[16, 115]
[60, 181]
[134, 293]
[93, 95]
[75, 151]
[124, 238]
[100, 271]
[144, 202]
[90, 219]
[40, 163]
[223, 256]
[152, 183]
[42, 107]
[70, 281]
[103, 259]
[59, 73]
[248, 253]
[159, 262]
[7, 8]
[22, 158]
[36, 167]
[53, 75]
[219, 259]
[186, 266]
[140, 269]
[36, 55]
[55, 107]
[108, 264]
[9, 287]
[120, 314]
[36, 107]
[133, 293]
[27, 53]
[214, 251]
[51, 187]
[127, 318]
[65, 70]
[62, 67]
[212, 295]
[49, 168]
[38, 66]
[62, 103]
[8, 91]
[29, 117]
[10, 70]
[18, 19]
[174, 184]
[229, 266]
[24, 173]
[41, 91]
[66, 101]
[22, 149]
[310, 311]
[121, 130]
[80, 149]
[58, 127]
[71, 169]
[80, 120]
[229, 243]
[56, 267]
[27, 259]
[147, 257]
[285, 315]
[281, 287]
[258, 315]
[146, 169]
[30, 198]
[248, 257]
[158, 270]
[169, 270]
[178, 206]
[142, 293]
[90, 113]
[134, 298]
[227, 263]
[261, 266]
[28, 101]
[77, 192]
[258, 303]
[147, 166]
[66, 130]
[125, 188]
[11, 285]
[56, 124]
[128, 279]
[72, 304]
[268, 272]
[148, 256]
[68, 146]
[40, 154]
[256, 315]
[37, 127]
[113, 259]
[205, 298]
[5, 197]
[99, 180]
[75, 202]
[14, 258]
[211, 226]
[287, 292]
[49, 320]
[299, 301]
[2, 222]
[11, 172]
[32, 85]
[300, 305]
[184, 285]
[205, 285]
[107, 149]
[131, 318]
[87, 246]
[82, 239]
[140, 229]
[163, 181]
[9, 228]
[159, 169]
[237, 284]
[26, 72]
[266, 284]
[161, 175]
[9, 300]
[214, 326]
[207, 214]
[103, 143]
[49, 75]
[83, 236]
[8, 61]
[186, 209]
[247, 286]
[73, 185]
[18, 243]
[148, 253]
[80, 109]
[269, 273]
[145, 251]
[90, 249]
[60, 174]
[16, 121]
[77, 176]
[140, 276]
[290, 303]
[37, 84]
[68, 223]
[154, 250]
[43, 171]
[20, 104]
[139, 178]
[60, 158]
[54, 231]
[174, 230]
[223, 253]
[166, 301]
[142, 202]
[271, 318]
[119, 183]
[22, 109]
[7, 122]
[172, 273]
[82, 127]
[58, 186]
[125, 177]
[301, 322]
[141, 172]
[103, 159]
[86, 312]
[181, 266]
[8, 107]
[60, 275]
[76, 97]
[228, 230]
[18, 55]
[53, 303]
[172, 272]
[172, 205]
[21, 81]
[205, 272]
[17, 79]
[143, 263]
[145, 297]
[149, 323]
[62, 183]
[236, 264]
[47, 117]
[265, 307]
[218, 305]
[134, 313]
[103, 167]
[77, 177]
[102, 279]
[25, 159]
[45, 219]
[122, 312]
[6, 298]
[5, 229]
[141, 272]
[1, 271]
[1, 154]
[113, 252]
[63, 201]
[148, 215]
[248, 297]
[97, 184]
[78, 193]
[159, 254]
[103, 231]
[31, 181]
[186, 302]
[49, 256]
[56, 135]
[141, 265]
[80, 164]
[119, 275]
[152, 294]
[71, 263]
[23, 235]
[85, 129]
[17, 127]
[179, 191]
[12, 250]
[48, 97]
[111, 252]
[293, 305]
[18, 216]
[22, 151]
[126, 317]
[161, 176]
[11, 276]
[30, 77]
[138, 181]
[140, 288]
[110, 264]
[285, 287]
[67, 196]
[9, 272]
[128, 167]
[43, 213]
[280, 305]
[93, 167]
[84, 114]
[96, 162]
[16, 78]
[142, 144]
[172, 305]
[86, 121]
[126, 171]
[287, 301]
[60, 214]
[213, 215]
[136, 292]
[37, 38]
[104, 281]
[51, 126]
[64, 97]
[47, 88]
[49, 158]
[36, 127]
[30, 175]
[9, 145]
[207, 250]
[124, 284]
[56, 309]
[56, 82]
[104, 105]
[11, 70]
[44, 218]
[75, 81]
[185, 320]
[63, 170]
[80, 194]
[223, 275]
[269, 292]
[33, 121]
[140, 305]
[146, 154]
[17, 115]
[75, 215]
[209, 323]
[102, 323]
[215, 257]
[15, 135]
[202, 293]
[136, 313]
[207, 303]
[53, 109]
[180, 275]
[85, 108]
[30, 220]
[17, 231]
[84, 178]
[159, 168]
[77, 78]
[25, 323]
[134, 222]
[43, 135]
[5, 105]
[13, 134]
[134, 278]
[186, 233]
[9, 265]
[86, 261]
[18, 249]
[235, 268]
[205, 269]
[217, 222]
[37, 107]
[268, 293]
[53, 242]
[22, 318]
[141, 287]
[32, 70]
[28, 221]
[9, 303]
[124, 247]
[109, 180]
[176, 239]
[70, 186]
[144, 166]
[57, 191]
[89, 219]
[75, 153]
[246, 247]
[73, 231]
[71, 271]
[8, 92]
[47, 61]
[7, 108]
[194, 320]
[199, 223]
[53, 59]
[97, 302]
[23, 157]
[92, 108]
[281, 292]
[256, 268]
[143, 154]
[70, 163]
[203, 227]
[152, 279]
[81, 169]
[218, 219]
[161, 321]
[103, 153]
[174, 196]
[103, 152]
[258, 288]
[150, 305]
[23, 95]
[26, 71]
[67, 320]
[49, 202]
[3, 121]
[51, 168]
[122, 263]
[291, 303]
[20, 134]
[95, 165]
[263, 265]
[35, 256]
[9, 72]
[25, 100]
[238, 247]
[199, 244]
[23, 156]
[235, 313]
[49, 312]
[179, 209]
[222, 298]
[190, 202]
[6, 113]
[42, 61]
[36, 125]
[53, 60]
[136, 235]
[33, 130]
[13, 116]
[292, 300]
[140, 295]
[76, 192]
[125, 126]
[60, 243]
[208, 248]
[82, 105]
[33, 38]
[138, 198]
[58, 302]
[28, 121]
[78, 114]
[258, 268]
[186, 191]
[118, 187]
[145, 285]
[228, 249]
[104, 219]
[197, 249]
