0,112 : -4.604298271173265
0,121 : -2.7218385780885788
0,443 : -1.6760266122766108
0,452 : -3.1672387334887304
0,646 : 0.11182060994561138
0,789 : -4.395338187139655
0,821 : -4.312070556077906
0,970 : -3.7818691724941687
112,115 : -4.869873043623039
112,501 : -4.893551864801861
112,612 : -4.906286825919172
112,651 : -5.596475677100671
112,652 : -4.519910506160502
112,776 : -4.6758435314685265
112,978 : -4.931627261627257
121,364 : -2.707020202020203
121,556 : -3.198299062049063
121,611 : -3.4327209595959594
333,443 : -2.3652564102564075
443,548 : -3.3355555555555547
250,452 : -3.8995238095238087
437,452 : -3.9513947163947156
452,704 : -4.0391107503607495
452,955 : -3.4075252525252515
239,646 : -2.097916666666665
94,789 : -4.711538779847599
316,789 : -5.3407497894262566
456,789 : -5.061191945309588
523,789 : -5.529577738438027
789,964 : -4.718752342428811
789,975 : -4.674001953928419
789,999 : -5.110789084281727
31,821 : -2.7096091000502724
106,821 : -4.158061032105139
119,821 : -4.941717188040714
328,821 : -3.9119312917474653
550,821 : -5.425905981273624
743,821 : -4.9917431832873
821,897 : -4.8010035389447125
821,927 : -5.371674465240638
821,966 : -5.181409521850696
160,970 : -4.278232045732042
281,970 : -3.7521151071151015
354,970 : -5.124480241980238
670,970 : -4.024998889998884
678,970 : -3.0629037629037597
970,996 : -4.123360112110109
1,72 : -3.147337662337659
1,669 : -2.890018315018314
1,716 : -2.9223809523809514
1,819 : -3.651194083694083
72,201 : -2.1327072927072894
72,283 : -3.0821817479905684
72,824 : -3.629329004329003
69,669 : -4.740446220446216
294,669 : -4.802881909756906
360,669 : -3.8760347985347963
572,669 : -3.893892773892772
669,890 : -4.199708624708619
669,960 : -4.244406288156283
669,984 : -4.349666583416581
326,716 : -3.5512932900432883
354,716 : -4.275844155844153
630,716 : -3.672579365079364
716,937 : -3.1983333333333315
86,819 : -4.921751859251857
498,819 : -4.1552455877455845
585,819 : -3.875343169901993
819,983 : -3.8575524189862413
2,7 : -3.255443869855631
2,47 : -4.212970371132134
2,246 : -4.001379462041225
2,378 : -3.697530255692019
2,712 : -3.260605652517416
2,863 : -2.9119939619204294
7,38 : -0.6691758241758237
7,86 : -3.448155178155174
7,404 : -3.0811431623931593
7,438 : -3.438543956043951
7,502 : -4.159481115289935
7,542 : -0.9560027472527453
7,817 : -4.0558114108114065
7,854 : 0.5342155067155094
47,338 : -3.739785353535353
47,351 : -4.223867105117099
47,430 : -4.38929473304473
47,787 : -3.794094794094791
198,246 : 1.418005050505056
246,422 : -4.233096764346762
246,549 : -4.084095765345762
75,378 : -3.1153968253968234
378,451 : -2.8752236652236647
378,520 : -3.8258379120879114
378,605 : -4.149928266178264
34,712 : -3.4571817071817046
712,775 : -2.457251082251082
712,848 : -2.7761111111111103
63,863 : -4.0791703925159775
94,863 : -5.394518798195264
250,863 : -3.4734531236737096
280,863 : -3.6545030459736285
292,863 : -3.255896219793275
304,863 : -3.7155361713449904
350,863 : -2.394458025634493
387,863 : -5.240467118665641
490,863 : -2.32656661149308
551,863 : -5.0894628084333915
674,863 : -3.6877119204325064
753,863 : -5.636679072561421
3,132 : -4.625717823842819
3,355 : -4.64637573211102
3,403 : -2.530680332739153
3,615 : -4.396364232173051
3,736 : -4.930724557305436
3,740 : -1.6631594508432732
3,747 : -2.554258976317797
3,801 : -4.218875732111025
3,903 : -3.5162961058549262
132,277 : -3.8148183760683767
132,314 : -5.427820096570092
132,388 : -4.21090659340659
132,425 : -5.262147435897435
132,577 : -4.177245115995112
132,710 : -4.261298076923074
132,724 : -4.173040293040291
131,355 : -4.011068775995243
141,355 : -4.228209927327572
355,513 : -3.1225171886936565
355,610 : -3.9646311858076544
355,774 : -4.675061727488192
355,839 : -4.763636657460182
355,979 : -4.716260928613865
154,403 : -3.4746969696969696
267,403 : -2.264646464646463
403,828 : -1.8436237373737356
74,615 : -3.8106662781662735
147,615 : -4.299487938532054
480,615 : -3.6856657231657195
527,615 : -4.066593684093681
575,615 : -1.4265395715395695
615,698 : -3.976692196692193
615,809 : -3.5754005022755004
615,857 : -3.0474447774447726
78,736 : -4.087050286314988
158,736 : -4.456614137496487
258,736 : -3.753747935071459
447,736 : -4.962568318119784
503,736 : -5.382457803634257
529,736 : -4.778679559819264
539,736 : -4.125100193923719
736,803 : -3.6777148423471924
736,945 : -5.031079949462298
307,740 : -0.35852156503626775
622,740 : -2.776227106227104
27,747 : -3.1183968808968796
115,747 : -2.528493173493171
254,747 : -3.458795093795093
37,801 : -4.787356087539908
91,801 : -4.498955497117258
101,801 : -3.97791394471541
326,801 : -3.731223580341225
654,801 : -3.7255889780154456
801,870 : -3.3275965537730223
801,889 : -3.221664014090482
101,903 : -3.321731046731042
351,903 : -4.424941071999893
616,903 : -3.413106199356195
767,903 : -4.49593774281274
4,122 : -2.7032134532134515
4,426 : -3.3478563103563097
4,432 : -4.511297868797868
4,542 : -2.8660705960705957
4,900 : -3.6022652347652326
4,979 : -3.629096083654905
122,289 : -2.582249000998999
122,842 : -2.728234126984126
120,426 : -3.2912377450980355
426,448 : -4.1238636363636365
426,469 : -2.782142857142856
426,761 : -3.6574999999999998
426,849 : -3.3725
82,432 : -4.703478535353532
213,432 : -5.128714826839823
272,432 : -4.975830627705626
432,519 : -4.238713300588298
432,599 : -3.900464951714948
432,829 : -4.734063852813852
542,957 : -2.487533716283715
62,900 : -3.802498122792238
181,900 : -4.15660589410589
205,900 : -4.948909215784212
377,900 : -5.24418928293928
622,900 : -4.038482004107002
645,900 : -1.8269425019424954
686,900 : -3.6030389749139715
900,911 : -4.287965090465089
55,979 : -2.296750594177063
103,979 : -4.259638400814868
117,979 : -4.452577406253875
464,979 : -4.38184980052627
522,979 : -3.9271666242254435
822,979 : -3.7811103194191356
5,27 : -3.11746101121101
5,109 : -2.5306944444444435
5,124 : -4.294035964035961
5,661 : -3.269823232323231
5,767 : -3.5563825757575724
5,897 : -3.390492424242422
27,67 : -2.8899699891611608
27,865 : -2.8534798534798513
27,870 : -2.7168296980796964
109,504 : -2.9397222222222217
109,762 : -2.8526388888888894
109,808 : -2.931325757575755
124,233 : -4.591270812520805
124,284 : -1.6311855535768487
124,450 : -3.5603563103563087
124,652 : -3.7515457459207413
124,810 : -4.521312576312573
140,661 : -3.2500592463092444
222,661 : -2.8950324675324657
661,999 : -3.3649972249972198
41,767 : -2.7649558080808077
348,767 : -2.845324569221625
455,767 : -3.426641879362463
512,767 : -3.169411976911973
767,837 : -3.511761363636361
39,897 : -3.6280912061794384
300,897 : -4.3800810300810245
504,897 : -2.778989898989898
760,897 : -4.149256854256849
858,897 : -4.017736013986013
6,365 : -4.637337662337657
6,439 : -1.3748268398268382
6,466 : -4.496986971361969
6,553 : -3.808503232878231
6,777 : -4.582901126651124
6,806 : -3.9432196969696953
6,918 : -4.72619859307359
56,365 : -1.7655411255411222
79,365 : -4.687336829836828
365,495 : -4.619672619047615
365,544 : -2.673568775995234
365,616 : -4.180874958374955
365,932 : -4.545353535353534
439,735 : -1.1153246753246744
357,466 : -4.22558608058608
466,562 : -4.205590879708522
466,593 : -3.1633713508713504
466,600 : -4.62766112971995
466,652 : -3.5495177738927692
10,553 : -3.810829958440248
28,553 : -2.910389957264956
140,553 : -3.908433025308023
425,553 : -3.7602861721611713
553,608 : -4.395222424634183
553,714 : -2.2519660894660865
553,836 : -3.709538308913305
553,839 : -4.8280453206923735
553,919 : -4.354645146520144
553,998 : -3.9836888111888085
94,777 : -5.187829535660416
305,777 : -3.2714863608613607
479,777 : -4.558010624995914
507,777 : -4.109994311244309
566,777 : -4.087093184593184
589,777 : -2.753465354090353
682,777 : -3.4219474969474954
777,930 : -4.213725579975581
321,806 : -2.290955433455431
575,806 : -3.383809523809523
676,806 : -2.4934020146520126
806,965 : -4.066253607503605
123,918 : -4.4296794871794845
157,918 : -4.4957411297852445
230,918 : -3.9289285714285698
340,918 : -4.638207070707066
348,918 : -5.416252917833799
395,918 : -4.06025613275613
418,918 : -4.629489603533718
666,918 : -5.787033864827977
38,629 : -1.3246685667273899
38,984 : -3.4933576839826825
86,330 : -4.569316516816514
86,524 : -4.145922092613264
86,629 : -4.10910589410589
86,798 : -5.037745502046969
252,404 : -2.6563690476190462
404,635 : -1.897499999999999
404,640 : -3.36095238095238
404,676 : -3.0178098290598268
404,742 : 1.3016468253968254
404,782 : -3.332214590964588
177,438 : -1.9931868131868111
337,438 : -1.9253296703296683
438,481 : -3.2033928571428554
438,544 : -2.5229753416518026
438,663 : -3.5790746753246747
438,851 : -3.531951659451658
21,502 : -4.513578382401908
279,502 : -4.717024588973113
435,502 : -3.3464423485011676
480,502 : -4.034435743994564
502,574 : -1.817531814590637
502,885 : -2.8330585101173296
502,978 : -4.388940544749365
502,993 : -3.3800282070870273
37,817 : -4.561032537723709
195,817 : -4.088917471417468
239,817 : -3.5352306027306
572,817 : -4.446219336219332
817,942 : -4.820074231324229
817,959 : -4.117952382584732
233,854 : -1.0577146464646434
8,138 : -3.9249555999555943
8,555 : -3.252242063492062
8,581 : -2.1431547619047606
8,606 : -2.8236111111111093
8,628 : -1.706607142857141
8,753 : -4.530535534726706
8,968 : -4.076430097680094
129,138 : -5.060346112221108
138,166 : -4.332780063074171
138,309 : -4.739193029193025
138,364 : -4.23507825507825
138,408 : -4.445974025974021
138,776 : -3.9174791874791834
138,786 : -2.3036119436119407
138,852 : -3.727241092241089
73,555 : -3.917824675324673
467,555 : -3.26766414141414
528,555 : -1.9000000000000006
555,599 : -2.9238598901098882
325,581 : -2.008160173160171
581,741 : -2.102266483516482
90,606 : -3.799246031746031
133,606 : -2.6125
560,606 : -3.9799242424242407
391,628 : -2.507914585414584
628,643 : -3.4183207070707056
19,753 : -5.605697986653864
40,753 : -5.0801322574484296
114,753 : -4.523418970735145
273,753 : -4.339711705777881
455,753 : -4.325844465991517
514,753 : -5.935292770954531
534,753 : -4.900620017237662
753,978 : -4.721986791802964
167,968 : -4.183493589743588
185,968 : -4.465448717948713
198,968 : -1.3414450500479806
717,968 : -3.6864228826728804
858,968 : -3.813376068376066
968,990 : -2.715517399267397
9,800 : -0.5657539682539622
9,873 : -3.0943595293595276
9,928 : -3.4248717948717933
9,958 : -3.332945665445664
136,800 : -3.137048507048503
308,800 : -4.372884615384603
361,800 : -3.621022449772444
368,800 : -2.2174695443445405
525,800 : 1.9159035409035452
529,800 : -3.706835803085799
597,800 : -4.186525488400472
609,800 : 0.2779075091575125
623,800 : -1.8960149572649547
675,800 : 1.8103479853479887
13,873 : -3.5124639249639245
215,873 : -2.962821067821066
247,873 : -3.478192640692639
374,873 : -3.4413707819957766
295,928 : -0.7980600445306327
455,928 : 0.05891887524240769
92,958 : -4.368506562881562
155,958 : -3.7527504440004416
412,958 : -2.993608544233542
481,958 : -3.4825793650793635
10,180 : -4.5529812099664975
10,435 : -4.287326031811324
10,510 : -4.570831276566567
10,546 : -4.6466436994378135
10,868 : -3.907911341109865
10,990 : -3.30273219427631
80,180 : -2.520665266106438
111,180 : -4.948607324048494
180,212 : -5.370729593119284
180,268 : -4.3823877103288815
180,387 : -5.144139239028934
180,453 : -3.6325118508942005
180,464 : -4.052434428316779
180,706 : -5.040245636716221
180,857 : -2.5915505899329396
372,435 : -4.459200244200242
396,435 : -4.206868686868686
435,953 : -3.6917132867132834
168,510 : -3.8162366799866767
501,510 : -4.7078146853146805
510,516 : -4.949374514374513
510,608 : -4.495094529653351
510,688 : -4.433167249417247
510,802 : -4.697485847485843
510,934 : -4.972552447552445
318,546 : -5.137160062160062
361,546 : -4.462743367743364
546,562 : -4.259876593994238
546,783 : -4.920776445776442
546,983 : -4.331471555405376
11,868 : -2.8260723304473263
150,868 : -3.286692906766432
349,868 : -5.691259230965105
484,868 : -4.88385946161681
708,868 : -4.580611398405513
743,868 : -3.4086716959511034
818,868 : -2.7915463539728194
861,868 : -1.8188429462694127
868,891 : -4.188422704746225
868,949 : -3.790705442433368
868,991 : 3.574308155080218
367,990 : -2.722405372405371
11,21 : -4.340861344537814
11,164 : -4.995788068141003
11,252 : -4.3531909430438835
11,934 : -4.850300806219923
11,949 : -3.9114094892036038
11,981 : -4.53615571519983
21,191 : -3.702060733384258
21,283 : -4.862013211461738
21,288 : -3.83990387063916
21,331 : -2.5407066993464014
21,370 : -3.7071381559616805
21,416 : -3.4074647737883
21,517 : -4.700554523091285
21,579 : -3.4101235039470277
21,694 : -5.09281449351302
17,164 : -3.5842385392385383
164,302 : -4.531459928959927
164,430 : -3.966568986568984
164,552 : -4.370941142191138
164,739 : -3.853220668220665
164,779 : -4.104853618603617
252,335 : -3.197956349206347
252,703 : -3.0918181818181814
173,934 : -4.554641816516817
213,934 : -5.029250333000328
283,934 : -5.038376109184929
410,934 : -4.941253538128533
436,934 : -4.790632406808874
562,934 : -4.80800399355546
702,934 : -5.065116550116547
91,949 : -4.909403203006138
376,949 : -2.602659562659559
391,949 : -4.3960415972915925
500,949 : -5.067701546819186
529,949 : -5.195487845487842
573,949 : -2.600877455877452
915,949 : -4.8238650238650225
393,981 : -3.5424895243645205
609,981 : -2.1837662337662316
672,981 : -3.8927723665223626
717,981 : -3.2409430846930816
785,981 : -3.6910041347541305
956,981 : -3.4110973748473707
12,15 : -3.7309749972249957
12,84 : -3.2908974358974348
12,318 : -4.382954545454545
12,362 : -3.542403846153844
12,620 : -4.217250249750248
12,651 : -4.533245990120987
15,199 : -3.5605859255123944
15,422 : -4.198894022644022
15,566 : -4.471340187590187
15,939 : -3.3840836940836923
84,88 : -3.603214285714284
84,309 : -3.3517210567210562
84,960 : -3.087818986568986
16,318 : -3.782922510496035
70,318 : -4.556399572649569
318,673 : -3.549072203372073
100,362 : -3.8678914141414116
162,362 : -3.590808080808077
170,362 : -4.351914841694252
344,362 : -2.6584577922077894
362,971 : -3.334835858585855
362,973 : -3.889047341547339
13,620 : -3.859152236652236
395,620 : -3.665519480519477
511,620 : -3.7700020812520787
620,690 : -3.9512049062049046
620,734 : -3.2448368298368266
82,651 : -5.519470390720389
265,651 : -5.6129183724771945
455,651 : -5.027641851612432
461,651 : -5.152789085914083
483,651 : -4.204271978021975
651,656 : -4.41913843101343
651,691 : -3.7194993894993873
13,125 : -4.522454334880802
13,157 : -2.9765896358543396
13,457 : -3.9461538461538446
13,811 : -3.8290277777777773
125,233 : -4.808905591957058
125,663 : -4.330089616266085
125,686 : -4.48244749531514
125,710 : -5.085811908679553
125,839 : -4.729160055630641
125,901 : -4.683702045503511
125,926 : -4.896914849856023
28,157 : -2.5745856676003713
83,157 : -4.578647651368234
114,157 : -3.1888131476366732
157,316 : -3.6082809714794966
157,499 : -3.374273173721699
157,590 : -5.036975283703214
157,591 : -4.185453729277257
157,792 : -2.2397239729224983
157,996 : -2.588999766573292
147,457 : -3.264366830065355
429,457 : -3.681711344211342
457,461 : -4.047371835680655
457,589 : -4.424198717948715
457,980 : -3.7234695859695837
74,811 : -3.301089188589187
240,811 : -1.5008916655240165
707,811 : -3.09205808080808
14,174 : -1.4355298133239298
14,328 : -1.5090964590964575
101,174 : -4.150975478769592
174,339 : -4.3693942821883995
174,595 : -4.39929031752561
174,607 : -3.79083793657323
174,687 : -3.158877703179171
174,822 : -3.6347706949912815
184,328 : -2.6928266178266167
281,328 : -3.2818498168498134
328,384 : -3.3566024661612843
328,392 : -3.6323738761238733
93,199 : -3.824930886107351
105,199 : -3.8312509141185584
142,199 : -1.9099503805018498
199,397 : -4.105486164162632
199,401 : -2.267896809073277
199,600 : -5.000033365327482
199,822 : -3.8867341073958683
422,506 : -3.9795235320235287
422,616 : -4.414576395826392
422,634 : -4.614130175380172
422,730 : -4.358247585747582
422,953 : -4.284010711510709
314,566 : -4.878106060606058
566,676 : -2.8043901931401916
566,692 : -3.8878952991452955
89,939 : -2.983246753246753
205,939 : -2.9306060606060536
399,939 : -3.2207467532467526
16,32 : -4.948062803209859
16,193 : -3.9396802951949943
16,247 : -3.7873250523985744
16,458 : -4.432807825344586
16,482 : -1.7077962478697735
16,559 : -4.402285178057232
16,594 : -4.316537494368375
16,773 : -3.3687839692986703
16,875 : -4.4240852040116705
32,108 : -3.8491546933458647
32,147 : -5.104151449041146
32,231 : 0.09900353731236256
32,256 : -4.170772340404687
32,308 : -5.5675348344465965
32,393 : -4.514432817998992
32,600 : -5.305294517573924
32,641 : -4.630500430941604
32,871 : -3.413635698451871
136,193 : -4.115567349317347
193,564 : -3.924054915672558
193,686 : -4.551780164280163
193,966 : -4.611074758574755
193,993 : -4.597730047730046
247,810 : -4.111663059163058
247,898 : -2.949044011544011
247,924 : -4.8904674492174465
247,947 : -3.617950937950936
175,458 : -2.6702852009101985
212,458 : -5.147549688873214
349,458 : -4.724009638237572
373,458 : -0.5646746717334951
458,601 : -1.721649461649461
458,933 : -3.8616614227275967
458,948 : -3.9189085220335182
458,998 : -3.277497751431572
123,482 : -2.3826635864135848
213,482 : -3.1883603896103887
54,559 : -4.535877357936176
224,559 : -0.5258945629533845
327,559 : -5.359184173669464
366,559 : -3.8980130816895464
456,559 : -3.338627761127759
559,662 : -3.1265759730465588
559,692 : -4.341075036075033
559,908 : -3.820792124542122
33,594 : -3.740114885114881
99,594 : -3.041565934065932
118,594 : -3.6346920726332446
208,594 : -0.8927564102564083
594,613 : -4.701709124209121
594,847 : -3.946224094532914
594,908 : -3.0257326007325975
428,773 : -4.212489177489175
635,773 : -2.4726731601731586
752,773 : -3.9759680025856468
755,773 : -3.572449217449214
773,954 : -2.3821969696969676
40,875 : -4.551521811521809
60,875 : -4.287138082505724
113,875 : -4.281846193022658
151,875 : -4.185234667293487
429,875 : -3.1248854740031162
584,875 : -4.331831403890223
722,875 : -2.9761437582025776
864,875 : -4.500515595515589
17,165 : -2.709065934065935
17,400 : -3.4579356754356736
17,626 : -2.7825330225330234
54,165 : -3.669653124653119
163,165 : -3.965314130314126
165,427 : -1.7741452991452968
165,674 : -4.628458208458205
165,706 : -4.5692250233426694
165,787 : -4.226474497724492
165,899 : -2.8930341880341857
379,400 : -2.2832531357531343
384,400 : -3.5143821864410048
396,400 : -3.5692145354645337
400,864 : -2.7326631864867115
400,964 : -3.8397283272283236
52,626 : -3.859458041958039
626,645 : -2.746548174048173
626,843 : -3.6660533216783175
626,867 : -4.10249417249417
626,907 : -4.4283152264402235
626,917 : -3.845159007659004
626,962 : -3.4237382062382
18,80 : -3.7025641025641005
18,306 : -1.3433974358974345
18,351 : -4.315531315090134
18,411 : -3.7874883449883434
18,752 : -3.973072466748934
18,915 : -4.6275777000776985
80,279 : -2.282033481224655
80,292 : -4.911231660496364
77,306 : -1.6798412698412695
196,351 : -5.174687832592239
349,351 : -5.261110482654589
351,377 : -5.486471347280169
351,591 : -5.032307316866138
351,830 : -5.307582956259423
351,836 : -5.223947066005888
74,411 : -4.418949938949937
411,446 : -4.493840603840602
411,467 : -3.8153535353535326
411,490 : -4.455404040404039
411,826 : -4.546312576312574
260,752 : -5.171866173042639
295,752 : -4.13396366297101
523,752 : -5.313190167675456
610,752 : -3.8530227941992616
622,752 : -3.948711786579431
752,764 : -3.459588450764918
250,915 : -5.285349095349093
383,915 : -4.499693084693082
495,915 : -5.041464091464089
544,915 : -2.178175419351885
19,79 : -4.03712472168354
19,147 : -4.505409121107649
19,278 : -2.6696451179539378
19,367 : -3.479198758757578
19,397 : -4.738172840231659
19,451 : -3.8733422541510727
19,619 : -3.123441738000558
19,920 : -1.779253426312247
79,380 : -4.9008674658674645
79,688 : -4.137316433566432
79,735 : -3.8613086913086887
79,929 : -4.286649600399598
147,345 : -3.8202589240824514
147,511 : -3.88632341514694
147,557 : -4.197869161067689
147,636 : -2.110542321240848
147,683 : -4.494968862836506
147,697 : -1.763651018099544
147,844 : -1.871134992458518
42,278 : -3.6099999999999994
198,278 : 1.6933901515151564
278,644 : -3.430435606060606
204,367 : -3.4704868742368733
367,405 : -4.059945054945053
367,434 : -3.2382461982461965
367,618 : -3.8296420246420246
118,397 : -3.9211323970147447
330,397 : -4.844462204462198
397,501 : -4.977914585414581
397,682 : -5.393301004551001
397,962 : -4.457929570429567
336,451 : -1.9256006493506477
368,451 : -3.565513236763233
451,548 : -3.1843506493506486
451,779 : -3.220129870129869
451,972 : -2.7300847763347758
213,619 : -4.283259379509377
359,619 : -3.71161172161172
480,619 : -3.9139704739704726
619,887 : -3.549682539682539
185,920 : -2.5940857753357722
627,920 : -2.3310958485958464
20,308 : -3.133881257631252
20,573 : -3.3873737373737365
20,783 : -2.678884448884448
20,976 : -2.2736105397870086
223,308 : -5.182534001945764
236,308 : -4.698840363068294
308,474 : -4.517291736041731
308,634 : -4.640052794427791
308,667 : -3.464213911088905
308,731 : -3.3562316849816805
308,864 : -4.562851262299787
271,573 : -1.5929292929292922
573,826 : -3.2834842934842907
323,783 : -4.0679828341593005
371,783 : -4.107787767787764
596,783 : -4.286735278610275
783,838 : -3.7417546342546295
783,976 : -3.881271212447678
333,976 : -4.866756837933304
692,976 : -4.21530810692575
787,976 : -4.396411684720503
822,976 : -4.003055498423141
866,976 : -4.133657159833625
896,976 : -3.5745009973686397
108,191 : -4.513733766233763
191,462 : -4.35727217227217
191,705 : -5.164445276945274
191,802 : -4.4026631701631675
191,945 : -5.146244588744583
169,283 : -4.580976972374029
283,322 : -4.404598179598176
283,363 : -4.167049796608618
283,369 : -4.343652360711182
283,603 : -4.445162586596407
283,983 : -4.851493477927299
102,288 : -1.7387835285629338
160,288 : -5.111174985145572
268,288 : -5.59511715408774
288,544 : -2.503830213903738
288,771 : -4.750418894830657
331,410 : -4.588935508935506
331,487 : -3.5034848484848466
331,750 : -3.6446825396825377
331,932 : -4.170541125541124
162,370 : -4.469384088134084
179,370 : -4.225885682944504
370,557 : -4.788718487394955
370,760 : -4.078767898767894
370,884 : -4.824880119880117
101,416 : -4.166544566544564
416,472 : -4.583030303030302
416,810 : -4.676111111111109
416,950 : -3.6162493388963917
416,993 : -4.587348484848482
106,517 : -4.373375395029805
130,517 : -4.241023665876605
232,517 : -4.302218610637723
517,571 : -4.388123771653181
517,709 : -2.9660633484162875
517,825 : -5.135821466115582
517,953 : -4.37939622469034
63,579 : -5.329292374292371
284,579 : -1.3569089968002896
394,579 : -4.561235676088615
576,579 : -3.9048556998556982
579,865 : -3.2468795093795073
119,694 : -5.034305347430346
326,694 : -4.137372182556002
479,694 : -4.878454188785067
539,694 : -5.032866341175161
561,694 : -5.053445859695858
652,694 : -4.984467379026198
694,901 : -5.110003093311913
694,980 : -3.482139498573317
22,143 : -3.9442346542346542
22,262 : -4.234180264180264
22,519 : -4.060345765345765
22,855 : -4.2455952380952375
22,969 : -4.766872016872017
100,143 : -4.050749805749801
143,160 : -4.1486285936285885
143,298 : -3.076620046620041
143,508 : -3.6021386946386915
143,878 : -3.0658547008546986
143,930 : -4.250345765345763
93,262 : -3.9757958707958694
262,529 : -5.017769452769452
262,658 : -4.620675990675989
262,756 : -4.028593808152628
262,851 : -4.108473193473192
69,519 : -4.376938616938613
163,519 : -4.290100455100452
345,519 : -4.234364801864798
519,543 : -3.9847011322011285
519,848 : -2.94226884226884
37,855 : -3.7324952416864146
261,855 : -3.970945165945164
371,855 : -4.189643412143409
759,855 : -4.076714743589741
855,967 : -3.3249999999999975
194,969 : -2.204118572603858
324,969 : -5.183953546453543
570,969 : -4.866654179154178
890,969 : -5.004851814851811
917,969 : -5.0668248418248405
953,969 : -4.766687479187477
23,34 : -4.527748085248085
23,237 : -4.419978077478073
23,281 : -4.299090076590072
23,388 : -3.8140358946608908
23,704 : -4.574085497835496
23,710 : -4.191388611388609
23,862 : -4.422092352092349
26,34 : -3.0784207459207407
34,273 : -4.405486596736596
34,552 : -4.129713480963478
34,618 : -4.23945804195804
189,237 : -3.488518842268842
237,754 : -3.7857721445221415
237,764 : -2.821887001887
237,812 : -3.35055583305583
237,974 : -3.7214607614607575
237,997 : -2.9905228105228083
215,281 : -1.4532738095238091
238,281 : -3.9683932733932705
281,329 : -4.049734848484847
281,556 : -3.6955384892884844
281,655 : -2.980605228105224
281,695 : -4.889747960372956
62,388 : -4.108335508445796
76,388 : -3.0649628149628105
225,388 : -0.9293055555555527
302,388 : -3.734497516372514
388,534 : -4.997260154061619
388,616 : -4.474626762126759
388,778 : 2.846488095238097
388,837 : -1.9928769841269818
41,704 : -3.0384920634920616
591,704 : -5.169045537795536
622,704 : -4.32313797313797
704,724 : -4.132413003662999
704,859 : -3.9968113014436515
78,710 : -4.33383061383061
383,710 : -4.25587662337662
389,710 : -4.16566142191142
584,710 : -5.1025091575091555
511,862 : -4.307304639804638
757,862 : -3.549408369408368
836,862 : -4.8926318126318105
862,890 : -3.7008769008768976
24,90 : -4.52613997113997
24,118 : -3.4482826487238176
24,464 : -4.800584415584414
24,516 : -4.953740148740145
24,794 : -4.212489177489175
24,950 : -3.7725913302383836
90,201 : -2.8700777000776974
90,771 : -4.958095238095236
90,957 : -3.5152504440004417
118,182 : -0.32563705901940976
118,257 : -1.966895453402801
118,417 : -2.3934019738431447
118,447 : -3.9544899096001975
118,459 : -0.2769516757752014
118,647 : 0.05477419639184644
118,787 : -3.8860139452051183
406,464 : -4.148839493839489
464,596 : -4.1977867965367945
464,948 : -4.015670995670991
69,516 : -4.569374514374511
196,516 : -4.33018390106625
202,516 : -4.4328112002376665
241,516 : -3.828471528471526
273,516 : -4.501925990675988
66,794 : -3.6799450549450543
263,794 : -3.7455429292929256
358,794 : -4.518961038961038
596,794 : -3.95802489177489
677,794 : -3.83310606060606
794,984 : -4.59423701298701
37,950 : -5.229516268045666
188,950 : -1.5398304963010816
523,950 : -5.025294925662566
556,950 : -3.8052329247549803
637,950 : -3.961167268189323
666,950 : -4.722196455505273
760,950 : -4.591647384478249
842,950 : -2.7843121094591647
931,950 : -2.145046236443292
25,219 : -3.106855366855368
25,248 : -3.74207362082362
25,405 : -3.9312062937062904
25,410 : -4.548437395937391
25,488 : -3.587504856254853
25,549 : -4.336746309246306
25,658 : -4.1605128205128175
25,853 : -3.39431235431235
158,219 : -3.154191919191918
219,799 : -3.6642857142857124
219,874 : -2.528400904650903
248,467 : -3.7589772727272717
248,471 : -3.953158369408368
248,570 : -3.771177849927848
248,850 : -4.0966496003996
57,405 : -2.058333333333332
387,405 : -3.8760578473813734
405,445 : -4.532103174603174
405,822 : -3.245290885585
195,410 : -4.194884282384279
410,493 : -4.222154610095782
410,676 : -4.062460039960036
410,698 : -4.597160617160614
33,488 : -3.674200660450657
82,488 : -4.295473623598621
139,488 : -2.101921620046618
336,488 : -2.2508799533799513
402,488 : -3.6653243978243975
488,697 : -3.3139461926961906
54,549 : -3.932403152403149
501,549 : -4.724386169386165
549,630 : -4.3110402097902085
549,677 : -4.075219502719501
549,864 : -3.73705962338315
49,658 : -4.093414918414917
276,658 : -3.220072843822842
280,658 : -4.602778471528468
393,658 : -3.2109382284382244
658,738 : -4.284706682206679
421,853 : -3.674377599524656
567,853 : -3.613838383838381
738,853 : -3.610959595959592
755,853 : -3.6633366633366604
853,869 : -3.630151515151513
26,45 : -3.0131734931734884
26,312 : -2.3025610500610463
26,314 : -4.287472111222108
26,360 : -2.718983516483512
26,530 : -2.7781093906093863
26,604 : -0.09682692307692009
26,765 : -2.5310714285714253
26,925 : 0.6658119658119683
45,354 : -4.597887945387942
45,749 : -3.8008172383172356
45,756 : -3.798402430902428
45,804 : -3.824659507159505
45,985 : -2.7033821733821712
52,312 : -4.471506271506271
115,312 : -3.2006321456321434
259,312 : -4.084040404040402
312,793 : -2.793452380952381
197,314 : -4.300292207792205
240,314 : -4.251972488296014
314,590 : -5.407442349317346
314,741 : -4.135924492174489
314,768 : -5.004030234471407
360,513 : -3.0684768009767986
360,547 : -2.7382387057387043
360,654 : -3.7279248529248514
360,965 : -3.7335796148296128
93,530 : -4.1504845154845125
220,530 : -4.819175824175821
530,531 : -3.3024442224442203
530,571 : -4.562573602867716
530,904 : -4.095117937617935
153,604 : -1.7416666666666663
556,604 : -1.8147673160173146
155,765 : -4.273307525807524
236,765 : -2.870795401493929
335,765 : -3.956071428571426
765,904 : -3.8907081807081783
130,925 : 0.351001221001224
67,106 : -5.001716873812455
67,455 : -4.801014349212867
67,461 : -5.065847624597619
67,523 : -5.161561465495284
67,554 : -2.3371601601013334
67,725 : -1.8615414732326458
67,735 : -4.216559996376165
67,770 : -4.27228208066443
67,774 : -4.862234946426119
692,865 : -2.068467088467086
135,870 : -1.8270707070707064
369,870 : -3.3810862748362736
634,870 : -2.9127059052059017
28,108 : -4.163789682539681
28,293 : -4.317325036075035
28,570 : -3.773234126984126
108,299 : -2.593308080808079
108,325 : -3.345185786435785
108,465 : -2.788519119769119
205,293 : -3.7546590909090876
253,293 : -3.1879199803464475
293,648 : -3.361670274170274
293,718 : -4.132038655788653
352,570 : -3.4667460317460304
526,570 : -4.396023767898762
570,682 : -5.247242063492061
570,703 : -4.513459595959592
570,834 : -4.37107954545454
570,879 : -4.323923576423572
29,279 : -4.579013584454756
29,477 : -4.386165501165497
29,478 : -2.7210266122766114
29,701 : -4.86272616272616
29,729 : -4.5646081696081655
29,813 : -4.0241579254079225
29,849 : -3.473109945609945
29,926 : -4.901770827211999
279,307 : -5.219216523672401
279,415 : -3.0233582675494404
279,533 : -3.005089036780208
279,541 : -3.871161297852469
279,693 : -3.8674547266458994
279,726 : -1.193646035337205
279,876 : -4.596120227811401
158,477 : -4.084931457431455
202,477 : -4.003576546003012
352,477 : -4.139696969696969
475,477 : -4.1967929292929265
477,942 : -4.25435023310023
160,478 : -3.286136363636363
453,478 : -2.8717490842490827
478,913 : -3.293333333333333
277,701 : -3.631395826395825
440,701 : -5.037169635919632
677,701 : -4.237380674880673
701,734 : -4.384317488067483
701,756 : -4.604187936246754
701,983 : -4.662444777444774
46,729 : -3.96788711288711
207,729 : -3.0996003996003965
226,729 : -4.760102120102116
321,729 : -4.623381271506269
353,729 : -5.026631424131418
383,729 : -4.55521256521256
453,729 : -3.7253386890886864
729,835 : -4.780229753906221
113,813 : -4.141426196352663
309,813 : -4.146358780108776
650,813 : -4.44174825174825
684,813 : -4.125007770007766
65,849 : -3.4216239316239294
325,849 : -3.1884974747474737
91,926 : -5.006505275769968
129,926 : -4.932439325380498
245,926 : -4.182568154884328
419,926 : -4.383959888151059
558,926 : -3.8978779145690874
608,926 : -5.114156023714842
700,926 : -4.622464300405473
836,926 : -3.929192253824604
30,126 : -2.6334054834054816
30,172 : -2.373274960333781
30,775 : -2.556980519480519
30,909 : -1.9925324675324674
96,126 : -3.2682783882783877
126,209 : -3.679999999999999
126,266 : -3.164027777777778
126,313 : -3.5086255411255403
126,737 : -2.6334054834054825
95,172 : -4.059327241386061
102,172 : -3.9753100902365537
172,205 : -5.127800434859257
172,214 : -4.385210247269066
172,475 : -2.762223332223329
172,598 : -2.113669981978803
172,612 : -4.756283973379556
172,840 : -4.173016566766563
515,775 : -2.6404653679653665
543,775 : -2.732908202908199
678,775 : -2.2174891774891767
577,909 : -0.00872863247863076
31,106 : -1.2072295841413425
31,229 : -4.160425824175822
31,571 : -4.380640535934653
31,917 : -4.374460539460538
106,445 : -3.451063527975289
106,683 : -4.672465426730129
106,779 : -2.5654782105149696
106,796 : -1.7836645380762968
106,835 : -4.492675865800864
106,847 : -4.003382414154469
106,935 : -1.8875363606981224
229,491 : -2.866522366522366
229,514 : -0.6396825396825355
229,656 : -4.200444139194137
166,571 : -3.3536925696852133
186,571 : -4.167904562757499
238,571 : -4.6469758672699815
571,693 : -4.8373080351021525
264,917 : -3.7017152292152256
266,917 : -3.471119574869574
292,917 : -5.024533456739337
523,917 : -5.3294088387103065
231,755 : -1.032741425241424
159,256 : -3.3659085359085315
256,369 : -4.63696803196803
256,441 : -5.107950937950934
256,537 : -4.394915223665222
256,582 : -4.388701576201573
276,393 : -3.028127289377286
393,407 : -3.809450965700961
393,584 : -4.189961080586077
393,872 : -3.3006963869463846
393,943 : -0.4521199633699603
159,600 : -4.624198220080571
245,600 : -4.744820538938184
503,600 : -5.328207413501527
539,600 : -4.884858278975924
600,708 : -5.003656196744426
600,905 : -3.4213900805077233
128,641 : -1.6355769230769213
140,641 : -3.282723387723384
214,641 : -4.4149401986901955
353,641 : -5.434784798534794
578,641 : -4.168793290043288
641,787 : -4.249586524586521
113,871 : -3.8752490401755066
131,871 : -4.266621989121988
210,871 : -4.573092948717947
672,871 : -4.430588994338991
33,335 : -3.3030531968031953
33,342 : -4.279476356976357
33,445 : -3.9280006105006096
33,676 : -2.9757650682650656
335,852 : -3.7504437229437206
131,342 : -4.331718975468974
250,342 : -4.3611580086580055
342,533 : -4.138653013653012
342,673 : -3.8656439649438337
342,808 : -3.367599206349204
198,445 : -0.8157811306340669
445,696 : -3.4531746031746025
445,908 : -3.999250610500611
268,676 : -3.4895337995337963
456,676 : -3.9098051948051955
676,680 : -0.9842765567765529
676,893 : -1.0600503663003633
273,392 : -4.155411671661669
273,798 : -4.5019205630970305
78,552 : -4.280748348873345
103,552 : -4.069530469530466
187,552 : -4.154410438417788
268,552 : -4.609162157287154
275,552 : -2.5473186535686514
552,825 : -4.571215936840932
92,618 : -4.296314102564102
506,618 : -3.5265151515151474
618,744 : -4.186421911421911
618,931 : -3.3257882395382383
35,54 : -3.7178438228438186
35,63 : -5.491446053946051
35,374 : -4.79250957375957
35,486 : -4.392036435786432
35,808 : -4.012653318903316
35,864 : -3.403141319464844
54,85 : -2.982202797202797
54,396 : -3.285247946497944
54,631 : -3.897728521478518
54,721 : -4.042395521145519
63,91 : -4.385687759952461
63,289 : -5.023797244422239
63,700 : -4.8540054390054355
63,942 : -5.136624902874901
374,441 : -5.094245060495054
374,511 : -4.345020188145183
374,578 : -4.258905677655676
374,644 : -4.730125291375289
374,734 : -4.3695096570096545
374,744 : -4.610418331668328
310,486 : -3.2353805916305918
371,486 : -3.742231795981794
486,548 : -3.536213924963924
486,995 : -3.850413059163058
268,808 : -3.9630495892995867
659,808 : -2.250492424242422
720,808 : -3.779756216006214
808,938 : -3.3187626262626244
446,864 : -2.927334626158153
489,864 : -1.4874335958159461
605,864 : -2.8054800509947535
706,864 : -4.371804747540038
728,864 : -1.7029208863032383
36,115 : -1.655271395271395
36,449 : -2.296998556998556
36,961 : -3.174100899100898
115,284 : -3.518026212917516
115,369 : -3.6499392274392255
115,636 : -2.8268747918747903
115,713 : -4.911631285381282
115,759 : -4.104442848817845
224,449 : -1.2625541125541107
348,449 : -3.0268216832187385
449,473 : -3.5826014263514265
449,521 : -4.056726190476188
449,826 : -3.991117771117768
37,961 : -3.985011336702508
51,961 : -4.686983016983014
267,961 : -3.3634154734154715
756,961 : -3.970971528471525
770,961 : -4.69554029304029
37,289 : -3.0090729980803457
37,564 : -3.750173858004737
37,668 : -3.7064816311139794
37,809 : -3.6537763502836977
37,922 : -5.036658353900995
289,564 : -3.087797006914651
289,650 : -3.9270621045621024
289,743 : -5.123211726998489
289,874 : -4.041786546786544
158,564 : -4.149749776367418
300,564 : -4.534973898650366
493,564 : -4.688386123680237
560,564 : -3.507207082133548
564,582 : -4.595702614379082
564,601 : -1.89539431157078
194,668 : 0.19283169934641098
668,688 : -3.6911043123543115
668,815 : -3.4581623931623917
668,941 : -4.3188461538461524
454,809 : -3.8780330780330767
522,809 : -4.746261793761794
563,809 : -3.1735420135420114
809,967 : -3.3858974358974336
74,922 : -4.77716644466644
240,922 : -4.150356751092041
514,922 : -5.272399573465734
684,922 : -4.4195462339947555
724,922 : -5.04372014015396
820,922 : -3.8747805788982204
872,922 : -3.6975023016199433
922,966 : -5.313326575385394
412,629 : -4.214295398229217
629,702 : -4.478642995076815
629,717 : -2.8338217052555246
629,755 : -4.013883518442338
629,859 : -4.2829127122877075
629,890 : -4.261428571428567
629,914 : -4.189881062564884
94,984 : -3.9101851253321804
155,984 : -3.9227597402597363
166,984 : -2.1901481198539994
39,194 : 1.7048068483803829
39,588 : -4.246776589423646
39,673 : -2.25543318307864
59,194 : 0.12236466637937826
117,194 : -1.0166310601163462
127,194 : -1.7474897847250692
142,194 : 3.2352684496875708
185,194 : -2.3157265765280366
194,209 : -0.9585358220211067
194,307 : -4.955500700280108
194,358 : -0.5673415163267987
194,421 : 1.3754837858220261
194,455 : -5.231931336637206
194,913 : 3.1398914655605856
194,962 : 0.38645101059072084
267,588 : -2.3721212121212103
304,588 : -3.290275166010458
377,588 : -2.241344280719277
185,673 : -4.2467828968772015
211,673 : -5.0729009658996835
216,673 : -4.505768285068152
284,673 : -4.30949222789855
442,673 : -4.0036254279252965
673,706 : -5.167397603462176
673,725 : -1.4940210045708713
40,159 : -3.572605727605724
40,366 : -4.7521096224037365
40,803 : -5.234835858585856
40,959 : -4.007423924115096
159,605 : -2.5917017704517655
159,638 : -4.67936341436341
159,670 : -2.7464946164946116
159,682 : -4.9296558302808275
159,689 : -3.0008165445665393
159,844 : -1.6345970695970655
159,891 : -4.323284215784204
159,965 : -2.518998362748358
349,366 : -4.040449876920461
366,674 : -4.6912539788642675
366,972 : -3.30844495373907
366,987 : -3.4848735251676413
366,989 : -3.8257699898141047
187,803 : -3.3907635705797445
556,803 : -3.7620643245643235
691,803 : -3.9291025641025628
59,959 : -3.2371899913811646
228,959 : -2.292178711811063
448,959 : -4.025171176862348
625,959 : -4.253220211161386
756,959 : -4.591078162034038
810,959 : -3.815619409185585
825,959 : -4.242851829543003
937,959 : -1.6455195090856836
41,563 : -1.0809848484848472
184,563 : -0.91134199134199
385,563 : -1.6860101010101007
509,563 : -2.385197025197023
563,731 : -2.4844677544677527
563,824 : -2.0500396825396794
563,983 : -3.975461454395273
42,119 : -0.8381355042016778
42,929 : -2.181120754245753
119,120 : -4.144952571937864
119,192 : -3.7907802491625984
119,202 : -4.2642945657283855
119,239 : -1.5783781088192823
119,448 : -3.257136809269158
119,738 : -3.805785799168147
119,796 : -2.319797800238973
94,929 : -3.7887193974326285
599,929 : -3.5586207542457524
812,929 : -3.821409007659005
845,929 : -1.3023878898878873
867,929 : -4.269503413253411
43,389 : -4.531212121212119
43,644 : -3.6347781385281364
43,791 : -3.677559246309245
43,919 : -4.436119852369853
43,940 : -3.8956089743589724
285,389 : -4.98151307026307
389,724 : -3.2316845654345645
389,751 : -3.7770962370962344
265,644 : -4.920733335292154
341,644 : -4.258138528138527
470,644 : -4.1471312021312
582,644 : -3.9509834609834558
644,702 : -4.469439449439446
77,791 : -3.3845054945054955
150,791 : -3.878044243338357
433,791 : -3.4305555555555527
625,791 : -4.102152777777775
791,810 : -3.976085858585857
791,973 : -4.152364163614163
88,919 : -3.5888308913308915
423,919 : -4.430636446886444
771,919 : -5.326864801864801
829,919 : -4.386152319902318
840,919 : -4.201008297258295
226,940 : -4.835794205794201
296,940 : -3.3848640248640254
462,940 : -4.078599178599177
499,940 : -4.2668803418803405
529,940 : -4.913662518037516
902,940 : -3.630198967698964
940,957 : -3.758328754578752
44,176 : -2.6218495475113115
44,814 : -2.2694444444444444
44,846 : -2.480555555555555
176,212 : -4.075136599511596
176,295 : -4.0955956421029915
176,524 : -4.436251122243767
176,622 : -4.485046685340801
176,666 : -5.406449624721679
176,874 : -4.470433936978051
176,999 : -4.130498969984261
200,814 : -2.6568681318681304
633,814 : -2.69845238095238
333,846 : -2.088173076923074
828,846 : -0.7731944444444437
198,354 : -1.66386103683897
265,354 : -5.353980088538909
348,354 : -4.625823306595361
354,386 : -5.2524333999333965
284,749 : -0.07422501411631055
319,749 : -3.6104797979797967
749,781 : -1.8819047619047615
749,967 : -3.2533730158730148
92,756 : -4.35184847015729
330,756 : -4.248662905721726
346,756 : -3.644046272355092
756,829 : -4.349586565395385
228,804 : -3.3211352536352536
296,804 : -3.609040404040403
327,804 : -4.67425596462361
591,804 : -4.59536796536796
804,881 : -3.236118742368739
198,985 : 3.541417748917752
222,985 : -2.569523809523808
46,368 : -4.475518648018648
46,526 : -4.502983127983127
46,706 : -4.062415999033643
46,874 : -3.6043259518259485
56,368 : -1.9149739149739133
368,412 : -3.5901806526806483
368,512 : -4.312387334887328
52,526 : -4.689070929070928
70,526 : -4.910116966366962
274,526 : -3.948336663336662
526,707 : -4.004473026973025
526,831 : -4.0819946719946705
68,706 : -4.011753426312249
117,706 : -4.722973497091142
670,706 : -3.863711092828737
706,986 : -4.725226146402614
61,874 : -2.785562076812075
565,874 : -0.2191113053613034
683,874 : -4.4866909316173995
734,874 : -4.095384199134195
156,338 : -2.1163888888888884
338,440 : -3.743863636363636
338,584 : -4.015895909645909
338,785 : -3.3809966422466413
130,430 : -3.831528263403259
430,480 : -4.545874958374954
430,607 : -4.288160173160172
430,828 : -3.4378553391053357
430,999 : -4.698007825507823
522,787 : -3.8922820235320215
569,787 : -1.6475129037629015
643,787 : -3.3821882284382245
48,198 : -0.07162655971479004
48,325 : -3.7835598633392733
48,721 : -4.025936930716343
48,798 : -4.704489750445631
48,879 : -3.619561223090633
190,198 : 2.867234848484854
198,484 : -3.6384678883208217
198,492 : 1.5613420974450416
198,505 : 3.6768939393939446
198,541 : 0.20627691752692368
198,681 : -1.5681495955025273
198,726 : 3.1102243018419533
200,325 : -3.911666389166386
325,485 : -3.878686868686866
325,834 : -4.189698773448772
55,721 : -2.526455350205348
255,721 : -3.419599289599289
447,721 : -4.747686145553789
679,721 : -4.286799866799862
720,721 : -4.058450299700297
220,798 : -5.226245543672013
592,798 : -4.096994794421261
780,798 : -3.9596333935672128
798,830 : -5.105552401030337
798,924 : -5.304725397151867
123,879 : -4.066588411588409
206,879 : -1.9571539571539556
255,879 : -3.0492084304584273
313,879 : -3.6975183150183106
349,879 : -4.275571568953918
879,880 : -2.6975507825507803
49,500 : -4.098426279602744
49,536 : -3.0815367965367955
49,576 : -3.40272727272727
49,591 : -4.502554736929733
49,719 : -2.9615873015872998
294,500 : -4.8952336389101045
500,503 : -4.973258636788044
500,515 : -3.1789962651727346
500,543 : -4.367028788205255
500,802 : -4.640840532017
500,947 : -3.640424836601305
70,536 : -3.4694576257076246
382,536 : -4.047370129870128
471,536 : -3.478809523809524
576,762 : -3.01097222222222
576,960 : -3.257461843711842
101,591 : -4.100684385059381
551,591 : -5.078946331446328
253,719 : -2.370710661887132
392,719 : -3.7115115440115436
499,719 : -3.472839729714728
50,71 : -1.3205411255411232
50,691 : -1.5150992063492053
71,212 : -4.557343685726033
71,401 : -3.328547077922078
71,503 : -4.117946375519902
71,655 : -3.5444943944943916
71,829 : -4.367440198690198
71,834 : -4.950829725829724
558,691 : -2.500394327894326
691,941 : -2.1540170940170933
51,196 : -4.2209859748094996
51,203 : -4.739833291708287
51,276 : -4.888213453213448
51,286 : -4.982232767232764
51,461 : -4.946308552558547
51,508 : -4.284126706626703
102,196 : -4.379596257500657
179,196 : -4.262615582946461
196,656 : -2.825184178566526
196,664 : -0.9464271023094515
196,727 : -1.1994757203580702
196,784 : -3.1499151420474902
196,785 : -3.4384460147695375
82,203 : -5.103698593073592
179,203 : -4.376759351759346
203,249 : -3.9262554112554087
203,296 : -3.3111544011543983
203,387 : -4.9951281724811105
203,489 : -3.070295815295812
203,634 : -4.469645077145074
203,703 : -4.570898268398267
103,276 : -4.041923631923629
208,276 : -0.8656135531135519
276,585 : -4.345771520146517
276,841 : -2.7889865689865667
276,927 : -4.572994089244085
62,286 : -4.53634475002122
120,286 : -4.484601158645272
260,286 : -4.785320512820509
282,286 : -4.252025058275056
286,537 : -4.065910894660892
77,461 : -3.495162586596407
221,461 : -4.484828729277255
233,461 : -4.928718544527363
454,461 : -3.210179722238543
461,543 : -5.0275753821342
508,515 : -2.965425685425684
508,525 : -1.3266414141414118
508,648 : -2.9130591630591605
508,876 : -4.379411421911419
52,724 : -4.157143689643686
52,840 : -4.465007908757905
52,983 : -4.348666125541123
216,724 : -4.4295054945054915
298,724 : -4.235992063492061
334,724 : -1.855109890109889
724,735 : -3.9405109473859437
130,840 : -3.852964951714947
322,840 : -3.9263819513819476
437,840 : -4.643034049284044
805,840 : -3.1310245310245284
419,983 : -4.519587177528351
612,983 : -4.631779654169354
836,983 : -4.146419413919412
53,129 : -4.519780011655008
53,135 : -2.0558974358974345
53,265 : -4.272564102564099
53,295 : -3.2843846512964117
53,774 : -3.994262820512819
53,933 : -4.356491841491838
129,240 : -4.586843254784427
129,319 : -4.202276334776332
129,409 : -4.994542748917745
129,847 : -3.8720759632524304
129,974 : -3.170303030303028
87,265 : -5.12832803226185
111,265 : -5.163334484143304
168,265 : -4.400455696264515
265,524 : -4.742331528765349
265,973 : -4.324198134381955
73,295 : -2.4923155684185043
85,295 : -1.5453005817711662
91,295 : -4.828084631871391
295,436 : -4.115891375781077
295,448 : -3.7942675461793076
295,649 : -4.28645226913609
295,892 : -3.8009191992647837
163,774 : -4.180688061938056
332,774 : -4.942517311120248
538,774 : -0.6120192307692283
681,774 : -4.635315656565652
774,973 : -4.11724664224664
207,933 : -3.907437839937839
257,933 : -3.8294443056943046
456,933 : -3.9939860139860115
755,933 : -3.627019647019643
85,253 : -2.271446135563782
85,943 : -2.4590384615384613
396,499 : -4.088746114996114
396,770 : -4.884309163059161
101,631 : -3.732551476301473
169,631 : -2.6794169311081033
560,631 : -4.565765484515481
631,751 : -3.9121778221778185
55,230 : -3.0083333333333324
197,230 : -3.6976659451659435
230,539 : -4.536278998778998
230,758 : -3.966729797979797
57,572 : -1.7560606060606045
218,572 : -4.01554924242424
442,572 : -4.4724342324342325
572,695 : -4.9334003496503485
58,103 : -2.1441829004328987
58,178 : -3.1772907647907633
58,688 : -2.3416751304251298
83,103 : -5.018288639465107
103,309 : -4.327693417693415
103,490 : -4.078282828282824
103,805 : -2.3114267676767652
116,178 : -4.2972974247974225
178,226 : -4.1445529470529445
178,321 : -2.680450382950379
178,332 : -4.056714559949851
178,992 : -3.589682400932399
537,688 : -3.265663225663226
684,688 : -4.034768842268839
688,975 : -3.712972027972028
59,614 : -4.618896520146518
59,831 : -4.48445027195027
59,923 : -3.7880235042735033
102,614 : -1.0489997665732915
137,614 : -4.804851190476188
614,748 : -4.370347985347984
614,828 : -2.381220238095237
305,831 : -4.519217171717168
391,831 : -4.231588827838826
610,831 : -4.244155844155841
831,948 : -3.695714285714282
220,923 : -4.2816666666666645
495,923 : -4.1535425685425675
537,923 : -3.2639285714285715
569,923 : -2.8138095238095233
60,240 : -4.055358905800079
60,450 : -3.0606418581418566
60,483 : -3.803848928848923
60,532 : -4.417096653346651
60,911 : -4.055835137085133
60,942 : -4.335411047286045
240,759 : -3.654884159957687
240,818 : -2.8391870221281934
240,881 : -2.1783628463040197
240,898 : -0.7891763383675117
240,995 : -2.0768170310082037
359,450 : -2.8128815628815613
75,483 : -1.9493849206349187
104,483 : 0.4840476190476204
139,483 : -1.4771626984126973
483,723 : -2.5781944444444433
483,944 : -1.2123809523809506
322,532 : -4.712378038628036
532,638 : -4.307336274836272
532,705 : -5.143708513708511
532,892 : -4.035304001553998
532,914 : -5.343196386946385
313,911 : -4.00892829392829
343,911 : -3.638935508935507
352,911 : -3.7727306027306002
892,911 : -3.90347555222555
899,911 : -3.6910173160173136
421,942 : -3.6434398567119137
584,942 : -4.610196886446885
597,942 : -4.466543040293035
904,942 : -4.7054433760683745
61,291 : -3.58443362193362
61,369 : -3.592790542790543
61,639 : -3.1456926406926398
61,992 : -3.526383338883338
66,291 : -3.5887834387834356
291,349 : -1.952568860877677
291,693 : -3.6469444444444425
369,772 : -3.089413919413918
170,639 : -4.258525592055004
206,639 : -2.5929653679653666
568,639 : -3.3850538350538324
587,639 : -3.0720779220779213
639,876 : -4.383033633033628
839,992 : -2.2336511527687968
965,992 : -3.5852508602508593
62,163 : -4.704657074951191
62,645 : -3.1267422120363286
62,687 : -3.65815006888536
62,916 : -5.074889758933873
163,932 : -4.333946608946606
163,954 : -2.8489718614718593
298,645 : -2.9836832611832595
82,687 : -5.427166918049264
177,687 : 0.5007620035193596
337,687 : 0.22737601450837186
371,687 : -4.045400073782423
418,687 : -3.447151386195498
440,687 : -2.922294731412376
521,687 : -3.144674504417152
687,703 : -3.9220550854374343
687,830 : -5.105585586798815
687,914 : -3.403887611571433
166,916 : -2.6833290361599147
348,916 : -3.8287667112299433
398,916 : -4.143346861471859
640,916 : -4.662196969696968
799,916 : -4.3195183982683965
91,105 : -3.8684601672836934
91,356 : -1.663862265185788
91,459 : -0.5274633862869109
91,479 : -4.877967094180326
91,531 : -0.776146369969895
91,680 : -0.5560456373691629
116,700 : -4.408882090132089
264,700 : -4.495161366411363
285,700 : -4.912975774225771
667,700 : -3.737081876456873
700,776 : -4.13097756410256
700,861 : -3.6246707459207452
64,123 : -2.4008959096459086
64,671 : -2.501434676434674
64,702 : -2.267137723387722
83,123 : -4.686032105149748
123,506 : -3.499245754245749
123,689 : -4.227760989010989
222,671 : -2.29705128205128
493,671 : -2.107629551820726
578,671 : -3.704058857808856
671,737 : -2.5264527139527124
110,702 : -2.4212909312909274
155,702 : -3.8249864024863998
166,702 : -3.3012850303291468
225,702 : -2.3054908979908975
65,260 : -4.856293706293701
65,292 : -4.482562094767973
65,327 : -5.1311923615600055
65,341 : -4.106227106227102
65,409 : -4.291292041292038
65,713 : -4.750276806526802
65,986 : -4.215857475857471
173,260 : -5.037657342657342
211,260 : -4.887331626706624
236,260 : -4.4312763788499
260,945 : -5.495404387279386
102,292 : -2.597515723655424
292,901 : -4.4784476797712065
95,327 : -4.978047173414815
322,327 : -4.8390507531683955
327,387 : -4.908576141995254
327,423 : -4.908684730302372
327,616 : -5.1598211347476015
182,341 : -3.3716089466089447
297,341 : -3.90404761904762
333,341 : -4.263748473748473
341,359 : -4.037326007326005
238,409 : -4.335897435897433
409,839 : -3.8382635991459466
409,953 : -4.3941375291375255
409,971 : -3.7299494949494916
205,713 : -5.094169372294367
238,713 : -4.55067557442557
406,713 : -4.563946470196466
596,713 : -4.610584415584412
713,760 : -5.068877164502158
713,993 : -4.421698232323227
181,986 : -4.376531801531796
197,986 : -4.045668914418913
420,986 : 0.5383699633699639
708,986 : -3.7882160486572207
782,986 : -3.840555278055274
66,130 : -3.137024642024638
66,357 : -3.8707201132201106
66,621 : -2.987733655233654
66,896 : -3.6835435397935377
130,551 : -4.5541712454212435
130,824 : -2.6087354312354263
130,845 : 0.4113186813186842
130,902 : -2.953525641025638
69,357 : -4.632634032634031
316,357 : -4.547947052947051
357,415 : -3.9521697746697733
357,751 : -4.0812631118881075
357,776 : -3.9864568764568746
223,621 : -1.4473906240817953
621,649 : -1.5285941835941819
168,896 : -4.60414141414141
253,896 : -3.102848107774575
642,896 : -3.781322150072147
298,455 : -3.9923449956905728
433,455 : -1.271835093011559
455,534 : -3.581818169575511
455,662 : -3.080020114689228
455,695 : -4.855196588542162
455,743 : -3.583168118646055
455,866 : -2.1198780223044893
171,523 : -4.125163847590318
479,523 : -4.175638989278687
523,584 : -5.5247670221934895
148,554 : -2.1744444444444433
214,554 : -2.987153679653678
383,554 : -2.7825330225330216
725,938 : -2.287196969696968
316,735 : -4.674123376623373
394,735 : -4.332648332060094
679,735 : -4.173779761904759
348,770 : -3.774586834733891
484,770 : -4.3297286047286025
634,770 : -4.401279137529134
68,113 : -4.085098316715962
68,236 : -2.9158125371360626
68,395 : -3.6865620490620485
68,476 : -3.773336940836939
113,183 : -4.340112648789115
113,348 : -4.559777546799601
113,705 : -5.049044093161734
113,851 : -3.804368115544584
236,361 : -4.450946451424391
236,382 : -3.3841639079874333
236,446 : -2.6528199741435
236,533 : -2.561769913093439
236,534 : -4.97291141456582
236,608 : -4.869778779227302
236,963 : -3.4304948646125077
277,395 : -2.5807647907647913
395,567 : -2.301796536796536
395,612 : -3.752573970147496
395,857 : -2.893113275613273
171,476 : -3.0147763347763337
255,476 : -3.376029942279942
340,476 : -3.245970418470416
476,878 : -3.7745021645021626
476,883 : -1.67346681096681
69,158 : -4.210601620601617
69,282 : -4.532944139194135
69,869 : -3.86628593628593
69,904 : -4.970464535464532
107,158 : -1.4599092574092558
158,666 : -4.76557125880655
211,282 : -3.4579467060717013
282,383 : -4.065599816849812
282,760 : -4.077499375624371
282,766 : -2.3097360972360947
282,914 : -4.925024766899763
116,869 : -3.663073038073036
311,869 : -2.8927020202020186
472,869 : -3.6157575757575735
82,904 : -5.039004120879118
131,904 : -3.8429788267288236
387,904 : -4.839236009088946
772,904 : -2.160293040293039
782,904 : -4.731774267399265
70,102 : -3.6947241688050454
70,543 : -4.7343738206238175
70,616 : -4.8895067432567405
70,829 : -4.676151348651343
70,886 : -4.542493339993337
102,211 : -3.5723062558356586
102,344 : 1.002547852474327
102,375 : 0.43749824929972325
102,394 : -2.3165584946099607
102,611 : -2.3736734997029028
102,771 : -2.2664965834818727
102,887 : 1.0550373482726454
359,543 : -4.161514596514593
543,599 : -3.9965695415695395
543,711 : -2.581165501165499
616,762 : -3.8655280136530097
616,769 : -2.7299938256188234
616,797 : -3.7711725774225724
616,856 : -1.3845229770229714
215,829 : -2.86087454212454
829,952 : -4.639427655677655
111,886 : -4.921109931734925
166,886 : -2.358130623461503
347,886 : -1.9807088744588734
399,886 : -3.4843100649350625
612,886 : -3.781259035082562
94,212 : -5.19591786073403
95,212 : -4.301515624897972
212,361 : -4.94254069051863
212,377 : -5.3953680020959425
212,731 : -2.660628456510805
212,907 : -4.4340154453389715
212,999 : -4.140458210090561
81,401 : -3.1374675324675314
401,962 : -3.6353607503607486
160,503 : -4.321140819964344
216,503 : -4.403911243984767
303,503 : -3.7317925293660545
503,598 : -1.3435334967320214
503,613 : -4.444255136203661
503,730 : -4.722064291917228
503,780 : -4.417823540838233
320,655 : -4.322405094905091
469,655 : -2.6764818514818502
528,655 : -0.9506485181485169
655,883 : -1.6473151848151835
162,834 : -4.23884379509379
205,834 : -4.87404491341991
638,834 : -4.853267288267284
834,843 : -5.080135281385273
201,359 : -3.343743756243752
201,495 : -4.160275557775555
201,640 : -3.1071427183927147
201,672 : -3.8985114885114838
201,741 : -2.794970862470859
201,890 : -4.014880952380949
201,930 : -3.3050593850593835
186,824 : -3.047441986118453
575,824 : -2.9877705627705624
73,557 : -3.926877411803881
73,611 : -3.843942099567097
73,635 : -3.187229437229436
74,557 : -3.9892019908196357
303,557 : -4.036682606609075
434,557 : -3.5731811652399843
437,557 : -4.639954751131217
557,999 : -5.125204501380971
133,611 : -3.5228544372294337
211,611 : -3.7703652597402533
228,611 : -3.463069499944497
611,730 : -4.262590881340879
611,995 : -3.3005708874458852
74,210 : -5.018069985569982
74,274 : -3.6851911976911955
82,210 : -5.036595418470416
151,210 : -4.779950466200463
210,221 : -3.827741441564966
210,760 : -4.395633116883111
210,964 : -4.775097125097123
131,274 : -3.8491792929292914
145,274 : -3.4125631313131306
189,274 : -3.8453409090909085
274,303 : -3.477963286713285
75,222 : -2.3614285714285694
75,790 : -3.770737595737595
179,790 : -2.691112123170942
221,790 : -1.5930269893505158
223,790 : -2.489832140898315
76,81 : -3.0674236180486156
76,225 : -1.6778808691308689
76,350 : -3.88993444055944
76,462 : -4.12749507437007
76,558 : -3.7906531662781644
76,582 : -4.235813422688418
76,852 : -3.603597860472858
81,703 : -3.386516955266954
81,758 : -3.977867965367965
81,913 : -2.704878246753246
110,225 : -2.5820548895548887
350,415 : -4.763212898212896
350,456 : -4.062456085581084
350,744 : -3.998553321678319
361,462 : -4.288139083139079
385,462 : -3.2882822732822716
462,487 : -2.590930180930178
462,656 : -3.995272505272504
558,612 : -3.4224786202359683
558,941 : -3.201932789432787
150,582 : -4.1004648782589905
582,751 : -4.125442751692748
582,807 : -2.6608119658119627
582,884 : -3.074740537240534
698,852 : -3.605955988455986
852,927 : -4.218551240426236
77,889 : -3.3446031746031735
77,982 : -3.5201037851037853
418,889 : -3.4109029124470287
792,889 : -3.5858730158730143
82,982 : -4.066260683760681
95,982 : -4.4130394605394585
356,982 : -3.863702408702407
551,982 : -4.083767551892549
754,982 : -4.1905371017871005
78,398 : -4.043484293484292
78,454 : -3.584386169386167
78,695 : -4.938530497280494
78,987 : -3.469234654234652
315,398 : -2.192950937950937
398,446 : -4.226524586524585
398,850 : -3.6630835830835817
398,957 : -3.442389693639692
454,678 : -2.989621212121212
223,695 : -5.004073108264281
423,695 : -5.256249028749023
447,695 : -5.576538294222113
695,784 : -5.092711732711727
545,987 : -3.6982142857142852
580,987 : -3.181060606060605
377,380 : -3.615987900987898
380,499 : -4.567832306582303
380,603 : -3.947261072261072
380,612 : -4.0247617823353075
380,895 : -1.6667427017426988
107,703 : -0.8306673881673872
625,703 : -4.63795135420135
667,703 : -3.6031536519036482
294,758 : -3.732142857142854
599,758 : -3.259958374958374
608,758 : -3.499350273909095
82,495 : -5.041772186147183
82,540 : -4.694347943722936
82,597 : -5.258685134310125
474,495 : -4.868235930735927
484,495 : -4.45536713286713
284,540 : -1.5961947110860057
472,540 : -4.621363636363634
540,720 : -4.288513986013982
540,902 : -4.5420229770229765
540,963 : -4.892009803921567
111,597 : -4.606875208125202
259,597 : -2.64969655344655
313,597 : -3.4266441891441857
375,597 : -2.036619352869348
428,597 : -3.80037254412254
473,597 : -3.263360805860802
597,932 : -4.242403568653565
83,140 : -4.821231003473648
83,544 : -3.7331147365706108
83,707 : -4.825336966954607
83,838 : -4.159530273647917
83,858 : -4.742059451985918
128,140 : -1.0882196969696953
140,428 : -4.376487817737814
140,776 : -4.223089549339547
170,544 : -1.5058546600458338
187,544 : -4.579132248470477
226,544 : -3.3677376626641227
242,544 : -2.729252536678998
353,544 : -3.0635797372561937
390,544 : 0.39636289364230914
441,544 : -2.98444193061839
514,544 : -5.325760334436794
544,935 : -0.16237108071666562
413,707 : -3.497727272727271
480,707 : -4.076142191142188
485,707 : -3.946098484848482
148,838 : 0.5320695970695984
226,838 : -4.482573260073257
285,838 : -3.7798168498168465
498,838 : -3.6896622821622804
527,838 : -3.970002705627702
602,838 : -3.1311141636141593
832,838 : -1.4964239926739915
381,858 : -2.5987334887334876
460,858 : -2.413771367521367
602,858 : -3.3816346153846135
681,858 : -3.7234139471639462
88,622 : -3.0244276556776546
88,967 : -3.196825396825396
309,349 : -4.276452077334428
309,353 : -4.812045732045727
309,534 : -5.311765440441906
309,880 : -3.031342546342545
162,960 : -3.3263128538128504
550,960 : -4.2137114682702865
696,960 : -2.564565018315016
859,960 : -3.261255566329093
253,263 : -3.1520089469354127
253,280 : -3.889426806853274
253,348 : -4.153824414964121
253,593 : -1.3181129817894506
330,460 : -2.139350649350648
330,545 : -3.067074314574313
330,617 : -2.9447258297258276
330,760 : -4.109913419913417
320,524 : -3.880872864880213
349,524 : -4.684409128453238
353,524 : -4.4905292501616
524,602 : -3.429045913237085
524,653 : 0.32287411118293685
524,722 : -2.421433248124422
524,876 : -4.5003174888836615
87,169 : -3.6531406257141517
87,307 : -4.779434798045082
87,320 : -4.890559036551676
87,343 : -4.276480447656912
87,675 : -1.0148620660385346
87,714 : -2.3790429831606277
87,780 : -4.118921495171489
87,924 : -5.332268050576869
169,275 : -0.6675317329729071
169,353 : -4.277632465573639
169,521 : -3.555897117588291
169,674 : -3.9814897888059617
169,714 : -0.8541618675442186
169,746 : -0.4734191788603517
169,952 : -3.6817501126324634
134,307 : -1.415491955756658
307,329 : -3.4909815356212377
307,332 : -3.195463683375443
307,527 : -3.6965973781120813
307,577 : -2.6793271834374757
307,590 : -4.373498267255615
307,632 : -2.2018757108904135
307,843 : -3.402871645511347
272,320 : -5.282860472860471
320,666 : -5.418791551585665
320,978 : -5.07035478410478
320,998 : -3.7778976578976513
134,343 : -2.359773004773004
141,343 : -3.5635703185703163
298,343 : -3.830220890220884
343,392 : -2.89985417360417
343,427 : -1.2884421134421118
343,795 : -1.7098523698523682
714,792 : -4.298984626484623
339,780 : -2.401121366378714
381,780 : -0.5983862950774681
463,780 : 1.1353637049225305
509,780 : -2.0225756473918217
545,780 : -1.333591020907194
761,780 : -1.8131148304310036
780,927 : -3.5294107852931345
105,924 : -4.987094017094014
423,924 : -5.154300976800974
562,924 : -5.101716420834065
730,924 : -4.332728660228657
768,924 : -4.790161603102778
188,622 : -3.227071123321122
699,967 : -3.6372298534798517
89,469 : -3.02642857142857
89,663 : -3.4858008658008646
89,890 : -2.786793206793205
469,533 : -3.5697496947496927
202,663 : -3.6103926465691147
473,663 : -4.155411671661671
890,912 : -3.3764693639693597
890,989 : -3.4690316627816586
479,771 : -3.8596125647228536
760,771 : -4.601024531024528
771,859 : -4.592960291342642
386,957 : -4.069332750582748
434,957 : -3.557140498390498
835,957 : -4.062923865350333
105,146 : -2.8095467032967036
105,190 : -2.7615326340326316
105,446 : -4.156597985347984
105,748 : -3.048264652014652
356,447 : -3.3806833158671354
356,456 : -3.4161247086247073
459,595 : -3.4440584415584405
221,479 : -4.74742902114225
319,479 : -1.694300621763852
479,534 : -4.564548054070102
479,636 : -1.0449516659810734
479,638 : -4.505112897723185
479,727 : 0.27422481113657926
479,761 : -1.2417311773194086
479,963 : -2.8249705564043746
531,550 : -2.1923225793814005
492,680 : -3.735594177064765
92,371 : -4.12926795426795
92,514 : -3.3670444139194093
92,842 : -4.416195054945053
111,371 : -4.8991117216117175
371,498 : -4.256024253524249
371,788 : -2.8571758796758777
223,514 : -4.977033391445152
491,514 : -2.6817541486291465
498,514 : -4.462316433566428
514,596 : -3.1779816017315974
514,643 : -2.759786255411252
514,679 : -3.4118010461760417
514,762 : -4.195496031746028
294,842 : -4.157021103896103
602,842 : -4.216654456654455
842,930 : -4.009603174603173
93,447 : -4.195349193290365
93,583 : -3.3614514652014638
93,921 : -2.545222832722831
96,447 : -3.7383011433011397
221,447 : -4.541737980157092
447,551 : -5.346207375141195
184,583 : -2.919365079365079
257,583 : -3.519771617271616
267,583 : -2.600744949494948
310,583 : -3.0531944444444443
156,921 : -2.397619047619047
642,921 : -2.842117604617602
94,202 : -4.121778360528359
94,218 : -4.201865001828232
94,220 : -4.405834475981529
94,745 : -1.9341828922711237
94,807 : -1.069600501622559
202,217 : -2.4153811874400097
202,643 : -3.4174110448375137
202,731 : -3.076307246674892
183,218 : -4.546565656565653
218,243 : -1.0197077922077895
218,584 : -4.3914366883116855
218,624 : -4.354577922077919
218,891 : -3.8893706293706245
185,220 : -4.716337759462755
220,284 : -1.5005721814417354
313,745 : -3.1825632700632673
376,745 : -3.5965709290709276
421,745 : -3.667494343891401
599,807 : -1.5180860805860779
95,574 : -3.44210234210234
95,966 : -4.917127872127868
186,574 : -1.8062151573916263
183,966 : -4.720811410811409
802,966 : -4.352252747252745
867,966 : -4.845411255411253
96,414 : -0.8570879120879104
96,647 : -2.0712404262404247
96,723 : -1.563833943833943
96,895 : -0.8518559218559187
414,505 : -1.9633333333333325
647,972 : -2.944862914862914
149,723 : -1.4958730158730162
723,872 : -2.168136863136862
723,895 : 0.5685164835164843
170,895 : -2.1795618760324627
264,895 : -4.14856532356532
377,895 : -3.709400876900874
521,895 : -3.1126419413919404
522,895 : -2.500453990453989
539,895 : -2.829468864468862
679,895 : -2.5953854478854455
872,895 : -0.07472027972027762
97,249 : -2.7713131313131303
97,538 : -1.8208333333333324
97,978 : -2.1332609057609044
117,249 : -4.66144522144522
249,498 : -3.587301864801862
249,938 : -3.0109722222222213
662,978 : -4.481764550808663
899,978 : -3.8300664613164597
98,509 : -1.6966183816183809
98,953 : -0.9034806859806855
506,509 : -2.96287379287379
509,841 : -3.3787795537795517
226,953 : -4.903018648018644
99,453 : -3.562326007326006
99,484 : -2.5261521811521774
99,935 : -4.167211538461537
139,453 : -2.7760760073260062
394,453 : -4.2773661142778785
141,484 : -3.650208125208122
345,484 : -4.064537407037404
358,484 : -4.234403929403925
484,497 : -2.3465706515706484
484,672 : -4.086882284382282
310,935 : -3.3259134615384602
100,245 : -4.045893828393826
100,624 : -4.388643578643576
100,763 : -4.179931457431456
100,786 : -2.8329004329004297
100,945 : -4.875569985569986
245,394 : -4.483610703022467
245,699 : -4.023875846375845
245,856 : -3.110184953934952
136,624 : -4.400330086580083
329,624 : -4.6518444055944
346,624 : -4.153276307026305
407,624 : -3.9875324675324637
624,901 : -4.469855977355973
152,763 : -3.0720779220779204
223,763 : -3.545304654495827
382,763 : -4.55897186147186
734,763 : -3.7147989510489494
763,797 : -4.4711688311688285
533,786 : -3.295615495615494
786,823 : -0.11183261183261173
155,945 : -4.826446053946049
384,945 : -4.595857377916197
638,945 : -4.756759351759348
101,161 : -1.6526667776667765
101,470 : -3.485046897546894
161,881 : -2.64236874236874
161,956 : -2.2923007548007535
361,470 : -4.242589910089906
390,470 : -3.148397435897433
470,605 : -4.256875763125761
470,792 : -3.8035958485958457
116,211 : -4.50458992396492
211,300 : -4.3847986041736
211,302 : -4.002156246531243
211,485 : -3.847210497835494
211,613 : -4.901336718836715
339,344 : -3.9743406593406574
375,828 : -1.3195833333333316
375,977 : -0.5097222222222217
145,394 : -3.842123440285204
264,887 : -1.7118559218559195
490,507 : -4.483130827505827
490,677 : -3.7516603535353528
805,891 : -0.6740413752913729
104,243 : -1.357142857142857
146,197 : -3.5672294372294355
146,263 : -2.642909174159172
146,334 : -3.302380952380952
190,760 : -1.9542153679653635
577,748 : -2.835326617826616
748,822 : -1.4958798391151318
349,683 : -4.629129489791249
436,683 : -5.0787614836144215
587,683 : -4.179421962841077
637,683 : -5.126506267425384
214,779 : -3.9439736652236626
623,779 : -3.989999999999999
412,796 : -3.2793128113716294
698,796 : -3.651600066600064
200,835 : -4.405848538716183
741,835 : -3.6452702689467356
812,835 : -4.283839200015666
835,851 : -4.091139677316145
835,993 : -4.455786141962609
175,847 : -2.904109860727506
200,847 : -4.506574479442124
257,847 : -3.3077851152115825
440,847 : -4.550419702846171
847,974 : -2.8215398327163026
299,319 : -3.126997655122654
299,561 : -2.7806006493506477
183,465 : -2.9354506604506585
424,465 : -0.19665404040404
465,730 : -1.5236951936951906
195,504 : -2.8116161616161595
504,512 : -3.224122474747473
323,762 : -4.08055512298159
407,762 : -3.7950820707070676
474,762 : -3.9381304112554076
762,910 : 0.03430555555555759
110,493 : -2.420355020796193
110,785 : -3.9606795981795964
110,815 : -2.9275058275058266
204,493 : -2.7167199059110803
423,493 : -4.331023935215109
493,527 : -3.9035502977414707
493,684 : -4.348380634887984
493,728 : -2.329035229476404
493,826 : -4.188015138456312
270,785 : -3.8447213897213883
361,785 : -4.026575369075367
298,815 : -1.7041666666666653
111,506 : -4.370411255411251
111,632 : -5.051426490176485
128,506 : -1.9007196969696953
506,665 : -1.928993506493504
441,632 : -5.117951562326559
577,632 : -2.763526612276609
632,884 : -4.183958333333331
632,927 : -4.778372668997666
501,963 : -4.798600713012476
501,971 : -3.6493434343434314
127,612 : -4.525062829327531
316,612 : -3.954554807937156
612,876 : -4.840833945466294
391,652 : -3.934567515817512
541,652 : -4.262124542124538
607,652 : -3.083498168498166
652,795 : -1.708260073260071
652,962 : -3.421481573981571
183,417 : -4.094522144522141
183,768 : -3.838972653163827
183,938 : -3.915059246309242
348,363 : -1.9666167492638045
348,512 : -3.0128940136660693
348,649 : -3.5836212317094636
166,705 : -4.2771651224592375
284,705 : -3.550510117901416
425,705 : -5.695534188034186
705,751 : -5.131134906759903
705,867 : -5.043256743256741
235,851 : -3.1465151515151506
114,387 : -3.5924497887733122
114,891 : -3.3136913086913014
114,927 : -4.964406426906422
137,387 : -4.928974514048041
372,387 : -3.3761417912153164
387,560 : -3.246322998896523
387,894 : -2.624470545794072
154,891 : -0.42070804195803957
244,891 : -0.14578379953379705
650,891 : -2.504396853146848
715,891 : -0.36981518481518094
839,891 : -4.783445280209971
303,927 : -4.07323572261072
418,927 : -4.487122734291849
186,284 : -2.722438973359676
213,284 : -2.3128343214756164
258,284 : -0.9227292876205848
284,333 : -2.995125502516797
284,467 : -2.025195432586728
284,550 : -3.667465753555904
284,689 : -0.7561892998305966
636,818 : -4.634953934953932
234,759 : 0.9075595238095259
684,759 : -4.237153124653121
720,759 : -4.157158674658673
734,759 : -4.565895146520143
759,963 : -3.9459259857789237
116,254 : -3.5401076701076697
116,489 : -3.605497280497279
116,692 : -4.360699300699297
144,254 : -2.007063492063491
181,254 : -4.013778998778999
254,507 : -3.499287934287935
379,489 : -2.9357467532467534
412,692 : -4.391251220185039
642,692 : -3.3818797868797854
692,722 : -2.921342268842265
117,585 : -4.608944193061837
117,877 : -4.305822649572649
187,585 : -4.850715473252236
339,585 : -4.099328808446452
364,585 : -4.597137666255309
520,585 : -4.22645604395604
585,682 : -5.631667788910432
585,859 : -4.7097232546864864
156,877 : -2.031944444444444
269,877 : -2.587242063492063
877,878 : -3.808396464646463
877,975 : -3.8669318181818175
182,323 : -1.896191390309036
171,257 : -3.9713406038406034
238,417 : -4.203731546231544
417,562 : -3.51166591578356
417,882 : -3.438285048285047
120,261 : -3.5730051566080965
120,642 : -4.3087894703335845
120,820 : -3.689575906120021
120,822 : -3.960119316957547
120,830 : -4.245523594053002
192,402 : -4.473496642246641
192,601 : -3.67692918192918
192,730 : -3.553473470973467
192,768 : -3.5332385261797006
192,839 : -3.758525641025637
239,267 : -1.9259090909090895
419,448 : -5.240010822510818
448,830 : -3.9331751092045177
207,738 : -3.751060606060606
419,738 : -4.711684704184702
738,797 : -4.218178210678207
738,952 : -4.616763791763791
261,608 : -3.151918538977359
261,764 : -3.815833333333333
162,642 : -3.6414953102453076
642,859 : -2.9665620653855926
345,820 : -3.62391414141414
384,820 : -2.7578725849314045
181,822 : -3.472636970872262
241,822 : -1.6322900955253874
578,822 : -2.5381855889208804
693,822 : -3.632741865977157
272,830 : -3.9606324557795105
302,830 : -2.6380755682226225
442,830 : -3.690374380521434
529,830 : -4.772513907660963
551,830 : -3.9224376930259233
830,905 : -2.1624656226126793
141,364 : -3.4892016317016292
364,399 : -2.0797186147186135
364,541 : -4.180305805305803
364,586 : -2.5055050505050493
364,697 : -2.743558663558662
474,556 : -4.1684505772005735
556,937 : -2.8235768398268375
415,689 : -4.825860805860805
568,689 : -4.252631396381395
233,272 : -4.55475649350649
233,590 : -5.247785964035958
233,764 : -3.1303733766233726
233,812 : -3.696355727605723
485,810 : -4.355845959595958
810,980 : -3.327193362193359
386,686 : -4.930108780108778
686,768 : -3.5490744957656704
186,839 : -4.475383211559679
562,839 : -4.469782570370802
666,839 : -4.844587912087906
799,839 : -2.8814012784600975
181,901 : -4.0797485847485815
258,901 : -3.839684829059826
419,901 : -4.415004786879784
654,901 : -3.3719081612831583
850,901 : -3.7575141525141493
209,255 : -4.082310606060605
209,319 : -4.1000631313131315
209,333 : -4.39029609279609
209,372 : -4.8469398656898655
266,340 : -3.4081764069264047
266,413 : -3.4543055555555537
266,468 : -2.6072222222222217
217,313 : -3.5724729437229423
384,737 : -1.7834714305302504
737,827 : -1.958603896103896
127,242 : -4.471509462759456
127,300 : -3.8973973248973217
127,580 : -4.261942640692636
127,649 : -3.3999311799311744
127,832 : -3.489707792207791
242,358 : -4.198527861027859
242,475 : -3.7168900543900527
242,633 : -3.859252969252969
242,684 : -4.537963286713284
242,866 : -4.012565559440558
227,300 : -4.307939976689974
300,649 : -2.9725524475524443
413,580 : -3.339393939393939
419,580 : -4.480422077922076
473,580 : -3.665195221445221
580,894 : -3.435147907647906
259,649 : -2.7056071706071663
363,649 : -2.03701229326229
649,711 : -1.3945249195249172
649,825 : -4.306603396603394
832,998 : -0.9852506521256511
216,974 : -5.114815184815181
340,974 : -3.8186435786435764
833,974 : -1.5343939393939392
302,551 : -3.4882285076035022
547,551 : -2.234674908424907
551,633 : -3.776163003662999
315,902 : -2.1253205128205117
329,902 : -4.377979936729934
893,902 : -2.779706959706959
277,373 : -3.2933333333333334
168,425 : -4.506465617715616
425,436 : -4.811828808446453
425,666 : -4.93845709437621
425,718 : -4.628380439005436
155,577 : -4.018750971250967
216,577 : -4.258354700854696
577,936 : -1.5015857753357726
133,297 : -3.064880952380952
133,627 : -2.716373626373625
133,946 : -2.14503968253968
133,951 : -0.7170238095238092
297,324 : -4.347792207792207
297,541 : -4.638992673992674
297,718 : -4.020725524475523
297,784 : -4.14739219114219
217,627 : -2.65886641136641
569,627 : -1.6178418803418797
599,627 : -3.1216025641025604
627,643 : -2.687482933732932
162,946 : -2.1777687590187567
323,946 : -1.7373641472906152
894,951 : -2.0115873015873005
134,326 : -4.31242424242424
134,964 : -3.29663392163392
326,720 : -4.040149433899432
633,964 : -3.414252969252967
708,964 : -3.574327159768334
781,964 : -0.9186180486180466
136,205 : -4.462892316017313
136,244 : -2.824502164502162
136,402 : -4.169375901875902
136,428 : -4.107978896103893
205,441 : -5.090381632256628
205,550 : -4.9270049803138
150,244 : -2.1606214863567796
402,906 : -3.9320472582972568
402,998 : -2.596532217782215
189,428 : -4.399850288600287
428,625 : -4.664071345321343
137,214 : -4.971803751803746
137,221 : -4.067760380958904
137,258 : -5.2845199938949925
137,608 : -5.151224857658676
137,768 : -4.989122225813398
214,527 : -4.877918886668883
214,637 : -4.046307720057719
221,323 : -3.8670952658452618
221,334 : -0.28369521001873643
221,429 : -1.3215259209744448
221,595 : -3.1242890606125866
221,685 : 1.2846273008037756
258,317 : -4.034948107448107
151,608 : -4.173334622893443
608,732 : -1.9381667352255567
316,768 : -4.288240191181364
384,768 : -4.863404610095779
561,768 : -4.368743437934611
751,768 : -4.255964550155723
166,232 : -1.7491268780239335
166,792 : -1.8362628384687179
166,884 : -0.8404592670401472
166,907 : -2.9347278456837254
166,908 : -2.38436876032464
377,408 : -4.617628482628478
384,408 : -4.043841893400712
391,408 : -4.59741633366633
408,603 : -4.445228105228104
408,956 : -4.218578921078919
139,518 : -0.1006944444444442
141,971 : -3.4044250194250165
660,971 : -2.4148917748917738
685,971 : -0.4597835497835485
885,971 : -2.655202020202019
142,144 : -2.210069444444444
144,793 : -1.7680555555555548
160,223 : -3.873812049878221
160,653 : -1.4630411255411233
235,298 : -1.76472222222222
298,878 : -2.962428127428125
226,878 : -4.594671994671992
332,878 : -4.539431646784584
681,930 : -4.279213286713285
185,793 : -1.9373794261294235
145,310 : -2.968750000000001
145,650 : -3.5241346153846154
145,711 : -2.9977777777777765
269,310 : -2.9540476190476186
310,491 : -3.8705303030303035
650,989 : -3.7621144133644115
197,684 : -3.61751859251859
173,263 : -3.5243191530691513
263,696 : -2.1927901265401246
263,739 : -3.8651233488733476
263,996 : -3.5450321900321873
189,345 : -3.855416666666666
241,345 : -3.241715506715506
345,690 : -3.2030456349206338
272,511 : -5.030017482517479
406,511 : -4.297698135198131
507,511 : -4.502285839160836
587,697 : -3.253436285936285
433,844 : -4.5064102564102555
674,844 : -4.557268842268839
149,195 : -0.9274494949494931
195,605 : -3.650115856365855
195,769 : -3.2350563325563315
150,353 : -5.1100983983336885
150,841 : -3.1564966242907397
150,893 : -2.45492916397328
346,841 : -3.843498168498167
151,267 : -3.8853302253302227
151,294 : -4.248841783216779
151,948 : -4.122787212787209
267,270 : -2.3771933621933616
168,294 : -4.030817099567097
294,590 : -5.647918539793534
294,760 : -4.397759740259736
290,948 : 1.0622619047619055
699,948 : -3.543396880896879
932,948 : -3.942810245310243
152,322 : -2.8706418581418562
152,596 : -3.1386498917748913
280,322 : -4.398112998112993
322,952 : -4.288215534465532
153,741 : -0.43411172161172007
664,741 : -2.1990143190143177
154,637 : -2.4966287878787874
296,637 : -3.564179292929292
637,769 : -3.7405235042735026
637,952 : -4.677938034188035
155,232 : -3.800079087579086
232,315 : -2.8559117965367946
232,698 : -3.8937833694083652
232,836 : -5.2062483349983335
332,499 : -4.3793272944375845
499,914 : -4.943229409479406
285,590 : -5.3412042124542065
321,590 : -5.176525488400474
332,590 : -3.7117565033006166
339,590 : -4.2381547619047595
590,603 : -4.670114468864467
578,996 : -4.408555194805193
660,996 : -3.9266666666666663
383,666 : -4.3391372353137
167,638 : -3.6931790431790406
487,638 : -2.312868797868794
638,690 : -3.396869519369517
638,784 : -3.735751887001884
413,670 : -3.4760309135309124
565,670 : -1.2635690698190678
670,746 : -2.387917637917637
280,682 : -5.039689893439892
305,682 : -3.6878508297258277
333,682 : -5.025285409035403
589,682 : -3.216981837606835
406,965 : -3.7873117160617107
223,372 : -3.593097278538451
223,412 : -4.691891486781189
223,589 : -3.4904416008827726
413,881 : -3.1762362637362616
881,980 : -3.5152583527583516
599,956 : -3.236754079254077
733,956 : -2.461189643689642
882,956 : -2.2923007548007535
162,837 : -3.4399116161616146
625,837 : -3.824561965811963
613,932 : -5.069144744144742
757,932 : -3.261255411255409
311,954 : -2.65095238095238
302,766 : -2.855218947718945
317,739 : -3.1872953435453417
625,739 : -4.194421620046617
739,989 : -3.968132284382283
739,999 : -4.176462148962146
167,427 : -3.6944444444444438
321,674 : -3.8944350094350066
674,797 : -4.947618770118766
812,899 : -2.9303108003107994
534,907 : -6.0497932051608485
613,907 : -5.468720238095231
734,907 : -4.183578712953711
816,908 : -1.6838141025641011
860,908 : -3.8578525641025614
167,349 : -2.9637289915966334
167,603 : -4.554548229548231
304,349 : -4.2061853628397685
349,491 : -3.8362416178592618
539,603 : -4.537728937728938
275,534 : -3.4608784801799484
271,521 : -1.9576785714285705
323,521 : -4.13166547096694
746,905 : -3.198681318681318
677,952 : -4.189743589743589
802,952 : -4.649796037296033
170,437 : -4.703419586948999
264,437 : -3.517404262404258
412,437 : -4.244629439188258
171,305 : -3.819945887445887
179,305 : -4.3431079745417955
305,321 : -3.8676401376401355
305,894 : -4.110977633477631
475,802 : -3.213243978243977
418,598 : -2.920446563240679
173,280 : -4.2783454045954015
173,385 : -3.866655011655011
173,850 : -4.133797036297036
280,936 : -3.2909791597291576
385,733 : -2.9449999999999994
535,850 : -2.710753135753134
681,850 : -4.337163392163389
304,595 : -5.472961270755385
498,595 : -4.2059670884670854
595,938 : -3.569388528138524
376,607 : -3.885335497835497
418,607 : -3.893353892839186
175,623 : -3.828068181818181
175,648 : -3.2245165945165946
303,623 : -3.5408616383616365
561,623 : -4.385422077922076
589,648 : -3.811019536019534
648,788 : -2.8130555555555548
419,999 : -5.238682151182147
550,999 : -5.198506979131977
177,269 : -2.0088614163614156
269,415 : -3.32998778998779
269,440 : -3.1857386363636357
269,947 : -2.996269841269841
226,520 : -4.841172161172157
304,321 : -3.9248598460363135
321,512 : -3.8386123598623554
321,561 : -3.6579873598623567
321,818 : -2.690233516483514
321,860 : -1.824068986568982
332,467 : -4.680012454865392
179,311 : -0.9949524495112713
179,471 : -2.9080098088186275
179,599 : -4.213389845448665
179,726 : -1.7736645707233907
346,471 : -3.86907509157509
471,931 : -3.0403769841269828
268,561 : -4.652844863469859
693,857 : -3.3029292929292917
181,743 : -5.62400218653895
672,743 : -5.116501145912907
323,843 : -4.028673671100137
323,975 : -3.627082762009229
492,938 : -3.35532605466429
799,938 : -3.1915133477633466
185,412 : -4.444114676173495
185,914 : -4.409795551670547
412,586 : -2.6745459116047323
186,381 : -2.0835726609991285
186,733 : -2.044469125645594
186,754 : -3.5539320238584917
494,733 : -1.8525
227,754 : -4.155411671661669
708,754 : -3.0326115143026877
187,200 : -4.5646196450608185
187,346 : -3.0720797829621316
187,512 : -4.469887224703395
187,718 : -3.4567819272230986
187,750 : -3.1063356374018096
187,912 : -2.715971308103657
200,204 : -4.285903540903542
200,592 : -3.580112803862799
512,827 : -1.2996185064935046
634,718 : -3.8322571872571833
407,750 : -3.617196969696967
535,750 : -2.355808080808079
609,750 : -2.5039628427128413
750,825 : -3.8551082251082214
444,912 : -0.07237762237762113
734,912 : -2.5500911588411546
861,912 : -4.040931568431566
188,383 : -2.7069042069042055
188,681 : -4.036841491841491
227,383 : -3.2651649739149713
681,867 : -4.764584304584302
189,654 : -4.122424242424242
654,906 : -3.6384108946608933
474,802 : -4.2653829503829455
560,802 : -3.616983433233429
431,730 : -1.1360271672771658
548,730 : -2.8906483793983764
617,730 : -2.2803796203796174
358,520 : -4.604422244422241
358,936 : -3.5056637806637783
407,769 : -3.8145046620046603
709,769 : -3.4476068376068376
485,656 : -4.079455960705959
664,788 : -3.0949025974025965
592,727 : -1.183972693972691
640,784 : -4.698919968919966
684,882 : -2.330049256299253
492,541 : -3.7553898389192497
492,751 : -3.6906771618903944
352,505 : -3.0505555555555555
204,481 : -3.531297313797313
204,757 : -3.4657020757020747
213,592 : -3.8697157009656955
386,592 : -3.0964368964368925
592,709 : -0.819189144189143
592,744 : -3.6391991341991305
592,795 : -1.0091891441891436
592,995 : -2.1561804861804816
227,359 : -3.616714535464534
568,640 : -3.5974329836829813
672,698 : -4.5195598845598814
672,755 : -4.135252247752244
217,361 : -2.899118659118656
634,728 : -2.819025349650347
634,906 : -3.1877329614829577
255,481 : -3.61538059163059
481,905 : -3.359070929070928
586,757 : -3.6165800865800852
441,859 : -4.066827355650883
441,880 : -4.237095682095681
550,613 : -4.7357830772168965
550,816 : -0.4531234451822672
550,941 : -4.187354214413035
206,799 : -3.085238095238094
207,812 : -2.5851304251304237
270,812 : -2.714675879675879
610,812 : -3.222017427017424
304,333 : -5.21010974727886
372,708 : -3.1298417840329584
285,485 : -4.641942640692639
485,766 : -1.8699458874458859
613,630 : -4.72804265179265
361,659 : -1.796303002553001
304,377 : -4.473045341096808
377,625 : -5.302350288600284
213,587 : -4.145351731601729
392,587 : -3.4344967532467514
587,997 : -3.1659812409812416
434,527 : -4.549610528360526
216,734 : -4.210709706959703
520,734 : -3.6294001831501808
429,467 : -3.4431041181041153
520,997 : -3.6554410866910843
227,880 : -3.854011544011543
228,513 : -3.083977966477965
228,833 : -1.7976501276501278
317,513 : -2.732380952380951
340,491 : -4.324230699855697
473,491 : -4.45626214063714
744,755 : -4.097258574758572
698,761 : -3.5274062049062023
272,867 : -4.788199300699299
337,764 : -3.2884931734931713
235,678 : -2.6268253968253967
250,382 : -4.702911255411254
382,436 : -4.556170300287944
382,825 : -4.811435231435228
788,963 : -3.8066526610644247
972,997 : -3.121805555555554
238,436 : -4.421388317564785
376,436 : -3.2187677028853483
436,876 : -4.836519950637595
507,818 : -4.245073260073258
474,898 : -3.536796536796535
241,633 : -3.899871794871794
440,866 : -4.533371212121212
665,866 : -3.4951226551226533
667,699 : -4.004670745920744
699,859 : -2.890246893629243
856,973 : -2.758574758574756
892,947 : -3.309886363636362
467,888 : -1.0144300144300127
472,498 : -4.329549339549336
498,568 : -4.247466977466974
250,264 : -3.9628624153624106
250,561 : -4.748663419913416
264,386 : -3.73811133311133
264,468 : -1.251558302808301
264,744 : -4.086001776001774
593,944 : -2.8349206349206346
507,782 : -3.6393731268731226
270,537 : -3.6424206349206343
317,937 : -2.765178571428569
259,423 : -3.3651896714396705
423,772 : -2.1356730769230747
423,861 : -3.3812286324786314
529,586 : -4.409062673437673
386,843 : -4.812392191142187
468,677 : -2.161249999999999
347,744 : -0.9089219114219101
744,826 : -4.566147741147739
497,973 : -3.8883276445776422
782,973 : -4.078533272283269
340,797 : -3.59588023088023
340,848 : -2.363896103896103
720,867 : -4.336229603729603
287,303 : -0.6275283050283033
303,336 : -2.149790209790208
373,998 : 0.5278743478743483
567,693 : -3.0241666666666664
693,892 : -4.099273989898988
406,876 : -4.6090659340659315
329,665 : -3.5118444055944034
329,708 : -3.5277458938120674
363,463 : -1.3674084249084228
363,496 : -1.9421932234432218
363,617 : -3.146074897324895
285,568 : -4.293311410811405
285,782 : -4.427243589743586
515,568 : -3.0183510933510913
568,662 : -4.510020681932442
630,782 : -3.2074099511599483
782,888 : -0.11947496947496661
782,941 : -3.386549908424904
287,883 : -1.8095238095238089
522,892 : -4.038014069264069
892,955 : -2.5052651515151494
324,407 : -4.659935064935064
324,562 : -4.371294244970714
324,625 : -4.471319097569095
324,708 : -3.58178341266576
894,941 : -3.6391147741147734
843,860 : -4.225866841491839
659,667 : -3.2074125874125854
379,998 : -0.649357794982795
442,998 : -3.3396694277944245
497,998 : -2.138239468864465
480,860 : -4.018308080808079
825,975 : -4.688572677322674
433,562 : -3.3971672608437284
708,717 : -2.221955919897093
708,955 : -0.9656049097960806
602,720 : -4.241820124320125
352,384 : -3.140271574830395
384,826 : -4.235655635214453
431,460 : -2.6177777777777775
460,496 : -2.255873015873015
545,610 : -4.026875901875901
434,617 : -3.9533297258297244
487,994 : -1.929199134199134
715,797 : -2.595844155844153
715,848 : -2.353751803751803
497,690 : -3.561540404040402
660,690 : -3.6160317460317453
391,456 : -4.397577838827837
456,662 : -3.5018000137117755
660,751 : -3.0804638417138404
547,677 : -2.0391071428571417
496,931 : -2.2498412698412684
399,906 : -3.3345274170274157
662,972 : -3.8992853061970685
535,989 : -2.9522655122655106
431,828 : -0.9579166666666655
828,944 : -0.7204166666666657
406,826 : -4.478107448107443
390,728 : -3.546666666666666
390,988 : -1.306249999999999
910,988 : -1.1875
391,548 : -3.87677822177822
406,567 : -2.6185159285159276
472,906 : -3.5124639249639236
406,418 : -4.285579902124014
472,630 : -3.9556944444444433
494,859 : 0.7485778926955403
859,885 : -2.0100548634372144
442,679 : -4.0501128038628025
442,732 : -2.0592490842490827
679,732 : -2.265643939393937
931,994 : -1.241031746031745
722,885 : -4.236136363636363
0,78,650 : nan
0,144,679 : nan
1,72,963 : nan
1,82,658 : nan
1,654,975 : nan
2,541,603 : nan
4,17,118 : nan
4,30,237 : nan
4,35,597 : nan
4,123,824 : nan
5,22,774 : nan
6,92,764 : nan
6,170,638 : nan
6,254,692 : nan
6,442,894 : nan
9,349,929 : nan
11,120,832 : nan
11,367,399 : nan
13,556,670 : nan
13,748,936 : nan
13,780,906 : nan
13,818,862 : nan
14,62,534 : nan
16,194,683 : nan
17,593,930 : nan
17,611,881 : nan
18,159,956 : nan
19,540,997 : nan
23,307,378 : nan
25,29,589 : nan
25,74,988 : nan
25,769,827 : nan
26,102,886 : nan
26,127,282 : nan
26,730,843 : nan
26,840,992 : nan
27,58,440 : nan
28,345,951 : nan
30,31,110 : nan
30,67,490 : nan
30,132,806 : nan
30,210,426 : nan
30,404,931 : nan
30,429,628 : nan
31,170,529 : nan
31,254,934 : nan
31,379,662 : nan
32,123,646 : nan
33,60,887 : nan
34,388,798 : nan
34,415,713 : nan
34,542,955 : nan
34,894,897 : nan
35,851,906 : nan
36,95,889 : nan
37,187,947 : nan
37,401,954 : nan
38,734,779 : nan
39,318,397 : nan
39,629,812 : nan
40,84,905 : nan
40,116,793 : nan
40,133,253 : nan
40,245,555 : nan
42,417,735 : nan
43,211,704 : nan
43,360,719 : nan
43,438,907 : nan
46,281,285 : nan
47,98,592 : nan
47,123,626 : nan
47,152,628 : nan
47,202,475 : nan
48,459,682 : nan
49,336,414 : nan
49,374,806 : nan
49,420,899 : nan
49,442,702 : nan
49,729,735 : nan
50,136,318 : nan
51,146,616 : nan
51,292,483 : nan
52,286,436 : nan
52,371,627 : nan
52,753,944 : nan
53,658,709 : nan
55,204,920 : nan
56,633,697 : nan
58,188,570 : nan
58,225,372 : nan
59,94,493 : nan
59,334,802 : nan
60,779,870 : nan
61,74,909 : nan
61,77,809 : nan
61,360,764 : nan
61,387,940 : nan
61,404,773 : nan
61,694,717 : nan
63,256,430 : nan
63,473,879 : nan
64,862,904 : nan
65,95,821 : nan
65,139,151 : nan
66,312,522 : nan
67,193,825 : nan
67,369,996 : nan
68,439,627 : nan
68,552,668 : nan
69,216,595 : nan
69,430,658 : nan
70,185,580 : nan
70,277,745 : nan
70,394,909 : nan
70,529,817 : nan
71,358,389 : nan
72,233,741 : nan
73,291,384 : nan
73,342,794 : nan
75,153,600 : nan
75,832,901 : nan
78,425,555 : nan
78,777,830 : nan
78,850,994 : nan
79,326,769 : nan
82,135,230 : nan
82,766,804 : nan
83,213,438 : nan
84,507,558 : nan
85,198,437 : nan
86,131,811 : nan
88,406,765 : nan
88,564,827 : nan
89,559,833 : nan
91,158,514 : nan
91,344,867 : nan
92,159,982 : nan
93,118,304 : nan
94,711,914 : nan
94,726,829 : nan
95,261,946 : nan
95,942,948 : nan
96,318,758 : nan
97,133,344 : nan
97,229,511 : nan
97,294,371 : nan
98,283,506 : nan
98,317,651 : nan
99,318,865 : nan
99,596,663 : nan
99,647,881 : nan
100,167,840 : nan
102,400,998 : nan
102,793,943 : nan
103,138,734 : nan
105,381,773 : nan
106,666,726 : nan
107,439,807 : nan
108,306,884 : nan
108,316,473 : nan
110,354,910 : nan
111,770,981 : nan
112,268,610 : nan
114,195,272 : nan
114,427,927 : nan
114,855,935 : nan
115,361,924 : nan
116,217,463 : nan
116,670,770 : nan
117,525,544 : nan
118,391,410 : nan
119,334,718 : nan
120,346,563 : nan
121,830,996 : nan
122,356,444 : nan
122,713,998 : nan
123,332,799 : nan
124,128,244 : nan
124,212,308 : nan
124,251,650 : nan
126,509,936 : nan
127,367,863 : nan
128,189,981 : nan
130,206,805 : nan
131,193,410 : nan
131,735,804 : nan
134,567,815 : nan
135,386,959 : nan
137,413,460 : nan
138,303,500 : nan
139,611,891 : nan
141,677,815 : nan
144,311,430 : nan
144,819,944 : nan
150,289,793 : nan
151,219,603 : nan
153,582,925 : nan
154,200,426 : nan
154,406,696 : nan
156,273,523 : nan
157,248,970 : nan
157,409,490 : nan
159,372,490 : nan
159,493,878 : nan
160,172,466 : nan
160,197,207 : nan
160,445,929 : nan
163,417,857 : nan
164,335,726 : nan
164,560,738 : nan
165,379,636 : nan
166,351,703 : nan
167,562,571 : nan
168,203,221 : nan
169,706,875 : nan
170,229,616 : nan
171,340,875 : nan
171,737,738 : nan
171,877,998 : nan
172,407,575 : nan
172,492,590 : nan
174,883,919 : nan
175,505,516 : nan
176,200,237 : nan
177,674,853 : nan
178,265,973 : nan
178,488,750 : nan
179,355,555 : nan
179,487,897 : nan
185,337,469 : nan
185,375,730 : nan
187,660,984 : nan
188,226,365 : nan
189,859,979 : nan
194,433,922 : nan
195,210,357 : nan
195,525,758 : nan
195,831,973 : nan
196,242,617 : nan
196,743,832 : nan
197,470,588 : nan
198,245,863 : nan
199,308,670 : nan
199,425,468 : nan
199,612,671 : nan
201,551,888 : nan
202,232,362 : nan
203,554,608 : nan
205,210,410 : nan
205,495,627 : nan
206,419,472 : nan
207,225,717 : nan
208,484,780 : nan
208,714,759 : nan
211,300,710 : nan
216,422,745 : nan
218,290,619 : nan
218,785,924 : nan
219,260,756 : nan
220,340,524 : nan
222,848,931 : nan
222,882,891 : nan
223,398,677 : nan
224,649,946 : nan
226,421,660 : nan
228,487,682 : nan
231,240,521 : nan
231,402,415 : nan
233,688,697 : nan
234,347,850 : nan
235,365,570 : nan
235,695,848 : nan
236,904,956 : nan
239,435,659 : nan
248,550,792 : nan
248,714,961 : nan
249,280,977 : nan
251,470,619 : nan
253,267,743 : nan
253,886,926 : nan
254,275,871 : nan
255,358,906 : nan
255,848,940 : nan
261,670,818 : nan
265,373,792 : nan
265,563,963 : nan
266,467,995 : nan
269,729,768 : nan
270,376,715 : nan
272,378,642 : nan
272,436,660 : nan
272,443,746 : nan
272,475,671 : nan
274,558,853 : nan
275,391,704 : nan
275,467,805 : nan
276,297,554 : nan
279,490,518 : nan
281,368,956 : nan
281,635,921 : nan
282,951,954 : nan
285,425,447 : nan
286,322,422 : nan
286,405,418 : nan
286,687,778 : nan
288,526,966 : nan
290,633,735 : nan
293,590,703 : nan
295,451,788 : nan
296,332,852 : nan
296,381,439 : nan
297,968,981 : nan
298,453,877 : nan
298,486,599 : nan
299,707,967 : nan
300,364,926 : nan
300,368,945 : nan
302,343,369 : nan
302,823,944 : nan
303,346,858 : nan
305,728,768 : nan
309,480,889 : nan
310,332,750 : nan
310,685,891 : nan
310,816,998 : nan
311,521,985 : nan
311,595,839 : nan
312,549,785 : nan
313,398,663 : nan
313,517,903 : nan
314,664,935 : nan
316,331,889 : nan
316,543,774 : nan
320,561,571 : nan
321,627,987 : nan
324,506,846 : nan
325,565,715 : nan
331,862,893 : nan
336,500,805 : nan
337,477,754 : nan
339,403,684 : nan
339,648,715 : nan
340,586,674 : nan
341,648,692 : nan
341,851,899 : nan
346,594,803 : nan
346,653,719 : nan
350,589,970 : nan
355,514,550 : nan
355,541,789 : nan
358,514,769 : nan
359,637,878 : nan
361,475,963 : nan
363,541,930 : nan
364,590,612 : nan
364,710,797 : nan
366,438,474 : nan
366,911,919 : nan
367,386,439 : nan
368,506,964 : nan
370,463,589 : nan
371,554,637 : nan
371,781,970 : nan
372,561,810 : nan
372,591,674 : nan
374,522,918 : nan
374,571,685 : nan
376,435,923 : nan
383,562,709 : nan
384,473,755 : nan
384,515,815 : nan
386,817,965 : nan
387,419,795 : nan
387,529,698 : nan
389,545,868 : nan
389,789,938 : nan
391,807,865 : nan
392,692,915 : nan
394,395,434 : nan
396,785,870 : nan
398,544,743 : nan
400,436,674 : nan
404,767,778 : nan
405,433,633 : nan
407,539,741 : nan
409,605,833 : nan
409,647,925 : nan
411,549,988 : nan
413,477,691 : nan
413,602,716 : nan
415,634,704 : nan
415,680,973 : nan
417,465,504 : nan
419,440,739 : nan
421,529,974 : nan
423,673,895 : nan
423,700,931 : nan
425,479,550 : nan
430,678,740 : nan
435,924,966 : nan
436,604,780 : nan
436,707,920 : nan
436,758,981 : nan
442,568,781 : nan
445,560,827 : nan
445,738,806 : nan
446,505,692 : nan
446,659,824 : nan
450,604,775 : nan
451,473,986 : nan
451,723,931 : nan
451,904,929 : nan
453,738,750 : nan
454,721,770 : nan
458,566,904 : nan
459,468,670 : nan
468,632,718 : nan
468,819,826 : nan
469,775,913 : nan
472,660,847 : nan
476,621,743 : nan
478,567,725 : nan
479,491,864 : nan
479,543,751 : nan
479,571,626 : nan
480,791,796 : nan
483,803,943 : nan
489,523,783 : nan
489,874,995 : nan
491,566,841 : nan
495,553,833 : nan
496,810,814 : nan
499,590,994 : nan
499,882,954 : nan
506,704,899 : nan
511,568,611 : nan
516,529,915 : nan
518,556,997 : nan
521,620,851 : nan
522,848,917 : nan
525,532,603 : nan
528,584,853 : nan
529,623,965 : nan
531,542,751 : nan
537,654,704 : nan
540,677,768 : nan
542,566,711 : nan
543,717,764 : nan
546,575,684 : nan
551,727,788 : nan
552,613,623 : nan
554,653,682 : nan
555,858,865 : nan
556,653,833 : nan
567,589,885 : nan
574,799,951 : nan
575,896,975 : nan
584,732,884 : nan
605,910,973 : nan
606,616,688 : nan
619,790,813 : nan
620,703,961 : nan
620,726,974 : nan
624,879,974 : nan
627,662,727 : nan
637,912,914 : nan
637,925,954 : nan
638,751,880 : nan
644,909,935 : nan
659,713,752 : nan
660,832,902 : nan
660,833,897 : nan
672,718,981 : nan
672,934,938 : nan
673,892,942 : nan
683,956,982 : nan
695,859,887 : nan
707,892,978 : nan
718,747,768 : nan
725,846,852 : nan
740,809,823 : nan
752,792,864 : nan
758,833,891 : nan
764,851,998 : nan
764,853,933 : nan
790,792,880 : nan
791,883,894 : nan
816,863,979 : nan
855,930,975 : nan
859,937,977 : nan
882,913,936 : nan
903,955,970 : nan
912,937,961 : nan
950,968,999 : nan
