[1, 26, 183]
[1, 87, 151]
[1, 204, 253]
[2, 380, 389]
[3, 10, 77]
[4, 68, 318]
[4, 204, 230]
[6, 22, 323]
[6, 72, 331]
[7, 47, 255]
[8, 147, 199]
[10, 198, 356]
[11, 323, 340]
[13, 40, 165]
[13, 148, 194]
[14, 43, 235]
[14, 50, 82]
[14, 57, 152]
[14, 94, 242]
[14, 173, 381]
[14, 217, 341]
[14, 237, 257]
[17, 146, 201]
[19, 43, 189]
[19, 262, 356]
[21, 167, 345]
[22, 23, 255]
[23, 25, 238]
[24, 26, 170]
[24, 312, 365]
[26, 200, 304]
[26, 310, 391]
[27, 82, 304]
[27, 181, 340]
[30, 84, 265]
[30, 301, 304]
[31, 75, 360]
[32, 193, 216]
[33, 125, 143]
[36, 161, 264]
[38, 170, 327]
[39, 259, 340]
[40, 165, 209]
[41, 81, 181]
[41, 102, 230]
[42, 93, 263]
[45, 146, 308]
[45, 190, 271]
[48, 53, 210]
[50, 64, 399]
[50, 70, 396]
[50, 120, 213]
[51, 110, 111]
[53, 69, 181]
[53, 307, 371]
[54, 287, 292]
[55, 58, 153]
[55, 243, 351]
[58, 68, 302]
[58, 81, 114]
[58, 173, 243]
[60, 167, 398]
[62, 175, 342]
[63, 113, 267]
[65, 170, 309]
[65, 338, 344]
[66, 148, 225]
[69, 236, 271]
[69, 336, 344]
[70, 105, 199]
[70, 121, 316]
[70, 212, 379]
[71, 78, 143]
[72, 264, 309]
[76, 192, 303]
[79, 149, 257]
[79, 157, 209]
[79, 288, 306]
[79, 318, 329]
[81, 87, 145]
[81, 139, 160]
[84, 120, 323]
[86, 110, 180]
[87, 187, 342]
[88, 120, 167]
[88, 272, 325]
[89, 203, 338]
[90, 192, 324]
[91, 118, 293]
[91, 125, 149]
[92, 105, 174]
[92, 139, 162]
[95, 198, 208]
[96, 222, 376]
[97, 152, 375]
[97, 298, 321]
[99, 190, 385]
[100, 211, 273]
[100, 227, 284]
[101, 130, 268]
[101, 274, 356]
[105, 126, 127]
[108, 268, 375]
[110, 259, 329]
[113, 162, 344]
[113, 166, 274]
[121, 151, 170]
[122, 221, 297]
[126, 222, 301]
[127, 159, 172]
[131, 249, 322]
[135, 260, 267]
[139, 243, 256]
[141, 259, 291]
[142, 234, 363]
[142, 334, 366]
[145, 156, 395]
[147, 170, 381]
[147, 221, 245]
[147, 371, 385]
[151, 225, 364]
[151, 313, 362]
[152, 179, 200]
[155, 187, 219]
[156, 166, 193]
[159, 163, 197]
[161, 259, 331]
[162, 370, 371]
[164, 193, 245]
[165, 261, 281]
[166, 309, 311]
[169, 336, 382]
[170, 227, 278]
[173, 180, 280]
[173, 203, 356]
[174, 263, 337]
[177, 197, 283]
[180, 377, 391]
[182, 264, 397]
[184, 315, 349]
[185, 348, 388]
[187, 262, 340]
[195, 287, 395]
[196, 214, 363]
[204, 214, 359]
[204, 280, 377]
[205, 227, 316]
[205, 253, 381]
[206, 277, 292]
[211, 368, 396]
[214, 266, 319]
[217, 224, 332]
[218, 278, 339]
[221, 309, 350]
[223, 230, 317]
[228, 304, 360]
[232, 290, 398]
[234, 359, 361]
[238, 270, 312]
[247, 289, 342]
[247, 307, 374]
[249, 279, 371]
[250, 268, 390]
[255, 281, 303]
[255, 310, 317]
[256, 320, 324]
[256, 335, 356]
[265, 348, 396]
[270, 302, 362]
[276, 351, 361]
[280, 308, 354]
[291, 368, 396]
[319, 358, 390]
[334, 386, 394]
[349, 368, 369]
