1	904
1	900
1	1157
1	1191
1	1256
1	954
2	961
2	1092
2	1351
2	1095
2	972
2	1103
2	1105
2	1362
2	1022
2	1044
2	1364
2	1109
2	1086
2	1114
2	1248
2	1002
2	945
2	1013
2	1211
2	1084
2	958
2	1087
2	1088
2	1188
2	1042
2	931
2	1242
3	1090
3	1282
3	1093
3	967
3	1095
3	970
3	1163
3	1173
3	1166
3	1168
3	1365
3	1042
3	1364
3	981
3	1237
3	1175
3	920
3	1113
3	984
3	1179
3	1239
3	1309
3	1048
3	1369
3	924
3	1189
3	1317
3	1066
3	1012
3	1342
3	959
4	1093
4	1350
4	1160
4	1354
4	1037
4	919
4	1051
4	1373
4	1121
4	1251
4	1126
4	999
4	1319
4	1195
4	1006
4	1011
4	1152
5	1353
5	1247
5	1363
6	1155
6	1312
6	1033
6	1193
6	1041
6	1363
6	918
6	1276
6	1344
7	978
7	1363
7	1045
7	934
7	1309
7	953
7	1341
8	941
8	1144
9	1375
9	992
10	1348
10	1125
11	1189
11	1111
11	905
11	907
11	912
12	1347
12	1284
12	1333
12	1338
12	969
12	970
12	992
13	965
13	901
13	918
13	1101
13	1023
14	1201
14	1363
14	1237
15	1101
15	958
16	930
16	1093
16	934
16	1349
16	1165
16	1360
16	944
16	1009
16	1363
16	922
16	1339
16	1341
16	923
17	1090
17	905
17	1353
17	1359
17	912
17	1363
17	1044
17	981
17	1046
17	1368
17	922
17	923
17	988
17	1246
17	1376
17	1186
17	1315
17	932
17	934
17	1257
17	942
17	1267
17	1338
17	1342
17	1023
18	902
18	905
18	912
18	913
18	922
18	923
18	1186
18	934
18	936
18	1332
18	1339
18	1341
18	958
18	1090
18	1353
18	1356
18	1357
18	1363
18	1108
18	981
18	1368
18	1371
18	1246
18	992
18	1376
18	997
18	1257
18	1003
18	1008
18	1009
18	1011
18	1273
18	1276
18	1023
18	1024
19	1090
19	964
19	934
19	1179
19	925
19	1067
19	1004
19	981
19	1110
19	923
19	1341
19	1342
20	1068
20	1012
20	1350
20	1295
21	1336
21	1144
22	1350
23	932
23	1350
23	1160
23	1226
23	1162
23	1362
23	1363
23	1373
23	1243
23	1276
23	1181
23	959
24	1193
24	970
24	1226
24	1339
24	1006
24	1360
24	1009
24	1363
24	949
24	987
24	1084
24	1214
24	1057
25	1060
25	1349
25	1225
25	1099
25	1003
25	1276
25	913
25	1077
25	1206
25	1015
25	1242
25	1340
25	992
25	1350
26	901
26	1350
26	1094
26	970
26	1100
26	909
26	917
26	1175
26	1241
26	1373
26	926
26	1311
26	995
26	1317
26	1254
26	937
26	1133
26	1198
26	1071
26	1086
26	959
27	1356
27	1041
27	1042
27	1363
27	1175
27	1051
27	987
27	1374
27	1124
27	934
27	1002
27	1004
27	1262
27	1006
27	1008
27	1333
27	1077
27	1143
27	1147
27	956
28	904
28	905
28	1166
28	911
28	913
28	1042
28	1048
28	927
28	1057
28	1187
28	934
28	1193
28	1069
28	944
28	950
28	1341
28	1342
28	959
28	1344
28	962
28	1347
28	966
28	968
28	969
28	970
28	1363
28	984
28	1370
28	999
28	1002
28	1004
28	1006
28	1147
28	1022
29	1377
29	1124
29	1225
29	981
29	1179
29	1309
29	1350
30	964
30	998
30	952
30	970
30	923
30	959
31	901
31	905
31	925
31	1356
31	1053
31	912
31	1363
31	1054
31	1339
31	1341
31	1374
32	1315
32	934
32	1257
32	912
32	1107
32	1342
32	1246
32	1120
34	1344
35	1181
35	934
35	1016
35	1033
35	1341
35	1177
36	1090
36	1348
36	997
36	934
36	903
36	1350
36	1160
36	1126
36	1363
36	1341
36	1376
37	916
37	1102
37	934
38	1347
38	1284
38	1093
38	932
38	1257
38	1197
38	1135
38	1363
38	1107
38	951
38	1144
38	1338
38	1181
38	1086
39	1002
39	954
40	1350
40	918
40	1303
41	1363
42	961
42	1344
42	1033
42	1040
42	1041
42	1330
42	1150
42	1240
42	1084
42	1152
42	1312
43	1229
44	963
44	901
44	1350
44	903
44	904
44	1097
44	970
44	1354
44	1290
44	1230
44	1039
44	1360
44	1294
44	1043
44	1365
44	1243
44	923
44	1373
44	1118
44	1124
44	1317
44	1191
44	1002
44	1004
44	949
44	952
45	1283
45	1333
45	1191
45	904
45	1047
45	971
45	974
46	1367
46	1176
47	1284
47	1164
47	1165
47	1295
47	1042
47	1044
47	1172
47	920
47	1308
47	1186
47	1187
47	1314
47	931
47	934
47	936
47	1066
47	945
47	1330
47	949
47	1077
47	1339
47	1084
47	962
47	1350
47	969
47	1097
47	1363
47	1106
47	981
47	1107
47	1370
47	987
47	1381
47	1126
47	1004
47	1262
47	1135
47	1011
47	1012
47	1141
47	909
47	1362
48	927
49	1107
49	1036
49	1357
50	907
51	977
51	1044
51	1119
52	1250
52	1191
52	1320
52	974
52	1360
52	1235
52	1044
52	1209
52	955
52	1249
53	1157
53	1163
53	1041
53	1044
53	920
53	1305
53	1180
53	1312
53	1058
53	1187
53	1061
53	1327
53	1334
53	1212
53	958
53	1215
53	1090
53	1223
53	969
53	1106
53	979
53	981
53	1240
53	1243
53	988
53	1375
53	992
53	994
53	1125
53	1254
53	1003
53	1005
53	1276
53	1280
53	936
54	1186
54	1093
54	934
54	1064
54	1194
54	1357
54	1363
54	920
54	1211
55	934
56	1282
56	1381
56	1191
56	904
56	1226
56	970
56	1293
56	974
56	1295
56	1039
56	1362
56	1235
56	1305
56	1146
57	1069
57	925
57	1221
57	1375
58	994
58	966
58	1128
58	970
58	909
58	1325
58	941
58	1276
58	1042
58	1235
58	950
58	1146
58	923
58	954
58	1215
59	1282
59	936
59	1353
59	954
59	1084
60	1027
60	1284
60	1037
60	1233
60	1042
60	1171
60	1301
60	1046
60	1336
60	1337
60	1373
60	1333
61	1066
61	1171
61	1014
62	1057
62	1149
62	964
62	1285
62	936
62	1243
62	1373
63	994
63	950
63	926
63	992
64	1160
65	1350
65	918
65	936
66	1267
66	1252
67	1282
67	1283
67	1027
67	1030
67	1033
67	1038
67	1041
67	1042
67	1043
67	1044
67	1301
67	1046
67	1305
67	1052
67	1053
67	1317
67	1324
67	1074
67	1077
67	1078
67	1080
67	1338
67	1341
67	1343
67	1345
67	1095
67	1102
67	1360
67	1361
67	1108
67	1111
67	1114
67	1115
67	1118
67	1377
67	1132
67	1137
67	1140
67	1146
67	1147
67	1153
67	1155
67	902
67	905
67	1163
67	1168
67	1169
67	1171
67	923
67	925
67	1181
67	1186
67	934
67	1191
67	936
67	938
67	1199
67	944
67	1203
67	950
67	951
67	955
67	1216
67	1217
67	963
67	965
67	1222
67	1225
67	1226
67	974
67	975
67	1233
67	978
67	1235
67	980
67	983
67	1243
67	988
67	992
67	1249
67	994
67	993
67	1251
67	1000
67	1002
67	1258
67	1262
67	1006
67	1265
67	1012
67	1014
67	1270
67	1023
67	1350
67	1135
67	1333
68	1058
68	1155
68	995
68	997
68	1356
68	912
68	1360
68	1045
68	1370
68	957
68	926
68	934
69	985
69	1104
70	970
70	1045
70	1023
70	1359
71	1060
71	934
71	1034
71	971
71	1296
71	979
71	1337
71	923
71	1023
71	1350
72	936
72	1164
72	1168
72	1011
72	949
72	1238
72	1247
72	1363
73	1025
73	1091
73	964
73	901
73	903
73	1031
73	1230
73	913
73	1363
73	917
73	923
73	1373
73	1118
73	1379
73	998
73	1002
73	1135
73	945
73	1202
73	946
73	1140
73	952
73	1146
73	1149
73	959
74	1284
74	903
74	1351
74	1037
74	975
74	1039
74	1233
74	1042
74	1171
74	917
74	918
74	983
74	1046
74	1373
74	992
74	928
74	1002
74	1202
74	1012
74	1333
74	1337
74	1338
74	1303
75	902
75	912
75	1047
75	922
75	1371
75	923
75	1376
75	934
75	1257
75	1003
75	1006
75	1009
75	1011
75	1339
75	1084
75	1341
76	923
76	940
76	1054
76	1303
77	1233
77	1337
78	1282
78	1221
78	934
78	999
78	1222
78	1339
78	1262
78	1011
78	1110
78	987
78	956
78	1309
78	1086
78	1152
79	955
79	981
79	1091
80	1330
80	1344
81	1251
82	901
82	1350
82	1127
82	1381
82	1295
82	1265
82	1339
82	1341
82	959
82	923
83	930
83	1284
83	1350
83	1353
83	1295
83	1296
83	988
83	1023
83	992
84	932
84	981
84	1350
84	1353
84	1002
84	923
85	1356
85	997
85	1023
86	1276
86	1252
87	1350
87	1127
87	1158
87	1287
87	1131
87	1042
87	987
87	1374
87	1375
87	1152
88	1073
88	1351
89	1099
90	1284
90	1093
90	1349
90	1351
90	969
90	1226
90	973
90	1104
90	981
90	1302
90	1303
90	1111
90	1113
90	987
90	926
90	1187
90	996
90	932
90	1128
90	1005
90	1262
90	1338
90	1277
90	1022
90	959
91	1283
91	934
91	1003
91	926
91	912
92	1057
92	900
92	902
93	1282
93	903
93	1179
93	1354
93	1323
93	1233
93	945
93	1202
93	1108
93	1114
93	923
93	1149
93	1050
94	1058
94	1362
94	1042
94	1189
94	1152
94	1007
94	1360
95	901
95	1288
95	1265
95	1202
95	1171
95	1111
95	1144
95	1276
95	992
96	903
97	1187
97	1349
97	939
97	1356
97	1363
97	981
97	1339
97	1021
97	1056
98	1051
98	901
98	919
98	1161
98	1339
98	1356
99	1218
99	966
99	970
99	973
99	1294
99	911
99	1042
99	979
99	1303
99	920
99	1239
99	1112
99	987
99	1316
99	1125
99	1004
99	1273
99	1147
99	1084
99	1344
100	1282
100	1026
100	1284
100	1286
100	1038
100	1042
100	1053
100	1058
100	1061
100	1318
100	1077
100	1339
100	1084
100	1341
100	1083
100	1342
100	1090
100	1093
100	1349
100	1355
100	1356
100	1102
100	1360
100	1104
100	1363
100	1110
100	1368
100	1114
100	1371
100	1373
100	1375
100	1120
100	1121
100	1132
100	1137
100	1147
100	1149
100	1150
100	1157
100	1158
100	1160
100	905
100	904
100	909
100	911
100	1168
100	914
100	918
100	1175
100	920
100	923
100	1179
100	1182
100	1187
100	932
100	934
100	936
100	1193
100	1195
100	942
100	1198
100	1201
100	947
100	1207
100	1209
100	1215
100	963
100	1221
100	969
100	1234
100	981
100	1237
100	982
100	987
100	988
100	992
100	999
100	1003
100	1004
100	1262
100	1265
100	1010
100	1012
100	1269
100	1270
100	1249
100	1135
101	912
102	1282
102	1158
102	1127
102	1287
102	1065
102	1355
102	1167
102	1008
102	1329
102	1363
102	1339
102	1373
102	1086
102	1375
103	955
103	1026
103	998
103	1191
103	904
103	1138
103	1363
103	979
103	1366
103	1051
103	988
103	1023
103	1056
104	1098
104	1347
104	1284
104	1056
105	929
105	1090
105	963
105	998
105	903
105	904
105	1191
105	970
105	1163
105	1004
105	1143
105	952
105	954
105	923
106	921
106	923
106	1309
106	903
107	1023
108	1002
108	932
109	1284
109	970
109	1357
109	920
109	1051
109	1243
109	1117
109	992
109	934
109	1321
109	1002
109	1004
109	1325
109	1012
109	1273
109	1339
109	1022
109	959
110	1121
110	1010
110	981
110	1127
110	1355
110	988
110	1341
111	1090
112	1333
112	934
112	1160
112	1353
112	1051
112	1213
112	1023
113	923
114	1313
114	1004
115	947
116	1142
117	1025
117	930
117	996
117	969
117	920
117	1111
117	927
117	928
117	1303
118	930
118	996
118	935
118	1160
118	970
118	1106
118	1303
118	1047
118	987
118	1023
118	992
119	1233
119	1234
119	1363
120	1356
120	997
120	1021
120	1087
121	1121
122	970
122	975
122	1202
122	984
122	1333
122	1111
122	1144
122	923
122	1020
122	959
123	1025
123	1351
123	1097
123	1266
123	1044
123	1045
123	1023
123	1082
123	927
123	903
123	1127
123	959
123	923
123	952
124	901
124	1350
124	1353
124	1356
124	1102
124	918
124	1303
124	1110
124	1111
124	923
124	1052
124	925
124	1054
124	1121
124	1186
124	997
124	934
124	1317
124	1132
124	1262
124	945
124	1012
124	1333
124	1077
124	1078
124	1338
125	1089
125	1093
125	1349
125	1095
125	1352
125	1159
125	970
125	1356
125	909
125	1042
125	1237
125	923
125	1058
125	1059
125	932
125	997
125	1125
125	1068
125	1325
125	1262
125	1135
125	944
125	1260
125	1012
125	1077
125	1076
125	1147
125	1152
125	1013
125	920
126	1249
126	1041
126	987
126	939
126	1292
127	1202
127	1381
127	1295
128	929
128	995
128	964
128	938
128	1132
128	1357
128	1010
128	1205
128	1079
128	1211
128	926
128	927
129	929
129	1284
129	1221
129	1030
129	938
129	1262
129	1041
129	1044
129	1012
129	1077
129	1014
129	1276
129	925
129	1278
129	960
130	1305
130	934
131	1354
131	1096
132	1363
132	1212
132	1240
132	1162
132	1276
132	1165
132	1005
133	930
133	967
133	1258
133	918
133	1303
133	921
133	1180
133	1375
133	992
134	1218
134	1096
134	1004
134	1339
134	908
134	972
134	913
134	1363
134	916
134	1368
134	921
134	1083
135	961
135	996
135	901
135	934
135	1030
135	936
135	1006
135	1044
135	949
135	918
135	1339
135	1084
135	1054
135	1023
136	1309
137	1155
137	1191
137	904
137	1354
137	974
137	1265
137	1138
137	1050
138	1057
138	1282
138	1340
138	1225
138	1003
138	1036
138	1276
138	1350
139	1268
139	1021
140	994
140	1202
140	1331
140	901
140	1373
141	1314
141	1160
141	1353
141	954
141	1023
142	1202
142	1171
142	901
142	1128
142	1339
142	1164
142	923
143	954
143	1314
144	1236
145	1097
145	1363
145	1171
145	1303
145	1113
145	1181
145	927
145	1121
145	996
145	1189
145	1262
145	1076
145	1208
145	1084
145	959
145	1369
145	923
146	1379
146	1349
146	1350
146	903
146	1317
146	1002
146	971
146	1208
146	1338
146	1084
146	1056
146	923
146	1369
147	1023
148	1249
148	993
148	1187
148	1351
148	1096
148	1225
148	1034
148	1293
148	975
148	1047
148	1240
148	1273
148	1243
148	1084
148	1350
149	1283
149	1124
149	1093
149	997
149	1191
149	904
149	1160
149	1226
149	1290
149	1356
149	1299
150	1121
150	934
150	1127
150	1078
150	1354
150	923
150	1102
151	934
152	1363
153	1071
154	923
155	1333
156	1202
156	1171
156	997
156	983
156	1023
157	1045
157	1047
157	1288
157	921
157	1357
157	1023
157	992
158	1340
158	1356
158	1350
158	1003
158	1036
158	989
158	926
159	1042
159	1100
159	901
159	918
160	1252
161	1100
162	1202
162	901
163	1186
163	1156
163	934
164	1031
164	1287
164	1033
164	1038
164	1039
164	1296
164	1297
164	1040
164	1305
164	1317
164	1073
164	1075
164	1078
164	1084
164	1342
164	1088
164	1089
164	1090
164	1349
164	1095
164	1096
164	1356
164	1104
164	1363
164	1366
164	1367
164	1113
164	1118
164	1375
164	1126
164	1135
164	1137
164	1142
164	1144
164	1149
164	1156
164	1162
164	1165
164	913
164	1175
164	1181
164	1186
164	932
164	1191
164	936
164	935
164	938
164	947
164	1203
164	950
164	952
164	953
164	1210
164	1209
164	957
164	1215
164	1218
164	1221
164	1222
164	1223
164	969
164	1220
164	974
164	1237
164	981
164	983
164	984
164	1238
164	982
164	987
164	997
164	1262
164	1265
164	1011
164	1012
164	1004
164	1249
164	923
164	964
164	1091
164	1243
164	966
164	934
165	1350
166	1057
166	1153
166	1156
166	1093
166	936
166	938
166	1355
166	913
166	1010
166	1245
166	1373
167	1003
167	1340
167	1070
168	1314
168	1156
168	1349
168	934
168	1033
168	1040
168	1363
168	1108
168	1236
168	950
168	1142
168	1341
168	1150
169	1026
169	901
169	934
169	1158
169	1356
169	1102
169	1053
169	976
169	948
169	949
169	918
169	1150
169	1339
169	925
169	1054
170	1282
170	1349
170	1222
170	1356
170	1101
170	1360
170	1298
170	1043
170	1049
170	1370
170	923
170	1054
170	1375
170	1182
170	997
170	1126
170	1318
170	1192
170	1005
170	1070
170	949
170	1084
170	1023
170	901
171	921
171	1193
171	1002
171	923
171	911
172	1026
172	902
172	905
172	908
172	1276
172	919
172	920
172	921
172	1051
172	1315
172	1194
172	949
172	953
172	1210
172	1339
172	954
172	1083
172	1093
172	1350
172	966
172	1353
172	1363
172	1236
172	1368
172	1240
172	1243
172	1373
172	1246
172	1249
172	1256
172	1012
172	1273
172	1148
173	1351
173	1101
173	911
173	975
173	980
173	917
173	920
173	921
173	991
173	992
173	1063
173	1010
173	947
173	1273
173	1083
173	1276
173	901
173	1143
173	1243
174	961
174	901
174	1093
174	967
174	905
174	1163
174	1100
174	1038
174	1168
174	1042
174	1363
174	1108
174	981
174	1110
174	1175
174	920
174	1234
174	1179
174	1058
174	932
174	934
174	1127
174	1126
174	1006
174	1201
174	947
174	1205
174	1078
174	1147
174	1150
175	1057
175	1379
175	901
175	1160
175	1163
175	940
175	1233
175	981
175	1173
175	1337
175	1084
175	1213
175	1023
176	1282
176	901
176	1353
176	906
176	1356
176	1244
176	1171
176	1012
176	1140
176	951
176	1336
176	1339
176	988
176	1023
177	1233
177	1171
177	1182
178	1121
178	1093
178	997
178	925
178	1355
178	1356
178	1101
179	1182
180	901
180	1350
180	1356
180	976
180	1296
180	1042
180	1043
180	1298
180	923
180	927
180	997
180	936
180	1006
180	949
180	951
180	1339
180	1084
180	959
181	901
181	984
181	1003
181	940
181	1054
181	911
182	1321
182	1322
182	1003
182	940
182	1070
182	951
182	984
182	1337
183	1163
183	1284
183	934
183	1244
184	1345
184	1346
184	1283
184	1226
184	906
184	1356
184	974
184	1213
184	1366
184	1367
184	920
184	919
184	1176
184	1051
184	925
184	1380
184	1002
184	1324
184	946
184	1012
184	1014
184	1079
184	1084
184	1149
185	1153
185	1284
185	1093
185	1156
185	1351
185	1037
185	1102
185	1277
185	983
185	1055
185	1119
185	1121
185	1061
185	934
185	1128
185	941
185	1073
185	1333
185	1338
185	1213
186	907
186	1357
186	1171
186	1045
186	1336
186	1339
186	1373
186	959
186	992
187	1378
187	901
187	1381
187	1101
187	1295
187	1171
187	1333
187	991
188	1363
189	1380
189	1367
190	1002
191	1282
191	1156
191	1093
191	1030
191	903
191	970
191	979
191	1367
191	920
191	1373
191	1375
191	1058
191	996
191	1188
191	944
191	1278
192	903
192	1006
192	1168
192	927
192	1208
192	959
192	923
192	1369
193	910
193	934
193	959
193	1208
193	923
193	1369
194	996
194	1288
194	1353
194	1194
194	1355
194	976
194	981
194	918
194	1367
194	987
194	1373
194	1375
194	1184
195	1089
195	963
195	1160
195	969
195	909
195	1358
195	1041
195	1042
195	1363
195	1106
195	1045
195	1374
195	1120
195	929
195	1188
195	1192
195	1004
195	1012
195	1211
195	1213
195	1152
195	901
196	1122
196	901
196	1318
196	999
196	1243
196	1356
196	1294
196	1135
196	1042
196	1363
196	1147
196	1182
197	901
197	966
197	1032
197	1163
197	1101
197	1167
197	1361
197	1042
197	979
197	1302
197	1303
197	984
197	1313
197	1379
197	1145
197	1088
197	1031
197	1114
198	1230
199	1211
199	1054
200	913
200	999
200	1020
200	953
200	908
200	1086
201	901
201	1318
201	1101
201	1295
201	949
201	951
201	1339
201	1021
201	991
202	1058
202	901
202	934
202	1002
202	1131
202	906
202	1044
202	992
203	925
204	906
204	1356
204	936
205	1121
205	1222
205	1132
205	1233
205	1171
205	1110
205	1014
205	1213
205	1054
206	904
206	905
206	908
206	1165
206	1166
206	913
206	1175
206	921
206	922
206	926
206	1057
206	1059
206	934
206	936
206	1064
206	939
206	1074
206	953
206	1339
206	1083
206	1351
206	1096
206	969
206	975
206	1363
206	981
206	1368
206	1240
206	986
206	1372
206	1379
206	1257
206	1004
206	1273
206	1276
206	1013
206	980
206	920
207	901
207	1353
207	1356
207	908
207	1339
207	1363
207	1368
207	921
207	1246
207	997
207	936
207	1320
207	939
207	951
207	953
207	1083
207	1276
207	1086
208	964
208	908
208	972
208	1086
208	921
208	1368
208	953
208	922
208	1083
208	1020
208	1246
209	1083
210	1121
210	1364
211	1083
211	1373
211	1223
212	1101
213	1161
213	1339
213	1371
214	1083
215	941
215	918
215	992
216	901
217	1090
217	934
217	968
217	1033
217	1354
217	1363
217	1370
217	1246
217	992
218	1083
219	1356
219	901
219	996
220	1315
220	901
220	1351
220	1243
220	1339
220	1363
220	1043
220	1368
220	1083
220	1120
220	992
221	1057
221	1380
221	934
221	1127
221	1158
221	1163
221	1356
221	1361
221	1363
221	1367
221	923
221	988
222	1182
223	992
223	1372
223	1375
223	1368
224	903
224	1067
224	1068
224	1166
224	1360
224	1329
224	1363
224	1339
224	925
224	923
225	909
225	1293
225	1038
225	1168
225	1042
225	921
225	1180
225	1181
225	936
225	1195
225	1070
225	945
225	1077
225	950
225	951
225	952
225	1338
225	958
225	960
225	961
225	962
225	963
225	964
225	1093
225	1349
225	1094
225	1354
225	973
225	981
225	1114
225	1243
225	1373
225	993
225	1004
225	1017
225	1023
225	934
226	1057
226	901
226	1128
226	1035
226	941
226	1075
226	917
226	951
226	1339
226	1181
226	1182
226	959
227	1092
227	901
227	960
227	1053
227	1054
227	992
228	1282
228	901
228	903
228	1160
228	1037
228	1298
228	1044
228	918
228	1047
228	919
228	1305
228	1179
228	1309
228	1056
228	1058
228	1187
228	932
228	1195
228	949
228	1206
228	1338
228	1084
228	958
228	1344
228	962
228	1093
228	1349
228	1351
228	1221
228	1222
228	1355
228	1360
228	1234
228	981
228	982
228	1239
228	1113
228	1242
228	1243
228	988
228	1373
228	1118
228	1375
228	1116
228	993
228	998
228	1126
228	1128
228	1261
228	1262
228	1006
228	1147
229	1237
229	981
229	1286
229	954
229	1005
229	1342
230	901
230	951
230	953
230	1083
230	1101
231	1121
231	1154
231	901
231	999
231	1354
231	1002
231	1135
231	1043
231	1140
231	1333
231	1238
231	1204
231	1339
231	1152
232	920
232	1213
232	918
232	936
232	1243
232	1373
232	1360
233	901
233	1095
233	1226
233	1356
233	1101
233	1295
233	1104
233	1039
233	1042
233	1364
233	1176
233	987
233	1380
233	1002
233	1077
233	1273
233	1339
234	1373
234	1238
234	912
235	1349
235	1066
235	1356
235	945
235	1171
235	983
235	1368
235	1023
236	1329
237	961
238	1309
239	1101
239	1295
240	1360
241	1350
242	993
242	1154
242	1155
242	965
242	1353
242	1354
242	909
242	945
242	1012
242	1373
242	1023
243	1197
243	1054
243	1143
244	905
245	973
246	1354
246	973
246	1360
247	1339
247	901
247	1182
247	1373
248	1054
249	1154
249	999
249	1354
249	1021
249	1360
250	1031
250	1032
251	1156
251	973
251	903
252	1161
252	901
253	1366
254	1057
254	952
255	1339
256	1187
256	1021
257	1057
258	923
258	1333
258	1083
259	1057
259	1079
259	1097
259	1065
259	1339
260	1243
260	964
261	1233
261	1350
262	901
262	1128
262	949
262	1032
262	1339
263	992
264	901
264	1350
264	1349
264	1351
264	905
264	1360
264	1364
264	981
264	918
264	1303
264	1113
264	923
264	1179
264	925
264	1373
264	992
264	936
264	1004
264	940
264	1262
264	949
264	1333
264	951
265	1189
265	1319
265	1004
265	909
265	1006
265	945
265	1012
265	1241
265	923
265	1086
266	1314
267	1132
267	1252
267	1023
267	1004
268	901
268	1160
268	937
268	1100
268	1262
268	1043
268	1110
268	992
268	1375
268	1056
269	1345
269	1347
269	901
269	949
269	1101
269	1295
270	1361
270	1318
271	1243
271	992
271	1286
271	1264
271	981
272	997
272	918
272	937
272	939
272	1052
273	1057
273	1058
273	1060
273	901
273	1002
273	1355
273	971
273	1102
273	1296
273	1010
273	985
273	1052
273	1056
274	963
274	931
274	1093
274	969
274	1163
274	1262
274	1233
274	1042
274	1333
274	1046
274	983
274	1049
274	1338
274	1147
274	1376
275	963
275	1356
275	1339
275	1360
275	1361
275	1042
275	1232
275	981
275	1237
275	920
275	987
275	932
275	997
275	934
275	1002
275	942
275	1011
275	1012
275	1203
275	1147
276	929
276	994
276	963
276	1283
276	998
276	1004
276	909
276	1235
276	1177
277	1154
277	1155
277	1284
277	1093
277	1349
277	903
277	1354
277	1276
277	1046
277	1243
277	988
277	1373
277	925
277	1244
277	992
277	930
277	1254
277	999
277	1195
277	1325
277	945
277	1010
277	1012
277	1333
277	951
277	1084
278	1035
278	1360
278	1362
278	1303
278	920
278	1113
278	1370
278	991
278	1121
278	995
278	934
278	936
278	937
278	1000
278	1133
278	949
279	1339
280	905
281	1121
281	1378
281	901
281	968
281	1101
281	1171
281	1333
281	991
282	961
282	1347
282	1284
282	969
282	1226
282	970
282	1360
282	1233
282	1171
282	979
282	1046
282	1117
282	1055
282	1379
282	1002
282	1130
282	1327
282	1136
282	1333
282	1141
282	1144
282	1337
282	1020
282	1336
282	1280
283	1362
283	1091
283	937
283	960
283	1023
283	1360
284	1282
284	1064
284	1240
284	1005
284	1344
285	968
285	969
285	911
285	1360
285	1277
285	925
285	1181
285	1374
285	1187
285	1188
285	1125
285	931
285	1065
285	1321
285	1204
285	949
285	1080
285	1081
285	1021
285	1215
286	901
287	1090
287	1158
287	970
287	908
287	909
287	972
287	1363
287	981
287	923
287	1053
287	1375
287	992
287	934
287	998
287	1127
287	1194
287	1004
287	1198
287	1339
287	1341
288	1356
288	1101
289	1054
290	1031
290	1032
290	1037
290	1038
290	1042
290	1047
290	1305
290	1052
290	1054
290	1056
290	1057
290	1312
290	1316
290	1317
290	1318
290	1064
290	1074
290	1083
290	1090
290	1348
290	1349
290	1350
290	1351
290	1096
290	1101
290	1102
290	1363
290	1107
290	1114
290	1377
290	1134
290	1137
290	1139
290	911
290	1168
290	912
290	917
290	923
290	1180
290	925
290	929
290	1185
290	1192
290	940
290	942
290	943
290	1210
290	959
290	978
290	982
290	984
290	985
290	986
290	988
290	989
290	991
290	996
290	1001
290	1258
290	1004
290	1261
290	1012
290	1270
290	1018
290	1019
290	1023
290	1373
290	901
290	980
290	1135
291	1057
291	1091
291	903
291	1053
291	1363
291	948
291	1368
291	1273
291	923
291	1341
292	1226
292	1104
293	996
294	1077
294	942
294	984
295	1219
295	997
295	903
295	983
295	1374
296	1195
296	1260
296	997
297	1154
297	1353
297	1354
297	1195
297	1198
297	1008
297	945
297	1303
297	985
297	954
297	1373
297	990
297	1375
297	992
298	1091
298	1284
298	1349
298	903
298	1160
298	1351
298	976
298	914
298	918
298	923
298	992
298	929
298	1187
298	1320
298	1262
298	1276
299	996
299	998
299	1001
299	1323
299	1293
299	1362
299	1337
299	959
300	901
300	1158
300	1061
300	1354
300	1018
300	1012
300	1110
300	951
300	1146
300	1373
300	926
300	992
301	1362
301	1083
301	1223
302	1369
302	1299
303	1101
303	991
304	1090
304	1363
304	1298
304	934
304	1341
304	1113
304	1005
305	1075
305	1303
306	1282
306	1349
306	970
306	1233
306	981
306	1045
306	1056
306	931
306	996
306	934
306	999
306	936
306	1003
306	1074
306	1340
306	959
307	901
307	991
307	1101
308	1202
308	1146
308	1303
308	1002
308	1131
309	1012
309	925
310	1360
311	901
311	1093
311	965
311	1356
311	1101
311	1231
311	949
311	918
311	1077
311	1146
311	1339
311	925
311	1152
312	1155
312	901
312	1318
312	1353
312	1006
312	1167
312	1169
312	1043
313	901
313	997
313	1318
313	1356
313	1296
313	1074
313	1171
313	1045
313	1339
313	926
314	1363
314	996
314	1044
314	981
314	1030
314	1244
314	992
315	1353
316	1284
316	996
316	934
316	1353
316	1225
316	1163
316	1074
316	1171
316	1045
316	1375
316	992
316	1350
317	945
317	1074
317	997
317	1045
317	1356
317	1296
318	997
318	1070
319	964
319	901
319	1093
319	903
319	1356
319	976
319	1042
319	1363
319	981
319	918
319	920
319	1113
319	984
319	923
319	1243
319	994
319	1187
319	932
319	997
319	934
319	936
319	937
319	1002
319	1004
319	940
319	1005
319	1012
319	949
319	1149
319	959
320	1113
320	1351
321	1282
321	994
321	1284
321	1186
321	1254
321	903
321	1033
321	1005
321	1303
321	1367
321	1273
321	1240
321	1375
321	992
322	1170
322	1363
322	1348
322	1044
322	1350
322	1373
322	1215
323	929
323	937
323	1290
323	1004
323	909
323	1104
323	1233
323	1360
323	959
323	1334
323	1335
323	1081
323	923
323	927
323	1120
323	1097
323	936
323	1373
323	1363
323	987
323	1207
324	1248
325	1153
325	1090
325	1096
325	1358
325	1230
325	1231
325	1233
325	979
325	916
325	923
325	1117
325	1055
325	1376
325	992
325	934
325	1004
325	1325
325	1267
325	1337
325	1338
325	1342
325	959
326	1187
326	937
326	977
326	1012
326	1114
326	926
326	1375
326	992
327	1283
327	904
327	1033
327	909
327	1050
327	923
327	1179
327	1186
327	931
327	932
327	1188
327	934
327	1060
327	1207
327	1084
327	1341
327	1342
327	959
327	1344
327	1090
327	1349
327	1094
327	971
327	1358
327	976
327	1234
327	981
327	1240
327	1379
327	1251
327	1125
327	1004
327	1262
327	1008
327	1012
328	923
329	947
329	901
329	951
329	1339
329	1070
329	1167
330	1350
330	1222
330	1099
330	1356
330	1296
330	1297
330	1043
330	1110
330	1366
330	1051
330	1052
330	925
330	992
330	996
330	934
330	1202
330	1142
330	1149
331	901
331	997
331	1163
331	1292
331	1356
331	1293
331	1006
331	947
332	1025
332	1282
332	1218
332	1348
332	1093
332	1350
332	964
332	1366
332	1111
332	1243
332	925
332	1374
332	934
332	1259
332	1262
332	1265
332	947
332	1079
332	1273
332	1147
332	956
332	903
332	1271
332	979
332	952
333	1347
333	1284
333	1379
333	969
333	1226
333	1002
333	1055
333	1280
334	996
334	901
334	1000
334	1044
334	949
334	1146
334	1021
334	959
335	1284
335	901
335	903
335	973
335	948
335	1273
335	923
335	1054
336	961
336	1042
336	990
336	1116
336	1101
336	1005
337	1314
337	1211
337	903
338	1284
338	968
338	1102
338	1233
338	1171
338	1110
338	1111
338	1373
338	1183
338	927
338	1185
338	1378
338	1001
338	1003
338	1269
338	1338
339	964
339	1062
339	911
339	1042
339	947
339	918
339	1373
339	1309
339	1374
340	1349
340	934
340	1030
340	912
340	1075
340	1044
340	981
340	992
340	988
340	1056
341	1003
341	1356
341	1023
342	963
342	1284
342	1351
342	1097
342	1164
342	1262
342	1365
342	1368
342	1278
343	901
343	909
343	1166
343	911
343	1042
343	1363
343	981
343	918
343	1239
343	920
343	919
343	1114
343	1051
343	924
343	1373
343	1188
343	936
343	1004
343	1006
343	947
343	950
343	1083
343	1342
343	1216
344	1265
344	934
344	951
344	937
344	1049
344	1052
344	1296
345	949
345	901
345	1101
346	901
346	902
346	909
346	1293
346	911
346	1166
346	918
346	920
346	922
346	924
346	1312
346	931
346	932
346	1188
346	1317
346	947
346	950
346	1083
346	1342
346	966
346	967
346	1223
346	970
346	1358
346	981
346	1110
346	1239
346	1365
346	1113
346	1376
346	1377
346	994
346	1021
347	1348
347	997
347	936
347	1356
347	958
347	1042
347	1077
347	1205
347	1367
347	926
348	1023
349	1292
349	1085
349	1360
349	1048
349	1112
349	988
349	1375
349	994
349	1187
349	934
349	936
349	1008
349	949
349	951
349	1276
349	1021
349	1023
350	901
350	934
350	1257
350	1358
350	1167
350	947
350	981
350	951
350	1079
350	1373
350	1086
350	959
351	1091
351	901
351	1356
351	1101
351	976
351	1363
351	949
351	1179
351	925
352	1101
352	991
353	1351
353	1368
354	1156
354	1093
354	1350
354	1351
354	1065
354	1073
354	1363
354	1044
354	1273
354	1147
355	1241
355	1152
356	1339
356	1371
356	901
356	934
357	1180
357	1054
358	1090
358	903
358	905
358	970
358	1228
358	909
358	1165
358	1363
358	923
358	1118
358	927
358	1375
358	934
358	998
358	1194
358	1004
358	1339
358	1086
358	1216
359	1091
359	1310
360	1377
360	1029
360	934
360	1194
360	1196
360	1212
360	1168
360	1236
360	1368
360	923
360	1276
360	1375
361	1057
361	934
361	1343
362	1155
362	1283
362	1220
362	1002
362	1101
362	1271
362	1374
362	991
362	1120
362	1243
362	966
362	1091
362	1004
362	923
362	964
363	1349
363	1160
363	1358
363	976
363	1106
363	981
363	1045
363	1366
363	1179
363	988
363	1373
363	932
363	934
363	1126
363	1066
363	1012
363	956
363	1023
363	960
364	1235
365	1101
366	1207
367	934
368	1093
368	934
368	904
368	905
368	1355
368	1053
368	1295
368	1265
368	948
368	1150
368	1368
368	1341
368	1054
369	995
369	1348
369	1084
369	1373
369	926
369	1071
370	1233
370	931
370	1258
370	1337
370	1114
370	1055
370	1216
371	1100
371	901
371	1175
371	976
372	1378
372	934
372	1127
372	968
372	947
372	1341
372	1112
372	1179
372	1373
373	1286
373	904
373	1358
373	911
373	1188
373	1125
373	1189
373	936
373	1201
373	1012
373	949
373	1078
373	1080
373	1081
373	1019
373	1216
374	1122
374	932
374	1317
374	1004
374	909
374	1021
374	911
374	945
374	981
374	1110
374	1239
374	1213
374	992
375	1226
375	1002
375	1071
375	1136
375	1012
375	1077
375	1084
375	926
376	1363
376	918
376	1160
377	1027
377	901
377	1303
377	1047
377	923
377	1180
377	1056
377	1057
377	929
377	1316
377	934
377	936
377	940
377	949
377	1339
377	1349
377	1360
377	1363
377	981
377	982
377	1110
377	983
377	984
377	985
377	1112
377	987
377	988
377	1374
377	1375
377	992
377	991
377	990
377	996
377	986
377	1001
377	1003
377	1261
377	1134
377	1135
377	1016
377	1149
377	1333
377	1373
377	980
378	1377
378	1028
378	1284
378	901
378	1001
378	1003
378	1180
378	943
378	1303
378	1016
378	1114
378	988
378	986
378	1054
378	1375
378	1027
378	989
378	934
378	985
378	1168
378	1373
378	991
378	936
378	984
378	990
378	929
378	980
379	985
379	988
379	1303
379	1056
380	930
380	1093
380	1029
380	967
380	935
380	1066
380	1163
380	1162
380	1008
380	1136
380	981
380	1366
380	1049
380	1181
380	1375
381	905
381	1164
381	1357
381	1165
381	1358
381	1363
381	1364
381	918
381	1373
381	1374
381	1057
381	930
381	993
381	1317
381	1190
381	1319
381	1201
381	1270
381	1212
381	1213
381	1135
382	997
382	985
382	1356
382	1056
382	1276
383	929
383	961
383	997
383	1356
383	1339
383	1363
383	919
383	1211
384	1194
384	1162
384	1212
384	1029
385	947
385	911
386	959
387	934
388	1265
388	1083
389	1281
389	901
389	1168
389	913
389	1042
389	1045
389	921
389	1187
389	1188
389	1318
389	1078
389	953
389	1216
389	1091
389	1347
389	1097
389	1363
389	981
389	1368
389	1373
389	1268
389	959
389	1136
389	1181
389	930
389	1280
389	1109
389	1279
389	1307
389	1146
390	1221
390	1061
390	1160
390	1163
390	1262
390	1168
390	1042
390	1106
390	1365
390	1144
390	992
391	1083
392	901
392	1093
392	1095
392	1035
392	1101
392	1357
392	1042
392	1239
392	987
392	988
392	990
392	991
392	1187
392	1000
392	937
392	1322
392	1202
392	1012
392	949
392	958
393	929
393	1002
393	1010
394	1041
394	1182
394	959
395	946
395	1091
395	1202
395	1151
395	1145
396	979
396	955
396	1156
397	901
397	1318
397	1004
397	909
397	942
397	1012
397	981
397	1373
397	959
397	992
398	947
398	949
398	1339
398	909
398	1167
398	1360
399	1090
399	996
399	1030
399	1171
399	1075
399	1045
399	1046
399	955
399	1183
399	1184
400	992
400	1004
400	1371
400	976
401	1281
401	1186
401	1381
401	997
401	1194
401	1004
401	1073
401	1074
401	959
401	1136
401	1181
401	930
401	1280
401	1109
401	1279
401	1307
401	1146
402	1371
403	992
403	901
403	912
404	1287
404	909
404	1165
404	1038
404	1042
404	929
404	936
404	1078
404	1081
404	1339
404	1341
404	1342
404	1088
404	1217
404	963
404	1356
404	972
404	1360
404	1118
404	1249
404	997
404	1125
404	1004
404	1006
404	1137
404	1266
404	1269
404	1021
404	1127
404	959
404	923
404	952
404	903
405	1121
405	1314
405	1375
405	1224
405	905
405	1049
405	959
405	992
406	1314
407	1089
407	1378
407	1124
407	1354
407	1363
407	1012
407	1365
407	916
407	1374
407	1120
408	1218
408	963
408	903
408	904
408	969
408	1097
408	1356
408	974
408	923
408	1188
408	998
408	1326
408	1079
408	952
408	1327
408	1165
409	1339
409	1012
409	925
409	926
410	1043
410	1368
410	1083
410	940
410	1101
411	913
411	1130
411	966
412	1171
412	1381
412	1318
412	1119
413	1314
413	1348
413	932
413	901
413	934
413	1157
413	1320
413	972
413	1166
413	1201
413	1363
413	1238
413	1150
413	1142
413	958
414	1374
415	921
415	1339
415	940
415	1111
416	1002
416	1356
416	1191
416	1360
417	912
418	901
418	917
418	1182
419	1058
419	901
419	934
419	1002
419	1084
419	940
419	906
419	1131
419	913
419	1140
419	923
419	988
419	1373
419	1024
420	1269
420	1030
420	951
420	925
420	1213
421	995
421	1350
421	1127
421	938
421	1004
421	1104
422	1284
422	1348
422	1350
422	970
422	1163
422	1362
422	979
422	1108
422	1173
422	1170
422	1172
422	1117
422	1055
422	994
422	1130
422	1077
422	1336
422	1338
423	1380
423	1125
423	902
423	1257
423	908
423	944
423	981
423	1368
423	1213
423	1120
424	1169
424	923
424	1244
424	1245
424	1296
425	987
426	1021
427	988
427	1023
428	936
428	1181
428	1192
428	1196
428	1197
428	926
428	1360
428	901
429	1115
429	1380
429	1053
429	1159
430	1353
430	1198
430	1160
431	1314
431	1269
431	918
431	1193
431	923
431	1085
432	1127
432	1128
432	1353
432	905
432	940
432	941
432	1339
432	923
433	952
433	1373
433	920
433	905
433	1101
433	1005
433	959
434	1160
434	1163
434	1004
434	1293
434	1195
434	911
434	1168
434	1012
434	951
434	1367
434	1114
435	1357
435	941
435	1296
435	1233
435	1360
435	1171
435	1014
435	1023
435	984
435	1337
435	1375
436	1348
436	1012
436	1003
436	1023
436	992
437	1314
437	1320
437	940
437	1360
437	927
437	949
437	959
437	951
437	1016
437	1076
437	1148
437	925
437	1086
437	1375
438	934
438	1194
438	1355
438	1067
438	1168
438	1077
438	1212
438	1375
438	992
439	949
439	1023
440	1185
440	1308
440	1108
440	909
440	1362
441	1282
441	901
441	1285
441	1163
441	1037
441	1171
441	1303
441	920
441	1048
441	1180
441	927
441	1184
441	1061
441	1070
441	1073
441	1336
441	1337
441	1339
441	969
441	1226
441	1098
441	1233
441	1367
441	1116
441	994
441	1378
441	996
441	1380
441	1254
441	1122
441	1005
441	1021
441	1280
442	904
443	1353
443	1339
443	1273
443	912
444	1360
445	1363
445	1367
445	936
446	1108
446	1356
446	997
446	1357
447	995
447	1093
447	1163
447	1356
447	1363
447	1077
447	1367
447	926
447	1375
447	1312
448	1051
448	1373
448	976
449	923
450	1121
450	1154
450	934
450	999
450	1354
450	1132
450	945
450	985
450	1373
450	992
451	1353
451	914
452	1089
452	1352
452	1292
452	1233
452	983
452	921
452	1178
452	1184
453	997
454	1380
454	981
454	1125
454	1368
454	923
454	1356
454	944
455	996
455	997
455	934
455	905
455	1225
455	1003
455	1099
455	1263
455	1104
455	1203
455	959
455	1206
455	1116
455	1023
455	1356
455	1350
456	1339
457	1288
458	1268
459	1047
460	996
460	997
460	1030
460	1002
460	1360
460	1044
460	952
460	1087
460	955
460	1343
461	1045
461	1368
461	1097
461	923
461	940
461	926
462	997
462	974
462	1360
462	1233
462	959
462	1113
462	1374
462	1343
463	1187
463	1194
463	909
463	1165
463	1072
463	1233
463	979
463	963
463	1004
463	1118
463	1097
464	1217
464	1156
464	996
464	1030
464	1301
464	955
464	1084
465	1155
465	1099
465	1104
465	1297
465	1298
465	1300
465	1305
465	992
465	994
465	996
465	932
465	937
465	949
465	1101
465	934
465	1149
466	963
466	1284
466	903
466	1037
466	1104
466	1233
466	979
466	1305
466	1114
466	1051
466	987
466	1177
466	1121
466	1186
466	1187
466	1188
466	1124
466	1125
466	1325
466	954
466	1084
466	1022
467	1057
467	1362
467	1099
468	994
468	930
468	1037
468	1359
468	1045
468	950
468	1112
468	1021
468	1280
469	996
470	955
470	1346
470	964
470	970
470	1198
470	1038
470	1304
470	913
470	1042
470	1235
470	1366
470	920
470	1243
470	1309
470	1374
471	1339
471	1296
472	1085
472	936
473	929
473	1190
473	1160
473	909
473	1009
473	1363
473	1108
473	1077
473	1211
474	934
475	1372
476	922
476	901
476	936
477	1249
477	1179
477	1190
477	959
478	994
478	1045
479	1049
479	1348
480	1255
480	1363
481	992
482	1090
482	903
482	970
482	1291
482	908
482	1047
482	1051
482	1243
482	1181
482	923
482	998
482	1004
482	1207
482	952
482	1081
482	954
483	902
483	1351
483	1352
483	1291
483	912
484	1211
485	949
485	918
485	1303
486	1265
486	1378
486	901
486	968
486	1341
487	1265
487	934
487	920
487	971
487	1360
488	1265
488	934
488	1128
488	971
488	940
488	941
489	1121
489	901
489	934
489	1083
489	1339
489	992
490	923
491	1003
491	940
491	1360
491	1265
491	1171
491	1112
491	1242
491	1085
492	1097
492	1107
493	912
493	981
493	934
493	992
494	1343
495	1348
495	1353
495	941
495	1357
495	1010
495	1114
495	1051
495	1312
496	1370
497	960
498	901
498	949
498	921
498	923
498	940
498	942
498	959
499	945
499	1154
499	1354
499	1132
499	1373
499	992
500	1298
501	1057
501	1121
501	1284
501	1350
501	934
501	1351
501	902
501	1357
501	959
501	918
501	1148
501	1117
501	1375
502	1233
502	1002
502	1309
503	1348
503	1349
503	1373
503	1084
503	988
503	1021
503	1023
504	1284
504	901
504	1012
504	985
504	937
504	1339
505	1370
505	1380
505	1360
506	996
506	901
506	1030
506	940
506	1012
506	1023
506	955
506	988
506	1182
506	1375
506	1184
507	1244
508	1004
508	905
508	1356
508	1149
508	912
509	1212
510	1057
510	1123
510	905
510	912
510	1363
510	1339
510	959
511	1123
511	1102
511	1360
511	1110
511	923
511	927
511	959
511	1339
512	1108
512	1191
512	904
512	970
512	923
512	1004
512	1230
513	1048
514	1090
514	930
514	1226
514	1293
514	1325
514	981
514	1084
514	1181
515	1091
515	1284
515	1347
515	1096
515	970
515	909
515	1233
515	1171
515	979
515	1173
515	1367
515	920
515	1241
515	1116
515	992
515	1121
515	1322
515	1004
515	1325
515	1071
515	1076
515	1146
515	1339
516	914
517	1171
517	1140
517	901
517	1303
517	906
517	1164
518	1021
519	1345
519	1211
519	1213
519	1238
520	1348
520	909
520	1360
520	1042
520	1366
520	1049
520	1051
520	925
520	1126
520	936
520	1004
520	1262
520	1006
520	1010
520	1012
520	949
520	1084
520	1341
521	940
521	1045
521	1014
522	934
523	945
524	1225
524	981
524	1366
524	967
524	1350
525	1070
526	1233
526	1363
526	1188
526	1193
526	923
526	1355
526	1375
527	1202
527	1171
527	1347
527	901
527	1333
527	1367
527	1356
528	1282
528	1139
528	1112
529	1044
529	901
529	934
529	949
529	981
529	906
529	1339
530	1339
530	1373
530	1374
530	1023
531	1356
531	901
531	1182
532	1182
533	937
533	901
533	1032
534	1350
534	1226
534	1356
534	1360
534	1233
534	913
534	1171
534	1296
534	1045
534	1303
534	988
534	1375
534	992
534	997
534	934
534	1066
534	1003
534	938
534	945
534	1012
534	1014
534	951
534	1213
534	1023
534	1024
535	908
535	1101
535	951
535	1024
536	1313
536	901
536	1096
536	1322
536	1163
536	1101
536	1295
536	1042
536	1239
536	1244
536	1181
536	991
537	1155
537	1093
537	1221
537	1226
537	1163
537	1293
537	1168
537	1104
537	1236
537	1114
537	1243
537	1372
537	1373
537	1374
537	1376
537	936
537	1066
537	1004
537	1262
537	1006
537	1268
537	949
537	959
538	1284
538	1060
538	1128
538	1096
538	1289
538	1231
538	1045
538	1269
538	1056
538	1088
539	1092
539	972
539	909
539	910
539	1296
539	1041
539	1106
539	1363
539	958
539	1107
539	1174
539	1369
539	1370
539	1309
539	1375
539	993
539	996
539	1189
539	934
539	940
539	942
539	1198
539	1136
539	1331
539	1077
539	1079
539	1086
540	1378
540	1284
540	901
540	992
540	1163
540	1070
540	942
540	1339
540	1152
541	1049
542	977
543	1380
543	1349
543	1356
543	1260
543	944
543	1363
543	1367
543	1368
543	1176
543	922
543	1116
544	1367
545	938
545	1012
545	1262
545	1198
546	929
546	1283
546	1044
546	1251
546	1005
546	1344
547	1002
548	1057
548	906
549	1202
549	1091
549	903
549	1002
549	906
549	1356
549	1101
550	964
551	1373
552	940
553	1149
553	1014
553	943
554	1354
554	1099
554	1004
554	1325
554	909
554	1168
554	1043
554	949
554	1240
554	1177
554	1084
555	1085
556	1093
556	1157
556	1351
556	967
556	1097
556	1356
556	1357
556	1042
556	1363
556	920
556	1368
556	987
556	923
556	1310
556	997
556	934
556	1126
556	939
556	1005
556	1197
556	1264
556	1012
556	1271
556	1341
556	959
556	981
557	1162
557	1044
558	1171
559	1373
559	952
559	923
559	1004
559	1101
560	981
560	1191
560	936
560	1357
560	959
561	936
561	1002
561	971
561	1356
561	1102
561	913
561	979
561	981
561	1337
562	1188
562	1156
562	934
562	1288
562	1004
562	1363
562	1142
562	1211
562	923
563	1343
563	1155
563	1004
563	1360
563	977
563	1043
563	1012
563	1203
563	1373
563	925
563	1119
564	951
565	1155
565	1030
565	906
565	1292
565	1104
565	1169
565	1042
565	1043
565	1111
565	1048
565	1240
565	1181
565	1317
565	1324
565	1197
565	1262
565	1140
565	1204
565	1272
565	954
566	901
566	970
566	1356
566	1101
566	913
566	1235
566	981
566	925
566	926
566	995
566	997
566	934
566	1004
566	1006
566	942
566	1007
566	1265
566	1012
566	949
566	1210
566	1021
567	1316
567	934
567	1163
567	973
567	1053
567	1363
567	981
567	953
567	987
567	1212
567	1181
567	923
568	901
568	934
568	1002
568	906
568	1233
568	1363
568	1140
568	952
568	1339
568	923
569	1028
569	1037
569	916
569	1045
569	1174
569	1047
569	1175
569	1179
569	1024
569	1053
569	1186
569	937
569	1336
569	1338
569	1342
569	1090
569	1093
569	1349
569	1358
569	1364
569	1110
569	1368
569	1112
569	987
569	999
569	1004
569	1013
569	1273
569	1152
569	985
569	991
569	936
569	1168
569	984
569	1373
569	929
569	990
569	980
569	989
569	934
569	1027
570	903
570	1163
570	1035
570	1037
570	1294
570	1168
570	1303
570	1177
570	923
570	925
570	932
570	1063
570	1065
570	1195
570	945
570	953
570	1213
570	963
570	1093
570	1356
570	1106
570	1113
570	1375
570	1119
570	1121
570	999
570	1000
570	1132
570	1260
570	1012
570	1269
570	1243
570	901
570	1143
571	969
571	1226
571	1163
571	1098
571	1233
571	1042
571	1171
571	1362
571	1045
571	1173
571	1303
571	920
571	1309
571	1181
571	1056
571	994
571	1378
571	1122
571	1061
571	1254
571	1070
571	1336
571	1337
572	1345
572	1282
572	1032
572	905
572	1099
572	1037
572	1230
572	912
572	1240
572	987
572	929
572	1186
572	1064
572	942
572	943
572	954
572	1151
572	1145
573	1021
573	1171
573	1012
573	1023
573	1120
573	956
573	1373
573	1374
573	927
573	992
575	1284
575	901
575	1350
575	1036
575	1265
575	922
575	1339
575	1023
576	932
576	1237
576	1244
577	1019
577	1015
578	977
578	1181
579	1017
579	1005
579	934
580	1057
580	963
580	903
580	967
580	910
580	1042
580	950
580	1016
580	1049
580	1375
580	1056
581	1244
581	1366
582	1282
582	1091
582	901
582	1349
582	1226
582	1098
582	1356
582	1037
582	1171
582	1045
582	1303
582	1367
582	1048
582	1176
582	926
582	1056
582	994
582	1380
582	1061
582	1254
582	1128
582	941
582	1070
582	1008
582	1073
582	1333
582	1021
583	996
583	1044
583	998
583	903
583	955
583	1232
584	1006
584	959
585	1345
585	1065
586	1253
587	1297
587	1354
588	1093
589	929
589	1188
589	1269
589	1193
589	923
589	1167
590	1360
591	1074
591	1333
591	1046
591	1337
591	1338
592	929
592	1283
592	1366
592	1097
592	1344
593	994
593	1122
593	1250
593	905
593	1002
593	1097
593	1067
593	1357
593	918
593	1082
593	1243
593	1372
593	1373
593	1312
594	1041
594	1204
594	999
594	1160
594	1226
594	1071
595	1070
596	1093
596	1189
596	1381
596	1004
596	909
596	1069
596	1295
596	1117
596	913
596	1171
596	1108
596	1048
596	925
596	1118
596	959
597	1347
597	1284
597	969
597	1226
597	1163
597	1293
597	1359
597	1042
597	980
597	920
597	1178
597	1243
597	1309
597	1373
597	926
597	1376
597	929
597	930
597	995
597	1313
597	1066
597	1071
597	1136
597	1010
597	1269
597	1144
597	1146
597	1215
597	1152
598	901
598	1070
598	1216
599	906
599	1140
600	1057
600	963
600	1000
600	1035
600	1004
600	1230
600	913
600	1137
600	1271
600	952
600	1146
600	1243
600	1116
600	1118
600	959
601	947
601	981
601	934
601	936
601	1002
601	923
601	911
602	913
602	1350
602	1191
602	1366
602	1325
602	1004
602	909
603	1282
603	1314
603	1284
603	1127
603	1320
603	1193
603	1073
603	1137
603	1139
603	983
603	952
603	1271
603	1338
603	1118
604	1089
604	930
604	1380
604	934
604	1351
604	1156
604	1318
604	1227
604	1356
604	1363
604	1204
604	952
604	1338
604	1284
604	945
605	1097
605	1067
605	927
606	1346
606	1222
606	1115
606	1353
606	970
606	1162
606	1325
606	913
606	1042
606	1363
606	1207
606	1240
606	1051
607	1121
607	1218
607	903
607	1002
607	1004
607	942
607	950
607	1271
607	952
607	1207
607	1243
607	923
608	1282
608	901
608	903
608	1163
608	1293
608	1038
608	911
608	1175
608	920
608	923
608	1181
608	926
608	1312
608	1191
608	936
608	1067
608	1068
608	1072
608	947
608	1206
608	1079
608	952
608	1081
608	1080
608	1218
608	969
608	974
608	1103
608	1236
608	1239
608	1368
608	987
608	1243
608	1125
608	999
608	1012
608	1269
608	1271
608	1277
608	931
608	963
608	1188
608	1004
608	1242
608	1097
608	1042
608	1118
609	958
610	1282
610	997
610	934
610	1002
610	1356
610	1357
610	974
610	1132
610	1360
610	915
611	1146
611	995
611	1305
611	1062
611	1066
611	1197
611	1104
611	1233
611	1043
611	1204
611	1046
611	985
611	1114
611	1052
611	1181
612	1089
612	1379
612	997
612	1157
612	939
612	1356
612	909
612	1105
612	1173
612	952
612	1146
612	1339
612	1148
613	1256
614	1138
615	1049
616	901
616	997
616	1351
616	1004
616	1356
616	909
616	1042
616	949
617	901
617	1093
617	903
617	1163
617	1100
617	973
617	1042
617	1363
617	1106
617	1175
617	920
617	1112
617	1373
617	926
617	992
617	996
617	932
617	933
617	1128
617	937
617	1078
617	1276
618	1090
618	934
618	902
618	905
618	1166
618	981
618	1024
618	1373
618	1376
619	901
619	1094
619	906
619	1356
619	1164
619	1043
619	920
619	988
619	1058
619	997
619	1126
619	937
619	1002
619	1004
619	1006
619	1011
619	1012
619	1140
619	1342
619	1023
620	994
620	903
620	952
620	1002
620	1243
620	954
620	923
621	1058
621	1021
621	976
621	1233
621	1171
621	918
621	1309
621	927
621	1056
622	1156
622	1004
622	909
622	1326
622	1044
622	1141
622	1327
622	1165
623	963
623	1380
623	1093
623	999
623	1002
623	1356
623	972
623	1068
623	927
623	1046
623	1367
623	1338
623	923
623	959
623	1082
624	1186
624	1219
624	934
624	1031
624	1066
624	1003
624	1036
624	1008
624	1303
624	1113
624	923
624	960
625	955
625	963
625	1283
625	1093
625	1163
625	1356
625	1339
625	1165
625	1035
625	1042
625	1044
625	1367
625	1176
625	987
625	925
625	1118
625	994
625	1251
625	1380
625	1122
625	1004
625	942
625	1269
625	1271
625	952
625	1147
625	959
626	901
626	1093
626	905
626	970
626	1163
626	1354
626	1100
626	1229
626	1359
626	1042
626	1363
626	1043
626	1175
626	1368
626	987
626	923
626	1373
626	926
626	989
626	1057
626	1377
626	932
626	934
626	1135
626	949
626	1077
626	1078
626	1021
627	1111
628	964
628	901
628	903
628	1097
628	1002
628	1356
628	1140
628	1079
628	952
628	1339
628	923
629	1154
629	1347
629	1348
629	1096
629	1354
629	1226
629	971
629	1213
629	1243
629	925
629	1183
629	1061
629	1001
629	1336
629	1273
629	1277
630	929
630	1379
630	998
630	1160
630	1259
630	1228
630	909
630	1230
630	1004
630	913
630	1146
630	923
630	1118
630	959
630	1271
630	979
630	952
630	903
631	968
631	1275
631	1360
631	1233
631	1171
631	987
631	1180
631	1373
631	988
631	925
631	992
631	1378
631	932
631	936
631	1272
631	1274
631	1147
632	932
632	1061
632	1096
632	1321
632	907
632	1358
632	1368
632	921
632	1113
632	1246
632	1023
632	992
633	1100
633	901
633	1214
633	1357
633	1057
634	1377
634	1154
634	901
634	1093
634	1354
634	1100
634	909
634	1168
634	1012
634	1175
634	1213
634	1376
635	1348
635	1093
635	997
635	954
635	1116
635	1356
636	938
636	1380
636	901
636	1012
637	1348
637	1292
637	1229
637	942
637	945
637	1243
637	1149
637	960
638	1042
638	983
638	1049
638	992
638	976
639	1252
640	1066
641	1249
641	1089
641	997
641	1004
641	1356
641	1260
642	1036
643	1129
644	936
644	1011
644	901
644	1078
644	1128
644	1114
644	1133
645	1374
646	1161
646	1356
647	1057
647	1002
647	950
647	1022
648	901
648	997
648	1077
648	1189
648	1356
648	976
649	1124
649	998
649	904
650	1090
650	969
650	970
650	1163
650	1293
650	1037
650	1359
650	1104
650	1233
650	1042
650	1362
650	1110
650	1178
650	1243
650	926
650	992
650	1376
650	1186
650	1062
650	936
650	1257
650	1066
650	1333
650	1269
650	1337
650	1146
650	1021
650	1342
650	1215
650	1152
651	1090
651	1146
651	1348
651	966
651	969
651	1163
651	1293
651	1166
651	1359
651	1104
651	1042
651	1363
651	1044
651	1110
651	1178
651	926
651	1376
651	1313
651	936
651	1257
651	1134
651	1269
651	1338
651	1021
651	1342
651	1215
651	1152
651	1373
652	923
652	1158
653	995
653	999
653	936
653	937
653	1131
653	1133
654	1282
655	1171
656	1195
657	1090
657	1284
657	1158
657	903
657	1287
657	905
657	1353
657	1163
657	1356
657	1293
657	1355
657	1162
657	1170
657	979
657	1117
657	1246
657	990
657	1376
657	997
657	944
657	1265
657	1012
657	1269
658	1058
658	1093
658	1125
658	1189
658	909
658	1106
658	1044
658	1012
658	1364
658	1302
658	1368
658	1369
658	1338
658	1244
658	1309
659	1033
659	1276
660	1284
660	1093
660	1156
660	970
660	1170
660	1172
660	1109
660	918
660	1181
660	1055
660	993
660	1126
660	936
660	1325
660	1198
660	1136
660	1206
660	1209
660	1210
660	1148
660	1214
660	1057
660	1249
661	1346
661	1348
661	901
661	1160
661	1032
661	1355
661	1100
661	1101
661	1360
661	1370
661	1053
661	1182
661	1185
661	1318
661	1132
661	1202
661	1203
661	1149
662	1153
663	1363
663	932
663	1011
663	934
663	1179
663	1360
664	1012
664	981
664	1158
664	951
664	1357
664	942
664	959
665	1351
666	1362
666	1077
667	1313
667	1114
667	1190
667	1280
668	1057
669	1356
670	1356
670	997
670	1045
670	1113
670	1100
671	1057
671	1345
671	1093
671	1339
671	1357
671	1363
671	1043
671	1304
671	1211
672	1093
672	997
672	905
672	1356
672	1042
672	1363
672	1044
672	950
672	1175
672	958
673	1377
673	1147
673	1181
673	1093
674	1057
674	1153
674	938
674	1197
674	1134
674	1364
674	950
674	1111
674	1144
674	1338
674	1374
674	1373
675	988
675	1269
675	1180
676	1298
676	996
677	1156
677	1357
677	1170
677	1172
677	1143
677	1367
677	1209
677	1210
677	1249
678	1153
678	1012
678	938
678	1002
678	988
678	1373
678	926
679	936
679	1164
679	1005
679	973
679	1133
679	1360
679	1362
679	1363
679	1075
679	1277
679	1078
679	1273
679	1115
679	1181
680	1141
680	909
680	1375
680	1360
681	1100
681	933
681	996
682	1100
682	901
683	931
683	1262
683	1233
683	952
683	981
683	1336
683	1337
683	1211
684	1363
684	1091
685	1093
686	1138
686	1100
686	1054
687	1244
688	1026
688	965
688	1033
688	1168
688	1104
688	1170
688	1045
688	920
688	1305
688	1368
688	1243
688	987
688	1373
688	1246
688	927
688	992
688	1121
688	1058
688	1177
688	999
688	1139
688	1269
689	1197
689	1062
690	938
690	1303
690	1200
691	1042
691	949
692	1170
692	998
693	1345
693	1363
693	918
694	1186
694	936
694	969
694	1257
694	1163
694	1104
694	1363
694	1086
694	1269
694	1110
694	1021
694	1342
694	1215
694	1152
695	977
695	1348
695	1366
695	1288
695	1051
695	988
695	1360
696	1043
696	1070
696	1167
697	1243
697	1044
697	918
698	1380
699	1261
699	1136
699	1224
700	1058
700	1093
700	1119
701	1283
701	1347
701	903
701	1096
701	1226
701	1293
701	1229
701	1041
701	1363
701	923
701	1057
701	999
701	1195
701	1004
701	1005
701	1330
701	950
701	1146
701	1088
702	1219
702	939
702	927
702	1096
703	1282
703	1219
703	1284
703	1348
703	1160
703	1356
703	1229
703	1233
703	1171
703	1045
703	1173
703	1303
703	1368
703	922
703	987
703	988
703	925
703	1246
703	1056
703	1378
703	931
703	997
703	1126
703	1261
703	945
703	951
703	1338
703	1147
703	1020
703	1023
704	901
704	1286
704	1163
704	909
704	1042
704	917
704	1046
704	1173
704	1304
704	1305
704	1174
704	1051
704	1179
704	1180
704	1310
704	1056
704	1187
704	931
704	1061
704	1062
704	1325
704	1333
704	1077
704	1337
704	1083
704	1084
704	1342
704	1089
704	1090
704	1091
704	1347
704	1349
704	1223
704	1233
704	1234
704	1237
704	987
704	988
704	1374
704	1004
704	1262
704	1010
704	1147
704	1021
704	1279
705	963
705	1221
705	937
705	1021
705	1362
705	1078
705	1146
705	1277
706	1057
706	929
706	931
706	998
706	1227
706	1228
706	1229
706	1233
706	1171
706	1074
706	1045
706	1013
706	1373
706	945
706	1284
707	1219
707	1284
707	1348
707	983
707	1160
707	1352
708	1171
708	1093
708	997
709	901
709	934
709	936
709	1023
709	1373
709	1213
709	1375
709	992
710	1380
711	1314
711	1202
711	1093
711	1238
711	959
712	1093
712	1070
713	1070
714	922
715	1014
715	1360
716	1127
716	1199
717	1057
717	995
717	934
717	1255
717	982
717	952
717	1370
717	1246
717	959
717	1363
718	1345
718	901
718	1357
718	1105
718	1042
718	1305
718	988
718	1373
718	925
718	926
718	1121
718	995
718	999
718	937
718	1002
718	1324
718	1071
718	1137
718	1339
718	1084
718	959
719	996
719	1064
719	1004
719	909
719	1005
719	913
719	1363
719	1077
719	1269
719	1273
719	1370
719	1116
719	1149
719	1086
719	1241
720	965
720	934
720	1128
720	1161
720	1328
720	1297
720	1329
720	1018
720	1051
720	1375
721	1319
722	1217
722	1282
722	1155
722	1093
722	902
722	976
722	1200
722	1110
722	960
722	922
722	1084
722	1375
722	992
723	927
724	1286
724	968
724	909
724	1102
724	975
724	1360
724	1149
724	1042
724	1043
724	1362
724	1213
724	1370
724	1051
724	1373
724	1121
724	1378
724	936
724	1137
724	1269
724	955
724	1021
725	1058
725	964
725	1147
725	969
725	1233
725	1042
725	1171
725	1137
725	1309
725	1239
725	920
725	1337
725	987
725	1213
725	926
726	997
727	1093
727	903
727	1230
727	1360
727	979
727	1237
727	920
727	1373
727	1118
727	1058
727	1002
727	1006
727	1137
727	1012
727	1339
727	959
728	1314
728	901
728	934
728	1129
728	1100
728	1268
728	949
728	1175
728	992
729	1124
729	1356
729	1238
730	994
730	901
730	1070
730	1102
730	1363
730	1044
730	981
730	947
730	951
730	1271
730	1273
730	1339
730	958
731	927
731	1197
731	1351
732	1106
732	1003
732	1036
732	1360
733	1154
734	1288
735	1198
736	1356
736	1023
736	1360
737	1289
737	1213
737	925
737	950
738	1124
738	1159
738	1006
738	944
738	1366
738	1275
738	1147
739	1100
740	901
740	997
740	934
740	951
740	940
740	988
740	926
741	1339
741	1357
742	964
742	903
742	907
742	1293
742	1165
742	974
742	1359
742	1233
742	1047
742	1050
742	1243
742	1374
742	1184
742	1377
742	1191
742	1271
742	952
742	1337
742	1339
742	1216
743	951
744	1155
744	904
744	1357
744	974
744	1360
744	1104
744	1110
744	920
744	1052
744	1373
744	925
744	1374
744	1057
744	1187
744	1251
744	1190
744	1191
744	1322
744	1132
744	942
744	1010
744	1075
744	1012
744	949
744	1084
744	1021
745	997
745	1158
745	1381
745	1194
745	1004
745	909
745	1307
745	1168
745	1363
745	1051
745	1165
745	1093
746	1119
747	1373
747	1093
748	934
748	1319
748	1160
748	1353
748	1306
748	1006
748	1114
748	1376
749	993
749	1362
749	1348
749	1012
749	925
749	1023
749	1360
750	917
750	1182
751	1380
751	1189
751	901
751	1263
751	976
751	1204
751	1356
752	1030
752	1158
752	1224
752	957
752	1167
752	1300
752	1048
752	1114
752	1121
752	1253
752	936
752	1132
752	1010
752	1012
752	1101
752	934
752	1149
753	1121
753	1345
753	1251
753	1124
753	1226
753	1292
753	1325
753	1135
753	945
753	1012
753	951
753	1303
753	1051
753	925
754	1109
755	1153
756	1274
756	1180
756	1287
756	1168
757	985
757	906
757	1292
757	925
758	1057
758	934
758	905
758	1067
758	1004
758	909
758	1068
758	1341
758	1149
758	1086
759	925
760	925
761	1314
761	995
761	1319
761	1160
761	1306
761	1077
761	1114
761	1372
761	1373
761	926
762	998
762	1160
762	1162
762	970
762	1067
762	1006
762	1181
762	958
763	1188
763	998
763	903
763	1288
763	970
763	1228
763	1042
763	979
763	1274
763	1339
763	1375
763	992
764	934
764	998
764	936
764	1033
764	902
764	1003
764	1162
764	971
764	1360
764	1363
764	981
764	1111
764	1113
764	1338
764	1276
765	1363
766	1249
766	1323
766	1356
766	1261
766	1292
766	1357
766	1239
766	1146
767	1218
767	963
767	1316
767	901
767	1097
767	958
767	1043
767	949
767	1271
767	1339
767	1374
768	932
768	997
768	1023
769	1306
770	1030
770	936
771	1108
771	1357
772	1056
773	1238
774	1339
774	1222
774	1131
774	934
775	926
775	912
776	1367
776	992
777	1347
777	1221
777	1097
777	1354
777	1355
777	1104
777	1042
777	1044
777	1110
777	923
777	1375
777	1121
777	998
777	936
777	1197
777	955
777	1213
778	997
779	1093
779	969
779	970
779	1163
779	1226
779	1290
779	1360
779	1233
779	979
779	1114
779	1243
779	923
779	1052
779	1057
779	932
779	1002
779	1194
779	1012
779	1269
779	1144
779	1337
779	1340
779	1152
780	1342
780	1211
780	1284
780	934
781	1321
781	1338
781	1347
781	1107
782	964
782	998
782	1097
782	1205
782	918
782	1368
782	1243
782	923
783	934
783	998
783	936
783	1354
783	1226
783	940
783	1195
783	1261
783	976
783	1106
783	951
783	988
784	1340
784	1054
785	1314
785	1283
785	1188
785	924
785	1222
785	905
785	1226
785	1265
785	945
785	919
785	1211
785	1084
785	1277
785	1310
786	1356
787	1155
787	901
787	934
787	1221
787	936
787	1353
787	1032
787	1011
787	920
787	1114
787	987
787	1373
787	1118
788	1244
789	1106
790	903
790	1004
790	942
790	911
790	1044
790	955
790	1215
790	959
791	934
792	954
792	1228
792	1005
792	902
793	1033
794	1184
795	1042
795	1276
796	1057
796	1121
796	901
796	999
796	1032
797	1361
797	949
797	1367
797	1032
797	1224
797	1132
798	1187
798	1188
798	1093
798	1125
798	1064
798	1211
798	1068
798	1168
798	1106
798	1171
798	1269
798	954
798	987
799	1211
799	933
800	993
800	1155
800	1188
800	1039
801	1070
802	932
802	936
802	969
802	1097
802	1032
802	1132
802	1137
802	1363
802	1012
802	1269
802	920
802	1243
802	958
802	1368
802	923
803	1146
803	1154
803	1354
803	1002
803	970
803	1292
803	1009
803	1277
803	1305
803	1114
803	1243
803	1309
803	1374
803	1056
804	1337
804	1073
804	1045
804	1055
805	923
805	1348
806	997
807	954
808	1057
809	1043
809	949
809	1110
809	1339
809	1231
810	1283
810	901
810	903
810	905
810	1033
810	1292
810	1293
810	1168
810	1042
810	1044
810	1303
810	920
810	1304
810	1058
810	932
810	1066
810	1067
810	1197
810	1198
810	1335
810	955
810	1084
810	1213
810	1215
810	1090
810	1093
810	1221
810	1222
810	969
810	1108
810	981
810	1110
810	1236
810	1243
810	1374
810	1249
810	999
810	1002
810	1262
810	1006
810	1135
810	1265
810	1009
810	1012
810	1147
810	1149
810	1152
810	1097
810	1373
810	1363
810	987
810	936
810	1207
811	945
811	1362
811	918
812	1283
812	997
813	1124
813	1191
813	904
813	1290
813	956
813	1213
814	1339
815	1238
816	997
817	1252
817	1381
817	966
817	988
817	1295
817	1362
817	1047
817	1084
818	1160
819	1025
819	934
819	937
819	1097
819	1293
819	1298
819	1363
819	1235
819	1212
819	926
820	1213
820	960
821	901
821	999
821	1353
821	1195
821	945
821	950
821	1303
821	985
821	1146
821	926
822	1202
823	945
823	1125
824	940
825	1057
825	1212
826	1033
826	981
826	1110
827	1339
828	1339
829	915
829	1318
829	1143
830	1108
830	909
830	911
831	1370
831	1179
831	1373
831	1293
832	1073
832	1213
832	1045
832	902
833	1233
833	925
833	1213
834	1057
834	936
834	1040
835	1074
835	934
836	1283
836	996
836	1191
836	904
836	1002
836	1261
836	974
836	1233
836	913
836	1265
836	1047
836	1050
836	1084
836	1055
836	1311
837	933
838	938
839	1249
840	942
840	1167
841	1217
841	1284
841	1156
841	909
841	974
841	1042
841	1045
841	1368
841	1055
841	1258
841	1004
841	1325
841	1073
841	1201
841	947
841	1203
841	1269
841	1084
841	1021
841	1086
842	1171
842	1012
842	1093
842	1333
842	1163
842	1084
842	1373
843	1106
843	1380
843	1367
843	1160
844	954
845	1348
845	999
845	1066
845	1035
845	1292
845	1360
845	913
845	1104
845	947
845	1012
845	1110
845	925
845	958
845	1215
846	1077
847	1090
847	1186
847	1219
847	934
847	912
847	1012
847	949
847	926
848	1056
849	977
849	1070
849	1119
850	901
850	905
850	906
850	1166
850	1297
850	1042
850	1043
850	920
850	1368
850	1373
850	926
850	1058
850	1314
850	934
850	1328
850	1329
850	1012
850	949
850	1341
851	901
851	1032
851	1226
851	1356
851	1233
851	1042
851	1110
851	1367
851	923
851	931
851	1254
851	999
851	942
851	1135
851	1336
851	1339
852	912
853	963
853	920
853	970
853	1084
853	911
854	1121
854	1090
854	1348
854	901
854	934
854	1127
854	905
854	1003
854	1356
854	1166
854	944
854	950
854	920
855	1032
856	1322
856	960
856	1211
856	1084
856	1213
856	1006
856	1360
857	1236
857	1160
858	901
859	1067
860	1372
861	1146
861	1093
861	1046
861	992
862	1156
862	952
863	1033
863	1075
864	1314
865	1002
865	1012
865	1124
866	993
866	1345
866	1124
866	964
866	1299
866	1331
866	1238
866	1079
866	1373
867	1093
867	1357
867	909
867	1168
867	1296
867	1106
867	1044
867	1365
867	1047
867	1243
867	1181
867	1189
867	1065
867	1262
867	1212
867	1341
867	1023
868	1041
868	962
868	1363
868	1365
868	1191
869	1188
869	1191
869	904
869	1067
869	911
869	1168
869	947
869	1079
869	920
870	1257
870	960
871	964
871	1135
871	952
872	1090
872	934
872	1321
872	905
872	1265
872	1105
872	1079
872	1243
872	1341
873	954
873	981
873	909
874	1012
875	1064
876	901
877	1339
878	1363
878	1012
878	926
878	1004
879	1064
880	1057
881	1106
881	1243
881	1012
881	1357
882	1327
882	960
883	901
884	1290
885	1313
885	1376
886	1100
886	982
886	1023
887	1010
887	1332
887	1360
888	929
888	1284
888	1126
889	1328
890	939
890	1012
891	1162
891	1212
892	1073
893	1282
893	1187
893	1124
893	970
893	940
893	1360
894	1146
894	1211
894	1124
895	994
896	1273
896	1211
896	956
897	1339
898	1157
899	1309
928	1303
957	934
986	980
1017	934
1027	1333
1028	929
1028	1027
1028	934
1028	936
1028	989
1028	1168
1028	980
1028	984
1028	985
1028	1373
1028	990
1028	991
1028	1333
1034	1350
1059	1013
1059	920
1063	1243
1063	901
1063	1143
1072	1097
1072	963
1072	1004
1072	1118
1103	1042
1103	931
1103	1188
1103	1242
1123	1339
1123	959
1134	1373
1145	1114
1145	1031
1151	1145
1151	1114
1151	1031
1192	901
1208	1369
1208	923
1209	1249
1214	1057
1220	1091
1220	964
1220	966
1220	1243
1220	1004
1220	923
1225	1350
1227	945
1227	1284
1247	1363
1255	1363
1259	1271
1259	979
1259	903
1259	952
1263	1356
1264	981
1266	952
1266	1127
1266	903
1266	923
1266	959
1270	1135
1275	1147
1281	930
1281	1136
1281	1109
1281	959
1281	1146
1281	1307
1281	1181
1281	1279
1281	1280
1281	1165
1281	1093
1300	1149
1300	934
1300	1101
1307	1165
1307	1093
1308	1362
1308	909
1326	1165
1326	1327
1334	936
1335	1363
1335	1207
1335	936
1335	1097
1335	987
1335	1373
