301,551,583
6,306,981
21,351,936
307,543,975
131,538,946
49,716,759
85,547,638
243,699,886
438,548,959
415,548,624
50,309,759
26,667,986
393,551,746
415,433,772
300,546,871
140,563,782
21,434,805
142,275,859
319,431,700
28,393,669
335,646,927
391,579,917
161,210,595
210,561,782
189,646,739
375,564,928
124,205,993
99,332,959
70,814,974
302,521,831
202,612,656
443,775,812
99,414,929
357,640,920
105,253,920
370,626,751
277,462,782
371,376,704
44,917,1000
216,234,806
197,421,592
98,193,800
196,453,800
389,412,534
177,195,567
286,468,782
144,728,907
83,484,734
17,731,753
84,95,860
22,403,781
448,571,772
56,480,984
196,498,819
49,178,978
356,899,909
185,438,818
163,294,785
276,579,626
319,625,722
18,205,907
70,429,657
221,763,817
404,552,744
380,532,934
61,125,721
313,697,899
40,946,983
71,695,879
90,650,666
467,509,881
305,583,837
127,280,632
335,735,924
175,349,997
254,828,997
274,718,984
34,708,835
281,395,818
15,228,737
143,486,720
68,323,786
69,153,581
56,634,991
32,565,677
5,138,827
6,247,827
420,827,880
19,381,593
175,299,735
282,573,575
305,496,846
496,510,980
324,670,921
222,720,768
64,221,516
260,623,826
256,472,921
50,343,983
388,465,583
493,504,920
194,408,625
342,390,909
377,927,938
372,741,845
285,493,602
360,391,709
391,599,857
106,525,776
262,791,907
182,306,501
144,292,930
175,183,930
174,577,684
19,223,927
281,598,651
85,769,808
170,291,518
41,422,975
34,389,879
83,221,505
336,411,690
132,280,994
213,559,871
445,492,666
194,319,933
377,753,926
291,877,996
27,339,536
263,503,748
459,642,933
75,472,693
274,693,951
45,405,910
729,833,977
96,652,997
15,58,990
58,165,637
476,491,610
336,622,811
95,239,751
378,699,796
358,362,956
12,327,698
326,531,904
107,200,795
86,432,617
385,757,923
402,704,707
21,505,765
125,772,889
78,226,575
94,950,952
529,589,630
360,533,819
208,310,723
130,267,938
330,396,922
517,972,987
452,648,769
312,442,575
20,468,795
178,590,733
142,247,698
445,597,940
445,694,828
79,372,830
70,404,683
395,416,623
139,185,509
322,437,497
48,181,415
207,614,942
169,504,528
188,608,664
224,418,833
260,458,833
653,774,938
529,713,960
18,249,721
555,670,722
640,643,898
69,856,934
62,134,509
253,370,426
6,203,359
61,226,279
513,617,916
649,715,869
537,548,724
533,671,716
163,505,514
646,832,842
149,452,972
935,966,995
43,895,996
49,94,494
544,810,975
536,576,828
828,837,974
46,252,293
321,373,404
80,265,413
549,695,857
719,755,1000
517,596,753
516,698,956
595,722,780
578,720,770
593,626,820
632,788,975
579,748,809
133,386,472
203,240,466
97,214,333
77,214,224
214,305,461
132,144,428
208,455,687
467,480,499
93,118,403
93,133,467
53,93,168
327,377,420
326,327,460
506,607,725
607,663,904
725,882,987
551,799,939
82,322,486
74,262,288
57,134,319
263,318,494
83,104,467
629,819,999
515,629,764
583,602,713
248,255,335
626,732,918
663,705,737
557,882,986
533,866,882
669,755,987
511,846,888
513,708,937
572,651,910
529,559,599
543,788,917
645,674,707
548,600,722
501,525,907
586,819,984
770,780,854
579,758,977
717,722,987
718,740,827
691,742,872
544,601,744
676,716,744
554,805,867
105,292,369
523,667,844
523,807,885
561,739,804
607,640,657
729,775,806
625,701,909
534,542,914
718,897,917
628,655,708
646,731,914
640,700,877
728,734,798
714,728,802
517,549,969
77,143,323
250,440,456
125,171,293
724,768,822
665,780,901
650,684,695
653,686,974
632,700,847
543,650,781
626,650,945
748,912,947
741,878,948
592,596,853
508,621,798
658,730,947
543,642,645
526,730,886
40,128,209
503,853,872
107,109,149
322,344,373
109,213,408
108,304,373
595,946,977
572,713,768
516,646,849
547,807,977
612,953,955
587,668,890
630,798,869
674,963,964
182,261,266
1,104,352
519,659,786
519,634,908
562,778,990
695,712,913
695,698,771
630,674,698
550,790,812
532,885,954
558,806,914
566,679,787
779,790,845
543,790,925
914,945,976
714,751,786
681,688,782
628,630,677
557,578,936
32,240,430
194,265,472
637,661,758
655,664,731
537,852,916
565,664,831
656,707,919
707,905,939
622,625,948
865,871,935
723,935,998
792,953,983
583,603,983
865,896,919
555,737,815
534,699,843
640,684,770
787,812,923
522,721,764
646,814,961
646,655,841
658,865,993
609,913,993
609,680,892
546,887,976
691,899,993
818,885,978
585,832,959
610,978,993
695,744,984
640,744,989
644,744,783
540,652,733
676,696,729
577,592,665
695,727,928
618,652,716
131,372,390
70,393,426
353,392,393
219,339,426
643,690,828
555,940,999
702,764,999
639,666,787
116,131,327
628,782,923
752,759,844
551,627,986
624,759,941
705,746,857
812,866,980
709,810,869
563,919,958
551,919,976
578,593,976
710,792,976
563,578,685
651,831,904
543,658,884
513,886,952
632,875,925
703,801,872
663,788,843
511,595,663
544,767,807
561,774,786
576,701,996
627,701,929
637,752,821
589,772,896
572,589,849
572,825,899
576,603,985
572,603,758
508,758,837
531,734,792
531,593,705
772,850,944
909,934,941
704,897,963
532,787,861
552,624,799
619,800,848
734,873,877
759,851,933
550,734,990
555,786,809
599,611,953
776,863,900
574,662,695
689,916,957
903,940,958
587,865,950
570,741,858
638,950,957
712,829,974
592,645,720
501,708,816
601,708,806
511,565,816
577,778,947
541,565,997
526,576,943
534,673,775
531,567,631
607,735,965
714,938,945
570,821,998
563,663,819
668,821,836
643,672,738
531,689,771
752,871,938
659,680,979
512,931,986
572,822,946
585,668,788
507,805,847
655,747,875
696,739,747
790,862,900
703,835,918
637,703,948
502,901,918
810,841,980
597,852,940
685,694,852
515,569,867
537,540,638
536,667,957
608,845,941
568,703,841
801,892,980
608,703,827
827,957,991
829,842,920
759,920,936
773,784,932
859,900,940
545,602,746
636,689,920
667,855,929
525,590,957
590,839,917
659,814,918
859,910,936
648,920,964
733,964,1000
604,698,977
557,601,762
689,875,940
563,921,940
520,567,738
520,564,596
766,875,920
737,865,998
912,920,932
583,880,889
602,839,887
887,892,989
827,869,955
535,800,817
637,777,860
831,857,894
724,801,848
819,835,978
540,726,835
516,888,926
669,799,818
669,715,874
576,702,835
675,858,967
599,624,881
502,588,944
556,601,978
516,726,908
603,726,896
522,561,887
571,731,860
637,668,817
502,637,819
503,607,926
581,634,637
525,607,866
607,631,988
599,604,866
525,561,604
716,824,926
711,860,863
634,743,834
508,793,960
623,668,842
614,818,935
742,811,967
568,575,980
661,776,974
667,895,974
545,731,881
673,934,951
687,731,788
788,876,936
669,796,947
696,883,999
776,835,884
666,715,761
704,761,804
568,749,892
507,635,892
568,738,774
596,730,999
513,897,927
631,783,788
540,573,706
506,595,860
538,571,614
517,599,859
599,874,941
506,599,762
662,711,787
659,662,917
677,760,841
517,531,841
541,571,844
507,573,836
542,770,825
681,770,797
630,757,878
572,667,834
834,863,964
903,916,954
547,692,860
670,716,924
539,636,706
511,620,760
526,676,684
597,674,913
548,597,938
709,812,930
735,829,941
524,770,785
665,686,763
667,711,874
686,737,917
600,765,812
763,767,875
703,737,875
509,638,947
583,796,951
533,612,956
714,735,957
509,678,951
563,803,805
574,708,997
586,596,773
908,911,974
661,731,813
568,723,860
885,895,1000
558,691,856
626,682,890
622,879,935
556,808,966
556,759,887
618,759,966
510,631,926
710,867,899
636,721,898
521,577,948
557,598,779
640,815,866
562,783,908
501,532,868
523,654,775
605,832,901
594,708,877
510,699,899
563,637,858
659,813,876
434,450,476
9,66,481
622,726,890
592,815,871
34,71,182
83,108,170
99,126,315
15,300,384
213,262,354
303,355,441
151,169,234
126,161,384
99,124,397
53,90,294
47,216,268
88,133,449
215,421,481
4,149,401
123,355,469
133,222,285
33,133,210
15,249,437
134,183,415
26,39,210
768,780,971
296,413,432
160,279,413
218,257,489
136,218,373
116,153,247
152,243,244
164,243,400
73,322,397
143,268,364
105,238,325
134,197,426
98,197,262
361,405,438
100,362,472
602,784,913
530,913,936
626,929,936
626,692,743
620,831,860
620,692,750
867,929,978
502,631,978
679,681,933
656,798,852
508,522,831
701,738,831
504,712,816
205,340,368
308,396,465
11,122,465
11,40,352
109,171,454
30,203,234
288,339,383
106,122,198
6,337,464
25,277,355
243,264,465
143,289,349
80,274,422
274,293,349
58,281,437
118,228,335
285,406,415
17,176,444
131,406,409
2,64,248
85,170,219
205,353,439
40,51,204
144,242,349
29,84,327
116,145,450
40,237,310
260,410,492
571,841,948
512,871,979
690,744,847
172,406,410
50,310,406
450,481,500
22,97,156
97,307,405
172,176,359
176,286,489
106,284,303
105,106,431
114,387,431
80,196,235
411,420,464
235,488,496
312,376,488
56,196,286
172,295,390
25,250,282
23,172,196
321,352,491
172,336,465
127,250,333
76,254,446
221,401,481
235,327,389
77,94,253
170,221,288
230,393,482
25,277,421
48,277,369
2,244,277
25,296,321
55,221,421
300,321,483
23,271,405
23,323,442
22,112,121
12,317,476
61,213,290
9,122,396
84,98,495
85,391,422
275,295,465
85,154,265
85,184,356
46,226,295
116,270,313
135,241,410
104,410,477
13,410,490
123,311,404
91,135,463
17,85,365
79,277,493
54,60,307
307,371,400
189,371,420
189,309,474
172,282,435
136,175,361
88,190,287
183,264,494
33,245,460
78,180,256
254,256,385
56,99,306
3,175,306
78,129,185
151,397,415
129,300,429
20,224,388
55,128,244
92,128,314
58,80,400
13,343,485
54,86,437
54,323,371
71,277,378
140,166,273
78,246,264
232,396,474
273,360,392
32,56,128
17,128,210
110,129,385
33,253,500
244,253,278
166,223,430
151,327,380
13,339,442
278,352,359
262,278,316
67,237,474
13,87,190
178,222,493
41,229,253
155,178,306
180,184,494
425,460,494
185,416,463
23,216,476
80,286,414
80,180,303
201,344,387
37,408,496
135,342,386
92,386,399
268,297,453
53,124,186
82,268,313
159,294,428
153,408,433
165,476,494
4,104,408
33,298,344
260,346,499
220,259,319
27,291,323
83,388,485
172,258,287
57,230,238
81,194,430
89,306,388
153,386,454
200,304,485
10,140,485
261,294,346
169,197,332
200,330,479
6,259,454
160,217,413
273,474,486
215,235,276
198,343,438
1,199,325
69,305,335
60,97,228
17,277,420
86,420,433
141,200,465
289,462,465
209,345,358
114,245,348
317,319,462
283,307,460
19,299,420
56,119,180
180,185,347
56,136,347
289,301,347
131,206,321
145,303,496
7,167,421
49,52,136
44,77,236
19,167,250
65,352,485
25,442,455
135,299,443
118,126,149
63,321,365
77,317,418
80,104,348
7,79,418
71,294,493
71,176,288
48,248,252
187,280,285
41,205,425
212,361,435
379,400,499
193,379,435
153,346,494
89,190,192
254,255,473
169,299,391
83,169,453
246,388,484
83,395,410
42,253,292
71,128,200
128,189,254
82,153,392
37,113,376
106,195,269
369,424,440
35,113,424
4,166,464
33,106,427
160,216,314
83,90,219
23,171,268
361,377,416
3,376,498
26,363,487
60,244,365
200,235,325
37,201,368
37,55,201
41,311,363
112,176,406
248,342,408
52,294,418
286,330,487
241,417,494
313,358,487
212,487,499
300,306,409
323,358,447
101,349,381
29,176,302
176,271,483
251,363,437
84,275,395
294,409,483
170,272,409
174,240,345
211,233,462
12,148,300
261,298,433
302,409,422
41,71,239
71,302,349
422,460,495
127,465,495
149,349,352
174,198,235
49,199,470
170,433,470
49,158,193
180,299,320
173,372,421
299,372,445
6,475,499
11,170,281
295,391,488
7,303,314
69,314,343
105,193,472
121,217,338
35,349,388
81,164,480
6,173,244
160,332,479
160,294,354
29,91,266
115,218,460
272,330,468
237,301,488
178,333,390
227,303,369
138,227,352
29,132,205
24,168,444
225,235,359
132,162,396
161,215,246
250,295,328
87,95,295
99,182,342
21,391,489
290,300,376
54,140,266
12,91,469
31,185,356
147,205,309
313,356,453
49,209,460
313,340,465
17,285,320
320,434,483
109,233,245
2,370,400
245,266,272
21,103,394
64,217,375
69,96,275
70,273,315
103,315,404
136,217,275
91,277,440
147,168,307
75,380,488
136,277,328
156,450,488
29,168,468
270,350,410
146,218,375
271,294,305
218,294,334
89,123,430
79,80,344
224,276,343
56,185,399
120,180,211
60,336,494
55,211,300
199,422,487
29,145,412
101,281,290
35,359,489
198,368,463
70,232,323
123,232,264
216,289,380
300,361,363
126,361,423
306,313,437
323,332,488
369,447,492
68,76,369
272,297,422
233,332,422
76,471,489
23,26,377
64,265,460
119,433,465
77,221,389
77,155,231
10,82,400
511,825,834
13,168,278
545,601,1000
704,715,1000
596,785,878
61,69,98
217,259,323
40,151,339
540,857,907
576,857,950
554,595,687
55,296,369
13,75,320
98,144,217
186,274,405
108,137,430
771,865,983
693,890,929
537,590,918
17,56,398
113,189,269
240,261,462
69,148,462
532,936,951
40,49,146
26,138,430
98,271,334
221,413,486
889,910,977
889,910,914
567,861,900
75,91,208
297,433,449
248,351,446
671,723,942
517,569,941
784,854,877
709,756,962
545,776,980
844,973,992
651,886,897
202,213,322
524,608,881
669,673,731
502,867,932
106,262,391
298,361,397
618,795,945
144,224,344
109,340,383
315,449,488
186,280,488
876,892,982
72,371,383
2,186,309
180,226,435
354,394,487
260,394,408
229,260,391
113,160,448
503,561,946
718,811,921
619,637,718
48,135,360
7,177,289
22,140,300
170,239,333
611,691,934
5,40,175
37,41,83
63,68,354
50,87,442
712,821,994
570,859,909
760,783,871
400,405,487
45,260,487
44,106,485
158,199,406
634,680,711
525,746,790
669,672,863
668,847,856
83,244,325
153,254,282
33,375,452
190,346,493
652,890,965
506,787,876
701,749,819
701,749,1000
716,789,888
602,792,905
532,541,936
504,678,857
508,741,958
607,635,839
689,827,944
507,798,827
523,567,762
511,947,997
684,947,948
526,555,584
505,745,764
546,659,882
7,70,380
702,734,818
28,319,335
661,807,876
638,648,676
118,237,262
205,246,412
216,323,453
135,250,453
185,205,225
593,799,909
836,882,1000
802,898,966
676,787,890
670,757,816
578,589,817
545,667,670
545,816,964
540,589,687
576,894,977
689,798,900
155,211,450
73,424,438
645,808,999
551,759,829
13,217,273
696,848,870
362,393,431
229,445,463
222,421,496
29,293,483
782,928,942
622,681,699
566,845,963
537,845,891
538,661,919
582,661,710
761,823,841
305,325,441
523,586,802
10,20,152
270,375,479
645,695,881
37,63,351
506,791,875
809,820,975
669,847,991
539,547,842
76,135,221
136,155,489
610,723,817
72,117,180
740,856,949
692,771,938
557,787,941
209,407,465
693,707,965
22,54,177
196,491,754
915,916,978
758,850,952
101,261,304
84,115,116
733,901,990
625,664,953
583,920,947
824,888,993
86,129,277
644,729,995
592,604,986
783,851,857
605,909,985
317,345,409
530,626,656
90,279,410
536,767,786
518,931,987
56,223,500
174,294,391
267,391,487
7,64,354
694,710,871
143,243,428
131,458,459
80,195,464
25,58,230
45,374,400
201,225,489
659,942,948
747,805,825
5,325,475
97,382,446
285,296,335
216,264,332
734,763,822
507,714,749
107,344,499
624,705,800
695,800,863
123,367,485
51,310,450
102,122,239
142,254,365
42,290,359
89,202,251
6,368,403
210,415,428
33,60,394
53,234,268
857,958,980
720,774,892
18,370,381
548,674,788
586,940,966
549,616,717
31,232,449
142,316,474
593,745,985
577,708,751
639,763,844
665,830,910
662,834,988
74,250,480
183,245,498
595,720,981
688,755,962
689,714,871
151,263,467
4,152,257
515,633,852
887,935,969
83,95,182
70,163,401
164,320,385
756,760,961
513,632,874
525,614,917
112,188,198
38,172,314
249,413,466
154,273,529
562,921,974
697,737,921
71,292,440
519,888,984
386,432,493
278,372,414
32,288,408
13,184,350
542,677,812
588,621,853
831,925,952
761,815,868
866,936,968
262,396,397
176,363,431
168,259,343
200,248,418
248,333,362
298,376,391
57,135,352
524,835,926
694,829,957
2,233,297
181,612,819
819,928,989
12,118,327
102,252,326
187,205,339
24,69,205
627,752,784
41,446,499
77,125,338
111,193,201
119,291,494
57,73,200
786,914,930
107,212,351
256,262,306
729,730,953
99,341,357
550,698,886
741,851,957
518,602,612
534,832,977
206,347,420
425,463,483
92,110,394
700,798,939
627,896,961
105,165,228
531,741,838
670,817,932
547,657,793
578,739,816
777,792,837
220,244,268
540,576,825
42,239,387
65,131,427
8,65,209
193,260,434
505,733,949
100,134,322
194,264,369
634,790,885
266,359,404
125,166,253
66,253,456
346,375,402
511,684,762
781,832,907
642,898,922
17,29,121
337,355,370
519,526,690
588,715,816
743,860,951
772,918,960
560,893,938
123,310,443
171,361,412
82,174,381
48,301,396
231,444,972
501,546,878
624,625,979
45,433,488
173,258,500
587,706,916
750,794,858
905,920,931
109,117,124
146,158,196
579,649,902
675,728,835
58,106,128
34,103,243
60,120,487
537,613,672
64,70,330
667,686,742
508,763,912
585,732,805
574,854,989
87,286,417
622,867,873
114,161,169
51,255,439
536,727,971
235,288,382
600,749,833
223,281,315
507,959,993
842,848,900
664,759,769
81,230,464
12,39,240
512,701,806
701,712,950
54,78,149
611,786,863
520,683,975
563,766,998
643,906,913
551,788,911
520,551,911
804,897,934
118,242,481
23,219,321
556,770,992
27,332,393
101,127,335
275,409,440
91,147,356
506,808,841
876,890,999
531,673,774
608,957,986
680,779,782
514,646,853
777,927,977
222,229,256
112,293,311
108,176,284
135,318,376
356,428,460
91,356,460
185,201,469
36,107,268
369,398,430
3,56,63
109,191,203
297,379,447
10,418,442
324,377,496
542,629,954
879,881,946
669,849,866
668,991,996
502,581,933
604,783,980
186,266,430
153,388,493
696,838,862
612,818,948
576,962,967
628,699,992
628,699,971
525,718,726
129,200,474
291,321,340
596,657,739
507,564,689
526,711,917
202,426,461
595,620,676
571,773,884
511,812,826
123,136,221
145,236,487
76,80,289
43,96,354
216,342,425
4,30,161
32,97,279
113,297,438
47,133,481
75,180,278
540,545,856
532,693,784
558,901,913
99,384,441
555,734,800
497,524,630
523,717,839
523,572,878
275,371,437
232,343,437
502,668,731
563,643,836
61,168,178
508,822,871
557,638,949
660,737,787
636,726,808
521,685,999
598,669,919
52,285,349
150,462,480
68,102,177
79,308,446
72,157,226
568,873,895
264,271,393
31,328,387
798,839,878
142,312,403
199,228,281
16,204,889
528,551,835
573,684,797
815,896,908
17,215,484
192,377,494
632,799,807
84,362,418
526,775,997
663,882,994
663,857,994
530,729,877
679,718,799
561,617,869
219,279,386
320,356,462
