1	2178
1	1509
1	1094
1	1928
1	2892
1	2002
1	2868
1	2139
1	1692
1	1088
2	2022
2	3174
2	2860
2	1615
2	2992
2	1555
2	2036
2	2714
2	1820
2	2816
3	1988
3	1264
3	2257
3	3155
3	1363
3	2425
3	1019
3	1596
3	1885
3	1950
4	1322
4	1834
4	2732
4	2459
4	2354
4	1715
4	2134
4	2075
4	2493
4	1406
5	1826
5	2594
5	2437
5	1611
5	1773
5	2737
5	1715
5	2837
5	1145
5	1856
6	2951
6	2506
6	3213
6	2355
6	2420
6	2835
6	1405
6	2175
6	2048
6	1288
7	2118
7	1510
7	3022
7	1135
7	2961
7	1427
7	1587
7	2517
7	1048
7	1402
8	1121
8	2405
8	2159
8	2703
8	2450
8	2323
8	2707
8	2646
8	2072
8	2075
9	1956
9	2852
9	1803
9	1715
9	1558
9	1207
9	2136
9	2618
9	2014
9	1983
10	1313
10	2724
10	1446
10	2603
10	1900
10	2798
10	2942
10	1883
10	2206
10	2336
11	1730
11	1828
11	1225
11	2509
11	2514
11	1332
11	1558
11	2235
11	2845
11	2048
12	2403
12	2346
12	1805
12	1198
12	2317
12	2158
12	1007
12	3186
12	1200
12	1206
13	1545
13	2464
13	2539
13	1612
13	1329
13	1110
13	1180
13	1917
13	1248
13	2549
14	1252
14	1932
14	2092
14	1710
14	1533
14	1846
14	1591
14	2135
14	3068
14	1853
15	2210
15	2659
15	1924
15	1638
15	1703
15	2988
15	2736
15	2553
15	2942
15	3008
16	1540
16	1444
16	1772
16	1007
16	1808
16	3059
16	1717
16	1685
16	2485
16	1253
17	3041
17	1318
17	2959
17	1181
17	1620
17	3030
17	2296
17	1981
17	2399
17	1162
18	1377
18	1479
18	2281
18	1930
18	1996
18	1869
18	1648
18	2098
18	2804
18	2295
19	1092
19	1350
19	2760
19	2316
19	2681
19	1330
19	3026
19	3156
19	2041
19	2208
20	1223
20	2087
20	1775
20	1104
20	1136
20	1906
20	2229
20	3131
20	2269
20	1652
21	2051
21	1540
21	3207
21	1417
21	1835
21	3119
21	2737
21	2706
21	1015
21	1050
22	1511
22	2862
22	2031
22	1010
22	3125
22	1271
22	2104
22	2009
22	3199
22	2368
23	1157
23	2696
23	1617
23	2418
23	2099
23	2944
23	2138
23	2333
23	1311
23	2144
24	1989
24	1223
24	1159
24	1329
24	1618
24	2324
24	1623
24	1915
24	1788
24	1054
25	1948
25	1550
25	2094
25	2158
25	2385
25	1201
25	1236
25	2204
25	2430
25	2623
26	2274
26	2909
26	3025
26	2932
26	1396
26	1718
26	1561
26	1692
26	2169
26	2911
27	1093
27	1190
27	1511
27	2343
27	1766
27	2953
27	3051
27	1368
27	1977
27	2304
28	1732
28	1541
28	2373
28	2279
28	2473
28	1451
28	2796
28	1776
28	1302
28	1591
29	1601
29	1154
29	3018
29	2194
29	1589
29	1783
29	2136
29	2138
29	1302
29	1242
30	1603
30	2825
30	2411
30	1331
30	1332
30	3093
30	3157
30	1688
30	2970
30	2912
31	2147
31	3209
31	1613
31	1870
31	2831
31	1622
31	2557
31	2494
31	2687
31	1152
32	1441
32	1347
32	1605
32	3116
32	2540
32	1043
32	2068
32	2333
32	1565
32	2912
33	2340
33	2025
33	2574
33	1903
33	1647
33	1557
33	2141
33	3039
33	2816
33	2490
34	1512
34	1784
34	2320
34	1297
34	2067
34	1048
34	2777
34	2426
34	2108
35	1281
35	1315
35	2371
35	1414
35	1006
35	2191
35	1903
35	1142
35	3094
36	2395
36	2575
36	1742
36	2673
36	2447
36	2005
36	2997
36	1531
36	3040
37	2530
37	2307
37	1834
37	1968
37	2580
37	1462
37	2039
37	1305
37	2459
38	2209
38	3078
38	1705
38	1835
38	1743
38	2255
38	2064
38	3066
38	3099
39	2888
39	2057
39	3179
39	1741
39	2259
39	2524
39	2458
39	2620
39	2812
40	2241
40	1635
40	1709
40	1970
40	2198
40	1271
40	1147
40	3166
40	1082
41	2314
41	1868
41	2576
41	1969
41	2320
41	1875
41	2838
41	1180
41	3008
42	1569
42	1953
42	1125
42	1831
42	2151
42	1607
42	1575
42	1836
42	1689
43	2113
43	2913
43	2723
43	1060
43	2790
43	2377
43	1172
43	1786
43	1536
44	2500
44	3079
44	1548
44	1262
44	2224
44	1235
44	2932
44	1821
44	1856
45	2377
45	2713
45	2644
45	2102
45	1238
45	3001
45	1881
45	2906
45	2299
46	1762
46	2819
46	1892
46	1258
46	1008
46	1522
46	2457
46	1818
46	2876
47	1729
47	2213
47	3083
47	2157
47	1647
47	3028
47	1247
47	1534
47	2495
48	2214
48	2057
48	2730
48	3091
48	2325
48	2807
48	1208
48	1725
48	1920
49	1991
49	1325
49	1968
49	2640
49	2388
49	2360
49	2489
49	2074
49	1023
50	1825
50	2434
50	2915
50	1480
50	3211
50	1073
50	1787
50	1661
50	1630
51	2535
51	1039
51	3006
51	3187
51	1939
51	2649
51	1530
51	2686
51	1247
52	1025
52	2210
52	1313
52	1443
52	2373
52	1674
52	2634
52	2810
52	1114
53	1764
53	3049
53	1005
53	1710
53	1171
53	1462
53	1878
53	1276
53	1311
54	2337
54	1893
54	1002
54	2928
54	2260
54	3168
54	2941
54	1695
54	2464
55	2309
55	2182
55	1163
55	1195
55	1806
55	1239
55	3130
55	1248
55	2549
56	3202
56	2341
56	2826
56	1644
56	1197
56	1708
56	1519
56	2875
56	2399
57	2404
57	1607
57	1031
57	1704
57	1513
57	2039
57	2200
57	1630
57	3071
58	1421
58	1742
58	1746
58	2195
58	2482
58	1143
58	2813
58	1983
58	2688
59	2817
59	2498
59	3205
59	2252
59	2286
59	3086
59	1177
59	2651
59	1884
60	1414
60	2921
60	1099
60	1452
60	2957
60	1749
60	2137
60	2587
60	1310
61	1858
61	1474
61	2435
61	1157
61	2053
61	2063
61	2746
61	2844
61	2877
62	2497
62	3076
62	1925
62	2854
62	2087
62	2503
62	2949
62	1358
62	3033
63	3180
63	2479
63	3055
63	1941
63	1814
63	1177
63	2105
63	2620
63	1503
64	2180
64	2666
64	1292
64	3085
64	1231
64	2802
64	1751
64	1789
64	1919
65	2433
65	2340
65	2856
65	1545
65	1419
65	1971
65	1464
65	1854
65	3136
66	2851
66	1992
66	2762
66	2443
66	2188
66	2797
66	2192
66	1173
66	1787
67	1251
67	1700
67	2539
67	1265
67	2033
67	2869
67	3193
67	2555
67	1180
68	2178
68	2216
68	2345
68	2483
68	1044
68	3127
68	1724
68	1597
68	1984
69	1570
69	3141
69	2789
69	2251
69	1550
69	2992
69	1467
69	1338
69	1595
70	2081
70	2849
70	1189
70	2726
70	2438
70	2451
70	1559
70	1723
70	1436
71	1538
71	1765
71	2861
71	2254
71	1999
71	1588
71	1239
71	1054
71	2016
72	2727
72	1895
72	1257
72	1959
72	3210
72	2798
72	3056
72	1781
72	1464
73	1033
73	2154
73	2090
73	2985
73	1837
73	1712
73	1904
73	1877
73	2265
74	1732
74	1865
74	1199
74	1583
74	2002
74	2932
74	1333
74	1980
74	2591
75	1444
75	3141
75	2694
75	1420
75	2766
75	1716
75	2456
75	1307
75	1253
76	1668
76	2919
76	1384
76	2153
76	1646
76	2416
76	1392
76	2165
76	1077
77	2562
77	1987
77	1995
77	1709
77	2674
77	1205
77	1526
77	2008
77	1562
78	3042
78	1912
78	2578
78	2452
78	2167
78	1432
78	1207
78	2618
78	2300
79	2436
79	1029
79	3111
79	2601
79	2187
79	1227
79	2285
79	1305
79	1242
80	1579
80	1677
80	2927
80	3155
80	1174
80	1945
80	2682
80	2524
81	2691
81	2086
81	2216
81	2698
81	2124
81	2100
81	2006
81	1117
82	2627
82	1290
82	1165
82	2573
82	2128
82	2065
82	2357
82	1019
83	1826
83	2244
83	2311
83	2954
83	1676
83	2224
83	1433
83	1628
84	2787
84	1046
84	1193
84	2892
84	1727
84	1918
84	1967
84	3063
85	2403
85	1412
85	2883
85	2630
85	2249
85	2384
85	2514
85	2110
86	2275
86	2580
86	3064
86	1947
86	1020
86	1309
86	2528
86	2615
87	1858
87	1001
87	1578
87	2764
87	2893
87	1681
87	1170
87	1309
88	3013
88	1726
88	3115
88	2127
88	3056
88	1336
88	1566
88	3136
89	2945
89	2178
89	1063
89	2792
89	1136
89	2359
89	3033
89	2268
90	1697
90	1123
90	2373
90	1408
90	1678
90	1810
90	2738
90	2560
91	1505
91	2467
91	2692
91	2277
91	2635
91	1336
91	1849
91	1594
92	3105
92	1827
92	1191
92	2888
92	1673
92	1706
92	1101
92	1212
93	1906
93	2520
93	1334
93	1719
93	2120
93	2542
93	2239
93	2945
94	1025
94	2275
94	2468
94	1352
94	2516
94	1850
94	1179
94	1150
95	1034
95	2099
95	1940
95	2614
95	2394
95	1499
95	1278
95	1696
96	2501
96	1447
96	1514
96	2187
96	2808
96	3023
96	2616
96	3161
97	2561
97	2755
97	2193
97	1813
97	2265
97	2779
97	2270
97	2304
98	2722
98	2660
98	2700
98	2386
98	1906
98	2712
98	2013
98	2848
99	1764
99	2471
99	1261
99	1072
99	3032
99	2842
99	1659
99	1376
100	2436
100	2184
100	1482
100	2445
100	2996
100	2427
100	1085
100	2142
101	1601
101	2488
101	1445
101	2120
101	1737
101	2826
101	1302
101	1242
102	1194
102	1932
102	1326
102	2511
102	1616
102	2866
102	1402
102	1855
103	3110
103	2889
103	2959
103	1649
103	3189
103	1815
103	2879
103	2400
104	2659
104	1872
104	3185
104	1139
104	2810
104	2428
104	2717
104	2106
105	2533
105	2568
105	2387
105	2547
105	2998
105	2615
105	1721
105	2236
106	1321
106	2858
106	1354
106	1004
106	1291
106	1617
106	2747
106	2334
107	1825
107	2919
107	1900
107	1651
107	1943
107	1817
107	2105
107	1213
108	1633
108	2275
108	3208
108	2220
108	1998
108	1976
108	1278
108	2976
109	2245
109	2917
109	1164
109	1453
109	2965
109	1045
109	3031
109	1753
110	1734
110	2216
110	2058
110	2767
110	1906
110	2740
110	1529
110	2491
111	1217
111	3171
111	2276
111	1416
111	2537
111	2510
111	2511
111	2462
112	1433
112	2407
112	1488
112	3024
112	2134
112	2934
112	1369
112	1658
113	1859
113	1605
113	2376
113	1931
113	1358
113	1522
113	2229
113	2432
114	2757
114	2406
114	1256
114	2568
114	2315
114	1165
114	2224
114	2037
115	2088
115	1801
115	2126
115	2672
115	2962
115	2421
115	2455
115	1408
116	2673
116	2034
116	2243
116	1879
116	1354
116	2474
116	2895
116	1161
117	2599
117	2250
117	1770
117	2317
117	1749
117	2456
117	1497
117	1756
118	1441
118	2017
118	1936
118	1368
118	2711
118	1020
118	2272
118	2615
119	3179
119	2411
119	3053
119	1399
119	1113
119	3036
119	2527
119	2912
120	2403
120	2697
120	2444
120	1390
120	2322
120	2069
120	3037
120	2624
121	3078
121	2440
121	2184
121	1515
121	2897
121	2993
121	1854
121	1952
122	1249
122	3036
122	2345
122	1880
122	3157
122	1304
122	2296
122	1021
123	3146
123	2668
123	2989
123	1618
123	3124
123	1048
123	1721
123	1118
124	2761
124	1034
124	3020
124	3187
124	1559
124	2649
124	2878
124	2143
125	2401
125	1026
125	1216
125	1935
125	1076
125	2902
125	1401
125	1568
126	2694
126	1990
126	2572
126	1516
126	3187
126	2519
126	2201
126	1437
127	1347
127	1479
127	3150
127	1968
127	2161
127	2355
127	1780
127	1288
128	2817
128	3107
128	2342
128	3207
128	2927
128	3196
128	2589
128	1022
129	1730
129	2463
129	1672
129	3147
129	3188
129	1269
129	3198
129	2591
130	2114
130	2341
130	1510
130	2544
130	1430
130	2745
130	1722
130	2815
131	1192
131	2825
131	1359
131	1809
131	1109
131	2613
131	2521
131	1531
132	2820
132	2181
132	1449
132	1330
132	1429
132	1174
132	1910
132	1725
133	1926
133	1191
133	2412
133	1868
133	2382
133	2259
133	2553
133	2111
134	1793
134	3075
134	1701
134	2725
134	2439
134	1071
134	2749
134	3167
135	2850
135	2469
135	3084
135	2289
135	1717
135	3160
135	1401
135	2815
136	1834
136	1504
136	1549
136	2063
136	1492
136	1978
136	1053
136	2784
137	2913
137	2694
137	2599
137	2088
137	1484
137	2253
137	1327
137	3194
138	2882
138	2170
138	1255
138	2441
138	2938
138	2571
138	2990
138	2368
139	2149
139	1478
139	2192
139	2142
139	2487
139	2904
139	1532
139	1182
140	2273
140	3141
140	1643
140	2448
140	2644
140	2421
140	2585
140	2492
141	1345
141	2978
141	3202
141	3089
141	3062
141	2297
141	3162
141	1403
142	1250
142	2664
142	1036
142	1773
142	1518
142	1680
142	2131
142	2522
143	2468
143	1683
143	1139
143	2326
143	1432
143	2010
143	2176
143	3168
144	1761
144	2441
144	2025
144	1246
144	2140
144	2541
144	2270
144	2490
145	2564
145	2534
145	2703
145	2164
145	1748
145	1238
145	1911
145	2905
146	2466
146	3018
146	1165
146	3152
146	1202
146	2419
146	1658
146	1564
147	1254
147	1673
147	1482
147	1361
147	2682
147	2199
147	2010
147	2015
148	1346
148	2338
148	3118
148	2383
148	2993
148	2451
148	3029
148	2301
149	2244
149	1769
149	3053
149	1870
149	2291
149	2196
149	1534
149	3169
150	2595
150	1670
150	2119
150	2280
150	1295
150	1492
150	1782
150	2459
151	1505
151	2900
151	3183
151	3130
151	1483
151	2076
151	3167
152	3107
152	1203
152	2679
152	1224
152	3065
152	3145
152	2479
153	1636
153	1588
153	2260
153	2744
153	1353
153	2011
153	1807
154	1041
154	2690
154	1105
154	3204
154	2250
154	3018
154	2511
155	1746
155	2530
155	1589
155	2230
155	1803
155	3021
155	1376
156	3045
156	3126
156	2472
156	1305
156	2826
156	3147
156	1407
157	1842
157	2357
157	1686
157	3129
157	2298
157	2812
157	1872
158	1329
158	1745
158	3155
158	2451
158	1638
158	2342
158	1355
159	1489
159	1159
159	2745
159	1690
159	1164
159	1391
159	1696
160	1521
160	1963
160	1051
160	2619
160	1465
160	1100
160	2348
161	1783
161	3144
161	2202
161	1151
161	2828
161	2158
161	2191
162	2690
162	1264
162	1266
162	1811
162	2034
162	2135
162	1161
163	1361
163	2505
163	3097
163	1195
163	1900
163	1549
163	3136
164	1406
164	3191
164	2702
164	1641
164	3085
164	2334
164	1456
165	2498
165	3060
165	2508
165	1384
165	2315
165	2412
165	1471
166	1875
166	2203
166	3003
166	2204
166	1469
166	2046
166	1727
167	1073
167	2963
167	2804
167	2791
167	2344
167	1822
167	2847
168	1754
168	2056
168	1674
168	1243
168	2574
168	1103
168	2847
169	2868
169	2629
169	2262
169	2880
169	1084
169	3101
169	1056
170	2173
170	2529
170	1636
170	1367
170	1960
170	1771
170	2859
171	2161
171	1426
171	2293
171	1158
171	3126
171	2169
171	2234
172	2035
172	2069
172	2487
172	1128
172	2378
172	1437
172	1808
173	2278
173	2680
173	3151
173	2716
173	2013
173	2748
173	1567
174	2114
174	1747
174	2740
174	1593
174	1070
174	2367
174	2912
175	3205
175	3013
175	1015
175	1957
175	1693
175	1454
175	1887
176	1343
176	3043
176	2533
176	1095
176	2312
176	2159
176	2047
177	2765
177	2789
177	3014
177	2986
177	2973
177	2623
177	1008
178	1201
178	1204
178	1350
178	1750
178	2047
178	2973
178	2735
179	1076
179	2726
179	1480
179	1513
179	1579
179	1934
179	3104
180	1156
180	2244
180	2168
180	1688
180	1354
180	1084
180	1950
181	2113
181	2364
181	2755
181	1061
181	3194
181	1995
181	1244
182	1026
182	1700
182	1429
182	1175
182	1352
182	2009
182	2558
183	1027
183	2083
183	1670
183	2283
183	1904
183	1307
183	3024
184	2369
184	2110
184	3206
184	1032
184	3082
184	3003
184	2062
185	3153
185	2242
185	2404
185	1284
185	2182
185	1496
185	2939
186	2704
186	1733
186	2181
186	2008
186	1215
186	2735
186	2080
187	1189
187	1493
187	2391
187	1864
187	2394
187	2062
187	2624
188	2771
188	2740
188	3093
188	3139
188	3084
188	1614
188	1087
189	1873
189	3044
189	1189
189	2518
189	2071
189	2073
189	2080
190	1265
190	3213
190	1972
190	2389
190	1448
190	1964
190	1901
191	1234
191	2994
191	2357
191	2936
191	3181
191	2302
191	2864
192	2353
192	3031
192	1240
192	2103
192	1626
192	1979
192	2367
193	2987
193	1882
193	2858
193	2219
193	1325
193	1711
193	2128
194	3058
194	1516
194	1386
194	2684
194	1356
194	2429
194	3200
195	3197
195	1491
195	2015
195	2667
195	1917
195	1214
195	1807
196	2513
196	2452
196	2926
196	1030
196	1978
196	2954
196	3150
197	2770
197	2199
197	2040
197	1079
197	2855
197	2348
197	1102
198	2358
198	2438
198	2635
198	1386
198	1355
198	1726
198	1280
199	2228
199	1317
199	3163
199	2455
199	1497
199	2571
199	1360
200	2211
200	2739
200	1574
200	2446
200	1690
200	3038
200	1855
201	1089
201	2930
201	1013
201	2934
201	1111
201	1145
201	2496
202	2163
202	2596
202	2661
202	2166
202	2768
202	2732
202	1264
203	1539
203	1926
203	2152
203	1866
203	1547
203	2284
203	1024
204	2081
204	2351
204	2664
204	1305
204	2618
204	2300
204	2671
205	3010
205	2228
205	2006
205	1080
205	1992
205	2967
205	2170
206	2625
206	1474
206	2354
206	2486
206	2951
206	3067
206	3052
207	3042
207	1220
207	1556
207	1175
207	1545
207	2698
207	3134
208	1852
208	2181
208	2583
208	2476
208	2543
208	1440
208	1666
209	1683
209	3012
209	3205
209	2165
209	3096
209	1711
209	3104
210	1794
210	1876
210	2966
210	2231
210	1353
210	1403
210	1388
211	2129
211	1063
211	2238
211	2617
211	1675
211	1789
211	1966
212	1553
212	2205
212	1989
212	1736
212	1593
212	1051
212	1341
213	1971
213	3182
213	2727
213	2656
213	1086
213	1167
213	2335
214	1553
214	2396
214	2868
214	1111
214	2060
214	2655
214	2160
215	2639
215	2292
215	2921
215	2026
215	1370
215	3002
215	1439
216	3138
216	1187
216	2035
216	2649
216	3195
216	2604
216	1904
217	2593
217	3106
217	1395
217	3033
217	1193
217	2650
217	2060
218	2050
218	1843
218	2167
218	2217
218	2523
218	1148
218	2796
219	2001
219	2338
219	1140
219	3046
219	1177
219	2795
219	2364
220	2449
220	1490
220	3071
220	2055
220	1022
220	1535
220	2656
221	1782
221	3015
221	1642
221	1291
221	2350
221	2030
221	1680
222	3025
222	1951
222	2687
222	2155
222	2685
222	2670
222	2462
223	3140
223	1877
223	3001
223	1210
223	1627
223	2429
223	3023
224	2084
224	1003
224	2256
224	2579
224	1747
224	1395
224	2806
225	1123
225	2551
225	2487
225	2313
225	1052
225	2768
225	2115
226	1089
226	2669
226	1156
226	1767
226	1405
226	2844
226	1277
227	2385
227	2929
227	2714
227	1463
227	2362
227	1038
227	1238
228	1537
228	1698
228	1188
228	1769
228	1404
228	2607
228	2096
229	2193
229	3174
229	1463
229	2683
229	2189
229	1550
229	1238
230	3073
230	2722
230	1382
230	2983
230	2904
230	1466
230	1984
231	2177
231	1222
231	2503
231	2742
231	2379
231	2622
231	2864
232	1681
232	2994
232	1654
232	3190
232	1720
232	2617
232	1466
233	1140
233	3046
233	2214
233	2774
233	2999
233	2286
233	2592
234	2101
234	1338
234	2780
234	1837
234	2943
234	2976
234	2552
235	2897
235	2598
235	1415
235	2136
235	2902
235	2744
235	1804
236	2769
236	2899
236	1668
236	1061
236	2457
236	3199
236	2512
237	2002
237	2803
237	3123
237	2440
237	1677
237	2382
237	2223
238	2387
238	2821
238	1094
238	1430
238	1993
238	2540
238	1312
239	3185
239	1414
239	2861
239	1384
239	2380
239	1357
239	1792
240	2577
240	2402
240	2787
240	1285
240	2150
240	2887
240	1337
241	2325
241	2349
241	1048
241	2715
241	2716
241	1501
241	1822
242	2415
242	2995
242	1159
242	1751
242	2970
242	2430
242	3055
243	2145
243	1699
243	2004
243	1448
243	1865
243	2618
243	1596
244	2051
244	2524
244	2200
244	2281
244	2331
244	1212
244	1999
245	2834
245	2309
245	1014
245	2776
245	2282
245	1916
245	2416
246	1921
246	2422
246	1608
246	2890
246	1722
246	2811
247	2362
247	3195
247	3180
247	1215
247	2891
247	2095
248	1157
248	1573
248	1143
248	1160
248	2264
248	1023
249	2397
249	1833
249	1035
249	2172
249	1901
249	1950
250	2809
250	1269
250	2837
250	2920
250	1961
250	1676
251	1490
251	2052
251	1317
251	1928
251	1498
251	1293
252	3042
252	1253
252	1657
252	2973
252	2140
252	1469
253	1731
253	1075
253	3139
253	1894
253	1241
253	3069
254	3121
254	2818
254	2408
254	1742
254	2559
254	2037
255	1634
255	2517
255	2406
255	2471
255	1291
255	1230
256	1713
256	2450
256	2898
256	2197
256	1081
256	1759
257	1523
257	2504
257	2393
257	2859
257	1567
257	1947
258	3201
258	1609
258	2042
258	2300
258	2605
258	2478
259	1425
259	3204
259	2295
259	2809
259	1194
259	2895
260	1985
260	2772
260	1606
260	1913
260	1771
260	2719
261	1873
261	2968
261	1317
261	1560
261	2283
261	1839
262	2274
262	2195
262	1949
262	1259
262	2109
262	3102
263	2097
263	2066
263	2597
263	2310
263	1114
263	2460
264	1841
264	1335
264	3016
264	1113
264	1003
264	1166
265	2107
265	2246
265	1574
265	2411
265	2910
265	1038
266	2785
266	3091
266	2852
266	1973
266	1710
266	1679
267	2705
267	1362
267	3122
267	3067
267	1663
267	2585
268	1698
268	2389
268	2840
268	1369
268	3052
268	2175
269	2085
269	1592
269	2872
269	1243
269	1515
269	2749
270	1602
270	1587
270	3176
270	2123
270	2543
270	1666
271	1096
271	2782
271	1387
271	2398
271	1839
271	1218
272	1393
272	1860
272	2936
272	3017
272	2589
272	2432
273	2513
273	2720
273	1589
273	2952
273	1178
273	1152
274	1153
274	1407
274	1923
274	2696
274	1743
274	1552
275	1155
275	1126
275	3001
275	1756
275	1518
275	1360
276	2195
276	2037
276	1279
276	2044
276	1087
276	3072
277	1985
277	2179
277	1716
277	3157
277	1287
277	3116
278	1318
278	2579
278	1109
278	1946
278	2332
278	2806
279	1026
279	2498
279	2404
279	1286
279	1897
279	1802
280	2499
280	1380
280	1260
280	2429
280	1182
280	1119
281	1937
281	1219
281	2916
281	2501
281	1532
281	1584
282	3188
282	2452
282	2631
282	2012
282	1165
282	1951
283	3061
283	3177
283	2699
283	2494
283	1471
283	2016
284	1653
284	2774
284	2327
284	3193
284	1530
284	2558
285	2760
285	1191
285	3144
285	1515
285	2124
285	2223
286	2545
286	2965
286	1511
286	2122
286	1531
286	2972
287	1857
287	3185
287	3027
287	1540
287	2566
287	2336
288	2417
288	2849
288	2627
288	2019
288	1812
288	1172
289	2481
289	1282
289	2850
289	2230
289	1472
289	1056
290	2755
290	3125
290	3034
290	2619
290	1772
290	2525
291	2545
291	2289
291	1747
291	2107
291	2636
291	1919
292	1537
292	3089
292	1572
292	1063
292	3017
292	2922
293	1378
293	1156
293	3191
293	1257
293	1596
293	2221
294	3009
294	1426
294	2867
294	1764
294	1972
294	3147
295	2819
295	3211
295	2570
295	1547
295	2734
295	3006
296	2595
296	1798
296	3111
296	1628
296	1902
296	1520
297	1315
297	1990
297	1544
297	3034
297	2203
297	1436
298	2130
298	2500
298	2533
298	1112
298	3051
298	1871
299	2547
299	2975
299	1477
299	2841
299	1946
299	2879
300	1123
300	2708
300	2979
300	1302
300	2263
300	1744
301	1168
301	1639
301	2665
301	1995
301	3037
301	2800
302	3106
302	2983
302	1720
302	2538
302	1832
302	1368
303	3075
303	2532
303	1471
303	3065
303	1774
303	1743
304	1297
304	2226
304	3046
304	2715
304	1483
304	1740
305	1640
305	1851
305	2444
305	2702
305	1407
305	1552
306	3170
306	3204
306	3132
306	2844
306	1183
306	1344
307	1508
307	2548
307	2392
307	1594
307	1982
307	3175
308	2609
308	1318
308	1335
308	1928
308	2843
308	2398
309	1154
309	2291
309	1878
309	3191
309	2217
309	2172
310	1729
310	1303
310	2827
310	1948
310	2141
310	1982
311	1028
311	2725
311	2840
311	3134
311	2111
311	3120
312	1801
312	2154
312	3122
312	1236
312	1785
312	2585
313	2417
313	1186
313	1273
313	1836
313	2672
313	1328
314	1971
314	2916
314	1254
314	1545
314	2314
314	1563
315	1811
315	2407
315	2536
315	1737
315	2012
315	2877
316	1074
316	2322
316	2391
316	2842
316	2590
316	2271
317	1250
317	2131
317	1780
317	2419
317	1930
317	1660
318	1841
318	1876
318	2180
318	2584
318	1913
318	1438
319	1317
319	2421
319	2519
319	2600
319	2793
319	1272
320	2145
320	1010
320	1622
320	1306
320	2604
320	2270
321	1146
321	2718
321	3160
321	2442
321	1422
321	1232
322	2401
322	1874
322	1588
322	1078
322	3099
322	2525
323	2258
323	1219
323	1091
323	1957
323	3059
323	2736
324	2627
324	2308
324	1576
324	2938
324	3195
324	1134
325	2049
325	2981
325	1222
325	3110
325	1095
325	1083
326	2932
326	2757
326	3189
326	1270
326	2360
326	2575
327	2049
327	1618
327	1509
327	2935
327	1609
327	1692
328	1237
328	1991
328	1449
328	3019
328	2971
328	1456
329	2593
329	1475
329	3123
329	3116
329	1021
329	2527
330	1057
330	2036
330	2853
330	2392
330	3039
330	1296
331	2465
331	1060
331	1722
331	2843
331	1599
331	2528
332	1156
332	1797
332	2900
332	1848
332	2911
332	1488
333	1009
333	3171
333	1973
333	2920
333	2778
333	2752
334	1057
334	1734
334	2534
334	3002
334	2572
334	2094
335	1121
335	2179
335	1422
335	1758
335	2239
335	2945
336	1778
336	1299
336	1893
336	1734
336	1656
336	1917
337	1253
337	3031
337	2202
337	2299
337	2652
337	2368
338	3105
338	1814
338	2184
338	1418
338	1965
338	2800
339	2146
339	1714
339	1749
339	1670
339	2733
339	2414
340	1443
340	2260
340	2184
340	2477
340	1102
340	1119
341	1186
341	1027
341	2804
341	1717
341	2905
341	1499
342	2387
342	1124
342	2707
342	1606
342	2823
342	3048
343	2931
343	2488
343	2761
343	1819
343	1487
343	1040
344	2721
344	2559
344	2395
344	1468
344	1439
344	2037
345	2017
345	2593
345	2497
345	1860
345	1753
345	2218
346	2454
346	2711
346	1368
346	2297
346	2521
346	2303
347	3188
347	2021
347	2005
347	1194
347	1451
347	2909
348	2033
348	1203
348	2264
348	2810
348	3115
348	2381
349	1763
349	2956
349	2688
349	1276
349	1183
349	1648
350	2433
350	3026
350	2836
350	1110
350	1047
350	1195
351	2341
351	2150
351	1062
351	3146
351	2491
351	1231
352	2943
352	2743
352	1131
352	3020
352	2574
352	2095
353	1671
353	1065
353	2671
353	2588
353	1421
353	1487
354	1387
354	2484
354	2043
354	1104
354	1218
354	1652
355	1058
355	3158
355	2647
355	1655
355	1707
355	1867
356	2356
356	1464
356	1706
356	1320
356	2255
356	3120
357	1092
357	3060
357	2598
357	1260
357	1485
357	2252
358	3081
358	1275
358	1132
358	1374
358	2639
358	2384
359	2370
359	1539
359	2691
359	1484
359	2686
359	2960
360	2545
360	1122
360	1362
360	1621
360	3001
360	2683
361	2149
361	2896
361	3128
361	2873
361	2654
361	2836
362	1202
362	2802
362	1753
362	1898
362	2751
362	2848
363	2883
363	1770
363	2986
363	1244
363	3102
363	1600
364	2117
364	2581
364	2966
364	2633
364	1936
364	2815
365	2273
365	1522
365	2614
365	2519
365	2984
365	1655
366	2964
366	2676
366	1830
366	2869
366	2424
366	2996
367	1064
367	2567
367	1239
367	1965
367	3134
367	3008
368	1757
368	2727
368	1799
368	1018
368	3165
368	2015
369	2759
369	2920
369	2009
369	1642
369	3161
369	2207
370	2914
370	1284
370	1140
370	1077
370	1400
370	2608
371	2913
371	1528
371	2950
371	2631
371	2984
371	1210
372	1985
372	1122
372	2020
372	1365
372	1979
372	2892
373	2466
373	1765
373	2566
373	3061
373	2717
373	1439
374	2947
374	3032
374	2207
374	1404
374	3023
374	2784
375	3035
375	2758
375	1079
375	1739
375	3133
375	2464
376	2977
376	2867
376	1380
376	2724
376	2055
376	1817
377	2924
377	2154
377	2027
377	1536
377	1034
377	2432
378	2449
378	2610
378	1364
378	3165
378	1806
378	2592
379	1746
379	1060
379	1468
379	1819
379	1660
379	2687
380	1573
380	1824
380	1927
380	2042
380	1072
380	1344
381	2353
381	1890
381	3108
381	2183
381	2937
381	2090
382	3073
382	2372
382	2710
382	2505
382	2745
382	1231
383	2733
383	2867
383	2023
383	1962
383	1805
383	2624
384	1425
384	2869
384	2277
384	2327
384	2301
384	1646
385	3137
385	1170
385	2901
385	1914
385	3036
385	2415
386	2914
386	2774
386	1031
386	1079
386	1003
386	3004
387	2358
387	2326
387	2248
387	2603
387	2542
387	3167
388	1855
388	2791
388	1527
388	2958
388	2638
388	2879
389	3172
389	2072
389	2668
389	2093
389	1070
389	1276
390	2674
390	2788
390	1397
390	2793
390	3117
390	1151
391	2098
391	1955
391	2756
391	1637
391	1909
391	2876
392	1654
392	2408
392	2237
392	2830
392	2975
392	2352
393	1992
393	2611
393	2248
393	2298
393	1740
393	1470
394	2018
394	2550
394	2999
394	1928
394	3164
394	2328
395	1491
395	1662
395	2922
395	2731
395	2622
396	2001
396	1937
396	2378
396	1356
396	3212
397	2567
397	1544
397	1705
397	1228
397	1582
398	2177
398	3186
398	1465
398	2794
398	2366
399	2721
399	1955
399	2437
399	1958
399	1166
400	2993
400	2642
400	1683
400	3156
400	3154
401	1281
401	1202
401	1300
401	1800
401	3184
402	2052
402	1813
402	1322
402	1963
402	2480
403	2930
403	3206
403	2648
403	3176
403	2397
404	2164
404	2968
404	2143
404	1263
404	2424
405	2710
405	2058
405	2830
405	2287
405	2106
406	3203
406	3000
406	2972
406	2446
406	2256
407	1380
407	2331
407	1542
407	1835
407	1964
408	1653
408	1286
408	3029
408	2487
408	1943
409	2068
409	2629
409	1472
409	2428
409	1424
410	2929
410	2788
410	3158
410	3195
410	2654
411	1041
411	2166
411	2329
411	2522
411	1504
412	2340
412	2186
412	2492
412	3149
412	1375
413	2237
413	1285
413	1301
413	2953
413	3181
414	1938
414	1173
414	2967
414	2440
414	2208
415	1809
415	1752
415	1642
415	1135
415	1583
416	1798
416	2522
416	1611
416	1580
416	2560
417	2963
417	2660
417	2584
417	1913
417	2538
418	3005
418	2808
418	2650
418	2923
418	1901
419	1017
419	2858
419	2565
419	1266
419	2640
420	2068
420	2791
420	2136
420	1359
420	1136
421	1585
421	1107
421	1477
421	3031
421	1565
422	2817
422	1619
422	2693
422	1086
422	1280
423	3172
423	2087
423	2718
423	1371
423	1246
424	2082
424	1958
424	1974
424	1691
424	2462
425	2820
425	1718
425	2729
425	2380
425	2045
426	2449
426	1220
426	1461
426	2106
426	1211
427	3154
427	1179
427	2872
427	1163
427	1246
428	1603
428	3131
428	1323
428	2652
428	2125
429	2385
429	2884
429	2073
429	2973
429	2253
430	2386
430	1011
430	1621
430	2088
430	1801
431	1137
431	2871
431	2600
431	1918
431	2751
432	1693
432	3012
432	2532
432	1116
432	1117
433	1169
433	1861
433	2665
433	2750
433	3087
434	2499
434	2807
434	3177
434	2539
434	1356
435	1634
435	1525
435	2007
435	2792
435	1631
436	1905
436	2786
436	2633
436	3080
436	2815
437	3170
437	1256
437	1353
437	1548
437	1225
438	2211
438	2469
438	2988
438	1966
438	2959
439	2770
439	2691
439	2822
439	2142
439	2383
440	2520
440	2708
440	1605
440	2343
440	2103
441	2899
441	2261
441	2887
441	3064
441	1502
442	2611
442	2628
442	1701
442	2598
442	1078
443	2596
443	2821
443	1752
443	1261
443	2175
444	2097
444	2146
444	2563
444	2554
444	2319
445	2590
445	1342
445	1245
445	2222
445	2495
446	1827
446	2182
446	2361
446	3118
446	1616
447	2321
447	2198
447	1130
447	1467
447	2191
448	3010
448	2499
448	2148
448	1284
448	1566
449	2434
449	2116
449	1413
449	3012
449	1684
450	2612
450	2597
450	2328
450	2266
450	2288
451	1473
451	1234
451	1719
451	1623
451	3103
452	2963
452	2278
452	2795
452	1403
452	1792
453	1185
453	2737
453	2595
453	2168
453	2824
454	1881
454	1321
454	2586
454	3148
454	2735
455	2574
455	2780
455	2950
455	1639
455	2552
456	3137
456	1841
456	1133
456	3101
456	1517
457	1894
457	1292
457	2989
457	1724
457	1840
458	2003
458	3196
458	1738
458	1612
458	3167
459	2532
459	1607
459	1481
459	2555
459	1150
460	1428
460	2872
460	1033
460	2507
460	2955
461	1714
461	1206
461	2104
461	3210
461	1886
462	2685
462	2834
462	1676
462	2565
462	2640
463	3059
463	3013
463	2727
463	1503
463	1392
464	1918
464	2602
464	2059
464	1614
464	1167
465	1980
465	1495
465	2827
465	3052
465	2347
466	2695
466	2728
466	2871
466	1757
466	1455
467	2803
467	2116
467	1428
467	2507
467	3119
468	1144
468	3081
468	2586
468	1531
468	1420
469	1828
469	1242
469	1194
469	1563
469	3070
470	2162
470	2038
470	2952
470	1657
470	3163
471	1651
471	2773
471	1435
471	2076
471	1071
472	2353
472	1608
472	1452
472	1166
472	2959
473	1016
473	2950
473	2982
473	1576
473	1339
474	2881
474	3155
474	2612
474	1271
474	2220
475	1891
475	1159
475	1241
475	2751
475	2127
476	1666
476	2373
476	2263
476	2920
476	2365
477	1366
477	2824
477	1768
477	1949
477	2894
478	2675
478	3112
478	2712
478	1066
478	1898
479	1249
479	1170
479	1738
479	1597
479	1598
480	2113
480	2641
480	2676
480	2734
480	2512
481	1394
481	2276
481	2316
481	1630
481	2464
482	1976
482	1024
482	1278
482	1087
482	2624
483	1268
483	1293
483	1655
483	1032
483	1645
484	3170
484	1500
484	1833
484	3114
484	1068
485	2897
485	1080
485	3129
485	1018
485	1180
486	2753
486	2307
486	1288
486	2425
486	1564
487	2658
487	2119
487	1885
487	1518
487	1040
488	2209
488	1971
488	3061
488	1340
488	1724
489	2291
489	2118
489	2039
489	2042
489	2991
490	2433
490	2242
490	1320
490	1097
490	2955
491	2071
491	1944
491	1450
491	3148
491	1198
492	1298
492	2020
492	1717
492	2423
492	1455
493	3154
493	2027
493	1630
493	1067
493	1934
494	1220
494	1289
494	2955
494	2112
494	2448
495	1124
495	2709
495	1529
495	1181
495	2478
496	2563
496	2245
496	2938
496	1263
496	2960
497	1569
497	3096
497	2267
497	1551
497	2704
498	3038
498	3048
498	1453
498	1038
498	1056
499	2531
499	1796
499	1657
499	2218
499	3148
500	1090
500	1396
500	2196
500	2174
500	3169
501	1842
501	1604
501	1099
501	1372
501	2158
502	2658
502	2665
502	2522
502	1068
502	2217
503	2884
503	1500
503	1258
503	2460
503	1375
504	1381
504	2759
504	1561
504	2109
504	2224
505	1315
505	2552
505	2984
505	1084
505	1982
506	1849
506	2427
506	1804
506	2764
506	2208
507	2562
507	1141
507	2697
507	2733
507	1760
508	2225
508	2213
508	1783
508	2938
508	2284
509	2227
509	1669
509	2293
509	1373
509	1344
510	2962
510	3043
510	1190
510	2173
510	2190
511	1889
511	2609
511	2356
511	1158
511	2875
512	2677
512	2247
512	1626
512	2621
512	1871
513	1507
513	1557
513	1816
513	2586
513	3179
514	2882
514	1986
514	1011
514	1673
514	2906
515	2692
515	2516
515	2730
515	1691
515	1997
516	2305
516	2482
516	2134
516	1434
516	1035
517	1524
517	1781
517	1784
517	2318
517	2655
518	1141
518	3110
518	1113
518	2874
518	2701
519	2084
519	2053
519	2603
519	1419
519	1055
520	2785
520	2979
520	2332
520	1373
520	2096
521	2884
521	1397
521	1687
521	2556
521	2304
522	1618
522	2290
522	1476
522	2983
522	3143
523	2213
523	2790
523	1976
523	2249
523	2588
524	1012
524	2662
524	2361
524	2717
524	1086
525	2935
525	1879
525	1129
525	2941
525	1646
526	2465
526	2581
526	2806
526	2422
526	2958
527	2556
527	2092
527	2157
527	2126
527	3117
528	2146
528	1314
528	3192
528	1929
528	1296
529	1301
529	3110
529	3126
529	1045
529	3160
530	2982
530	2535
530	2583
530	2171
530	2204
531	3028
531	1303
531	2653
531	3198
531	1200
532	1140
532	1460
532	2885
532	1119
532	1228
532	2079
533	2870
533	2089
533	2219
533	2478
533	1135
534	2545
534	1233
534	2472
534	1546
534	1326
535	1987
535	1862
535	1287
535	2344
535	2646
536	1171
536	1398
536	2923
536	1852
536	1678
537	2291
537	3076
537	3209
537	2074
537	1870
538	3073
538	2772
538	1193
538	2667
538	1915
539	1714
539	2019
539	2070
539	2038
539	2028
540	3057
540	2626
540	1592
540	2057
540	2015
541	3134
541	1080
541	1512
541	2670
541	2112
542	1570
542	2008
542	3082
542	1707
542	2986
543	1267
543	1364
543	1638
543	1799
543	2576
544	2566
544	2582
544	2076
544	1501
544	3119
545	1652
545	3077
545	2668
545	3116
545	2365
546	2513
546	2194
546	2741
546	1351
546	2648
547	2882
547	1411
547	1378
547	1484
547	2781
548	2908
548	2748
548	2636
548	2238
548	1343
549	1026
549	1778
549	1458
549	2827
549	1022
550	1650
550	2486
550	2969
550	1375
550	1200
551	1319
551	1818
551	1116
551	2029
551	2431
552	3140
552	1685
552	2294
552	2101
552	2765
553	1761
553	1960
553	2769
553	2374
553	1896
554	3201
554	2021
554	2663
554	2475
554	3021
555	1667
555	1207
555	1961
555	2783
555	1279
556	1795
556	1046
556	2712
556	1914
556	2811
557	1556
557	2269
557	1895
557	1435
557	2301
558	1939
558	1604
558	3127
558	1273
558	2480
559	3060
559	2197
559	1286
559	2855
559	2318
560	2215
560	1961
560	2493
560	2573
560	1823
561	3132
561	2605
561	2926
561	2991
561	2637
562	1822
562	1419
562	2477
562	2255
562	1069
563	3027
563	2553
563	2682
563	1260
563	1952
564	1892
564	2628
564	2410
564	1469
564	1903
565	2657
565	1189
565	1431
565	2363
565	1295
566	2779
566	2151
566	1016
566	2634
566	2587
567	1857
567	2881
567	2630
567	1994
567	1293
568	2657
568	2310
568	1735
568	2489
568	2266
569	1042
569	2550
569	2151
569	1229
569	2366
570	2294
570	1499
570	2204
570	1101
570	2431
571	3107
571	1716
571	1340
571	2846
571	1103
572	2675
572	1383
572	1771
572	1084
572	2864
573	1841
573	1106
573	1572
573	2341
573	2420
574	2353
574	2402
574	1863
574	1517
574	2974
575	1137
575	2917
575	2458
575	2093
575	1919
576	1378
576	2532
576	1684
576	1868
576	2383
577	1541
577	1415
577	2443
577	2526
577	3200
578	3153
578	3092
578	1055
578	2206
578	1823
579	2369
579	1809
579	1812
579	2137
579	1374
580	1327
580	2980
580	1733
580	1621
580	1551
581	1330
581	2588
581	3212
581	1214
581	1791
582	2946
582	1909
582	2167
582	2506
582	1326
583	2695
583	2411
583	2893
583	1598
583	2432
584	2964
584	2758
584	3056
584	1439
584	2896
585	2177
585	2001
585	2258
585	2132
585	3183
586	1139
586	1542
586	1080
586	1257
586	1097
587	1905
587	1124
587	1662
587	1049
587	2222
588	2886
588	1094
588	2728
588	1322
588	3135
589	3189
589	2280
589	1672
589	2637
589	2014
590	3090
590	1765
590	1861
590	3193
590	2860
591	2078
591	1224
591	2298
591	1212
591	1582
592	2548
592	2853
592	1134
592	2541
592	3175
593	2661
593	2343
593	2231
593	2666
593	2528
594	1954
594	2834
594	1146
594	2711
594	2890
595	2690
595	2370
595	2663
595	1929
595	2510
596	1409
596	2717
596	1267
596	2838
596	1965
597	1329
597	1188
597	2997
597	2472
597	2824
598	1875
598	2234
598	2488
598	1546
598	2511
599	3187
599	1221
599	2647
599	1627
599	1581
600	2786
600	2995
600	1863
600	2875
600	1694
601	2385
601	1557
601	2267
601	1998
601	1199
602	1363
602	2948
602	1017
602	2447
602	2752
603	2785
603	2212
603	2453
603	1564
603	2829
604	2689
604	2261
604	2709
604	2584
604	1049
605	2944
605	3114
605	1004
605	2829
605	2288
606	2268
606	2893
606	2622
606	2767
606	2352
607	2241
607	1268
607	1735
607	1888
607	1328
608	2243
608	2948
608	1369
608	1423
608	1120
609	2052
609	2457
609	1196
609	1981
609	1664
610	2658
610	1256
610	1610
610	3150
610	1744
611	2050
611	2227
611	1561
611	1882
611	2605
612	1299
612	1428
612	2869
612	3096
612	1897
613	1666
613	1259
613	1514
613	2923
613	3164
614	2764
614	1933
614	2526
614	3128
614	2836
615	1108
615	2135
615	3022
615	2367
615	3040
616	1506
616	2083
616	1459
616	2683
616	1215
617	1958
617	1479
617	3161
617	2458
617	1036
618	1185
618	1961
618	2746
618	2089
618	2127
619	3057
619	2915
619	2526
619	2799
619	3120
620	1829
620	1830
620	2381
620	2939
620	1645
621	2163
621	2295
621	2024
621	2956
621	1710
622	1713
622	2801
622	1988
622	1389
622	1486
623	2823
623	1832
623	1112
623	2379
623	1229
624	2866
624	2648
624	2303
624	2607
624	1824
625	1297
625	1523
625	2086
625	1702
625	2507
626	2233
626	1699
626	1333
626	1912
627	1542
627	1908
627	2933
627	2662
628	2669
628	2443
628	1573
628	1488
629	1803
629	1679
629	2671
629	3080
630	3145
630	1668
630	2375
630	1496
631	3172
631	2125
631	1088
631	2032
632	2961
632	1577
632	2918
632	2174
633	1167
633	2221
633	1878
633	2175
634	1521
634	2564
634	3143
634	1896
635	1853
635	2013
635	1285
635	2823
636	1300
636	2554
636	1571
636	1892
637	2179
637	1133
637	2998
637	2351
638	1306
638	3068
638	2390
638	2486
639	2297
639	1371
639	1391
639	1880
640	1943
640	2876
640	1887
640	2508
641	1090
641	1555
641	1324
641	1074
642	1100
642	1560
642	1303
642	1400
643	2865
643	1599
643	2680
643	2833
644	3033
644	1936
644	1423
644	1304
645	1417
645	1842
645	2156
645	1790
646	2762
646	1379
646	1830
646	2311
647	1484
647	2374
647	2079
647	1528
648	1129
648	1274
648	2011
648	2805
649	2321
649	1186
649	1099
649	1736
650	2129
650	2146
650	2393
650	1644
651	1505
651	1522
651	1706
651	2301
652	3100
652	1356
652	3069
652	2839
653	2977
653	1643
653	1251
653	2799
654	1009
654	1611
654	2747
654	3015
655	2282
655	1085
655	1582
655	2750
656	3194
656	1307
656	1942
656	2743
657	3162
657	2483
657	1669
657	1218
658	2185
658	1650
658	2317
658	1911
659	2857
659	2834
659	3038
659	1127
660	2489
660	2339
660	2907
660	1224
661	2123
661	1412
661	1805
661	2512
662	1226
662	1851
662	3045
662	2551
663	1675
663	1925
663	2454
663	1923
664	2756
664	1013
664	1798
664	1581
665	2577
665	1124
665	2405
665	1399
666	1051
666	2220
666	1557
666	2046
667	2678
667	1927
667	2000
667	2803
668	1176
668	3058
668	1415
668	1776
669	1101
669	2133
669	1519
669	1719
670	3002
670	2571
670	2485
670	1390
671	1969
671	2476
671	3087
671	3120
672	3124
672	2531
672	1748
672	1155
673	1213
673	3142
673	1447
673	1552
674	2441
674	2394
674	3180
674	1729
675	1997
675	2245
675	1478
675	3200
676	1915
676	2901
676	1526
676	1615
677	2156
677	1924
677	1741
677	1328
678	1683
678	2165
678	2335
678	2024
679	2337
679	1636
679	1542
679	1740
680	2666
680	1795
680	2470
680	1367
681	2689
681	1042
681	3044
681	2456
682	1457
682	1216
682	3098
682	2736
683	1459
683	2908
683	2989
683	2061
684	2994
684	1383
684	2060
684	2772
685	3025
685	2537
685	1495
685	2999
686	2642
686	1739
686	2822
686	1920
687	1793
687	1050
687	1847
687	1103
688	1289
688	2100
688	3069
688	1847
689	3209
689	2091
689	2004
689	1438
690	3074
690	1283
690	1150
690	2651
691	1162
691	2706
691	2742
691	1759
692	1633
692	2891
692	2599
692	2832
693	1083
693	3136
693	2699
693	1704
694	2473
694	1844
694	2653
694	1168
695	2194
695	2397
695	1586
695	2696
696	1424
696	1967
696	1543
696	3063
697	3173
697	2101
697	1903
697	1559
698	2705
698	1698
698	1558
698	2783
699	1731
699	1884
699	3016
699	1408
700	1881
700	1258
700	2035
700	2946
701	1721
701	2811
701	2454
701	2974
702	2648
702	1434
702	1607
702	1120
703	2641
703	1610
703	2157
703	1138
704	1649
704	1603
704	2387
704	3047
705	2022
705	2523
705	2390
705	1144
706	2819
706	3054
706	2319
706	1632
707	2515
707	2066
707	2371
707	1126
708	1457
708	3026
708	2813
708	2566
709	1053
709	2775
709	3199
709	1533
710	1762
710	1012
710	1733
710	1837
711	1713
711	3084
711	1453
711	1277
712	2147
712	3007
712	1619
712	1671
713	2931
713	1059
713	2155
713	2904
714	2498
714	2730
714	2212
714	1686
715	2106
715	3205
715	1110
715	1845
716	2937
716	2122
716	1691
716	2763
717	2643
717	2396
717	1349
717	1030
718	1425
718	1874
718	2927
718	2839
719	2713
719	1411
719	2008
719	1184
720	1252
720	1149
720	1956
720	1869
721	1777
721	1379
721	2067
721	1077
722	1337
722	1075
722	2190
722	1680
723	1458
723	2100
723	3197
723	2766
724	2642
724	2044
724	2221
724	2578
725	1385
725	1106
725	2396
725	1473
726	3171
726	1927
726	2350
726	2279
727	1553
727	2874
727	2947
727	3135
728	1209
728	3170
728	1602
728	1912
729	2039
729	3051
729	2739
729	1223
730	2262
730	1876
730	2949
730	2236
731	1489
731	1786
731	1131
731	2794
732	2345
732	1090
732	2130
732	2246
733	1251
733	1684
733	1861
733	1935
734	2162
734	1669
734	1831
734	1986
735	2441
735	1275
735	2957
735	1977
736	2461
736	2356
736	1469
736	1008
737	2873
737	2569
737	1791
737	2040
738	3009
738	3049
738	1149
738	2021
739	3211
739	3133
739	2846
739	2776
740	3208
740	1595
740	1412
740	1888
741	3097
741	2124
741	1774
741	3112
742	2833
742	2602
742	2978
742	2741
743	2178
743	1981
743	2546
743	1359
744	2513
744	2091
744	2606
744	1495
745	1370
745	2154
745	3186
745	2306
746	2089
746	1577
746	1580
746	2453
747	1161
747	1477
747	2695
747	1312
748	3095
748	1718
748	2719
748	2240
749	2721
749	2971
749	1959
749	1824
750	1394
750	1845
750	2230
750	1703
751	1177
751	1933
751	1028
751	1461
752	1649
752	1603
752	2332
752	1779
753	2418
753	1637
753	1622
753	2215
754	1947
754	1181
754	1590
754	1232
755	2755
755	2813
755	2371
755	2191
756	3171
756	1053
756	2131
756	2207
757	1001
757	1675
757	1989
757	3095
758	1355
758	2549
758	1734
758	1415
759	2538
759	1677
759	3066
759	2223
760	1811
760	1494
760	2831
760	2120
761	3011
761	1843
761	1851
761	2032
762	1994
762	1939
762	1221
762	1431
763	2003
763	2413
763	1790
763	1640
764	2897
764	2853
764	2903
764	2056
765	1081
765	1578
765	2821
765	1695
766	1354
766	2388
766	1348
766	2120
767	1418
767	2750
767	2903
767	2608
768	1082
768	2735
768	1831
768	3080
769	1833
769	3178
769	1148
769	1975
770	2105
770	2812
770	2693
770	1999
771	2409
771	1059
771	2109
771	1697
772	3041
772	1442
772	3190
772	1162
773	1209
773	2818
773	2235
773	1038
774	2077
774	2880
774	2367
774	1192
775	1626
775	1107
775	2372
775	2504
776	2609
776	1282
776	2910
776	3063
777	2260
777	1014
777	3047
777	1512
778	2297
778	2940
778	1037
778	3086
779	2810
779	1910
779	2330
779	1850
780	1634
780	1508
780	1205
780	2070
781	2721
781	1586
781	1635
781	1659
782	1834
782	1715
782	2670
782	2632
783	2907
783	1260
783	3053
783	1524
784	3166
784	1342
784	1575
784	2088
785	2329
785	1613
785	1462
785	2144
786	1571
786	1349
786	1766
786	2376
787	1058
787	1922
787	2046
787	2232
788	2889
788	1779
788	1470
788	1631
789	2168
789	1902
789	1447
789	1824
790	2329
790	1448
790	2720
790	2360
791	2626
791	1981
791	1069
791	1496
792	2347
792	2348
792	1821
792	2696
793	1370
793	1427
793	1013
793	1294
794	2426
794	1445
794	1366
794	3152
795	1916
795	1228
795	2413
795	2272
796	1441
796	1859
796	1476
796	2709
797	1250
797	1996
797	2334
797	1262
798	2777
798	2610
798	1211
798	2181
799	2461
799	1147
799	1965
799	1760
800	2281
800	2194
800	3052
800	2778
801	1498
801	3003
801	2804
801	1735
802	2409
802	2122
802	1316
802	2677
803	2714
803	1755
803	1886
803	2775
804	1187
804	1507
804	1303
804	3149
805	1554
805	1138
805	2421
805	1735
806	1274
806	2086
806	2199
806	3079
807	1154
807	1635
807	3109
807	2135
808	3019
808	1005
808	1600
808	2688
809	2961
809	1314
809	1054
809	1870
810	2841
810	2443
810	1349
810	2287
811	3051
811	1708
811	2405
811	2133
812	1145
812	2845
812	2990
812	2263
813	3169
813	2082
813	2738
813	1641
814	1802
814	2475
814	3070
814	1427
815	1953
815	2310
815	1061
815	1142
816	1753
816	1298
816	2059
816	1460
817	2153
817	2645
817	1055
817	1624
818	1985
818	1597
818	2423
818	3000
819	2193
819	1130
819	1083
819	1800
820	2502
820	1493
820	2102
820	1319
821	1838
821	1764
821	1797
821	1558
822	1689
822	1018
822	2969
822	2414
823	2779
823	3164
823	1341
823	1728
824	2857
824	2854
824	1815
824	2936
825	1411
825	1125
825	3014
825	1039
826	2753
826	2731
826	1389
826	1037
827	2249
827	2442
827	3141
827	2417
828	2729
828	2110
828	1103
828	1702
829	2569
829	1334
829	1365
829	1758
830	1625
830	1665
830	2943
830	2968
831	2076
831	2928
831	3119
831	2327
832	1192
832	1044
832	3108
832	1936
833	1321
833	2863
833	1196
833	2271
834	1883
834	1796
834	2925
834	2046
835	2472
835	3147
835	3203
835	2496
836	2660
836	1118
836	2190
836	2160
837	2323
837	1788
837	2430
837	2190
838	2349
838	2678
838	1783
838	1624
839	2170
839	2467
839	1900
839	2797
840	1065
840	1826
840	1059
840	3144
841	1538
841	2115
841	3072
841	1848
842	1481
842	1283
842	1092
842	1768
843	2054
843	1062
843	1941
843	2598
844	2582
844	3109
844	1974
844	2557
845	1945
845	1874
845	2445
845	2655
846	1625
846	2292
846	2726
846	1728
847	1176
847	1661
847	3159
847	2805
848	2431
848	2308
848	3079
848	2968
849	1665
849	1275
849	2220
849	2531
850	3173
850	1215
850	2031
850	1864
851	3138
851	1962
851	2036
851	1940
852	2502
852	3148
852	2670
852	1550
853	2057
853	2132
853	1085
853	1590
854	1385
854	1502
854	1359
854	1720
855	2233
855	1234
855	1477
855	1399
856	2428
856	2205
856	2534
856	1559
857	2867
857	2838
857	2325
857	1014
858	2987
858	1052
858	1047
858	2115
859	1324
859	1877
859	2999
859	1128
860	1938
860	2372
860	1862
860	2791
861	1098
861	1308
861	2045
861	1908
862	3113
862	1450
862	1539
862	2140
863	2865
863	2117
863	3088
863	2833
864	2017
864	2114
864	2061
864	2110
865	1291
865	2510
865	1767
865	1328
866	2082
866	1381
866	1629
866	1456
867	1681
867	1323
867	2801
867	2253
868	1437
868	2078
868	2775
868	1272
869	2121
869	1644
869	3055
869	2324
870	1105
870	1227
870	2406
870	1975
871	1585
871	2236
871	1277
871	3151
872	2859
872	2312
872	2643
872	1096
873	2665
873	1922
873	2862
873	1327
874	2473
874	3005
874	2509
874	1233
875	2921
875	1315
875	2519
875	3184
876	2754
876	2940
876	1820
876	2007
877	2177
877	2465
877	2771
877	1127
878	1284
878	1357
878	2750
878	1632
879	1330
879	3026
879	1829
879	3159
880	1988
880	3088
880	2470
880	2712
881	2489
881	2155
881	1763
881	2096
882	2873
882	2549
882	2606
882	1992
883	1843
883	1288
883	2814
883	1064
884	3121
884	1491
884	1348
884	1135
885	1745
885	1899
885	1515
885	1775
886	1875
886	2812
886	1191
886	1224
887	2731
887	1070
887	3103
887	2584
888	1667
888	2183
888	2139
888	1399
889	1682
889	2251
889	2029
889	2832
890	1534
890	2339
890	2085
890	1086
891	2625
891	3019
891	1055
891	1171
892	2185
892	3002
892	2363
892	1310
893	2799
893	2856
893	1079
893	1568
894	1866
894	2779
894	2589
894	1712
895	1620
895	2965
895	2751
895	2188
896	2375
896	1418
896	3071
896	1584
897	1410
897	2821
897	2621
897	2613
898	1410
898	1331
898	1094
898	2463
899	1777
899	3098
899	1785
899	3092
900	2882
900	1539
900	1204
900	1762
901	2121
901	1339
901	2701
901	2324
902	2210
902	3004
902	2933
902	3090
903	1153
903	2747
903	1972
903	1494
904	1441
904	3074
904	3030
904	3064
905	2898
905	3106
905	1907
905	2965
906	1409
906	1091
906	2000
906	2803
907	1866
907	1412
907	2026
907	1039
908	1722
908	1840
908	1600
908	2352
909	1230
909	1890
909	1388
909	2262
910	1346
910	1235
910	3188
910	2334
911	1889
911	2386
911	2811
911	1891
912	1393
912	3162
912	1418
912	1486
913	1954
913	3093
913	1543
913	1608
914	1915
914	1115
914	1907
914	2494
915	2773
915	1656
915	2679
915	2567
916	1554
916	2043
916	2700
916	3101
917	2313
917	1978
917	1351
917	2272
918	1106
918	2059
918	2676
918	2290
919	1266
919	2868
919	3077
919	2454
920	2474
920	2118
920	1694
920	2536
921	3035
921	1245
921	1029
921	3192
922	1993
922	2628
922	2621
922	2481
923	2084
923	1902
923	2359
923	2400
924	2192
924	1899
924	2302
924	2440
925	2490
925	1813
925	1002
925	2960
926	1945
926	2851
926	2148
926	2327
927	3082
927	2947
927	1372
927	2878
928	2226
928	2243
928	1564
928	2829
929	1226
929	1838
929	3142
929	2304
930	1178
930	2870
930	1742
930	2247
931	2753
931	2722
931	2763
931	1476
932	1897
932	2210
932	3100
932	2054
933	2684
933	1754
933	1067
933	1132
934	1435
934	2108
934	1413
934	2254
935	2377
935	2714
935	2171
935	2201
936	2493
936	2918
936	2688
936	2632
937	1440
937	2410
937	2071
937	2152
938	2553
938	2731
938	2937
938	2792
939	2887
939	2436
939	2615
939	2312
940	2189
940	1059
940	2685
940	1160
941	2546
941	1197
941	1527
941	2533
942	2061
942	1476
942	1509
942	2262
943	1043
943	1316
943	2077
943	2691
944	2723
944	1261
944	1123
944	3007
945	1060
945	2094
945	1255
945	2368
946	2985
946	1844
946	2030
946	1816
947	1944
947	3094
947	2023
947	1184
948	2001
948	2330
948	1988
948	1169
949	1265
949	1827
949	1541
949	2776
950	3162
950	2539
950	2754
950	2981
951	1377
951	1290
951	2187
951	3050
952	2409
952	1506
952	1508
952	2863
953	3011
953	2435
953	1270
953	2616
954	2948
954	1237
954	2198
954	2168
955	2587
955	1244
955	3024
955	2384
956	2186
956	1867
956	1006
956	1184
957	2041
957	2886
957	1190
957	2312
958	1754
958	1078
958	1535
958	1416
959	2560
959	3109
959	2028
959	1629
960	1442
960	2515
960	1316
960	1056
961	1108
961	1589
961	1270
961	2285
962	1755
962	2413
962	2885
962	2715
963	3082
963	2587
963	3083
963	1682
964	1098
964	1310
964	1562
964	3184
965	1446
965	1173
965	1854
965	2230
966	1721
966	1066
966	2060
966	2478
967	1921
967	2970
967	1574
967	2240
968	2594
968	2757
968	1573
968	3032
969	2473
969	2362
969	2924
969	3081
970	2681
970	3113
970	3165
970	2576
971	1292
971	1525
971	2782
971	2232
972	1347
972	1093
972	1223
972	2544
973	2601
973	1604
973	1750
973	1808
974	2313
974	1810
974	3178
974	2832
975	2074
975	2332
975	2894
975	2360
976	1794
976	1115
976	1652
976	3023
977	2065
977	3142
977	2257
977	1454
978	1669
978	1382
978	2007
978	1349
979	1250
979	2835
979	2980
979	1262
980	2225
980	3054
980	2619
980	2518
981	2628
981	2781
981	1663
981	1664
982	2186
982	1171
982	2140
982	2960
983	2762
983	3182
983	2589
983	1150
984	3050
984	1700
984	1872
984	2176
985	1217
985	2346
985	1398
985	1846
986	2401
986	1208
986	2084
986	2216
987	2657
987	2162
987	2828
987	2561
988	2394
988	1411
988	1687
988	3175
989	1308
989	1229
989	2064
989	2797
990	2209
990	1610
990	1485
990	2439
991	1970
991	2683
991	2018
991	1082
992	1009
992	1931
992	1393
992	2638
993	2529
993	1277
993	2645
993	1240
994	1201
994	1723
994	1454
994	1942
995	2814
995	1475
995	1294
995	2752
996	1113
996	3062
996	2710
996	2303
997	1617
997	2305
997	1972
997	1520
998	2306
998	1051
998	2436
998	1526
999	1082
999	3140
999	2484
999	2570
1000	1345
1000	2026
1000	2925
1000	2789
1020	2615
1052	2115
1104	1652
1248	2549
1255	2368
1387	1218
1444	1253
1463	1238
1601	1242
1601	1302
1967	3063
1970	1082
2000	2803
2025	2490
2034	1161
2121	2324
2196	3169
2239	2945
2355	1288
2543	1666
2548	3175
2559	2037
2565	2640
2579	2806
2633	2815
2780	2552
2865	2833
3041	1162
3122	2585
3128	2836
