1	2247
1	2024
1	2253
1	2125
1	2479
1	1520
1	1745
1	2706
1	2453
1	2648
2	1057
2	1666
2	1768
2	1037
2	1358
2	2637
2	2353
2	2225
2	2293
2	2615
3	2338
3	1827
3	1365
3	1627
3	2773
3	2837
3	2618
3	1979
3	2429
3	3071
4	2945
4	1961
4	1578
4	1197
4	2962
4	2388
4	1304
4	1273
4	2941
4	2494
5	2337
5	2210
5	2148
5	1100
5	1005
5	1521
5	2097
5	2004
5	2838
5	3160
6	2337
6	1444
6	2470
6	1896
6	1901
6	1806
6	2286
6	2162
6	2362
6	1023
7	2593
7	1987
7	2020
7	2505
7	2960
7	2257
7	1910
7	1946
7	1499
7	2494
8	1412
8	1034
8	1836
8	1838
8	1134
8	3151
8	1009
8	2062
8	2038
8	1660
9	2531
9	2501
9	1575
9	1481
9	2284
9	2611
9	2676
9	1686
9	3131
9	2016
10	1634
10	1288
10	1769
10	2248
10	2956
10	2964
10	2103
10	1341
10	1150
10	1056
11	2851
11	2629
11	1127
11	2759
11	1163
11	1325
11	2094
11	2959
11	1712
11	2523
12	1186
12	1700
12	2182
12	1007
12	2864
12	2578
12	1045
12	1338
12	1020
12	2622
13	1060
13	1606
13	2664
13	2154
13	2956
13	1997
13	1522
13	1879
13	1722
13	1950
14	2018
14	2116
14	2533
14	1865
14	3060
14	2137
14	2459
14	2879
14	2971
14	1708
15	2209
15	1251
15	3036
15	3089
15	2163
15	1236
15	1077
15	1500
15	2012
15	3135
16	2120
16	2953
16	1162
16	1835
16	2860
16	1643
16	2418
16	2069
16	1372
16	2109
17	2788
17	2471
17	2279
17	2697
17	1071
17	1104
17	3154
17	2419
17	2972
17	2974
18	2881
18	1350
18	1576
18	2600
18	2094
18	1167
18	1936
18	1912
18	1982
18	1983
19	2916
19	1706
19	1675
19	1775
19	1840
19	2514
19	1398
19	2745
19	2810
19	1949
20	3074
20	1787
20	2920
20	1320
20	2267
20	1871
20	2775
20	2683
20	2686
20	1664
21	1380
21	1733
21	3018
21	1647
21	1584
21	2900
21	2008
21	2682
21	2396
21	1086
22	1157
22	1866
22	2186
22	2669
22	1393
22	1298
22	1880
22	1370
22	3200
22	2474
23	1441
23	2020
23	2436
23	2117
23	1386
23	2421
23	1818
23	1628
23	2045
23	2752
24	1925
24	2599
24	1192
24	2575
24	3127
24	3032
24	1593
24	1915
24	3164
24	1374
25	1158
25	2282
25	2890
25	2156
25	3212
25	1774
25	2605
25	2417
25	2355
25	3035
26	2533
26	2541
26	2286
26	1779
26	1209
26	2491
26	2108
26	1724
26	2240
26	1708
27	3105
27	2370
27	1668
27	2021
27	1034
27	1075
27	2004
27	1428
27	1460
27	2400
28	1473
28	1346
28	2116
28	1711
28	1362
28	1556
28	2551
28	2552
28	3001
28	3070
29	2150
29	2950
29	2203
29	3078
29	1227
29	1556
29	1012
29	2491
29	1086
29	2047
30	1474
30	2437
30	1734
30	2028
30	1580
30	1869
30	1744
30	2743
30	2909
30	1278
31	1285
31	1286
31	2507
31	2091
31	1901
31	2287
31	2997
31	2875
31	1854
31	3104
32	2917
32	1821
32	3207
32	2126
32	2255
32	1681
32	2577
32	1882
32	1405
32	2079
33	2785
33	2755
33	1131
33	1039
33	1971
33	2035
33	2451
33	1782
33	2999
33	2623
34	1252
34	2694
34	2508
34	2350
34	1934
34	1009
34	2001
34	2778
34	1530
35	1895
35	2888
35	2077
35	2322
35	1747
35	1811
35	1976
35	2331
35	1149
36	1572
36	3015
36	1736
36	1802
36	2541
36	1273
36	1049
36	1307
36	2365
37	2786
37	1091
37	2344
37	1391
37	2319
37	1684
37	3096
37	2429
37	2431
38	2252
38	2157
38	1069
38	1101
38	1488
38	3031
38	2843
38	1948
38	1056
39	1829
39	2183
39	2535
39	3018
39	1485
39	1267
39	3000
39	1306
39	1150
40	1057
40	2535
40	2236
40	1743
40	2169
40	2842
40	2780
40	2717
40	3198
41	1189
41	2252
41	2543
41	2867
41	2996
41	1396
41	2103
41	2680
41	2809
42	1508
42	2405
42	1613
42	2449
42	2930
42	1076
42	2549
42	2492
42	1086
43	2404
43	2025
43	2985
43	2447
43	1553
43	1939
43	2070
43	1177
43	2011
44	1793
44	3017
44	1391
44	2641
44	1943
44	1304
44	2878
44	2336
44	1777
45	2658
45	2211
45	2217
45	1393
45	1747
45	2518
45	2007
45	2490
45	3199
46	1121
46	2145
46	1384
46	2410
46	2988
46	2995
46	1940
46	2711
46	2272
47	2562
47	2596
47	1422
47	1753
47	1553
47	1714
47	1237
47	3094
47	2297
48	1729
48	2209
48	1833
48	2229
48	2006
48	3029
48	1113
48	1915
48	1696
49	2178
49	2629
49	1926
49	2506
49	3086
49	2357
49	1888
49	2105
49	1600
50	1218
50	1093
50	1063
50	1160
50	3081
50	2414
50	1105
50	1331
50	2037
51	2147
51	1123
51	1864
51	1587
51	1876
51	3194
51	1277
51	2654
51	1183
52	1288
52	2093
52	1489
52	3000
52	1557
52	1589
52	1271
52	1656
52	1340
53	3107
53	1032
53	1065
53	3059
53	2582
53	2583
53	1912
53	1626
53	2942
54	2113
54	2882
54	2626
54	2853
54	2215
54	1053
54	2255
54	1113
54	2269
55	2529
55	1955
55	1673
55	2794
55	2572
55	3020
55	2233
55	2619
55	2557
56	2146
56	2821
56	2920
56	3179
56	2607
56	1269
56	1178
56	1822
56	2751
57	2913
57	2280
57	2763
57	1421
57	1841
57	1750
57	1367
57	1721
57	1830
58	1896
58	2989
58	1235
58	2100
58	1079
58	2203
58	1310
58	1695
58	1952
59	1694
59	2824
59	2089
59	2250
59	1645
59	2157
59	1586
59	2940
59	1918
60	2689
60	1826
60	1475
60	2565
60	1487
60	2549
60	2167
60	1433
60	1119
61	2692
61	1416
61	1937
61	2866
61	2613
61	1973
61	2941
61	1438
61	1375
62	2340
62	1924
62	1222
62	1737
62	3181
62	2513
62	2707
62	1911
62	2143
63	3204
63	2601
63	2701
63	1234
63	3156
63	3125
63	2489
63	2652
63	2590
64	1699
64	1316
64	2698
64	1134
64	1874
64	2650
64	2299
64	2141
64	1984
65	3201
65	2082
65	1729
65	2276
65	1511
65	1641
65	1485
65	2526
65	2752
66	1665
66	1381
66	2699
66	1301
66	2645
66	1120
66	1982
66	1855
66	2656
67	2273
67	2467
67	1789
67	1322
67	1139
67	2969
67	2588
67	2461
67	2688
68	1505
68	3041
68	1550
68	1107
68	2836
68	1653
68	1368
68	2683
68	2144
69	1377
69	1669
69	1478
69	2474
69	1487
69	3094
69	1817
69	1245
69	2174
70	3169
70	1477
70	2087
70	2828
70	1137
70	2747
70	2589
70	1183
70	1568
71	1511
71	1290
71	1452
71	1657
71	2799
71	2738
71	1523
71	1718
71	1945
72	2055
72	2767
72	1042
72	2260
72	3157
72	1430
72	1144
72	1402
72	1788
73	3169
73	2951
73	2348
73	1453
73	1076
73	2516
73	2904
73	2265
73	2748
74	3108
74	1672
74	2921
74	1866
74	2515
74	1621
74	1562
74	1724
74	2782
75	1477
75	2151
75	1095
75	2217
75	2455
75	2584
75	3098
75	2846
75	1376
76	3201
76	1414
76	1715
76	2164
76	2453
76	1274
76	1115
76	1436
76	3135
77	1825
77	1419
77	1196
77	2127
77	3064
77	1083
77	2492
77	2174
77	2944
78	1441
78	1249
78	2170
78	2756
78	1862
78	2155
78	1141
78	2426
78	1631
79	2081
79	3083
79	2831
79	2300
79	3058
79	1140
79	3028
79	1724
79	2302
80	2726
80	1650
80	1203
80	3026
80	1333
80	1531
80	1406
80	3135
81	1829
81	2664
81	2794
81	2444
81	3031
81	2652
81	2495
81	2528
82	1602
82	2245
82	3046
82	2155
82	2064
82	1619
82	1171
82	2239
83	2433
83	2470
83	3047
83	2218
83	1330
83	2196
83	2678
83	2879
84	1541
84	2602
84	2219
84	1900
84	1164
84	1583
84	2577
84	1143
85	1993
85	2186
85	2955
85	1907
85	1972
85	1493
85	2486
85	2176
86	1412
86	1221
86	1259
86	3022
86	2159
86	2681
86	3197
86	1664
87	2177
87	2817
87	2143
87	2315
87	2743
87	2106
87	1181
87	1247
88	1345
88	2948
88	1482
88	2037
88	2296
88	3194
88	3067
88	1693
89	1954
89	3140
89	1349
89	1638
89	1577
89	1683
89	1814
89	2079
90	1770
90	1962
90	1167
90	1906
90	1684
90	1078
90	2042
90	2270
91	2685
91	1858
91	2314
91	3119
91	1823
91	2010
91	1885
91	1567
92	1606
92	2022
92	1160
92	2824
92	1452
92	1169
92	2554
92	1823
93	1474
93	1732
93	3205
93	1869
93	1968
93	2033
93	1426
93	2197
94	1740
94	2702
94	2228
94	1788
94	2461
94	1566
94	1823
94	1696
95	1897
95	2762
95	1298
95	2774
95	1691
95	2109
95	2622
95	1216
96	2097
96	1444
96	2924
96	1369
96	1946
96	1724
96	1965
96	1425
97	2546
97	2739
97	1128
97	1370
97	1434
97	1691
97	1967
97	2474
98	1793
98	2115
98	2917
98	1838
98	2705
98	1458
98	1651
98	2330
98	2106
99	2242
99	2436
99	2093
99	1054
99	1654
99	2647
99	1435
99	1310
100	2465
100	3173
100	1415
100	2733
100	2481
100	1111
100	1176
100	2969
101	1441
101	2598
101	2674
101	3090
101	1556
101	3191
101	1371
101	2432
102	2786
102	1578
102	3086
102	2640
102	2128
102	2580
102	1818
102	2911
103	3041
103	1122
103	2339
103	2633
103	2445
103	2030
103	1842
103	2237
104	1701
104	2603
104	2734
104	2543
104	2065
104	1784
104	3005
104	2366
105	2339
105	1757
105	2439
105	2927
105	2840
105	1561
105	2493
105	2624
106	2463
106	2789
106	1545
106	1738
106	1695
106	1521
106	2015
106	2431
107	2850
107	2180
107	2442
107	1647
107	1396
107	2805
107	1977
107	1503
108	2693
108	2153
108	1835
108	1551
108	3165
108	1013
108	3101
108	1087
109	1668
109	1573
109	1132
109	1071
109	1779
109	3095
109	2841
109	1755
110	1798
110	1142
110	1334
110	1528
110	2967
110	3161
110	2141
110	2719
111	1507
111	2534
111	1032
111	3083
111	1708
111	1554
111	2203
111	1022
112	2786
112	1667
112	3048
112	2712
112	3056
112	2616
112	1881
112	2618
113	1860
113	2130
113	2294
113	1529
113	3195
113	3196
113	3133
113	1342
114	1217
114	2481
114	1906
114	1235
114	2227
114	1138
114	2871
114	2716
115	2119
115	1897
115	2473
115	1835
115	1687
115	1017
115	1242
115	2654
116	2507
116	1773
116	2579
116	2965
116	1109
116	1179
116	1373
116	3007
117	1090
117	3144
117	1800
117	2831
117	3088
117	3030
117	2746
117	1376
118	1074
118	1954
118	1204
118	1509
118	2067
118	1483
118	1804
118	2587
119	2819
119	2439
119	1513
119	2464
119	1518
119	2036
119	2079
119	1312
120	3137
120	2289
120	1108
120	2102
120	1914
120	1725
120	2176
120	2653
121	1388
121	1810
121	1491
121	1043
121	2547
121	2807
121	2907
121	2334
122	1514
122	1259
122	1525
122	1596
122	2620
122	1181
122	2719
122	2624
123	1761
123	2498
123	2115
123	2826
123	2347
123	1772
123	1850
123	3037
124	1899
124	2382
124	2898
124	1907
124	1300
124	1429
124	1717
124	2975
125	2082
125	2986
125	1069
125	2996
125	2901
125	3128
125	1117
125	2815
126	2696
126	1837
126	2190
126	2447
126	2704
126	1944
126	2973
126	2720
127	1698
127	2789
127	3046
127	1996
127	1548
127	1364
127	2073
127	1024
128	2309
128	1543
128	2957
128	1548
128	2029
128	1021
128	2559
128	1883
129	1479
129	1065
129	1001
129	2026
129	2865
129	3057
129	2749
129	1888
130	1313
130	2725
130	1323
130	2158
130	3127
130	1785
130	3002
130	1212
131	1233
131	1205
131	2630
131	3175
131	2057
131	2779
131	1404
131	2979
132	1345
132	1063
132	2152
132	1161
132	2124
132	1169
132	1754
132	1213
133	1858
133	3138
133	2399
133	2661
133	1754
133	1199
133	2736
133	2071
134	2922
134	1740
134	2095
134	1632
134	3126
134	1560
134	1657
134	2304
135	3042
135	2981
135	2695
135	2542
135	2294
135	1337
135	2330
135	2880
136	1570
136	2851
136	1027
136	2787
136	1258
136	1999
136	3131
136	1756
137	1764
137	2796
137	3183
137	1137
137	2835
137	1493
137	2617
137	1532
138	1702
138	2567
138	1193
138	2731
138	3149
138	2423
138	2746
138	2976
139	1537
139	2626
139	1636
139	2891
139	2767
139	2966
139	3128
139	1145
140	1666
140	1442
140	3147
140	1617
140	2578
140	1335
140	1687
140	2013
141	2917
141	1318
141	1765
141	1821
141	1685
141	3095
141	1467
141	2909
142	3084
142	2766
142	1263
142	2352
142	2129
142	3059
142	3189
142	1631
143	2185
143	1421
143	1461
143	1718
143	1591
143	2645
143	2428
143	1309
144	2627
144	1083
144	2504
144	1872
144	2578
144	1659
144	1469
144	3198
145	2147
145	2077
145	1969
145	1394
145	2102
145	1432
145	1659
145	1853
146	3080
146	2346
146	2122
146	1325
146	2994
146	2933
146	1270
146	2970
147	2657
147	2181
147	2824
147	1056
147	2264
147	2525
147	2238
147	1152
148	3012
148	1958
148	2859
148	2478
148	2259
148	2968
148	1275
148	2399
149	1307
149	1773
149	1806
149	1173
149	3158
149	2491
149	1692
149	1888
150	1346
150	2086
150	1640
150	1578
150	2220
150	1140
150	1080
150	3162
151	1780
151	1830
151	2247
151	2334
151	1993
151	1195
151	1934
152	1218
152	2019
152	2869
152	1833
152	2092
152	2713
152	1567
153	1187
153	1652
153	1125
153	2729
153	3210
153	3020
153	1726
154	2722
154	3086
154	2534
154	2992
154	2989
154	1998
154	2128
155	2641
155	2801
155	2851
155	3142
155	2823
155	1016
155	1029
156	3170
156	2242
156	1961
156	2298
156	2043
156	3052
156	3104
157	2900
157	1958
157	1622
157	1015
157	2010
157	1692
157	2366
158	1378
158	2325
158	2709
158	2442
158	2476
158	2895
158	1898
159	1025
159	2386
159	2484
159	1959
159	3111
159	1580
159	1359
160	1697
160	1677
160	1763
160	1970
160	1434
160	3035
160	3053
161	3074
161	1746
161	1847
161	2104
161	2142
161	1007
161	3163
162	3009
162	2178
162	2806
162	2390
162	2039
162	2205
162	2243
163	2882
163	2435
163	2791
163	2794
163	2765
163	2325
163	1652
164	3061
164	1654
164	3079
164	2583
164	1996
164	1517
164	1582
165	1268
165	2428
165	1815
165	2679
165	1388
165	1533
165	1215
166	2609
166	2818
166	1662
166	2955
166	1149
166	1774
166	1887
167	1620
167	2485
167	2036
167	2901
167	1208
167	2684
167	2253
168	1236
168	2358
168	2935
168	1210
168	1084
168	1870
168	1135
169	1361
169	2667
169	2216
169	1529
169	1179
169	2140
169	1629
170	1122
170	2067
170	1102
170	2981
170	2299
170	2254
170	1248
171	2108
171	2977
171	1147
171	3192
171	1738
171	1355
171	1962
172	2835
172	2660
172	2361
172	2730
172	3072
172	1277
172	2720
173	2561
173	1428
173	1734
173	1099
173	1337
173	1658
173	1771
174	1302
174	1535
174	1596
174	1404
174	1230
174	1439
174	3088
175	2275
175	1203
175	2679
175	2952
175	1211
175	2478
175	2368
176	3075
176	1638
176	1360
176	2266
176	2845
176	1072
176	1200
177	2785
177	3139
177	2244
177	1753
177	2923
177	2671
177	2208
178	2994
178	2857
178	2615
178	1608
178	1399
178	3147
178	3212
179	2659
179	1860
179	1430
179	2103
179	1542
179	2089
179	1531
180	1598
180	2053
180	1270
180	2971
180	2749
180	3086
180	1488
181	2114
181	3091
181	1877
181	1014
181	1975
181	2890
181	2335
182	2996
182	2940
182	1414
182	1290
182	1595
182	1356
182	2895
183	3139
183	3011
183	2262
183	1992
183	2649
183	1770
183	2223
184	1634
184	2274
184	1764
184	1158
184	2472
184	3072
184	3120
185	1329
185	2467
185	2202
185	2349
185	1642
185	2124
185	2701
186	1108
186	2118
186	1928
186	3147
186	2973
186	2942
186	1408
187	3137
187	1377
187	1970
187	2710
187	1066
187	2860
187	2748
188	1683
188	1988
188	2397
188	1816
188	1417
188	2681
188	1230
189	1041
189	2340
189	1845
189	3030
189	2951
189	2999
189	2331
190	3170
190	3060
190	1723
190	2427
190	2301
190	1232
190	2239
191	3105
191	1923
191	2634
191	1930
191	2764
191	2943
191	2288
192	2339
192	2500
192	3077
192	2054
192	2009
192	1082
192	1342
193	1022
193	3174
193	2519
193	3191
193	1562
193	1454
193	2192
194	1175
194	1160
194	2393
194	1615
194	3065
194	2111
194	1424
195	1299
195	1028
195	1253
195	1701
195	2292
195	2922
195	1966
196	2963
196	1079
196	1624
196	2459
196	2060
196	1775
196	1040
197	1189
197	2535
197	2969
197	1530
197	2891
197	2349
197	2557
198	1089
198	2164
198	2181
198	1253
198	3173
198	3038
198	2863
199	2938
199	1836
199	2025
199	2714
199	2828
199	3212
199	2846
200	1410
200	1797
200	1238
200	1192
200	1704
200	2075
200	2573
201	1317
201	2454
201	2407
201	1575
201	2365
201	2503
201	1805
202	3079
202	2760
202	1965
202	2638
202	1713
202	1619
202	1425
203	1714
203	2949
203	1862
203	1397
203	2187
203	1837
203	2395
204	2373
204	2982
204	2616
204	2921
204	1806
204	1999
204	2192
205	1810
205	1092
205	2326
205	3159
205	2666
205	2380
205	2655
206	1249
206	2470
206	2015
206	1707
206	2233
206	2171
206	1391
207	3010
207	2019
207	1319
207	1395
207	1301
207	1948
207	1750
208	2593
208	1352
208	2865
208	1943
208	2270
208	1663
208	1777
209	1250
209	2467
209	2832
209	2646
209	2809
209	3193
209	2656
210	1649
210	2046
210	1254
210	2648
210	1098
210	1006
210	1328
211	2140
211	1848
211	1483
211	2556
211	2607
211	2880
211	2587
212	3137
212	1220
212	2468
212	2167
212	1004
212	2318
212	1423
213	2113
213	2738
213	1139
213	1527
213	1706
213	1948
213	2734
214	1349
214	2197
214	2200
214	1561
214	1146
214	1323
214	2237
215	2272
215	1861
215	2632
215	1864
215	1261
215	2312
215	2112
216	1636
216	1540
216	1004
216	1497
216	1130
216	1051
216	2860
217	1873
217	1874
217	2241
217	2624
217	2030
217	3023
217	1168
218	3106
218	2488
218	1141
218	1621
218	1640
218	1036
218	2638
219	2529
219	1490
219	2915
219	2935
219	3082
219	3005
219	1997
220	1125
220	1093
220	1226
220	1898
220	2285
220	1721
220	1830
221	2162
221	2243
221	1636
221	2150
221	1350
221	3048
221	3052
222	2240
222	2341
222	2906
222	2523
222	2700
222	2303
222	2128
223	2449
223	1394
223	1046
223	1048
223	1768
223	1324
223	3199
224	1025
224	1457
224	1620
224	2149
224	2359
224	1389
224	1871
225	2100
225	2085
225	2613
225	2677
225	2998
225	1209
225	2221
226	2641
226	2341
226	1621
226	2042
226	1803
226	2205
226	1471
227	2691
227	1902
227	2774
227	1159
227	2169
227	1262
227	1295
228	2373
228	2790
228	1526
228	2808
228	2377
228	1996
228	2352
229	1781
229	1702
229	1975
229	3116
229	2156
229	1469
229	1856
230	1809
230	1538
230	1359
230	1705
230	1771
230	1455
230	1664
231	1457
231	2802
231	3145
231	1354
231	3133
231	2062
231	1552
232	3154
232	1492
232	1205
232	1194
232	2830
232	2556
232	1486
233	2256
233	1253
233	2935
233	1067
233	1485
233	2559
233	2592
234	2258
234	3044
234	1991
234	1751
234	2364
234	1741
234	2687
235	2769
235	2899
235	2564
235	1588
235	1565
235	2029
235	1038
236	2017
236	2545
236	2483
236	1811
236	2385
236	2058
236	1899
237	1381
237	2709
237	3093
237	2345
237	2041
237	2285
237	3069
238	1153
238	2880
238	1255
238	2230
238	2057
238	2958
238	1808
239	1762
239	2163
239	1588
239	3065
239	2603
239	2702
239	2655
240	1361
240	1799
240	2409
240	1008
240	2254
240	3103
240	1776
241	2403
241	1700
241	1380
241	2022
241	2277
241	1341
241	1117
242	2817
242	1426
242	1699
242	1748
242	2328
242	2075
242	2173
243	1794
243	2501
243	2165
243	2741
243	2933
243	1644
243	3070
244	1537
244	1908
244	2311
244	2185
244	1675
244	2713
244	1456
245	2465
245	2850
245	1491
245	2996
245	1878
245	2538
245	1165
246	1476
246	1510
246	1863
246	1143
246	1467
246	2159
247	2114
247	1146
247	3064
247	2951
247	2858
247	2058
248	1188
248	2421
248	2374
248	2346
248	1227
248	1756
249	2786
249	3014
249	1624
249	2313
249	2604
249	1758
250	3016
250	3108
250	1416
250	2027
250	1352
250	1311
251	1429
251	1174
251	2585
251	2571
251	1981
251	2462
252	1697
252	1875
252	1157
252	1497
252	3113
252	1324
253	2563
253	1610
253	1374
253	1198
253	1119
253	2928
254	3058
254	2068
254	3061
254	2004
254	1100
254	1024
255	1080
255	2407
255	1303
255	2906
255	3134
255	1050
256	1778
256	1651
256	2052
256	2356
256	2840
256	2829
257	2861
257	2376
257	2347
257	2797
257	2254
257	2639
258	2387
258	3211
258	2086
258	1147
258	1400
258	3019
259	1330
259	1353
259	2430
259	3049
259	1931
259	1054
260	1474
260	2116
260	1846
260	3176
260	3002
260	2267
261	2289
261	1013
261	2264
261	3040
261	2223
261	2208
262	2401
262	3185
262	2705
262	2906
262	2892
262	2782
263	2753
263	1938
263	2211
263	3045
263	2696
263	2540
264	3032
264	3055
264	2184
264	2539
264	2974
264	2943
265	1761
265	2049
265	1651
265	1661
265	2958
265	2928
266	2737
266	2837
266	2232
266	1952
266	1035
266	2432
267	2131
267	1372
267	1717
267	2828
267	1246
267	1244
268	2866
268	2198
268	1239
268	2457
268	1129
268	1854
269	1073
269	3150
269	1830
269	1175
269	1038
269	2863
270	2644
270	3028
270	1096
270	1386
270	1163
270	1066
271	2046
271	2707
271	2135
271	1550
271	2959
271	2624
272	1154
272	2306
272	2002
272	3015
272	1512
272	1342
273	2227
273	2675
273	1672
273	1594
273	1723
273	2784
274	1297
274	2487
274	1193
274	1258
274	1708
274	1050
275	2066
275	1571
275	2873
275	2949
275	2985
275	2860
276	2068
276	1400
276	1865
276	2171
276	2910
276	3007
277	2690
277	3140
277	1223
277	2599
277	3195
277	2667
278	2419
278	1510
278	1623
278	2363
278	1198
278	2000
279	1857
279	2978
279	1652
279	2422
279	1199
279	2071
280	1187
280	2899
280	1110
280	1656
280	2379
280	2560
281	3024
281	2839
281	1176
281	1339
281	2444
281	2048
282	2772
282	1286
282	2616
282	3177
282	1260
282	3213
283	1841
283	2643
283	2311
283	2839
283	1694
283	1151
284	2276
284	1461
284	2006
284	2601
284	2414
284	2592
285	1522
285	2466
285	1909
285	1801
285	2251
285	1340
286	2961
286	2485
286	1869
286	2281
286	2829
286	3054
287	2625
287	1844
287	1670
287	2377
287	2745
287	2863
288	1058
288	1126
288	1608
288	2265
288	3178
288	2351
289	1445
289	1287
289	1224
289	2281
289	3175
289	1742
290	2321
290	1919
290	1385
290	1226
290	2571
290	3039
291	1025
291	2690
291	1891
291	1460
291	1336
291	1678
292	1122
292	1767
292	3095
292	2896
292	1278
292	2424
293	2240
293	1315
293	2628
293	2871
293	2732
293	1760
294	3170
294	2772
294	1303
294	2937
294	3180
294	2768
295	2307
295	1669
295	1782
295	1384
295	1085
295	2014
296	1554
296	1364
296	2182
296	3016
296	1049
296	2426
297	2340
297	3062
297	2570
297	1051
297	2748
297	1295
298	2386
298	2438
298	2230
298	1448
298	1771
298	3118
299	1809
299	1785
299	2283
299	2558
299	3151
299	2464
300	2852
300	1141
300	1257
300	2523
300	2031
300	2992
301	1601
301	2114
301	1219
301	1748
301	2318
301	1599
302	1410
302	2500
302	1300
302	1655
302	1048
302	2620
303	2193
303	1780
303	1894
303	2666
303	2379
303	2411
304	1409
304	1268
304	2309
304	2199
304	1883
304	2820
305	2742
305	2519
305	1578
305	2875
305	2509
305	1326
306	2515
306	1351
306	1481
306	1805
306	2094
306	1807
307	1585
307	1890
307	1953
307	1886
307	2190
307	2096
308	1254
308	1767
308	2681
308	1292
308	1405
308	1519
309	3090
309	2808
309	2073
309	2496
309	1214
309	1760
310	2930
310	2499
310	2549
310	2007
310	1177
310	2110
311	2839
311	2903
311	1241
311	2282
311	1579
311	2175
312	1158
312	2888
312	1321
312	2730
312	2476
312	1216
313	2408
313	1383
313	2104
313	1434
313	1487
313	2672
314	1665
314	1251
314	2799
314	1642
314	1055
314	2736
315	1794
315	1906
315	2611
315	1109
315	2074
315	2750
316	2893
316	2792
316	3113
316	3097
316	3004
316	3100
317	2610
317	2389
317	3079
317	2220
317	2606
317	1791
318	2291
318	1957
318	2485
318	2409
318	2235
318	2475
319	2755
319	1895
319	3147
319	2796
319	2077
319	3152
320	1058
320	2885
320	2650
320	1819
320	1532
320	1741
321	1265
321	2279
321	1704
321	2905
321	3196
321	1597
322	1761
322	2934
322	2327
322	3087
322	2908
322	2111
323	2659
323	2564
323	2393
323	1146
323	2765
323	2554
324	2099
324	1592
324	2504
324	2731
324	2395
324	1384
325	1420
325	2874
325	1994
325	1612
325	2188
325	2718
326	2433
326	2227
326	2502
326	1078
326	1307
326	1915
327	1937
327	3202
327	2803
327	2328
327	1082
327	1360
328	2739
328	2430
328	1926
328	2076
328	1293
328	2894
329	2795
329	2343
329	1496
329	2569
329	3099
329	2125
330	2708
330	2567
330	2568
330	2589
330	1679
330	2112
331	1922
331	2754
331	2821
331	1480
331	1688
331	1018
332	1906
332	1010
332	2741
332	2568
332	2537
332	2894
333	1473
333	1794
333	1570
333	2148
333	3096
333	1738
334	1186
334	2548
334	3062
334	1766
334	1081
334	1646
335	1590
335	2072
335	3196
335	2684
335	2574
335	1072
336	2978
336	2728
336	2793
336	1515
336	2745
336	2800
337	2961
337	1826
337	1044
337	2999
337	2120
337	2893
338	2292
338	2154
338	1067
338	1566
338	1135
338	2544
339	1475
339	2307
339	2249
339	1820
339	2169
339	1439
340	1202
340	1603
340	1111
340	1112
340	1530
340	1824
341	2472
341	2452
341	2408
341	3098
341	1245
341	1599
342	1281
342	1923
342	1323
342	2876
342	3197
342	2400
343	3121
343	1365
343	2171
343	3080
343	1435
343	1756
344	2530
344	2436
344	2416
344	2316
344	1279
344	1260
345	1347
345	2788
345	2261
345	1312
345	2315
345	1808
346	2770
346	2979
346	1284
346	2443
346	2524
346	2061
347	2756
347	1001
347	2427
347	2892
347	1261
347	2640
348	1604
348	1605
348	2022
348	2040
348	2952
348	1241
349	1995
349	2085
349	3015
349	3083
349	2316
349	1470
350	1752
350	1750
350	2853
350	2152
350	2891
350	1694
351	2513
351	1922
351	2033
351	1064
351	1821
351	1984
352	2321
352	1442
352	1156
352	2727
352	1516
352	1262
353	2962
353	1173
353	1047
353	1495
353	2812
353	1680
354	3027
354	3205
354	1863
354	1959
354	2135
354	2539
355	2818
355	3171
355	2295
355	2360
355	1085
355	1423
356	1234
356	2019
356	2590
356	2238
356	2111
356	2368
357	1282
357	1062
357	1719
357	2856
357	2380
357	1533
358	1697
358	2054
358	2774
358	2472
358	2413
358	2398
359	2418
359	1746
359	2266
359	2522
359	2540
359	1037
360	1825
360	2898
360	2278
360	1335
360	2297
360	2714
361	2694
361	2215
361	2267
361	1595
361	1055
361	2256
362	1410
362	2698
362	2870
362	1142
362	1610
362	2446
363	1076
363	1382
363	2118
363	1462
363	2447
363	2480
364	1313
364	1332
364	2216
364	1849
364	1242
364	1118
365	2503
365	1639
365	2858
365	1418
365	1243
365	2492
366	1067
366	1070
366	2736
366	2514
366	2363
366	1949
367	1985
367	1093
367	1894
367	3069
367	1694
367	2832
368	2275
368	1604
368	3012
368	2762
368	1070
368	3135
369	2081
369	1602
369	1286
369	1424
369	1472
369	2992
370	1761
370	2434
370	1955
370	1043
370	1446
370	1241
371	3122
371	1051
371	2278
371	2827
371	2460
371	2814
372	2241
372	2005
372	1653
372	1501
372	2718
372	1312
373	3051
373	1319
373	1559
373	1641
373	1322
373	1595
374	1602
374	2083
374	1716
374	2537
374	2638
374	1470
375	2456
375	1518
375	2968
375	3067
375	2269
375	1614
376	1715
376	2311
376	2889
376	2138
376	2701
376	2080
377	2887
377	3144
377	2923
377	3068
377	1727
377	1264
378	2034
378	1443
378	1543
378	2345
378	1884
378	3150
379	2865
379	2722
379	2165
379	2970
379	2732
379	3184
380	2579
380	2293
380	1526
380	2204
380	2381
380	1263
381	1745
381	2946
381	2009
381	1289
381	1308
381	1248
382	3075
382	1525
382	2294
382	1206
382	3109
382	2697
383	2516
383	2886
383	2455
383	3097
383	2013
383	1886
384	3043
384	2358
384	2952
384	2685
384	1935
384	1632
385	3202
385	1813
385	1688
385	1212
385	1198
385	1664
386	1560
386	3050
386	2856
386	2815
386	2271
386	1503
387	3043
387	3115
387	2969
387	1115
387	2765
387	2495
388	1569
388	2497
388	1893
388	1655
388	1207
388	1261
389	2291
389	2932
389	1148
389	2237
389	2575
389	3168
390	3044
390	1861
390	3071
390	2425
390	1324
390	2671
391	2945
391	2787
391	1973
391	1621
391	1127
391	2848
392	1797
392	1206
392	3013
392	2712
392	1593
392	1484
393	2849
393	1236
393	3029
393	1190
393	1133
393	1534
394	2450
394	1045
394	2951
394	3097
394	1081
394	1964
395	1569
395	2033
395	2581
395	2107
395	1228
396	1060
396	2805
396	2311
396	2010
396	2526
397	1172
397	1614
397	1431
397	2296
397	3182
398	2516
398	1399
398	1592
398	2744
398	2351
399	1091
399	1779
399	2015
399	1227
399	1711
400	3025
400	1945
400	2729
400	2525
400	1789
401	1890
401	1219
401	2312
401	1321
401	2904
402	2578
402	2549
402	1385
402	1774
402	2670
403	3130
403	1100
403	1663
403	1616
403	3185
404	1731
404	1812
404	1782
404	2631
404	2425
405	2586
405	2563
405	2804
405	1755
405	1933
406	2594
406	1891
406	2438
406	2376
406	2936
407	1190
407	1195
407	2380
407	1021
407	1648
408	1413
408	1077
408	2855
408	1113
408	1145
409	2690
409	1284
409	3124
409	2635
409	2896
410	2405
410	2632
410	2781
410	2382
410	1967
411	1713
411	2965
411	2925
411	1582
411	1008
412	1666
412	1770
412	2187
412	1453
412	3120
413	1765
413	1660
413	2140
413	1164
413	2464
414	1670
414	1415
414	3081
414	1485
414	1549
415	1505
415	2298
415	1536
415	1310
415	1680
416	1572
416	1286
416	2105
416	2282
416	1839
417	1891
417	1427
417	2235
417	2383
417	1984
418	2945
418	1495
418	2519
418	2971
418	2784
419	1554
419	2674
419	2100
419	1065
419	2074
420	1638
420	1846
420	1514
420	1900
420	3102
421	3207
421	3146
421	2477
421	2574
421	2000
422	2918
422	1720
422	3005
422	2495
422	2384
423	2306
423	1799
423	2535
423	1581
423	1328
424	2402
424	2196
424	2520
424	1035
424	1791
425	1185
425	2739
425	1749
425	1801
425	3182
426	3187
426	3012
426	1622
426	2968
426	2414
427	1887
427	2935
427	1431
427	2655
427	1792
428	1849
428	3206
428	1513
428	1980
428	1744
429	2834
429	2627
429	1976
429	2361
429	2814
430	2642
430	1237
430	1030
430	2854
430	1126
431	3203
431	2005
431	2231
431	1929
431	1968
432	3074
432	3026
432	1675
432	1885
432	3038
433	1955
433	2948
433	2726
433	2525
433	1917
434	2008
434	2660
434	2536
434	2811
434	1119
435	3099
435	1318
435	2136
435	1739
435	3164
436	1025
436	1989
436	2359
436	2201
436	1790
437	2929
437	2387
437	1047
437	1214
437	1008
438	2946
438	2779
438	2253
438	1918
438	2979
439	1586
439	2554
439	1867
439	2252
439	1150
440	2788
440	1476
440	1896
440	2139
440	1612
441	1283
441	2231
441	1224
441	1709
441	1407
442	2931
442	2728
442	1657
442	3115
442	1135
443	2083
443	2457
443	2122
443	1355
443	2207
444	2011
444	2372
444	2715
444	1851
444	1439
445	1939
445	1030
445	3033
445	2636
445	3117
446	3043
446	1637
446	1589
446	2807
446	2044
447	2194
447	2532
447	1861
447	3092
447	1944
448	2914
448	2915
448	2034
448	2252
448	2862
449	1792
449	1670
449	1275
449	1309
449	2384
450	2834
450	2740
450	2378
450	1357
450	1344
451	1074
451	3077
451	2136
451	2668
451	3071
452	1154
452	1814
452	1914
452	2524
452	1148
453	2881
453	2323
453	3060
453	1974
453	1802
454	2322
454	1558
454	1992
454	3117
454	1880
455	2225
455	2545
455	1539
455	1774
455	1103
456	1748
456	1846
456	1208
456	1354
456	2126
457	3073
457	1122
457	3140
457	1629
457	1455
458	2406
458	1398
458	2327
458	2012
458	2544
459	3010
459	2659
459	1339
459	1898
459	1750
460	1061
460	3126
460	2489
460	2059
460	2688
461	3169
461	2355
461	1877
461	2854
461	2617
462	1494
462	1303
462	2060
462	2990
462	1839
463	2536
463	1211
463	1356
463	2685
463	1614
464	2189
464	1512
464	1420
464	3021
464	1104
465	2129
465	1619
465	2308
465	1481
465	1680
466	3077
466	1222
466	3084
466	3136
466	1136
467	3012
467	1844
467	2392
467	2665
467	2863
468	2014
468	2822
468	2938
468	1741
468	1630
469	2374
469	3001
469	1307
469	1260
469	2047
470	2004
470	1030
470	1864
470	1229
470	3117
471	1985
471	2403
471	3187
471	2661
471	1674
472	1349
472	2294
472	3021
472	1759
472	1407
473	1013
473	1599
473	1419
473	1837
473	2109
474	2167
474	2153
474	2186
474	2542
474	2112
475	2498
475	2813
475	1486
475	2735
475	1744
476	2068
476	3014
476	1098
476	1854
476	2991
477	1188
477	3078
477	1465
477	2506
477	1504
478	2513
478	2435
478	3161
478	1933
478	1198
479	2177
479	2306
479	1403
479	2446
479	1727
480	2041
480	2099
480	2897
480	1847
480	3163
481	2850
481	1011
481	1190
481	3159
481	1720
482	2353
482	2310
482	1960
482	1497
482	1244
483	1493
483	2263
483	2394
483	2282
483	2669
484	2053
484	2389
484	3143
484	1479
484	2027
485	2209
485	1857
485	1829
485	1387
485	2044
486	2523
486	1563
486	1628
486	1454
486	1807
487	2929
487	3188
487	1758
487	1936
487	2733
488	1089
488	2450
488	2564
488	3157
488	1769
489	3158
489	1257
489	1098
489	2091
489	2971
490	1490
490	2724
490	1062
490	1784
490	1500
491	3155
491	1108
491	1097
491	1130
491	2190
492	1447
492	1544
492	2441
492	2987
492	1728
493	1170
493	2199
493	1515
493	1084
493	2175
494	2966
494	3065
494	2560
494	1406
494	1920
495	2184
495	2219
495	1821
495	2158
495	1072
496	1928
496	3178
496	1036
496	2335
496	3200
497	1041
497	2889
497	1243
497	3116
497	1390
498	2844
498	2389
498	2681
498	3099
498	2684
499	2717
499	1941
499	1820
499	2637
499	2608
500	2506
500	1438
500	2912
500	3130
500	3185
501	3169
501	1191
501	1031
501	1978
501	2156
502	1184
502	1444
502	2777
502	1947
502	3056
503	1601
503	1201
503	1039
503	1679
503	2160
504	1713
504	1184
504	1671
504	2332
504	2224
505	2145
505	2353
505	2147
505	2110
505	2687
506	2882
506	1956
506	1670
506	2326
506	1855
507	3155
507	1876
507	2088
507	3004
507	3053
508	1717
508	1478
508	1158
508	1932
508	1231
509	2340
509	1495
509	2520
509	2954
509	1504
510	1153
510	2290
510	2247
510	1834
510	2443
511	1798
511	2359
511	1673
511	1661
511	2144
512	1590
512	1816
512	2281
512	1882
512	3166
513	1938
513	2527
513	3053
513	1007
513	1296
514	1058
514	1826
514	2213
514	1686
514	1423
515	2625
515	3093
515	1225
515	2699
515	2478
516	1441
516	2676
516	3177
516	2367
516	1712
517	1378
517	1139
517	3157
517	3190
517	2554
518	2581
518	1544
518	2874
518	3102
518	3103
519	2884
519	1241
519	2810
519	2048
519	1648
520	2369
520	2692
520	2214
520	2760
520	1279
521	2405
521	2887
521	1130
521	1004
521	2608
522	1265
522	2967
522	2698
522	2107
522	1166
523	1219
523	1044
523	2295
523	1357
523	1678
524	2193
524	2044
524	3129
524	2251
524	1036
525	1409
525	2538
525	2324
525	1456
525	2820
526	1427
526	1848
526	3037
526	2333
526	1744
527	1941
527	1383
527	2873
527	2988
527	1246
528	2298
528	2537
528	1594
528	1625
528	2782
529	3138
529	2599
529	1255
529	2441
529	3179
530	2486
530	2279
530	1433
530	3097
530	1392
531	2098
531	1385
531	1872
531	2153
531	1904
532	2466
532	2656
532	2791
532	2392
532	1652
533	2257
533	2613
533	1464
533	1353
533	2172
534	1777
534	2198
534	1440
534	1932
534	2848
535	1809
535	2133
535	3110
535	1510
535	3179
536	2552
536	2997
536	1784
536	1644
536	2381
537	3121
537	2178
537	1464
537	1576
537	1326
538	3027
538	1924
538	3207
538	1787
538	2028
539	2273
539	1041
539	2118
539	2571
539	2014
540	1524
540	1641
540	1274
540	3182
540	1934
541	1956
541	1094
541	1574
541	2250
541	3114
542	1121
542	2546
542	3171
542	1477
542	1991
543	2134
543	1591
543	3210
543	2092
543	1232
544	1635
544	1990
544	1002
544	1437
544	1584
545	2050
545	3077
545	1034
545	1930
545	3085
546	2676
546	2437
546	2454
546	1791
546	3056
547	1800
547	1338
547	1659
547	1678
547	1408
548	2706
548	3208
548	2683
548	1308
548	1869
549	2354
549	1795
549	2758
549	1705
549	2078
550	2321
550	2418
550	1219
550	2415
550	1520
551	1394
551	2258
551	2834
551	2614
551	2831
552	3137
552	3139
552	1880
552	2095
552	1280
553	1106
553	2310
553	2888
553	2827
553	3120
554	1303
554	2825
554	2073
554	2606
554	2448
555	3193
555	1116
555	3052
555	2990
555	1279
556	1891
556	2052
556	1709
556	1911
556	2125
557	2625
557	1889
557	2657
557	2931
557	3126
558	1314
558	2654
558	3004
558	1229
558	2142
559	1921
559	2652
559	1547
559	3036
559	1533
560	2018
560	2982
560	2600
560	1371
560	1197
561	1713
561	3059
561	2053
561	1568
561	1472
562	2371
562	1780
562	2391
562	1225
562	1949
563	2034
563	1462
563	1579
563	2926
563	2767
564	1905
564	1026
564	2691
564	1892
564	2727
565	2913
565	1585
565	1493
565	2217
565	2474
566	1508
566	2708
566	3098
566	2348
566	2864
567	1393
567	2595
567	1174
567	1928
567	2249
568	1220
568	3141
568	2088
568	1372
568	1568
569	2753
569	2483
569	1643
569	2412
569	3149
570	1730
570	2632
570	2011
570	2236
570	1376
571	2628
571	3112
571	1689
571	1113
571	2510
572	1681
572	2612
572	1447
572	2920
572	3146
573	1082
573	2493
573	2604
573	2477
573	1247
574	1668
574	1797
574	1254
574	1980
574	3054
575	2370
575	1653
575	1194
575	2475
575	2928
576	1089
576	1159
576	1815
576	2538
576	1003
577	1155
577	1267
577	2232
577	2138
577	2957
578	1722
578	1739
578	1388
578	1101
578	1437
579	2546
579	2098
579	1399
579	1256
579	2831
580	3123
580	1892
580	2213
580	1646
580	2096
581	1557
581	1718
581	1431
581	2124
581	1615
582	2642
582	2357
582	1471
582	1305
582	2911
583	2388
583	1055
583	1785
583	2317
583	1903
584	1825
584	1234
584	1795
584	1956
584	1272
585	1603
585	2179
585	1831
585	2680
585	1935
586	2051
586	2164
586	2793
586	1466
586	1726
587	1634
587	2770
587	3208
587	3164
587	1597
588	1348
588	1573
588	1180
588	1136
588	1328
589	2129
589	1305
589	2985
589	3177
589	2074
590	1618
590	1266
590	2101
590	2918
590	1466
591	2769
591	1378
591	2757
591	2619
591	1053
592	1057
592	1221
592	3045
592	1357
592	1919
593	3032
593	1577
593	1930
593	2586
593	1776
594	1859
594	1222
594	1302
594	2201
594	1405
595	2613
595	2838
595	1049
595	1627
595	2207
596	2659
596	1272
596	2089
596	2124
596	2543
597	3049
597	2939
597	2045
597	1023
597	2240
598	2210
598	2759
598	1450
598	1983
598	3104
599	2886
599	2522
599	1851
599	1964
599	1853
600	1233
600	2597
600	2140
600	2141
600	2206
601	1687
601	2827
601	2670
601	3183
601	2576
602	2515
602	2700
602	3006
602	2416
602	2591
603	1987
603	1258
603	1451
603	2716
603	2045
604	1204
604	1287
604	1064
604	2776
604	2668
605	3188
605	2076
605	2852
605	3184
605	2733
606	3075
606	1913
606	1994
606	1757
606	2400
607	1571
607	1828
607	2693
607	1819
607	2236
608	1363
608	3174
608	2925
608	2878
608	2960
609	1478
609	2710
609	2527
609	1546
609	2351
610	1138
610	2003
610	2455
610	1451
610	2221
611	2338
611	1363
611	2790
611	2505
611	2847
612	1795
612	1958
612	2202
612	3020
612	2222
613	2993
613	3142
613	2583
613	1803
613	2316
614	2752
614	3034
614	1547
614	2396
614	1788
615	2488
615	1059
615	3107
615	1735
615	1144
616	2689
616	1256
616	2364
616	1743
616	2976
617	2963
617	3047
617	2551
617	3132
617	2300
618	2977
618	2117
618	1465
618	1065
618	1193
619	1061
619	1990
619	2166
619	1548
619	3087
620	3201
620	1543
620	1210
620	2843
620	1327
621	1362
621	2772
621	2105
621	1963
621	1454
622	2051
622	1316
622	1787
622	1102
622	1728
623	2356
623	1334
623	1767
623	2446
623	3151
624	2362
624	1548
624	1373
624	2782
624	3167
625	1170
625	2054
625	1340
625	1870
625	2703
626	2302
626	2830
626	3006
626	2591
627	1674
627	1795
627	1276
627	2800
628	2131
628	2268
628	2847
628	2224
629	1054
629	2924
629	2566
629	1736
630	1937
630	1436
630	2277
630	2662
631	1538
631	2021
631	2573
631	1552
632	1545
632	1235
632	2910
632	2494
633	1425
633	3108
633	3049
633	2440
634	2747
634	1972
634	2245
634	1800
635	1882
635	1086
635	1182
635	2928
636	1058
636	1630
636	3039
636	2319
637	3066
637	1411
637	1555
637	1278
638	2211
638	2540
638	2565
638	1014
639	1403
639	1814
639	2635
639	2919
640	1073
640	2964
640	1549
640	2222
641	1394
641	1540
641	2452
641	1646
642	2087
642	3122
642	2335
642	1128
643	1989
643	1757
643	2471
643	2776
644	1842
644	1011
644	2356
644	1765
645	3129
645	3063
645	1379
645	2247
646	2810
646	1956
646	2350
646	2182
647	2011
647	1971
647	2063
647	1731
648	1635
648	2260
648	2508
648	1176
649	1763
649	2244
649	1587
649	1383
650	1929
650	2189
650	1347
650	2173
651	2869
651	1191
651	1534
651	2183
652	2034
652	3148
652	2028
652	2702
653	1609
653	2250
653	3156
653	2934
654	2313
654	1050
654	2332
654	2026
655	1446
655	1309
655	2734
655	1056
656	2413
656	1875
656	1157
656	2118
657	2761
657	1933
657	3023
657	1903
658	1516
658	1229
658	2151
658	2160
659	3063
659	2084
659	1822
659	2500
660	1290
660	2266
660	1606
660	1879
661	2673
661	3091
661	2308
661	1766
662	2210
662	2459
662	2566
662	2207
663	1474
663	1291
663	1541
663	2776
664	2270
664	1282
664	1979
664	3014
665	1496
665	1564
665	3166
665	2936
666	1753
666	2723
666	2780
666	1677
667	3082
667	2414
667	1693
667	2926
668	1985
668	1268
668	2325
668	1366
669	2690
669	2139
669	2972
669	2883
670	1128
670	2885
670	2070
670	2632
671	2665
671	1843
671	2862
671	2183
672	2153
672	1017
672	3039
672	2872
673	2802
673	2191
673	1735
673	1088
674	1618
674	1875
674	2069
674	2999
675	2001
675	2456
675	2215
675	1824
676	2704
676	2830
676	2415
676	2063
677	1490
677	2354
677	2271
677	2512
678	1522
678	1523
678	1524
678	1676
679	1762
679	2434
679	1398
679	1726
680	1506
680	1564
680	2136
680	1328
681	2961
681	2522
681	1812
681	2980
682	1145
682	1676
682	1689
682	1489
683	3145
683	1900
683	2195
683	2836
684	1922
684	2475
684	3133
684	3008
685	2121
685	2018
685	1019
685	3055
686	1195
686	1333
686	2646
686	2392
687	1172
687	2757
687	1463
687	2512
688	1114
688	1645
688	2406
688	1503
689	1097
689	1667
689	2284
689	2812
690	3119
690	3034
690	1003
690	2783
691	1153
691	2569
691	2932
691	2813
692	2322
692	1095
692	2151
692	2834
693	2660
693	2229
693	1294
693	1920
694	1468
694	2142
694	1231
694	1144
695	1865
695	1171
695	2910
695	2287
696	1233
696	1337
696	1929
696	2718
697	3033
697	1539
697	2748
697	2949
698	3209
698	2155
698	2760
698	2032
699	2651
699	3136
699	2919
699	2144
700	2550
700	1459
700	2877
700	2518
701	2130
701	1925
701	3022
701	1327
702	1297
702	2003
702	1827
702	2123
703	1201
703	2410
703	2099
703	2740
704	3042
704	3203
704	2797
704	1366
705	1969
705	1095
705	3171
705	1895
706	2412
706	2614
706	2023
706	2232
707	2833
707	1264
707	2846
707	2360
708	3125
708	3190
708	2861
708	1567
709	1289
709	3163
709	2653
709	2975
710	2342
710	2877
710	1422
710	3152
711	2281
711	1924
711	2079
711	1448
712	3174
712	2751
712	2823
712	1029
713	1563
713	2436
713	1575
713	1240
714	3114
714	1868
714	2341
714	1176
715	1161
715	1290
715	1789
715	1559
716	1581
716	1790
716	1703
716	2397
717	3146
717	2084
717	2072
717	2880
718	2985
718	1395
718	2164
718	1500
719	2658
719	1076
719	2023
719	1551
720	1059
720	1315
720	1351
720	1888
721	1276
721	1053
721	2246
721	2783
722	1153
722	2594
722	1859
722	1224
723	1986
723	2859
723	2525
723	2590
724	3162
724	1019
724	1029
724	1494
725	1361
725	3154
725	2084
725	1207
726	2954
726	1947
726	2598
726	1495
727	1320
727	2604
727	3110
727	1168
728	2721
728	1116
728	1756
728	2777
729	1577
729	2517
729	1368
729	2056
730	2804
730	2902
730	1407
730	1933
731	2265
731	2995
731	1860
731	2744
732	3003
732	1034
732	2219
732	1180
733	2280
733	2940
733	1533
733	2664
734	1103
734	2975
734	3050
734	1927
735	1897
735	1682
735	2548
735	1845
736	3062
736	2420
736	2469
736	1382
737	2510
737	2202
737	2182
737	2952
738	3051
738	2941
738	1167
738	1016
739	2065
739	2580
739	1028
739	1456
740	1617
740	2473
740	2263
740	2176
741	2179
741	2724
741	1565
741	1574
742	2475
742	2237
742	2870
742	1411
743	3153
743	1658
743	1951
743	2464
744	2825
744	1732
744	2937
744	2894
745	2930
745	2890
745	1941
745	3098
746	1881
746	2170
746	1640
746	1040
747	2513
747	1312
747	1913
747	1832
748	2802
748	2195
748	2775
748	2707
749	1012
749	2064
749	1439
749	2432
750	2868
750	2166
750	1094
750	2528
751	3112
751	2380
751	2478
751	1752
752	1809
752	3066
752	2686
752	2575
753	2192
753	1910
753	2721
753	1470
754	2441
754	2602
754	1299
754	2511
755	3092
755	2877
755	2093
755	1877
756	1609
756	2171
756	2806
756	2032
757	1850
757	1765
757	2135
757	2133
758	1641
758	2379
758	1413
758	2568
759	3159
759	3036
759	1879
759	2071
760	2323
760	1052
760	2421
760	2910
761	2457
761	2210
761	1127
761	1568
762	1372
762	2212
762	2550
762	2584
763	1114
763	1883
763	3204
763	1986
764	2209
764	3138
764	1921
764	1762
765	2329
765	2764
765	2400
765	1136
766	1325
766	2487
766	1311
766	1536
767	2529
767	2947
767	1463
767	2392
768	2490
768	1324
768	1358
768	3040
769	2122
769	1507
769	2150
769	2591
770	1733
770	1133
770	2855
770	1215
771	1425
771	2016
771	1600
771	1440
772	1166
772	2261
772	2574
772	1519
773	2766
773	2045
773	1805
773	1375
774	2132
774	2061
774	2206
774	1600
775	2695
775	1804
775	1420
775	1455
776	2651
776	1916
776	2254
776	1208
777	3065
777	2226
777	1884
777	1120
778	3003
778	2587
778	1893
778	1629
779	1402
779	1251
779	1028
779	1387
780	1730
780	3172
780	2621
780	1546
781	1401
781	2790
781	2191
781	2761
782	2611
782	1365
782	2502
782	2751
783	1009
783	2465
783	1966
783	2855
784	3113
784	2385
784	2212
784	2480
785	2137
785	1293
785	3079
785	1016
786	1775
786	2517
786	1734
786	2511
787	2711
787	2469
787	2160
787	1392
788	1786
788	1772
788	2383
788	3176
789	1001
789	1626
789	2820
789	1239
790	2401
790	2675
790	2932
790	2678
791	2379
791	1637
791	1070
791	2248
792	2612
792	1386
792	1260
792	2432
793	3057
793	3019
793	1020
793	1325
794	1401
794	3106
794	2128
794	1344
795	1963
795	1202
795	1275
795	3156
796	1737
796	1154
796	2219
796	2663
797	3017
797	2402
797	2771
797	1096
798	1329
798	2296
798	2758
798	1840
799	2714
799	1045
799	2274
799	1751
800	2129
800	1852
800	2941
800	1464
801	2415
801	1941
801	2398
801	1343
802	1681
802	1223
802	2343
802	1816
803	2562
803	3100
803	1837
803	3165
804	2545
804	2636
804	3100
804	1960
805	2225
805	2914
805	2492
805	1967
806	2172
806	2012
806	1213
806	2422
807	2771
807	3158
807	1671
807	1504
808	3186
808	2059
808	1942
808	2440
809	2433
809	2483
809	2196
809	2509
810	1778
810	1389
810	1374
810	2095
811	2876
811	1132
811	1292
811	1710
812	1297
812	2338
812	2593
812	1995
813	2337
813	1162
813	2161
813	3192
814	2530
814	2894
814	2582
814	3143
815	2857
815	1730
815	3171
815	3068
816	2634
816	1411
816	2844
816	1581
817	1369
817	2867
817	2660
817	3005
818	1281
818	2706
818	2143
818	3168
819	3100
819	1124
819	1419
819	1908
820	3199
820	2455
820	2462
820	1927
821	2647
821	2218
821	2458
821	1239
822	3124
822	1397
822	1646
822	1296
823	2234
823	3094
823	2314
823	2976
824	2049
824	2290
824	1916
824	1342
825	3076
825	2151
825	1636
825	1991
826	2377
826	2195
826	1502
826	2521
827	1747
827	1468
827	1037
827	1030
828	1868
828	1252
828	2078
828	1287
829	1580
829	1796
829	1302
829	2320
830	2035
830	2740
830	3101
830	2014
831	2986
831	2411
831	1917
831	2918
832	2561
832	2453
832	1348
832	2149
833	2833
833	2715
833	2781
833	1343
834	1682
834	2372
834	2998
834	1960
835	2178
835	1363
835	2218
835	2939
836	2987
836	1620
836	1757
836	1607
837	2177
837	2002
837	1228
837	1254
838	2553
838	1579
838	1749
838	1950
839	3074
839	2228
839	2078
839	1402
840	1450
840	3083
840	2020
840	3213
841	2162
841	2963
841	1770
841	1088
842	2393
842	2811
842	1716
842	1855
843	2057
843	2682
843	2101
843	2728
844	2369
844	1707
844	1052
844	2303
845	1844
845	2947
845	2868
845	1527
846	1057
846	1978
846	2555
846	3045
847	1033
847	2643
847	2662
847	1542
848	2545
848	1196
848	3009
848	2096
849	2953
849	1611
849	2723
849	2120
850	1938
850	2555
850	1725
850	1046
851	3194
851	2747
851	1819
851	1904
852	2322
852	2747
852	1068
852	2750
853	2728
853	1997
853	2463
853	1152
854	2563
854	1102
854	1099
854	2902
855	2482
855	3179
855	2870
855	2663
856	1763
856	2621
856	2131
856	3141
857	1985
857	2666
857	1111
857	2304
858	1027
858	2437
858	2678
858	2085
859	2873
859	2482
859	2983
859	1031
860	1107
860	1501
860	3181
860	1407
861	1169
861	1098
861	2251
861	2134
862	2017
862	1611
862	1124
862	2468
863	2305
863	2146
863	1583
863	3008
864	1417
864	1476
864	2367
864	2424
865	3001
865	2515
865	3131
865	1616
866	1625
866	2644
866	2214
866	1575
867	3140
867	1292
867	1988
867	2056
868	1177
868	1517
868	2975
868	1384
869	1889
869	2826
869	1182
869	2359
870	1010
870	2816
870	2406
870	2168
871	2090
871	2084
871	1006
871	2471
872	3153
872	1710
872	2343
872	1528
873	2570
873	1131
873	1516
873	3094
874	2121
874	1080
874	1400
874	1760
875	2609
875	2451
875	2404
875	1639
876	2052
876	1292
876	2279
876	1224
877	1737
877	2090
877	3015
877	2200
878	1642
878	2260
878	1165
878	2375
879	2553
879	2010
879	2324
879	1823
880	1458
880	1603
880	2803
880	2424
881	1998
881	2204
881	2502
881	2496
882	1155
882	2908
882	2702
882	1175
883	2180
883	3167
883	2336
883	1777
884	2963
884	2268
884	2043
884	1024
885	1322
885	2086
885	1151
885	1367
886	1185
886	1306
886	1415
886	3025
887	2521
887	1797
887	2927
887	1072
888	3073
888	3109
888	2343
888	1896
889	2225
889	2378
889	2484
889	2605
890	2103
890	2843
890	2884
890	1135
891	2993
891	1931
891	2982
891	1472
892	2405
892	1453
892	2654
892	2944
893	1225
893	3081
893	1932
893	1294
894	1449
894	2499
894	3091
894	2595
895	2441
895	1018
895	2476
895	2725
896	1633
896	2202
896	2763
896	1151
897	1514
897	1427
897	2317
897	1783
898	1704
898	2046
898	2375
898	1136
899	2849
899	3089
899	1331
899	1271
900	1940
900	2077
900	1781
900	2460
901	2497
901	1610
901	2795
901	2936
902	1033
902	1379
902	1443
902	2807
903	3189
903	3213
903	2991
903	1040
904	1090
904	1502
904	3063
904	1842
905	2009
905	1204
905	1181
905	2639
906	2682
906	2246
906	1415
906	2080
907	2418
907	3076
907	2351
907	2672
908	1609
908	1480
908	1597
908	1200
909	1561
909	1506
909	2283
909	1742
910	2458
910	1364
910	1942
910	2344
911	2819
911	1771
911	1484
911	1951
912	2188
912	2445
912	1607
912	2532
913	1649
913	2754
913	2132
913	1623
914	1685
914	1838
914	2597
914	2735
915	1378
915	1266
915	2271
915	2082
916	2195
916	2347
916	3134
916	1951
917	2865
917	2042
917	1173
917	2950
918	2905
918	1509
918	1703
918	2320
919	1873
919	3085
919	1822
919	1728
920	2257
920	1310
920	2039
920	2243
921	3177
921	3213
921	1217
921	2192
922	3138
922	1555
922	2845
922	3110
923	1458
923	2651
923	1581
923	2333
924	2736
924	2512
924	2388
924	1160
925	1697
925	1162
925	2194
925	2234
926	1831
926	2371
926	1092
926	1740
927	2673
927	2186
927	2486
927	2872
928	2303
928	1014
928	1391
928	1760
929	2737
929	3209
929	1878
929	2848
930	2801
930	2042
930	1498
930	1680
931	2329
931	3118
931	1332
931	1302
932	2226
932	2843
932	2940
932	1276
933	1831
933	2907
933	2134
933	2903
934	2603
934	1110
934	2055
934	3128
935	1418
935	2792
935	1068
935	3104
936	1258
936	3060
936	2373
936	2768
937	2423
937	3123
937	2631
937	3152
938	1690
938	1612
938	2558
938	2024
939	3002
939	1107
939	3013
939	2630
940	3180
940	2316
940	2965
940	2732
941	1178
941	1283
941	1759
941	2439
942	1541
942	1182
942	1118
942	2144
943	1240
943	1957
943	2438
943	1832
944	2852
944	2950
944	2772
944	1616
945	2123
945	2212
945	1981
945	2980
946	2883
946	1902
946	2623
946	1432
947	2596
947	2636
947	1828
947	2469
948	2603
948	1867
948	2325
948	2350
949	1977
949	2082
949	2259
949	2592
950	2305
950	3172
950	1238
950	1336
951	1105
951	2954
951	1598
951	1942
952	2417
952	1123
952	2822
952	1558
953	2531
953	3108
953	1285
953	1317
954	1936
954	2773
954	2912
954	2816
955	1314
955	2949
955	2742
955	1031
956	1908
956	2420
956	2798
956	1280
957	1561
957	1850
957	1492
957	2050
958	1490
958	2547
958	2422
958	2703
959	1129
959	2852
959	2301
959	2239
960	2633
960	2841
960	1476
960	2232
961	3106
961	1698
961	2031
961	3160
962	1482
962	2588
962	3157
962	2767
963	1953
963	3198
963	2087
963	2672
964	1449
964	1242
964	1905
964	1817
965	1650
965	2916
965	2572
965	2391
966	1737
966	1930
966	1783
966	1834
967	1538
967	1796
967	1390
967	2038
968	2537
968	2610
968	3211
968	2984
969	2585
969	1237
969	2589
969	1087
970	2745
970	1633
970	1015
970	1112
971	3148
971	1445
971	2061
971	1269
972	1075
972	1852
972	3181
972	1055
973	2649
973	1434
973	2548
973	2266
974	2729
974	1498
974	3186
974	2168
975	1217
975	2677
975	1326
975	2288
976	1194
976	3206
976	1222
976	2367
977	1002
977	2020
977	1631
977	2808
978	3111
978	1786
978	3187
978	1871
979	2448
979	3131
979	1974
979	2808
980	2897
980	1026
980	1662
980	2983
981	2673
981	2476
981	1613
981	2798
982	2953
982	2066
982	3011
982	2693
983	2529
983	2739
983	2285
983	1843
984	1250
984	2763
984	1894
984	1719
985	2043
985	3061
985	3014
985	2390
986	2778
986	3024
986	1894
986	2384
987	1106
987	2109
987	1399
987	1928
988	1433
988	1338
988	2262
988	2088
989	1042
989	2538
989	1879
989	2071
990	2193
990	1274
990	1909
990	2040
991	2265
991	1174
991	2127
991	1856
992	1538
992	1859
992	1690
992	2479
993	1605
993	1247
993	1535
993	3176
994	2394
994	2213
994	2342
994	2576
995	2161
995	3132
995	1005
995	2984
996	2874
996	3202
996	1308
996	1291
997	2338
997	1499
997	2925
997	2871
998	2119
998	1459
998	1156
998	1423
999	2522
999	2156
999	1429
999	2176
1000	3122
1000	1813
1000	1487
1000	2842
1199	2071
1370	2474
1409	2820
1483	2587
1721	1830
1847	3163
1943	1777
1965	1425
2039	2243
2301	2239
2309	1883
2336	1777
2514	1949
2533	1708
2779	2979
2791	1652
2804	1933
2823	1029
3006	2591
3010	1750
3130	3185
3188	2733
