1	1537
1	2370
1	3142
1	2023
1	1544
1	1547
1	2511
1	2800
1	1492
1	2137
2	1890
2	2371
2	1030
2	2442
2	2859
2	1327
2	2991
2	2611
2	2648
2	2876
3	1516
3	2412
3	1261
3	2447
3	2542
3	2610
3	2965
3	2742
3	2679
3	1113
4	2819
4	1639
4	1384
4	2381
4	2096
4	2160
4	1392
4	3067
4	2943
4	1856
5	2561
5	1444
5	2155
5	2315
5	2577
5	2678
5	2167
5	2807
5	3164
5	2941
6	2946
6	2692
6	1482
6	2603
6	1261
6	1585
6	2676
6	1748
6	1022
6	3104
7	2147
7	2917
7	2758
7	2344
7	1020
7	1354
7	2925
7	2384
7	1493
7	2524
8	3105
8	1985
8	2692
8	2948
8	2666
8	1324
8	2445
8	2639
8	2512
8	2781
9	1861
9	2152
9	2632
9	3178
9	2159
9	1298
9	2455
9	1722
9	2428
9	2846
10	1633
10	2594
10	1604
10	1319
10	1902
10	1870
10	1391
10	2512
10	1106
10	1397
11	3074
11	2952
11	3179
11	1137
11	1011
11	2612
11	1940
11	2067
11	2516
11	2751
12	2945
12	2408
12	2155
12	1932
12	1363
12	2902
12	1400
12	1978
12	1691
12	2910
13	1826
13	1254
13	2412
13	2960
13	1044
13	2421
13	3062
13	1239
13	1755
13	3197
14	1314
14	2114
14	2789
14	1674
14	2510
14	2739
14	2837
14	2006
14	1498
14	1664
15	1571
15	1507
15	2083
15	1508
15	2813
15	1834
15	2030
15	2033
15	2007
15	2845
16	2885
16	2664
16	1903
16	1168
16	1074
16	2356
16	1016
16	2968
16	1373
16	2911
17	1322
17	1966
17	2255
17	1038
17	2448
17	3027
17	2389
17	2682
17	1018
17	2175
18	3073
18	3106
18	2307
18	2373
18	1576
18	2733
18	1199
18	3056
18	1075
18	2584
19	1409
19	1997
19	1358
19	2383
19	2735
19	1234
19	1275
19	1149
19	1119
19	2208
20	1925
20	1958
20	3080
20	1163
20	2764
20	2515
20	1114
20	2332
20	2042
20	3135
21	3116
21	1901
21	1423
21	2834
21	1012
21	2453
21	3159
21	2648
21	1145
21	2111
22	3137
22	1063
22	2536
22	1031
22	2090
22	1195
22	3180
22	2990
22	2711
22	1115
23	1409
23	1510
23	2983
23	1352
23	1899
23	1680
23	1557
23	1909
23	2333
23	2270
24	2693
24	1992
24	2696
24	2729
24	1359
24	2802
24	3124
24	3130
24	2462
24	2591
25	1509
25	2405
25	1962
25	1486
25	2798
25	1203
25	2643
25	1301
25	1942
25	1116
26	2980
26	3044
26	2599
26	2254
26	1553
26	2324
26	1045
26	1366
26	2869
26	2136
27	1474
27	1605
27	1223
27	1164
27	2141
27	2962
27	1305
27	1914
27	2525
27	1630
28	1186
28	2157
28	2255
28	1615
28	1202
28	1111
28	2775
28	1978
28	1979
28	2174
29	1281
29	2659
29	1158
29	2285
29	1997
29	1619
29	2360
29	1246
29	2847
29	2112
30	1703
30	1641
30	1386
30	2702
30	2414
30	2961
30	1779
30	2645
30	1109
30	2525
31	2786
31	1892
31	1931
31	2540
31	1772
31	1521
31	3123
31	3131
31	2076
31	3133
32	1219
32	1125
32	2503
32	2023
32	3051
32	1331
32	1844
32	2741
32	1691
32	1084
33	2114
33	2052
33	2276
33	1800
33	2217
33	2386
33	1141
33	1627
33	2909
33	2335
34	2212
34	2247
34	2607
34	1586
34	1237
34	2261
34	2297
34	2239
34	2400
35	3138
35	1256
35	1587
35	2612
35	2675
35	2677
35	2391
35	2748
35	2371
36	1027
36	2599
36	1741
36	1873
36	3156
36	1173
36	1111
36	2456
36	2171
37	1865
37	1449
37	2363
37	2130
37	1941
37	1430
37	1654
37	3163
37	2910
38	2885
38	1159
38	1611
38	1804
38	2923
38	3053
38	1430
38	1083
38	2205
39	1378
39	2947
39	2724
39	1765
39	2470
39	2787
39	3181
39	2650
39	2622
40	2915
40	1511
40	1321
40	1833
40	1587
40	2230
40	1213
40	1919
40	3168
41	2339
41	1103
41	2928
41	1682
41	1683
41	2903
41	2109
41	2688
41	1097
42	2152
42	1416
42	2540
42	1778
42	2419
42	2517
42	1913
42	2778
42	1567
43	1025
43	3043
43	1479
43	2029
43	2769
43	1939
43	1045
43	2105
43	1050
44	2595
44	3011
44	2726
44	2727
44	2288
44	2929
44	2131
44	2773
44	1852
45	2865
45	2324
45	3126
45	1880
45	2633
45	2619
45	2752
45	1824
45	1771
46	1763
46	1928
46	1230
46	3061
46	1717
46	2837
46	2296
46	1303
46	2997
47	1026
47	1958
47	1767
47	1041
47	2545
47	1299
47	1364
47	1845
47	2716
48	3105
48	1506
48	1571
48	2505
48	1773
48	2831
48	2225
48	2322
48	1626
49	3204
49	2471
49	1679
49	1941
49	2327
49	1561
49	2683
49	1852
49	3038
50	2691
50	1127
50	1388
50	1966
50	2801
50	2771
50	1491
50	1306
50	2652
51	1121
51	1826
51	2531
51	3140
51	1064
51	2348
51	1937
51	1723
51	3040
52	3208
52	1099
52	2284
52	2836
52	2745
52	2747
52	1052
52	2237
52	1694
53	2722
53	2597
53	1424
53	2579
53	1620
53	2678
53	2968
53	2494
53	1983
54	3204
54	2470
54	1287
54	1865
54	2764
54	1976
54	2808
54	1147
54	2974
55	2177
55	1254
55	2505
55	2153
55	1067
55	1774
55	2292
55	2966
55	2557
56	1441
56	2316
56	2668
56	2636
56	1741
56	1101
56	1209
56	1661
56	2751
57	2124
57	1485
57	1900
57	1999
57	2160
57	1369
57	3163
57	2492
57	1958
58	1767
58	1293
58	1198
58	1937
58	1106
58	2866
58	1017
58	1501
58	1984
59	1890
59	2378
59	2220
59	3070
59	2421
59	1657
59	2395
59	1566
59	1439
60	2978
60	1789
60	1191
60	2641
60	2486
60	2230
60	2328
60	1277
60	1888
61	1635
61	1892
61	2152
61	3114
61	1744
61	1330
61	1308
61	2781
61	2719
62	2567
62	1165
62	1517
62	1488
62	2193
62	1396
62	1175
62	1402
62	1884
63	1957
63	2278
63	1386
63	1070
63	2478
63	2191
63	2291
63	1526
63	2360
64	3076
64	1263
64	1743
64	1329
64	2741
64	2934
64	2713
64	2138
64	1949
65	2724
65	1127
65	2537
65	2571
65	1428
65	2295
65	2425
65	1691
65	1309
66	2562
66	3106
66	1990
66	1994
66	1198
66	1398
66	2199
66	2519
66	1440
67	2819
67	3012
67	2824
67	3083
67	1848
67	3058
67	2520
67	3036
67	2079
68	1442
68	2082
68	3018
68	1775
68	2321
68	1683
68	1206
68	1750
68	2233
68	1216
69	2339
69	3004
69	1898
69	1484
69	1167
69	2674
69	1242
69	1180
69	3098
70	2213
70	2311
70	1535
70	2894
70	1971
70	2070
70	2841
70	2938
70	1951
71	2686
71	3016
71	1740
71	1709
71	1300
71	2009
71	2236
71	1150
71	1056
72	1313
72	2049
72	1990
72	1479
72	1356
72	2608
72	1808
72	2772
72	2936
73	2859
73	2028
73	1836
73	2896
73	2290
73	1171
73	2355
73	2552
73	2297
74	2529
74	1223
74	3036
74	2901
74	3061
74	1948
74	2716
74	1278
74	2879
75	1285
75	1190
75	1671
75	3146
75	1678
75	2448
75	2072
75	1690
75	1405
76	2404
76	1415
76	2633
76	2539
76	1039
76	1720
76	2169
76	2237
76	2720
77	1602
77	2445
77	1551
77	2673
77	3185
77	1268
77	2837
77	2998
77	2522
78	2050
78	1123
78	2185
78	2670
78	1136
78	2097
78	1331
78	1626
78	3040
79	2985
79	2730
79	1868
79	2956
79	2126
79	1559
79	2200
79	1212
79	2336
80	2694
80	2055
80	3016
80	1286
80	1491
80	3125
80	3064
80	1276
81	1378
81	1988
81	3115
81	2156
81	2236
81	2577
81	2166
81	2140
82	1350
82	1576
82	1801
82	2089
82	2728
82	1746
82	2710
82	1310
83	1697
83	1889
83	2309
83	2858
83	2026
83	2446
83	1138
83	2899
84	1830
84	1160
84	3209
84	2576
84	1075
84	1492
84	3029
84	2301
85	1188
85	2409
85	1069
85	1103
85	1842
85	1780
85	2516
85	1120
86	1962
86	2891
86	2063
86	2512
86	2584
86	2618
86	1533
86	2816
87	2596
87	1801
87	2380
87	2867
87	2804
87	2871
87	2681
87	1632
88	1731
88	1131
88	1070
88	1262
88	2455
88	2168
88	2175
88	2368
89	2593
89	2244
89	2502
89	2120
89	1229
89	2098
89	1173
89	2426
90	1125
90	2120
90	1897
90	2768
90	2417
90	1047
90	2905
90	2944
91	1282
91	2627
91	1381
91	2443
91	2829
91	2638
91	2101
91	1335
92	2817
92	1218
92	2280
92	1258
92	1455
92	2004
92	2068
92	2687
93	2913
93	1926
93	2343
93	2634
93	2578
93	3187
93	1243
93	2464
94	1636
94	3012
94	2983
94	1960
94	2763
94	1196
94	2866
94	3027
95	2981
95	2341
95	1481
95	1577
95	2924
95	1340
95	2653
95	2143
96	1572
96	1638
96	2406
96	2283
96	1232
96	2195
96	2552
96	1340
97	1602
97	2989
97	1552
97	1969
97	1202
97	2259
97	1211
97	3037
98	1889
98	1538
98	2466
98	2313
98	3150
98	1307
98	1342
98	1376
99	2306
99	1574
99	1837
99	2322
99	1586
99	1240
99	2206
99	1055
100	2242
100	2825
100	2186
100	2480
100	2707
100	1815
100	1561
100	1467
101	1281
101	1032
101	2825
101	3082
101	1838
101	3120
101	1400
101	1245
102	3112
102	1129
102	1866
102	1677
102	1786
102	1976
102	2138
102	1759
103	2787
103	1255
103	3086
103	1102
103	1263
103	2485
103	2293
103	3031
104	3042
104	1413
104	1157
104	2900
104	1305
104	1819
104	2654
104	3135
105	1827
105	1348
105	1131
105	1551
105	1295
105	2452
105	1689
105	3134
106	2431
106	1674
106	1547
106	1612
106	2549
106	1658
106	2971
106	1791
107	2502
107	2503
107	3082
107	3180
107	2352
107	2451
107	1368
107	2682
108	2626
108	1929
108	2125
108	1782
108	1530
108	1981
108	2078
108	2848
109	1604
109	2281
109	1999
109	3088
109	1457
109	3092
109	1686
109	1243
110	2882
110	2883
110	1829
110	1993
110	2029
110	1908
110	1977
110	2267
111	3010
111	3107
111	1419
111	2891
111	1073
111	2227
111	2809
111	2426
112	1954
112	1126
112	1927
112	1067
112	2348
112	1460
112	1877
112	2134
113	2440
113	1600
113	2165
113	2774
113	2263
113	3192
113	2973
113	2912
114	2439
114	2699
114	1613
114	2065
114	1843
114	1430
114	1271
114	1598
115	1570
115	1796
115	1130
115	2410
115	2926
115	1181
115	3124
115	2877
116	1959
116	1192
116	2349
116	2670
116	2132
116	1212
116	2303
116	2784
117	3170
117	2435
117	2235
117	1716
117	2651
117	2231
117	2970
117	1563
118	2020
118	2410
118	1839
118	2000
118	1907
118	2133
118	2717
118	1344
119	2732
119	1816
119	2608
119	3026
119	2738
119	1014
119	2264
119	2299
120	2564
120	1320
120	1803
120	2002
120	1876
120	1558
120	3191
120	2458
121	1569
121	1672
121	2859
121	2320
121	2256
121	2099
121	1659
121	2335
122	2979
122	2245
122	2982
122	1769
122	3181
122	2103
122	3195
122	1276
123	1028
123	1804
123	1709
123	2415
123	2835
123	3126
123	2395
123	1886
124	2121
124	2315
124	2097
124	1906
124	2164
124	3096
124	2139
124	2656
125	1698
125	1382
125	2856
125	2217
125	2252
125	2671
125	2064
125	2490
126	2881
126	3172
126	2949
126	2734
126	2288
126	2384
126	2996
126	2326
127	1954
127	2664
127	1096
127	2569
127	2505
127	1912
127	2324
127	1272
128	2884
128	1484
128	1455
128	2389
128	2649
128	3003
128	1113
128	1342
129	2277
129	2182
129	2823
129	1578
129	2988
129	2936
129	2872
129	1182
130	1922
130	2277
130	3047
130	2188
130	2197
130	1493
130	1945
130	2077
131	2760
131	2953
131	1545
131	1098
131	1995
131	2121
131	1523
131	1051
132	2594
132	1635
132	2642
132	2900
132	2999
132	2620
132	1724
132	2719
133	1473
133	1924
133	1832
133	2635
133	3083
133	2510
133	3186
133	1590
134	2339
134	2569
134	1201
134	1555
134	1236
134	1334
134	3062
134	1302
135	2531
135	1832
135	1677
135	1714
135	2198
135	1144
135	2745
135	3165
136	2211
136	2820
136	2405
136	1383
136	1363
136	2775
136	1533
136	2622
137	1421
137	1167
137	2579
137	2101
137	2134
137	2203
137	1468
137	1216
138	1633
138	1187
138	2596
138	2989
138	2014
138	3131
138	2430
138	2399
139	1218
139	2051
139	2603
139	2227
139	2580
139	2707
139	2646
139	2328
140	1226
140	1483
140	2060
140	1241
140	2779
140	2300
140	2557
140	1022
141	1864
141	3177
141	3018
141	3151
141	2195
141	2905
141	2394
141	1694
142	2180
142	2601
142	1737
142	2025
142	2061
142	2834
142	2388
142	1054
143	2126
143	2290
143	2132
143	1462
143	1787
143	2239
143	2047
143	1504
144	2627
144	1700
144	2179
144	1480
144	1448
144	1097
144	3148
144	2959
145	1185
145	1771
145	1356
145	1210
145	2811
145	1885
145	3166
145	2074
146	1476
146	2473
146	1418
146	1129
146	1971
146	1464
146	2809
146	2015
147	1505
147	1671
147	2472
147	3195
147	2669
147	1467
147	1118
147	2495
148	1730
148	1765
148	3175
148	1515
148	1584
148	2482
148	1267
148	1853
149	2531
149	3017
149	2092
149	1040
149	2032
149	2611
149	2675
149	2907
150	2085
150	2457
150	2695
150	1745
150	1812
150	2005
150	2869
150	2489
151	1761
151	2224
151	2824
151	1706
151	1294
151	1007
151	2160
152	2385
152	2194
152	1667
152	2933
152	2616
152	1339
152	2992
153	3057
153	2468
153	1656
153	1755
153	2860
153	1645
153	1007
154	1281
154	1442
154	2163
154	3202
154	2942
154	1886
154	2287
155	2753
155	2051
155	1523
155	2214
155	1495
155	1851
155	1341
156	1858
156	1363
156	1830
156	2060
156	2762
156	1660
156	2222
157	2657
157	3153
157	2739
157	1062
157	1974
157	1913
157	2617
158	2714
158	1078
158	1782
158	1179
158	2310
158	2506
158	1227
159	1652
159	2358
159	2409
159	2170
159	1805
159	2558
159	3199
160	2571
160	3190
160	1175
160	2742
160	1917
160	1355
160	1389
161	1555
161	2835
161	1033
161	1930
161	1803
161	1581
161	2494
162	3025
162	2146
162	1908
162	2325
162	2473
162	2954
162	2223
163	2353
163	1987
163	1923
163	3155
163	1385
163	2890
163	2575
164	2833
164	2660
164	1189
164	1014
164	3099
164	2811
164	1616
165	1906
165	1876
165	2437
165	3065
165	2906
165	3021
165	1088
166	2790
166	2472
166	1481
166	1531
166	1565
166	2745
166	1760
167	1249
167	1234
167	1827
167	2497
167	2716
167	2205
167	1695
168	2629
168	3093
168	1895
168	2591
168	1850
168	2589
168	1071
169	2450
169	2772
169	2390
169	1623
169	1915
169	2331
169	1327
170	2322
170	2228
170	1877
170	2135
170	2457
170	1562
170	1534
171	1953
171	3074
171	2695
171	2056
171	2682
171	3053
171	2094
172	2689
172	2981
172	1848
172	1978
172	2875
172	1660
172	2431
173	2593
173	2273
173	1349
173	2325
173	1368
173	2089
173	1514
174	1588
174	2868
174	1802
174	1610
174	3195
174	1228
174	2764
175	1697
175	2177
175	2530
175	3192
175	2666
175	1019
175	2304
176	1969
176	1893
176	2021
176	1257
176	3212
176	1725
176	2671
177	1220
177	1607
177	1208
177	1370
177	2699
177	3196
177	3181
178	1441
178	1410
178	1589
178	1078
178	2791
178	2794
178	1358
179	1618
179	1234
179	1653
179	1207
179	2743
179	2030
179	2416
180	2434
180	1480
180	3065
180	2794
180	3019
180	1502
180	1648
181	2850
181	1091
181	1235
181	2886
181	2810
181	2313
181	1066
182	1089
182	2991
182	2662
182	2712
182	1594
182	1880
182	1568
183	2226
183	2679
183	3080
183	3047
183	1386
183	2158
183	1792
184	1249
184	1666
184	1794
184	2373
184	2727
184	2459
184	2590
185	1379
185	1177
185	1335
185	2073
185	2830
185	2860
185	2990
186	1011
186	2532
186	3043
186	2521
186	2811
186	1341
186	1663
187	2403
187	2148
187	2052
187	2788
187	2665
187	2958
187	1807
188	1121
188	1154
188	2260
188	2038
188	1655
188	2358
188	1312
189	3139
189	1332
189	1061
189	1301
189	2102
189	3097
189	2765
190	2399
190	2948
190	3157
190	1110
190	3111
190	1853
190	1583
191	2003
191	2246
191	1879
191	2071
191	1324
191	2382
191	1567
192	1105
192	1458
192	2051
192	2308
192	2261
192	1580
192	1181
193	3189
193	3144
193	1561
193	1116
193	1420
193	2862
193	2143
194	1697
194	1891
194	1284
194	1077
194	1788
194	1053
194	1438
195	2337
195	1395
195	1884
195	1019
195	3180
195	1887
195	2864
196	1986
196	1347
196	1907
196	2164
196	2163
196	2342
196	1640
197	1747
197	1015
197	1848
197	2187
197	1835
197	3119
197	3071
198	2705
198	2642
198	1972
198	2901
198	2278
198	1525
198	2475
199	2945
199	1496
199	1542
199	2534
199	1287
199	1862
199	1740
200	2491
200	2913
200	2723
200	1364
200	1925
200	2635
200	2252
201	2145
201	2917
201	3159
201	1387
201	1532
201	2525
201	2543
202	1617
202	2870
202	3032
202	2089
202	2221
202	1566
202	2016
203	1315
203	2698
203	1573
203	2374
203	1002
203	2651
203	1101
204	1979
204	1287
204	2135
204	2731
204	1340
204	2221
204	2926
205	2993
205	1442
205	1410
205	1156
205	1495
205	1789
205	1582
206	2241
206	2404
206	1637
206	1221
206	1896
206	3052
206	1935
207	2898
207	3094
207	1400
207	1465
207	3196
207	1134
207	2016
208	2396
208	1668
208	2806
208	1864
208	1660
208	1132
208	1952
209	1122
209	1939
209	3128
209	1002
209	1243
209	2911
209	1344
210	3010
210	2229
210	1082
210	1500
210	1789
210	2624
210	1680
211	2979
211	3060
211	2373
211	2231
211	1996
211	1326
211	2031
212	1074
212	2019
212	1011
212	2761
212	1949
212	1774
212	3200
213	2355
213	1414
213	2296
213	3001
213	2234
213	2954
213	3130
214	3067
214	2854
214	1817
214	2859
214	2347
214	3134
214	3039
215	2317
215	1501
215	1787
215	1084
215	3149
215	2287
215	2976
216	1604
216	2644
216	2117
216	1943
216	1048
216	2967
216	2651
217	2737
217	2565
217	1109
217	2504
217	2190
217	2735
217	2080
218	2770
218	1891
218	1510
218	2999
218	2889
218	3136
218	2672
219	1506
219	2964
219	1415
219	2217
219	2347
219	2636
219	2975
220	1538
220	2503
220	1513
220	2298
220	2155
220	2492
220	1311
221	1745
221	1490
221	1539
221	1012
221	2277
221	2581
221	3127
222	1777
222	1394
222	3070
222	1894
222	1595
222	1148
222	1902
223	1970
223	2098
223	2852
223	1621
223	3048
223	2776
223	1469
224	1026
224	2752
224	1812
224	2760
224	1564
224	2319
224	1184
225	2609
225	3213
225	2451
225	1963
225	2731
225	1692
225	1133
226	1122
226	1029
226	1749
226	1719
226	2091
226	1774
226	2336
227	1201
227	1282
227	2467
227	1445
227	1534
227	1647
227	1344
228	1121
228	1329
228	3026
228	1170
228	2066
228	2744
228	3007
229	1075
229	1255
229	2167
229	2359
229	2314
229	3033
229	1135
230	2689
230	1841
230	2513
230	1316
230	1511
230	1721
230	2634
231	2625
231	1830
231	2871
231	1656
231	3158
231	2829
231	1279
232	2817
232	2466
232	1172
232	1735
232	1399
232	1575
232	3103
233	1746
233	1795
233	2518
233	2840
233	2585
233	3164
233	2157
234	1526
234	3176
234	2251
234	2187
234	2270
234	1711
234	1392
235	1875
235	3078
235	2056
235	1001
235	2286
235	1421
235	1054
236	1297
236	2338
236	2086
236	2023
236	1622
236	2746
236	2523
237	1717
237	2663
237	1707
237	2076
237	2717
237	2942
237	1312
238	3000
238	2151
238	1815
238	2841
238	1162
238	2955
238	1743
239	2274
239	3155
239	1172
239	2880
239	1320
239	3194
239	1200
240	1650
240	1093
240	3014
240	1031
240	2938
240	2973
240	3104
241	2056
241	1580
241	1256
241	1981
241	1854
241	1487
241	3072
242	3054
242	2148
242	2902
242	3080
242	1294
242	2079
242	2352
243	1634
243	1079
243	1144
243	1930
243	2365
243	1519
243	2880
244	1826
244	2099
244	1780
244	1606
244	1752
244	1775
244	3167
245	2129
245	1954
245	2322
245	2234
245	2977
245	1274
245	2027
246	2962
246	3194
246	1447
246	1160
246	2728
246	2240
247	1556
247	1945
247	3039
247	2361
247	1550
247	2271
248	1314
248	3012
248	1094
248	1174
248	3178
248	2046
249	1210
249	1001
249	2474
249	2041
249	1212
249	1277
250	2706
250	1827
250	2580
250	2344
250	2238
250	1807
251	2258
251	2885
251	2893
251	1708
251	2093
251	2424
252	2084
252	1061
252	1302
252	2202
252	1994
252	1390
253	1602
253	1138
253	1523
253	1708
253	1278
253	3024
254	2436
254	1204
254	1675
254	1466
254	2939
254	3104
255	1922
255	1667
255	2613
255	2890
255	2715
255	1087
256	2821
256	1334
256	2553
256	2410
256	3116
256	2813
257	2341
257	2528
257	3045
257	1816
257	2683
257	3120
258	2898
258	1475
258	2327
258	1464
258	1822
258	1135
259	1154
259	2853
259	3160
259	2393
259	2656
259	1408
260	1905
260	1187
260	2344
260	3083
260	1117
260	2784
261	2005
261	1781
261	2200
261	3193
261	2220
261	1021
262	1585
262	1077
262	2713
262	1151
262	2542
262	2479
263	1860
263	2998
263	1991
263	1450
263	1466
263	1166
264	1189
264	2951
264	3031
264	1707
264	1726
264	2191
265	2499
265	2915
265	2469
265	1989
265	2600
265	2478
266	3170
266	3046
266	1896
266	2604
266	2461
266	1756
267	2194
267	2019
267	2965
267	3130
267	2986
267	2876
268	2770
268	1333
268	2424
268	1194
268	2080
268	1296
269	1298
269	2984
269	1086
269	1544
269	3178
269	1326
270	1048
270	2441
270	3068
270	1710
270	1359
270	2400
271	1489
271	3188
271	2554
271	1739
271	3004
271	1998
272	1522
272	1461
272	1846
272	2379
272	2525
272	2222
273	1635
273	1080
273	2395
273	2237
273	2862
273	2447
274	2476
274	3206
274	2298
274	2124
274	1196
274	2335
275	2753
275	1146
275	2386
275	2506
275	1451
275	3134
276	2625
276	1204
276	2022
276	1496
276	3065
276	3034
277	1169
277	3106
277	2902
277	2312
277	1866
277	1470
278	3107
278	1497
278	1609
278	1723
278	2845
278	2185
279	3157
279	3163
279	1357
279	1323
279	2957
279	2671
280	1393
280	1347
280	3044
280	2932
280	1734
280	3048
281	2481
281	2596
281	2215
281	1181
281	1726
281	1824
282	1474
282	2243
282	2550
282	3062
282	2623
282	1823
283	2802
283	2390
283	3176
283	1371
283	2845
283	1214
284	2694
284	2996
284	1625
284	3101
284	2367
284	1986
285	2364
285	3042
285	1588
285	1654
285	2683
285	1388
286	1009
286	2626
286	3044
286	2534
286	1002
286	2139
287	2977
287	1831
287	2393
287	1371
287	2940
287	1247
288	2897
288	3207
288	2009
288	1178
288	2669
288	2256
289	1203
289	2884
289	2998
289	2631
289	2652
289	2527
290	1345
290	2754
290	2307
290	1863
290	1740
290	1806
291	1521
291	2816
291	2524
291	2844
291	2223
291	1295
292	2353
292	1650
292	2359
292	1897
292	2122
292	1036
293	1857
293	1782
293	3198
293	1769
293	1260
293	1758
294	3186
294	2323
294	2919
294	2043
294	1262
294	2672
295	1185
295	1492
295	1080
295	1738
295	1152
295	1264
296	2533
296	2039
296	3063
296	2846
296	1054
296	2096
297	2115
297	2806
297	2265
297	1882
297	1820
297	3166
298	1731
298	1318
298	2138
298	1516
298	3151
298	1792
299	1537
299	2583
299	1307
299	2395
299	1036
299	2256
300	1658
300	1412
300	1446
300	1961
300	1482
300	1565
301	1332
301	2484
301	1014
301	1927
301	1063
301	2408
302	2579
302	2421
302	1495
302	1064
302	1737
302	1036
303	2033
303	2901
303	2726
303	1881
303	1114
303	1198
304	2281
304	1417
304	2922
304	1197
304	1279
304	1504
305	2946
305	2147
305	3014
305	2680
305	2793
305	1304
306	1944
306	3000
306	2501
306	1832
306	1835
306	3054
307	2850
307	1847
307	2583
307	3095
307	2765
307	1597
308	2162
308	2102
308	2871
308	1433
308	2140
308	1598
309	1427
309	2943
309	1900
309	3037
309	2780
309	1958
310	1219
310	2613
310	2805
310	1658
310	1788
310	2381
311	1217
311	2706
311	2917
311	1573
311	1046
311	1960
312	2161
312	2343
312	2008
312	2391
312	1596
312	1424
313	1570
313	2563
313	2950
313	1432
313	2268
313	1886
314	2980
314	1077
314	3199
314	2843
314	2061
314	2767
315	2321
315	3059
315	1270
315	2792
315	1772
315	1728
316	2403
316	1299
316	2373
316	2851
316	2812
316	2957
317	2673
317	2931
317	2117
317	1434
317	2238
317	1360
318	2674
318	1235
318	3058
318	2821
318	2795
318	1836
319	1107
319	2084
319	2055
319	3212
319	2734
319	1823
320	3110
320	2935
320	1786
320	1499
320	2460
320	2875
321	1156
321	3172
321	2042
321	2108
321	2383
321	1840
322	1461
322	1733
322	1240
322	1689
322	2078
322	1183
323	1217
323	3027
323	2892
323	2294
323	1548
323	2799
324	2881
324	1859
324	2277
324	1941
324	2667
324	2270
325	2786
325	2291
325	2088
325	1146
325	2700
325	1871
326	1289
326	2394
326	2509
326	3005
326	2750
326	1968
327	2088
327	2024
327	2427
327	2493
327	3006
327	1085
328	2496
328	2233
328	1674
328	3195
328	2538
328	3008
329	1793
329	2899
329	1799
329	1432
329	2329
329	2620
330	2323
330	1316
330	1095
330	2263
330	2158
330	3183
331	1057
331	1685
331	2517
331	2680
331	2683
331	1919
332	1090
332	2340
332	2984
332	1225
332	2043
332	2736
333	2001
333	2755
333	1395
333	3016
333	1052
333	1228
334	2501
334	2502
334	2456
334	1193
334	2840
334	1150
335	1702
335	1352
335	2889
335	2970
335	1211
335	2188
336	1268
336	2479
336	2183
336	1466
336	2123
336	1887
337	3035
337	1155
337	1575
337	1672
337	2585
337	2699
338	1459
338	1060
338	2197
338	1463
338	1639
338	1870
339	3090
339	1758
339	3147
339	1838
339	1343
339	3008
340	1861
340	2374
340	1351
340	1687
340	2075
340	3117
341	3038
341	2416
341	1337
341	1742
341	1727
341	1280
342	2947
342	1563
342	2988
342	2893
342	1966
342	2847
343	1427
343	2714
343	2054
343	2727
343	1386
343	2093
344	1057
344	1362
344	1385
344	2759
344	1263
344	3151
345	1875
345	1683
345	2547
345	1558
345	2661
345	2072
346	2594
346	2963
346	2218
346	1989
346	2311
346	2090
347	2145
347	2149
347	1445
347	1767
347	2823
347	2079
348	3169
348	2914
348	3201
348	2037
348	1273
348	1645
349	3057
349	2498
349	2622
349	3032
349	1418
349	2798
350	1059
350	1530
350	1034
350	2795
350	2508
350	2286
351	2418
351	1490
351	2003
351	2101
351	2839
351	1372
352	2720
352	2454
352	1783
352	2776
352	2108
352	1552
353	2433
353	2450
353	3078
353	2346
353	2923
353	1886
354	2820
354	2405
354	2615
354	1819
354	2493
354	2944
355	1959
355	2619
355	2828
355	2637
355	2606
355	1771
356	2499
356	2539
356	2892
356	2573
356	2814
356	2144
357	1232
357	2244
357	2035
357	2528
357	1231
357	1744
358	3153
358	1220
358	2548
358	2709
358	3191
358	2653
359	2817
359	2705
359	1046
359	2183
359	1143
359	3033
360	2676
360	3188
360	1917
360	2123
360	1549
360	2686
361	3141
361	1911
361	1655
361	1083
361	2959
361	1920
362	2754
362	1444
362	3110
362	1543
362	2312
362	1166
363	2975
363	1700
363	2486
363	1959
363	2254
363	1295
364	2918
364	1536
364	2570
364	1308
364	2127
364	1088
365	1350
365	2407
365	1991
365	1739
365	2844
365	1342
366	1669
366	1446
366	1754
366	2750
366	2015
366	1790
367	2930
367	2469
367	1369
367	1802
367	1389
367	1696
368	2205
368	2696
368	1449
368	1211
368	1037
368	2799
369	1601
369	1902
369	1353
369	1162
369	1645
369	1134
370	2562
370	2500
370	1257
370	1593
370	3101
370	1986
371	2273
371	2178
371	1860
371	2886
371	1047
371	2650
372	1893
372	2718
372	2270
372	2188
372	1550
372	2384
373	3121
373	3026
373	2020
373	2135
373	1663
373	2560
374	2658
374	2133
374	2089
374	2746
374	1980
374	3055
375	1715
375	1524
375	2415
375	2253
375	2254
375	1983
376	2529
376	1651
376	1813
376	1673
376	1164
376	1230
377	2011
377	1245
377	1911
377	1291
377	2347
377	2191
378	2131
378	2919
378	2282
378	1932
378	1213
378	2112
379	2481
379	2418
379	2675
379	1737
379	2684
379	2300
380	1233
380	2626
380	2053
380	2215
380	2794
380	1180
381	2610
381	2279
381	1052
381	2267
381	1100
381	3209
382	1267
382	3108
382	2742
382	2104
382	2891
382	1503
383	1043
383	3110
383	1367
383	1531
383	1693
383	1968
384	2951
384	2423
384	1577
384	1934
384	2623
384	3072
385	2401
385	2685
385	1124
385	2715
385	2365
385	2462
386	3075
386	1051
386	2663
386	2475
386	1502
386	2895
387	2491
387	1666
387	2696
387	1627
387	1883
387	1899
388	1620
388	2423
388	1335
388	2526
388	1967
388	1040
389	2401
389	2034
389	2930
389	2981
389	3021
389	2480
390	1809
390	2226
390	2332
390	1725
390	2190
390	1328
391	1425
391	2130
391	2040
391	3146
391	1084
391	3118
392	3140
392	1686
392	2439
392	1031
392	2104
392	2392
393	2417
393	2166
393	1849
393	3018
393	1132
393	3005
394	3089
394	2050
394	1507
394	1209
394	2891
394	2958
395	1857
395	2562
395	1158
395	2855
395	1082
396	2370
396	1124
396	2357
396	3174
396	2262
397	1505
397	1357
397	2618
397	1005
397	3022
398	1682
398	2019
398	3030
398	2285
398	1582
399	1331
399	1783
399	2263
399	1065
399	1198
400	1043
400	2822
400	1129
400	1020
400	1822
401	2742
401	2198
401	1455
401	3112
401	1759
402	2323
402	2708
402	1591
402	1560
402	3150
403	1866
403	2796
403	2413
403	1085
403	2541
404	1029
404	2837
404	1818
404	1613
404	1471
405	2290
405	2199
405	2172
405	2796
405	2317
406	1475
406	1523
406	1260
406	2253
406	3085
407	2307
407	1300
407	2249
407	2396
407	1950
408	1206
408	1577
408	2842
408	1259
408	1625
409	1250
409	1699
409	3045
409	1196
409	2224
410	3137
410	2611
410	2202
410	1770
410	2429
411	2690
411	1764
411	2757
411	1326
411	2512
412	1699
412	2949
412	1622
412	2071
412	1722
413	2302
413	1003
413	2636
413	2222
413	2816
414	1879
414	1705
414	2106
414	1452
414	2655
415	2289
415	2756
415	1593
415	2862
415	1055
416	1603
416	1349
416	1629
416	2863
416	1807
417	1346
417	2611
417	1130
417	2398
417	1759
418	2308
418	1381
418	1130
418	1903
418	2720
419	1922
419	2435
419	3013
419	1717
419	1278
420	1763
420	1701
420	1334
420	3111
420	2730
421	1377
421	2038
421	2170
421	2667
421	2526
422	2849
422	2754
422	2470
422	2174
422	2046
423	2785
423	1719
423	2506
423	2975
423	2560
424	1332
424	1781
424	1162
424	2444
424	2047
425	2738
425	2164
425	2774
425	1462
425	1579
426	1185
426	1841
426	2788
426	3001
426	2204
427	2993
427	1452
427	1931
427	1548
427	2718
428	1970
428	3139
428	1375
428	2059
428	2939
429	2883
429	3156
429	1738
429	1309
429	1696
430	1649
430	1748
430	2086
430	2939
430	2844
431	1009
431	1092
431	3143
431	2839
431	1903
432	2210
432	1971
432	3113
432	1788
432	1999
433	2209
433	3202
433	3096
433	1611
433	1520
434	2243
434	1747
434	2150
434	2842
434	1246
435	2818
435	1444
435	2566
435	1241
435	1584
436	2229
436	1877
436	2921
436	1562
436	1657
437	3027
437	1814
437	1960
437	2910
437	1376
438	2931
438	1268
438	1338
438	2414
438	2863
439	2035
439	3035
439	1197
439	1871
439	3136
440	1937
440	2551
440	2075
440	2700
440	1104
441	1491
441	2246
441	3003
441	2142
441	1947
442	1188
442	2165
442	1463
442	1833
442	2510
443	2180
443	1780
443	2838
443	2336
443	2896
444	1282
444	1155
444	1479
444	2906
444	2960
445	2434
445	2966
445	1383
445	2697
445	1501
446	3075
446	2005
446	3128
446	2969
446	1050
447	2691
447	1318
447	2782
447	3102
447	2592
448	1554
448	2354
448	1481
448	1356
448	1676
449	1749
449	1049
449	2458
449	1820
449	1440
450	1313
450	1086
450	2522
450	1293
450	2654
451	2916
451	1193
451	1163
451	1113
451	2160
452	2226
452	1252
452	2726
452	2520
452	2251
453	1363
453	2535
453	1529
453	2922
453	1102
454	1762
454	2964
454	1270
454	3129
454	2972
455	1537
455	2898
455	3171
455	1019
455	3136
456	1923
456	1448
456	1546
456	2538
456	2063
457	2470
457	1306
457	2810
457	3147
457	2363
458	2021
458	2407
458	1436
458	2014
458	3135
459	2803
459	1460
459	3002
459	2605
459	2208
460	2196
460	2250
460	2919
460	2378
460	1740
461	1669
461	2934
461	1942
461	2681
461	1504
462	1380
462	1253
462	2678
462	1497
462	2876
463	1713
463	2258
463	3061
463	2967
463	2521
464	2834
464	2420
464	2797
464	2890
464	1453
465	2023
465	1224
465	1143
465	1068
465	1679
466	2660
466	1541
466	2662
466	2676
466	1408
467	1432
467	2988
467	1757
467	1870
467	1600
468	1995
468	1834
468	1898
468	1195
468	1888
469	2582
469	1856
469	1904
469	1225
469	1280
470	2563
470	1416
470	1321
470	1421
470	2351
471	2721
471	1105
471	1315
471	2180
471	2005
472	2210
472	3103
472	1433
472	1034
472	2223
473	2580
473	1766
473	2486
473	1032
473	1517
474	2786
474	2440
474	2106
474	1407
474	1984
475	1681
475	1106
475	2904
475	2602
475	1244
476	1973
476	2712
476	1545
476	1595
476	1661
477	2305
477	2227
477	2436
477	1431
477	1871
478	2849
478	1941
478	2503
478	3211
478	1100
479	3167
479	2839
479	2568
479	2232
479	1487
480	2146
480	2278
480	1110
480	3097
480	3168
481	1345
481	1638
481	3079
481	2556
481	2383
482	2642
482	1427
482	2678
482	1213
482	2446
483	1905
483	2628
483	1590
483	1176
483	1706
484	1030
484	1688
484	3196
484	1419
484	2827
485	1701
485	1736
485	2827
485	1630
485	2351
486	1462
486	2792
486	1272
486	2411
486	3052
487	1473
487	1319
487	1288
487	2128
487	1168
488	2011
488	2548
488	2712
488	1403
488	3198
489	1489
489	1993
489	3066
489	2062
489	2704
490	1340
490	2536
490	1068
490	2044
490	1776
491	2081
491	1379
491	1668
491	3028
491	2699
492	2100
492	2119
492	2535
492	2569
492	1259
493	3022
493	1938
493	1092
493	2825
493	2830
494	1490
494	2423
494	1624
494	1836
494	2109
495	1301
495	2502
495	1718
495	3100
495	2815
496	1427
496	1524
496	2069
496	2182
496	3152
497	1406
497	2186
497	1659
497	1742
497	1898
498	2993
498	2018
498	3030
498	1628
498	2461
499	1603
499	2901
499	1702
499	2727
499	2736
500	2027
500	2053
500	2648
500	1867
500	1291
501	1939
501	2453
501	1888
501	2474
501	1120
502	3076
502	2122
502	1659
502	2076
502	2703
503	1761
503	3063
503	1176
503	2777
503	1072
504	3080
504	3049
504	2010
504	1832
504	1328
505	1142
505	2711
505	2764
505	3038
505	1276
506	1266
506	2276
506	2246
506	2904
506	2812
507	1335
507	1640
507	2168
507	1662
507	1215
508	2487
508	2664
508	1015
508	2987
508	2716
509	2708
509	1656
509	1819
509	3055
509	1808
510	2421
510	3160
510	2377
510	1594
510	3069
511	2994
511	1139
511	1878
511	2664
511	1704
512	1412
512	2535
512	2104
512	1161
512	2685
513	1874
513	2272
513	1798
513	1360
513	1184
514	1284
514	2629
514	1062
514	2118
514	2553
515	2278
515	2376
515	1946
515	1436
515	3071
516	2950
516	2791
516	1403
516	2044
516	1006
517	1042
517	1894
517	1191
517	1562
517	2637
518	3059
518	2632
518	2362
518	3019
518	1184
519	2803
519	2533
519	1846
519	2697
519	2153
520	1730
520	2181
520	2024
520	2477
520	2926
521	2690
521	1529
521	2778
521	2427
521	2428
522	2036
522	1477
522	2069
522	1878
522	1485
523	1921
523	1041
523	1764
523	2870
523	2266
524	2590
524	1940
524	1559
524	2490
524	3166
525	2645
525	1959
525	2109
525	1021
525	2912
526	1573
526	1110
526	1244
526	2429
526	2096
527	2487
527	1532
527	2794
527	2284
527	2478
528	1855
528	2430
528	2702
528	1407
528	2672
529	1619
529	3012
529	2197
529	2573
529	2543
530	2356
530	1644
530	2092
530	2077
530	1536
531	2561
531	3041
531	2387
531	2184
531	2045
532	2401
532	1876
532	2213
532	1398
532	3191
533	1331
533	2629
533	1621
533	2204
533	2925
534	1768
534	3145
534	2587
534	3084
534	1214
535	2595
535	2118
535	2012
535	2445
535	1855
536	3141
536	2444
536	2315
536	2956
536	1373
537	2914
537	2422
537	1035
537	2174
537	2176
538	1411
538	1768
538	2744
538	1227
538	2173
539	2017
539	1361
539	2299
539	1821
539	2783
540	1010
540	2265
540	1322
540	1435
540	2766
541	1105
541	2232
541	2219
541	1359
541	2955
542	2291
542	2934
542	2279
542	1322
542	1418
543	2610
543	1734
543	1566
543	2207
543	2976
544	2900
544	1653
544	2037
544	3087
544	2208
545	2646
545	2151
545	2157
545	1005
545	2879
546	1123
546	1796
546	2804
546	1564
546	1965
547	2433
547	2467
547	2153
547	3052
547	1120
548	2161
548	2530
548	1733
548	1397
548	1931
549	1204
549	2376
549	1721
549	2831
549	2080
550	2065
550	1362
550	1545
550	1615
550	1264
551	2179
551	2268
551	3182
551	2974
551	2912
552	2771
552	2797
552	1643
552	2157
552	2782
553	2468
553	3125
553	2567
553	1918
553	2271
554	1112
554	2856
554	2107
554	1037
554	2382
555	2961
555	2614
555	2474
555	3133
555	2815
556	2449
556	1894
556	2473
556	1742
556	1872
557	1396
557	1365
557	1608
557	2280
557	1791
558	2275
558	1910
558	2632
558	1928
558	2399
559	2903
559	2809
559	2330
559	2732
559	3120
560	1826
560	2194
560	1785
560	1563
560	1644
561	1169
561	1317
561	1790
561	1838
561	2350
562	2257
562	1831
562	1415
562	2025
562	2551
563	1025
563	2885
563	1478
563	1752
563	1759
564	1665
564	1956
564	2644
564	1498
564	1454
565	1329
565	2579
565	1652
565	2324
565	1108
566	1186
566	2083
566	2362
566	2092
566	3213
567	2245
567	1797
567	2549
567	1528
567	1837
568	2597
568	1798
568	1749
568	2473
568	2701
569	1586
569	2292
569	1112
569	1256
569	2697
570	2356
570	2232
570	2345
570	2348
570	2239
571	2401
571	1153
571	2981
571	2389
571	1535
572	1635
572	1910
572	2778
572	1164
572	2192
573	2817
573	2218
573	2154
573	3083
573	3152
574	2547
574	1188
574	1128
574	2392
574	1327
575	2402
575	2406
575	2488
575	2217
575	3118
576	2100
576	1334
576	1500
576	1048
576	1804
577	3099
577	2488
577	1355
577	3165
577	1488
578	2867
578	1300
578	1908
578	2921
578	2586
579	2657
579	3201
579	2084
579	1303
579	2492
580	1956
580	1605
580	1288
580	1945
580	3117
581	3109
581	2839
581	1896
581	2779
581	2349
582	1371
582	1180
582	2206
582	2688
582	1097
583	2546
583	2467
583	2484
583	1270
583	3193
584	1859
584	2438
584	2006
584	1629
584	2543
585	2213
585	2789
585	1419
585	2749
585	2559
586	1810
586	1571
586	2055
586	2169
586	1372
587	1042
587	1751
587	1833
587	1930
587	1469
588	2513
588	2914
588	2994
588	2107
588	1248
589	2578
589	1109
589	2919
589	2344
589	1165
590	1252
590	1976
590	3161
590	2058
590	2733
591	1201
591	3154
591	2004
591	2091
591	1148
592	1395
592	2293
592	2600
592	2905
592	2829
593	1601
593	2790
593	2631
593	1980
593	2432
594	2833
594	1404
594	1448
594	3161
594	1100
595	1518
595	2995
595	2008
595	2267
595	1998
596	1494
596	1147
596	3174
596	3079
596	2262
597	1073
597	2690
597	2280
597	1578
597	1374
598	1521
598	1348
598	1157
598	2118
598	2485
599	1301
599	3142
599	1863
599	1961
599	2397
600	2364
600	1795
600	2284
600	1632
600	1760
601	2802
601	2947
601	1170
601	2918
601	1356
602	1554
602	1273
602	1594
602	2253
602	1728
603	2014
603	2452
603	2039
603	2602
603	2026
604	2466
604	1476
604	1420
604	3064
604	2380
605	1459
605	2628
605	1640
605	2555
605	2363
606	1841
606	1811
606	1685
606	2598
606	3015
607	2723
607	2822
607	1607
607	1527
607	1343
608	2225
608	2596
608	1145
608	2940
608	3197
609	2753
609	1027
609	2836
609	1066
609	1132
610	1809
610	1802
610	1389
610	2046
610	2592
611	2874
611	2508
611	2302
611	3007
611	1680
612	1030
612	2570
612	2604
612	2621
612	3098
613	3016
613	1203
613	2120
613	1370
613	2574
614	2628
614	3077
614	2630
614	3179
614	1757
615	2420
615	2537
615	2203
615	2649
615	2574
616	1698
616	1938
616	3034
616	1515
616	1389
617	3009
617	1704
617	2778
617	1243
617	2141
618	3089
618	2247
618	2570
618	1292
618	1181
619	1778
619	2518
619	1608
619	1753
619	1100
620	1671
620	1672
620	3081
620	1693
620	1342
621	1094
621	1414
621	1850
621	1515
621	2172
622	1809
622	2389
622	1977
622	2237
622	2048
623	2641
623	2018
623	1574
623	1242
623	3024
624	1035
624	2533
624	1718
624	1767
624	2507
625	1457
625	2902
625	1351
625	2361
625	1290
626	1099
626	1084
626	1509
626	1304
627	1337
627	2482
627	1151
627	2240
628	1161
628	1258
628	2827
628	1461
629	2826
629	1531
629	2549
629	2627
630	1177
630	1814
630	1317
630	1038
631	1681
631	3011
631	2771
631	1013
632	3028
632	2189
632	2495
632	1008
633	2472
633	1166
633	1591
633	3192
634	1251
634	2908
634	2445
634	1472
635	1114
635	2788
635	1039
635	2920
636	1650
636	1076
636	2575
636	3095
637	2070
637	1868
637	1286
637	2559
638	2378
638	1904
638	1166
638	1152
639	1179
639	2381
639	2558
639	2384
640	2449
640	2916
640	2877
640	1400
641	1171
641	3116
641	1269
641	1611
642	2514
642	2763
642	1076
642	1687
643	1065
643	3162
643	2630
643	1943
644	2331
644	1716
644	2557
644	2110
645	3154
645	1060
645	2701
645	1128
646	2793
646	1963
646	1951
646	1375
647	2193
647	1370
647	1483
647	1690
648	1610
648	1858
648	2196
648	2103
649	2857
649	2670
649	1606
649	1519
650	1970
650	1651
650	2247
650	3071
651	2985
651	2850
651	2933
651	2367
652	1079
652	1754
652	2556
652	2375
653	2249
653	2652
653	2878
653	2768
654	2465
654	1851
654	1957
654	2304
655	1601
655	1285
655	1465
655	1952
656	1836
656	1796
656	1541
656	2254
657	3213
657	2544
657	1125
657	3176
658	1673
658	2186
658	1222
658	2152
659	1432
659	1817
659	1352
659	1056
660	2865
660	1770
660	1920
660	1824
661	2105
661	2203
661	2109
661	1805
662	2842
662	2509
662	1447
662	3205
663	2997
663	1220
663	2708
663	2878
664	1450
664	2592
664	2605
664	1008
665	1955
665	2780
665	1437
665	2719
666	1932
666	1245
666	3127
666	2640
667	2773
667	2614
667	1751
667	2847
668	1265
668	1114
668	1010
668	2008
669	2441
669	2547
669	2379
669	3048
670	1284
670	2861
670	2920
670	2909
671	2755
671	1636
671	3051
671	2375
672	1731
672	2515
672	1004
672	1087
673	1987
673	1524
673	1948
673	2446
674	1867
674	2861
674	1622
674	1216
675	2294
675	1883
675	2910
675	2368
676	2682
676	2211
676	2477
676	2783
677	1579
677	1236
677	1933
677	1159
678	2282
678	1028
678	2085
678	2888
679	1081
679	1466
679	2166
679	1792
680	1207
680	2397
680	2007
680	1232
681	1193
681	2586
681	1429
681	3025
682	2770
682	1451
682	1813
682	2963
683	2067
683	2915
683	1460
683	2544
684	1353
684	2496
684	1806
684	2750
685	2609
685	2035
685	2643
685	1766
686	1665
686	1538
686	2474
686	2746
687	2434
687	1683
687	1646
687	3094
688	3158
688	1426
688	2957
688	2550
689	1828
689	1060
689	1997
689	2602
690	2034
690	1741
690	2558
690	2647
691	1881
691	2491
691	1955
691	1399
692	1140
692	2548
692	1087
692	1496
693	1925
693	2828
693	2149
693	1670
694	1649
694	2546
694	2100
694	1016
695	2083
695	1336
695	2398
695	1096
696	2186
696	2116
696	2861
696	1016
697	2154
697	1404
697	1367
697	3088
698	1649
698	2884
698	1924
698	1142
699	2625
699	2294
699	1921
699	2777
700	2818
700	2178
700	2431
700	2808
701	1330
701	2110
701	1311
701	2024
702	1729
702	2785
702	1846
702	1992
703	2314
703	1091
703	2044
703	2554
704	1698
704	3085
704	2894
704	1688
705	1609
705	1954
705	1571
705	2581
706	2402
706	2754
706	2477
706	1402
707	1258
707	2838
707	1735
707	3122
708	1411
708	2756
708	2310
708	2411
709	2617
709	2250
709	3173
709	2176
710	1546
710	1300
710	2070
710	3008
711	2036
711	1662
711	1711
711	2872
712	2145
712	1716
712	1401
712	2598
713	1802
713	1844
713	2222
713	1815
714	2963
714	3148
714	1311
714	2824
715	3010
715	1755
715	2725
715	3102
716	2434
716	1715
716	1702
716	1472
717	2490
717	2722
717	1014
717	1592
718	1793
718	1187
718	1401
718	1174
719	2379
719	1325
719	2311
719	1773
720	1449
720	1531
720	1231
720	3187
721	1379
721	2750
721	2703
721	2320
722	1618
722	1275
722	2413
722	2342
723	1553
723	1867
723	2412
723	2606
724	2625
724	1289
724	1825
724	2645
725	2068
725	1283
725	1612
725	1776
726	2113
726	2012
726	2654
726	1207
727	1236
727	2269
727	1670
727	3000
728	2586
728	1964
728	2166
728	2559
729	1137
729	1547
729	2732
729	2437
730	1793
730	1986
730	1171
730	2175
731	2083
731	1732
731	2573
731	2972
732	2477
732	1022
732	1862
732	1376
733	2980
733	2693
733	1422
733	1877
734	2665
734	1298
734	2826
734	3087
735	1852
735	3171
735	1980
735	2982
736	1538
736	2325
736	2365
736	1430
737	1238
737	1916
737	2013
737	2246
738	1423
738	2078
738	2759
738	2032
739	1233
739	1866
739	3115
739	2256
740	2587
740	2500
740	1973
740	2119
741	1073
741	2545
741	3148
741	1023
742	1098
742	3069
742	2398
742	3143
743	2369
743	3113
743	2076
743	1192
744	2969
744	2346
744	1911
744	2272
745	1609
745	1339
745	1647
745	1264
746	1089
746	1617
746	2844
746	1086
747	2082
747	1732
747	2534
747	1967
748	1265
748	1853
748	2064
748	1800
749	3077
749	1557
749	2726
749	1096
750	3019
750	2212
750	1478
750	2111
751	2881
751	2459
751	1205
751	3015
752	2016
752	2933
752	2687
752	2048
753	1714
753	2523
753	3211
753	1200
754	1338
754	3003
754	3123
754	1382
755	1513
755	1178
755	1485
755	1405
756	1739
756	1341
756	1549
756	2759
757	3041
757	2274
757	2941
757	1631
758	1313
758	2986
758	3129
758	1580
759	3100
759	1164
759	2118
759	2216
760	3009
760	2266
760	1869
760	3046
761	2329
761	1756
761	1477
761	1072
762	2419
762	3085
762	1607
762	1768
763	2201
763	1508
763	2721
763	2616
764	2162
764	1221
764	2078
764	1336
765	2407
765	3207
765	1607
765	1456
766	2458
766	2443
766	2517
766	2326
767	3097
767	3050
767	1081
767	2063
768	3159
768	2437
768	1247
768	2056
769	2027
769	1431
769	3189
769	1527
770	2340
770	2915
770	1924
770	1118
771	1443
771	1210
771	2363
771	1390
772	1226
772	2765
772	3086
772	2095
773	2569
773	2668
773	2589
773	2807
774	3060
774	1133
774	2639
774	2248
775	2319
775	1614
775	1359
775	1064
776	1442
776	3026
776	1583
776	1992
777	3170
777	2422
777	1190
777	1944
778	3182
778	2544
778	2966
778	3144
779	2249
779	3081
779	2345
779	2704
780	2963
780	2540
780	1749
780	1296
781	2609
781	1668
781	2710
781	2207
782	2022
782	1093
782	2262
782	2959
783	3185
783	2578
783	1547
783	1191
784	1003
784	2429
784	1325
784	1568
785	2737
785	1107
785	1540
785	1960
786	1338
786	3203
786	1757
786	1624
787	2361
787	2036
787	1942
787	1351
788	2192
788	2565
788	2128
788	2144
789	3001
789	2205
789	2214
789	2992
790	1265
790	2202
790	1426
790	1437
791	2731
791	2180
791	2757
791	2694
792	1713
792	2019
792	2852
792	2908
793	1626
793	2269
793	1646
793	3023
794	2066
794	2564
794	2748
794	1380
795	3010
795	3068
795	2638
795	1191
796	1145
796	1628
796	2388
796	3200
797	2882
797	1364
797	1446
797	1543
798	2369
798	3020
798	3021
798	2888
799	1323
799	2461
799	1453
799	2851
800	1370
800	1684
800	1933
800	3132
801	1337
801	1450
801	2087
801	1535
802	2730
802	2762
802	3205
802	1816
803	1810
803	1013
803	1895
803	1605
804	1570
804	2956
804	1069
804	1439
805	2644
805	2909
805	2030
805	1296
806	1794
806	2062
806	1215
806	1072
807	1271
807	1499
807	2350
807	2871
808	1258
808	3187
808	3005
808	3093
809	2465
809	2594
809	1474
809	2853
810	1090
810	3203
810	2428
810	2814
811	1564
811	1540
811	1821
811	2508
812	2993
812	1033
812	1377
812	2544
813	2483
813	1595
813	1460
813	1616
814	3129
814	3210
814	1346
814	2377
815	2578
815	2988
815	2927
815	1058
816	1361
816	2842
816	2442
816	2049
817	1577
817	1369
817	1614
817	2508
818	1786
818	3183
818	2941
818	1290
819	1849
819	3122
819	2749
819	1269
820	2337
820	2935
820	1429
820	2527
821	2659
821	2758
821	1391
821	2443
822	1985
822	1004
822	2740
822	1703
823	2769
823	1099
823	2285
823	2893
824	2305
824	1172
824	1503
824	1648
825	2099
825	1524
825	2398
825	1974
826	1684
826	2196
826	2832
826	2080
827	1145
827	3184
827	2127
827	1520
828	1996
828	1222
828	3119
828	1248
829	2436
829	1053
829	1518
829	2927
830	2673
830	2282
830	3049
830	2333
831	1417
831	2867
831	3180
831	1182
832	1570
832	2229
832	1126
832	1853
833	2394
833	1675
833	3076
833	1471
834	2110
834	1494
834	1807
834	1799
835	2475
835	2125
835	1934
835	1623
836	1914
836	2924
836	2454
836	3127
837	1275
837	2268
837	1525
837	1199
838	2378
838	1429
838	2095
838	2338
839	3090
839	2886
839	1366
839	2120
840	1003
840	2588
840	1983
840	1240
841	1784
841	1789
841	3199
841	1768
842	2515
842	1428
842	1094
842	3056
843	2171
843	1406
843	1871
843	2184
844	2873
844	2946
844	1572
844	2568
845	1779
845	1452
845	2541
845	1724
846	2566
846	2820
846	3190
846	1847
847	3193
847	1634
847	3196
847	2982
848	1257
848	1580
848	2185
848	2232
849	2971
849	2387
849	1734
849	2040
850	2666
850	2309
850	1250
850	2680
851	2248
851	1652
851	2013
851	1712
852	1149
852	2150
852	1631
852	2304
853	1425
853	1514
853	1723
853	1454
854	1354
854	3092
854	2854
854	2464
855	1892
855	3013
855	1511
855	2300
856	2318
856	1869
856	1982
856	1024
857	2475
857	1374
857	2335
857	1288
858	2433
858	2504
858	1253
858	2968
859	2609
859	2827
859	1115
859	1560
860	1321
860	1619
860	2264
860	1104
861	1906
861	2275
861	1333
861	1695
862	2564
862	1130
862	1308
862	1710
863	1642
863	2348
863	3141
863	2087
864	3020
864	2532
864	2855
864	1336
865	2219
865	1882
865	2299
865	1266
866	3162
866	3149
866	2526
866	2928
867	2857
867	2339
867	2372
867	3048
868	2137
868	1186
868	3108
868	1365
869	2465
869	2323
869	1183
869	1368
870	2275
870	2693
870	2702
870	2743
871	1946
871	2709
871	3022
871	2527
872	2113
872	2868
872	1204
872	2615
873	2159
873	1452
873	1422
873	1975
874	1929
874	2092
874	2861
874	1953
875	2113
875	1115
875	1263
875	1528
876	2209
876	2953
876	3198
876	2257
877	3121
877	3066
877	2094
877	1934
878	2143
878	2365
878	1615
878	1576
879	1962
879	1224
879	1509
879	1232
880	3084
880	1006
880	2260
880	3184
881	1017
881	2957
881	2425
881	1056
882	1641
882	1910
882	2438
882	1024
883	2770
883	1235
883	2221
883	2330
884	1297
884	2818
884	2059
884	2540
885	2987
885	1828
885	2565
885	1285
886	2008
886	2029
886	1845
886	2680
887	3145
887	2588
887	3023
887	1136
888	2329
888	1194
888	1678
888	2296
889	3130
889	2115
889	2621
889	1762
890	2216
890	1394
890	1003
890	1936
891	3017
891	3098
891	2749
891	2582
892	1137
892	1179
892	1443
892	3046
893	1137
893	1843
893	1964
893	3193
894	2577
894	3066
894	3177
894	2439
895	2057
895	2418
895	3014
895	2306
896	1811
896	1029
896	1614
896	1456
897	2539
897	1758
897	2887
897	1936
898	3179
898	1419
898	1444
898	1615
899	1121
899	1971
899	1915
899	2624
900	2497
900	2334
900	3015
900	2832
901	2369
901	3210
901	2357
901	2640
902	1051
902	2564
902	2463
902	2376
903	2201
903	3210
903	1926
903	1592
904	2722
904	2740
904	1141
904	2639
905	1753
905	2156
905	3175
905	2001
906	2874
906	2483
906	2366
906	2280
907	3208
907	2432
907	2375
907	2864
908	2658
908	2301
908	1470
908	3000
909	2848
909	2917
909	1670
909	1840
910	1324
910	3173
910	2334
910	2208
911	2489
911	1642
911	1811
911	1239
912	1665
912	2146
912	2318
912	1391
913	2057
913	2661
913	1069
913	2271
914	2113
914	2562
914	1657
914	2990
915	2905
915	1283
915	3076
915	2982
916	2145
916	1076
916	1391
916	1984
917	1618
917	1916
917	2173
917	1522
918	1237
918	2519
918	1247
918	3149
919	1793
919	2158
919	1054
919	2679
920	2385
920	2354
920	1589
920	1912
921	2507
921	2845
921	2766
921	2607
922	2370
922	2124
922	1117
922	1484
923	3105
923	2980
923	1390
923	3167
924	2010
924	2547
924	1044
924	1888
925	2289
925	2858
925	1205
925	1438
926	1817
926	1988
926	1141
926	2929
927	2987
927	2788
927	1957
927	1046
928	2655
928	1890
928	1071
928	1842
929	1058
929	2555
929	1885
929	1982
930	1599
930	1274
930	1083
930	2247
931	1337
931	2498
931	2223
931	1152
932	3002
932	2843
932	2292
932	1468
933	1650
933	1830
933	1818
933	1208
934	2091
934	2637
934	1854
934	3167
935	1785
935	2372
935	1597
935	2937
936	3081
936	1569
936	2549
936	1022
937	2202
937	1435
937	2029
937	2912
938	2761
938	2018
938	2017
938	2612
939	1712
939	1139
939	3091
939	1736
940	1785
940	1049
940	2811
940	2572
941	1833
941	1901
941	1238
941	1664
942	1602
942	1434
942	2565
942	1119
943	1018
943	2757
943	1447
943	1872
944	2073
944	1228
944	1637
944	2800
945	1610
945	2460
945	2189
945	1486
946	1705
946	2947
946	2229
946	1095
947	2058
947	2747
947	1229
947	2045
948	1371
948	1140
948	1727
948	1947
949	1701
949	2316
949	1693
949	2463
950	2689
950	1013
950	2613
950	1384
951	1874
951	1676
951	2002
951	1512
952	2697
952	2514
952	2259
952	1251
953	2755
953	2805
953	1118
953	2451
954	2617
954	1235
954	2124
954	1238
955	2161
955	2746
955	2181
955	1542
956	2593
956	2081
956	1172
956	1829
957	1825
957	1903
957	1309
957	2255
958	1292
958	2677
958	2895
958	1848
959	1873
959	2242
959	3036
959	2926
960	2761
960	2907
960	2767
960	2136
961	2129
961	2074
961	1636
961	2303
962	2235
962	1596
962	1684
962	3006
963	1153
963	1643
963	2836
963	1735
964	1610
964	2725
964	2471
964	2511
965	1458
965	1932
965	1030
965	1784
966	1563
966	2572
966	1933
966	1720
967	3050
967	2971
967	2476
967	2341
968	2601
968	1108
968	2116
968	1965
969	1424
969	3114
969	3169
969	1280
970	3212
970	2285
970	2031
970	1268
971	1275
971	1556
971	1950
971	1352
972	2282
972	1828
972	1975
972	1823
973	2410
973	3132
973	2125
973	2952
974	2897
974	2147
974	1413
974	1743
975	2041
975	1316
975	2576
975	2241
976	2441
976	2641
976	2684
976	2937
977	1729
977	2729
977	2283
977	1599
978	1042
978	2243
978	1972
978	1214
979	2850
979	2755
979	1797
979	1310
980	2873
980	3029
980	1918
980	1904
981	2801
981	3073
981	2142
981	1512
982	1387
982	1909
982	1678
982	2383
983	1777
983	1059
983	1636
983	2028
984	2642
984	3091
984	1037
984	1525
985	1906
985	1995
985	2100
985	1750
986	3138
986	1539
986	1911
986	2371
987	2898
987	1576
987	2295
987	2392
988	2978
988	3109
988	2366
988	1839
989	2228
989	2437
989	2582
989	1983
990	2698
990	2628
990	2263
990	2679
991	3206
991	3190
991	1687
991	1288
992	2073
992	1418
992	1987
992	1638
993	2572
993	1309
993	1894
993	1935
994	2867
994	1692
994	2191
994	1272
995	2000
995	2932
995	2887
995	1648
996	3113
996	2164
996	1078
996	2647
997	2189
997	1820
997	1805
997	1831
998	1413
998	3117
998	2054
998	2895
999	2995
999	2604
999	2382
999	1023
1000	1393
1000	2501
1000	1581
1000	2032
1900	1958
2619	1771
2688	1097
2865	1824
3101	1986
3112	1759
3138	2371
3174	2262
