1	1668
1	2599
1	1992
1	1703
1	2508
1	2736
1	1330
1	2066
1	2938
1	2079
2	2052
2	1547
2	2574
2	2608
2	3030
2	1176
2	2969
2	1339
2	1308
2	2175
3	1281
3	2657
3	1961
3	1866
3	2675
3	2039
3	1499
3	1276
3	1692
3	3007
4	2306
4	2758
4	1291
4	1886
4	1142
4	2969
4	1756
4	1469
4	1566
4	1216
5	2756
5	1118
5	2294
5	1687
5	3031
5	2681
5	1882
5	2395
5	1694
5	1472
6	1889
6	1027
6	1510
6	1194
6	1869
6	2319
6	2160
6	2032
6	2909
6	3134
7	1610
7	1901
7	2236
7	1871
7	1778
7	3059
7	1237
7	2393
7	1500
7	2239
8	2402
8	2373
8	2341
8	2152
8	1641
8	2750
8	2288
8	3122
8	2072
8	2558
9	2689
9	2604
9	2713
9	1679
9	1519
9	2352
9	2610
9	1875
9	1687
9	1593
10	2177
10	1542
10	1671
10	1454
10	1712
10	1298
10	2420
10	1979
10	1180
10	2238
11	2406
11	1193
11	1419
11	3084
11	2733
11	3022
11	1135
11	1199
11	1425
11	2880
12	1251
12	1124
12	2792
12	1965
12	1779
12	3027
12	3098
12	1179
12	1820
12	2974
13	1480
13	1833
13	3082
13	1995
13	2124
13	2388
13	2110
13	1145
13	1244
13	2462
14	2435
14	1156
14	1670
14	2023
14	1451
14	1421
14	1775
14	1940
14	2838
14	1917
15	1065
15	3147
15	3180
15	2062
15	1658
15	2195
15	2167
15	1048
15	2554
15	2747
16	1026
16	1414
16	2319
16	1072
16	1779
16	1652
16	2551
16	2072
16	1017
16	1248
17	2913
17	2242
17	1187
17	1316
17	2788
17	2086
17	3051
17	1740
17	1009
17	2803
18	2849
18	1090
18	1096
18	1929
18	2188
18	3182
18	1653
18	1239
18	1754
18	2364
19	2724
19	2277
19	2845
19	3045
19	1257
19	2410
19	1617
19	1907
19	2939
19	2941
20	1189
20	1064
20	2793
20	1837
20	1586
20	1652
20	2490
20	3036
20	3133
20	1150
21	2977
21	1220
21	2426
21	1355
21	2958
21	2224
21	1654
21	2970
21	2844
21	1152
22	1415
22	1867
22	1899
22	1678
22	2609
22	2929
22	1459
22	2292
22	1051
22	1373
23	1058
23	2052
23	2023
23	1128
23	1832
23	2411
23	2866
23	3031
23	2777
23	1969
24	1826
24	1958
24	2763
24	2731
24	3149
24	1200
24	1745
24	1430
24	3036
24	2911
25	2755
25	3108
25	1155
25	1188
25	3080
25	1674
25	2130
25	1433
25	2622
25	2047
26	2561
26	1604
26	1964
26	1804
26	1073
26	3121
26	2099
26	2584
26	1502
26	3007
27	2177
27	1604
27	1606
27	1896
27	3176
27	3056
27	2198
27	1016
27	2140
27	2269
28	2305
28	2562
28	2594
28	2213
28	1991
28	1640
28	2063
28	1172
28	1593
28	1375
29	1253
29	2666
29	2509
29	3024
29	1617
29	1650
29	1140
29	2996
29	3162
29	1886
30	1248
30	1061
30	3014
30	1073
30	2646
30	2327
30	1943
30	2171
30	3135
30	1728
31	1410
31	2972
31	2348
31	2418
31	1751
31	2970
31	1916
31	1822
31	1664
31	2832
32	2530
32	1827
32	1796
32	1948
32	2475
32	1709
32	1212
32	1238
32	1464
32	1372
33	1347
33	1796
33	2053
33	1036
33	2451
33	1653
33	1150
33	1917
33	2078
33	2688
34	2401
34	1351
34	2251
34	2476
34	2647
34	1849
34	1498
34	2875
34	1855
35	1250
35	1539
35	1455
35	1394
35	3028
35	2037
35	1532
35	1310
35	2080
36	3170
36	2441
36	3114
36	2923
36	2476
36	1356
36	1045
36	2010
36	3104
37	1284
37	1125
37	1508
37	2916
37	2538
37	2570
37	2160
37	3099
37	2941
38	2626
38	3042
38	1551
38	1015
38	2615
38	2013
38	1342
38	2175
38	2336
39	2821
39	1064
39	2953
39	1102
39	2607
39	2325
39	3129
39	2749
39	1791
40	2634
40	2669
40	2991
40	2898
40	2258
40	3066
40	1627
40	3102
40	1984
41	2018
41	2951
41	1581
41	2355
41	2324
41	2714
41	2779
41	3134
41	1470
42	2122
42	1197
42	1806
42	2993
42	1394
42	1555
42	2997
42	1366
42	1118
43	1025
43	2209
43	1765
43	1990
43	2474
43	1388
43	2449
43	1683
43	2935
44	3043
44	2469
44	1926
44	2150
44	2121
44	1898
44	1737
44	2189
44	2358
45	1889
45	2722
45	1991
45	2984
45	2163
45	1621
45	3064
45	3131
45	1600
46	1508
46	2567
46	2376
46	2889
46	1717
46	1078
46	1334
46	1942
46	3165
47	2031
47	2768
47	3188
47	1940
47	3157
47	1368
47	1147
47	1436
47	1949
48	1702
48	2377
48	1290
48	2701
48	2738
48	1267
48	1308
48	2814
48	2623
49	2949
49	2598
49	2827
49	1004
49	2351
49	1039
49	1231
49	2868
49	3156
50	2887
50	2765
50	1458
50	3026
50	1847
50	2139
50	1183
50	1568
50	3085
51	2274
51	2946
51	1749
51	1814
51	2200
51	2780
51	2876
51	1405
51	1055
52	2243
52	1156
52	2022
52	2504
52	2191
52	3058
52	1086
52	1247
52	1984
53	2275
53	2539
53	3057
53	2611
53	2932
53	1943
53	2103
53	1597
53	1438
54	1413
54	2181
54	2862
54	1040
54	2003
54	1175
54	2487
54	1436
54	2877
55	3139
55	3112
55	2959
55	2450
55	2706
55	3061
55	1241
55	2715
55	3007
56	2532
56	2214
56	1770
56	1402
56	1292
56	1040
56	1013
56	1658
56	1534
57	1032
57	2956
57	2420
57	2133
57	1816
57	1305
57	2043
57	2204
57	2436
58	1820
58	1097
58	2109
58	2320
58	3197
58	2807
58	1435
58	2044
58	1693
59	1736
59	2444
59	3118
59	2673
59	1941
59	2297
59	2331
59	1756
59	3200
60	2338
60	2278
60	1318
60	2024
60	2027
60	1647
60	2259
60	3127
60	3072
61	2017
61	2724
61	2693
61	3078
61	2889
61	1836
61	3123
61	1845
61	2329
62	3041
62	1668
62	2153
62	2154
62	1515
62	1198
62	1489
62	2643
62	3191
63	2755
63	1317
63	2309
63	2632
63	2927
63	2800
63	3200
63	2910
63	1536
64	1188
64	1769
64	1450
64	1260
64	2897
64	2042
64	2267
64	1468
64	1886
65	1090
65	2502
65	1063
65	2983
65	1835
65	1934
65	2419
65	2363
65	2719
66	3137
66	2855
66	1440
66	2059
66	2196
66	1465
66	2907
66	1599
66	2624
67	2179
67	2280
67	2588
67	2384
67	3024
67	2197
67	2393
67	1498
67	3004
68	1153
68	2050
68	1572
68	1640
68	1172
68	1114
68	2556
68	1405
68	1695
69	1184
69	1922
69	2147
69	2625
69	2632
69	2097
69	2612
69	2078
69	2016
70	2277
70	1033
70	2505
70	1390
70	2451
70	1204
70	2104
70	3132
70	1407
71	2853
71	1544
71	1645
71	1201
71	2802
71	1522
71	1873
71	2482
71	2649
72	1153
72	1858
72	2561
72	2850
72	1832
72	2381
72	1877
72	1019
72	2368
73	2563
73	1189
73	2694
73	1672
73	3018
73	2073
73	1885
73	2112
73	1632
74	1729
74	2177
74	1923
74	2629
74	2760
74	2153
74	2415
74	3093
74	1336
75	1478
75	1420
75	1133
75	2766
75	1038
75	2198
75	2872
75	2139
75	1440
76	1988
76	1894
76	1959
76	2219
76	2317
76	2127
76	1367
76	1339
76	1344
77	2725
77	1447
77	1293
77	3183
77	1840
77	1588
77	2138
77	1662
77	3104
78	2531
78	2054
78	1131
78	1932
78	2379
78	3182
78	1622
78	1658
78	1723
79	1874
79	2163
79	2324
79	1938
79	2098
79	2583
79	3090
79	2301
79	2590
80	2658
80	1289
80	1643
80	2528
80	2029
80	2392
80	2554
80	3040
81	3043
81	2371
81	2791
81	1612
81	1198
81	2362
81	3132
81	1215
82	2081
82	1316
82	3115
82	1968
82	2707
82	2004
82	1755
82	2940
83	2402
83	1348
83	1221
83	2760
83	2666
83	1111
83	1119
83	2271
84	3105
84	1537
84	2276
84	2789
84	2056
84	3064
84	1054
84	2240
85	1926
85	2472
85	2505
85	2925
85	1134
85	1842
85	1332
85	2683
86	3202
86	2570
86	1389
86	1934
86	2587
86	2428
86	1790
86	1471
87	1412
87	2856
87	1356
87	1805
87	2771
87	2259
87	1109
87	1792
88	1921
88	1348
88	2473
88	1358
88	2035
88	3189
88	2912
88	1888
89	2530
89	1544
89	1225
89	2156
89	1774
89	2964
89	2965
89	2778
90	1444
90	2021
90	2984
90	2826
90	1291
90	3082
90	2262
90	3004
91	1675
91	1708
91	2607
91	2159
91	1235
91	2454
91	2936
91	1725
92	3205
92	1382
92	2313
92	2641
92	3060
92	1941
92	1567
92	1760
93	1154
93	1574
93	2406
93	2314
93	1771
93	2448
93	1520
93	3129
94	2821
94	1256
94	1258
94	1774
94	1839
94	2934
94	1085
94	3038
95	2818
95	1608
95	1801
95	1770
95	1288
95	2734
95	2576
95	2905
96	2149
96	1766
96	1383
96	2056
96	2311
96	3119
96	2707
96	2937
97	1992
97	1642
97	2378
97	1876
97	2037
97	2810
97	1785
97	2298
98	1187
98	1419
98	2510
98	2130
98	1618
98	2165
98	2554
98	1212
99	2358
99	1032
99	3065
99	2122
99	2796
99	1869
99	1118
99	2436
100	2412
100	1772
100	1742
100	1332
100	3095
100	2423
100	2841
100	1375
101	1985
101	2147
101	2054
101	2991
101	1361
101	2226
101	2230
101	1373
102	2116
102	3141
102	3174
102	1578
102	2251
102	1040
102	2994
102	2648
103	2147
103	2982
103	2712
103	2446
103	1431
103	2040
103	1208
103	2972
104	1281
104	1826
104	1735
104	2640
104	1616
104	2709
104	1630
104	2623
105	2274
105	1812
105	1686
105	1386
105	2603
105	3166
105	1839
105	1850
106	2211
106	3111
106	2345
106	2028
106	3053
106	1616
106	1139
106	2548
107	2924
107	1423
107	2387
107	1526
107	1655
107	2331
107	1883
107	1951
108	2373
108	1157
108	1034
108	1259
108	1388
108	2641
108	2586
108	1787
109	1221
109	1607
109	1385
109	1354
109	1195
109	2284
109	1014
109	1629
110	3141
110	2986
110	1482
110	2965
110	1173
110	1242
110	2908
110	2429
111	1474
111	3170
111	1124
111	1672
111	2026
111	1591
111	2552
111	1623
112	1252
112	1161
112	2635
112	2413
112	1421
112	2255
112	1404
112	2207
113	2852
113	1668
113	1290
113	2668
113	2102
113	2303
113	1470
113	2623
114	2817
114	2117
114	1223
114	2252
114	1584
114	1457
114	2009
114	1500
115	1057
115	2657
115	2979
115	2091
115	1615
115	2614
115	2744
115	2334
116	2210
116	3048
116	2958
116	2479
116	1011
116	3093
116	1559
116	2751
117	1217
117	1027
117	3179
117	2447
117	1936
117	2294
117	2398
117	1919
118	1634
118	1539
118	1575
118	1548
118	2644
118	1366
118	1527
118	1688
119	2849
119	1446
119	1960
119	2729
119	2792
119	1384
119	2011
119	2589
120	3209
120	1963
120	1899
120	1838
120	2195
120	1812
120	2291
120	1184
121	1477
121	2760
121	2926
121	2769
121	1106
121	2845
121	2847
121	1056
122	2888
122	2794
122	2420
122	1463
122	3001
122	3161
122	1566
122	1472
123	2240
123	2604
123	1167
123	1498
123	2651
123	2172
123	2589
123	2592
124	2117
124	2119
124	2121
124	2412
124	2158
124	3124
124	3061
124	1400
125	2915
125	1989
125	1543
125	1803
125	2348
125	2671
125	1242
125	2140
126	1179
126	1099
126	1643
126	2253
126	1430
126	1563
126	2846
126	2527
127	2242
127	2789
127	1705
127	1868
127	1357
127	1300
127	1340
127	2429
128	2086
128	1447
128	2155
128	1203
128	3157
128	1079
128	1881
128	1819
129	1729
129	2956
129	1806
129	2962
129	2547
129	2550
129	2425
129	2362
130	2369
130	1764
130	2441
130	2224
130	2449
130	2357
130	2551
130	2525
131	2785
131	1699
131	1704
131	1961
131	1422
131	1076
131	2235
131	2685
132	1220
132	2921
132	1802
132	3156
132	2326
132	1338
132	1789
132	1023
133	2662
133	1258
133	1355
133	1167
133	2928
133	1303
133	1115
133	1596
134	2598
134	1515
134	1434
134	2289
134	2290
134	1049
134	2234
134	3197
135	1858
135	2659
135	3143
135	1069
135	1492
135	2871
135	1854
135	1471
136	2019
136	2307
136	1125
136	2919
136	1611
136	1746
136	2935
136	2815
137	2914
137	3138
137	2884
137	3048
137	2988
137	1209
137	2588
137	1981
138	2599
138	1639
138	1516
138	1712
138	1460
138	1207
138	1020
138	1278
139	1826
139	3204
139	3077
139	1318
139	2215
139	2344
139	2157
139	1587
140	2736
140	1874
140	2194
140	2870
140	1943
140	2745
140	1498
140	1019
141	1217
141	2855
141	2957
141	1872
141	1554
141	2546
141	1365
141	1787
142	1953
142	1830
142	1352
142	3177
142	1930
142	2356
142	3190
142	2424
143	2627
143	1862
143	1710
143	2577
143	3063
143	2201
143	2203
143	3100
144	2593
144	3044
144	1868
144	2735
144	2521
144	3129
144	1918
144	2656
145	1448
145	3145
145	2496
145	1676
145	1488
145	1147
145	2365
145	2336
146	1505
146	3074
146	2631
146	1865
146	2008
146	1881
146	3196
146	2526
147	2791
147	2119
147	1321
147	1900
147	2861
147	1685
147	1207
147	1149
148	2526
148	2819
148	2536
148	1672
148	1139
148	1236
148	2682
148	1150
149	2182
149	2630
149	2440
149	1902
149	3092
149	2647
149	1050
149	2140
150	1249
150	1349
150	2439
150	1385
150	2154
150	2058
150	1776
150	2207
151	1570
151	1061
151	1479
151	1095
151	2618
151	1068
151	1983
152	1313
152	2431
152	1656
152	2761
152	2048
152	1951
152	1696
153	2529
153	2419
153	2902
153	1559
153	2329
153	1787
153	1982
154	1458
154	1575
154	3079
154	1305
154	2077
154	1102
154	1007
155	1605
155	1846
155	2262
155	2538
155	2445
155	1694
155	2239
156	2705
156	1556
156	2664
156	2153
156	1022
156	2015
156	1936
157	1170
157	3151
157	2647
157	3167
157	1003
157	2429
157	2799
158	2511
158	1783
158	1818
158	2394
158	3098
158	1759
158	2896
159	1273
159	2354
159	1832
159	2473
159	2569
159	2184
159	1753
160	1892
160	1174
160	2973
160	1628
160	2173
160	1039
160	3168
161	2001
161	2578
161	2678
161	3196
161	3197
161	2543
161	2624
162	1169
162	2468
162	2804
162	2598
162	2164
162	3046
162	1580
163	2980
163	2117
163	1898
163	2775
163	1626
163	1564
163	2787
164	3107
164	3094
164	1608
164	3084
164	2109
164	2732
164	3117
165	2098
165	2386
165	2706
165	1224
165	2041
165	1181
165	2752
166	1110
166	2575
166	2184
166	2714
166	1948
166	2270
166	1244
167	2532
167	2535
167	2871
167	2170
167	2494
167	2543
167	3130
168	2707
168	2867
168	1684
168	1878
168	2247
168	1194
168	2317
169	2082
169	2215
169	2648
169	3050
169	1644
169	1326
169	3119
170	2746
170	2677
170	2917
170	1048
170	1386
170	1439
170	1850
171	2978
171	3155
171	1840
171	1051
171	2957
171	1455
171	2125
172	1505
172	2167
172	2135
172	1369
172	2507
172	2622
172	2112
173	1881
173	1525
173	2616
173	1096
173	1481
173	3052
173	2350
174	2369
174	1713
174	2067
174	1429
174	2008
174	1596
174	1408
175	1494
175	1687
175	2664
175	1564
175	1741
175	1598
175	1776
176	2897
176	2674
176	3201
176	3172
176	1094
176	2009
176	3146
177	2995
177	2693
177	2967
177	1928
177	1817
177	1453
177	2704
178	3156
178	1173
178	1286
178	1563
178	2084
178	1739
178	1005
179	2289
179	2659
179	2564
179	1669
179	1444
179	1524
179	2555
180	2881
180	1092
180	1717
180	2855
180	1865
180	1340
180	3133
181	3137
181	1185
181	2353
181	2212
181	3047
181	2715
181	3199
182	2504
182	1205
182	1270
182	2264
182	1482
182	1823
182	3136
183	1841
183	1127
183	1450
183	1739
183	2509
183	2718
183	2447
184	2497
184	1137
184	1877
184	2327
184	2471
184	2666
184	1486
185	1729
185	1213
185	1606
185	1991
185	1994
185	2941
185	1488
186	1474
186	1794
186	2278
186	2486
186	2217
186	1818
186	1024
187	1666
187	2339
187	3173
187	1143
187	1051
187	1070
187	3167
188	2952
188	1714
188	1382
188	1319
188	2152
188	1727
188	3135
189	1458
189	2701
189	1670
189	1275
189	1517
189	1343
189	2541
190	1233
190	2481
190	1987
190	2821
190	2231
190	2521
190	1582
191	1859
191	2772
191	1077
191	2029
191	1822
191	1615
191	2832
192	1202
192	2084
192	2260
192	1881
192	2846
192	2396
192	1758
193	1377
193	1825
193	2371
193	2691
193	1463
193	2999
193	2798
194	2820
194	1797
194	1476
194	1110
194	1462
194	2005
194	2608
195	1395
195	1060
195	1396
195	3013
195	2491
195	2285
195	2542
196	2965
196	1686
196	3094
196	2918
196	1770
196	3020
196	1006
197	1745
197	3016
197	1962
197	2107
197	1228
197	2061
197	3087
198	1168
198	2338
198	2818
198	3025
198	3029
198	2811
198	1008
199	1988
199	2869
199	3124
199	2282
199	1579
199	2095
199	1333
200	2769
200	2467
200	1333
200	1718
200	1990
200	1673
200	1067
201	3074
201	1314
201	3154
201	2117
201	2171
201	2013
201	3039
202	1954
202	3067
202	2390
202	1288
202	3017
202	2250
202	1947
203	2993
203	2837
203	1824
203	1319
203	2583
203	2124
203	1788
204	2737
204	1861
204	2806
204	1863
204	3174
204	3101
204	2400
205	3186
205	2388
205	1268
205	2746
205	3131
205	1261
205	2720
206	1601
206	1172
206	3110
206	2343
206	2503
206	3063
206	3087
207	1169
207	2675
207	1588
207	2676
207	1337
207	2667
207	2717
208	3010
208	1538
208	1031
208	1768
208	1495
208	2492
208	1248
209	1330
209	1653
209	2311
209	1914
209	3212
209	2141
209	2078
210	2410
210	2405
210	1590
210	3162
210	1900
210	2813
210	1424
211	2289
211	1604
211	1028
211	1527
211	1290
211	2124
211	1245
212	1766
212	3192
212	2361
212	1850
212	1084
212	2526
212	1423
213	2771
213	1380
213	1619
213	2151
213	2090
213	2427
213	2205
214	1411
214	1060
214	2680
214	3178
214	1870
214	1071
214	1648
215	1905
215	1699
215	1539
215	2927
215	3038
215	1599
215	1920
216	1221
216	1558
216	2976
216	1163
216	1773
216	2382
216	2464
217	1138
217	2034
217	3207
217	1180
217	1309
217	1502
217	2398
218	1364
218	1415
218	3052
218	2057
218	1562
218	2684
218	2127
219	1890
219	2643
219	1638
219	1514
219	2748
219	1565
219	3055
220	1890
220	2444
220	2886
220	1920
220	1260
220	1389
220	2288
221	1971
221	1493
221	2326
221	2551
221	1115
221	1052
221	1327
222	1825
222	1922
222	2162
222	1044
222	2088
222	2537
222	2045
223	3074
223	2531
223	1734
223	1047
223	2953
223	1053
223	1199
224	3016
224	2387
224	1415
224	1288
224	1419
224	2029
224	2816
225	1106
225	2754
225	2564
225	2681
225	1403
225	2716
225	1357
226	3106
226	3123
226	1732
226	2438
226	2313
226	1517
226	1581
227	2898
227	2356
227	2773
227	2086
227	2716
227	2318
227	2143
228	1714
228	2557
228	1316
228	1206
228	2333
228	1950
228	1808
229	2414
229	2103
229	1338
229	1162
229	2108
229	2093
229	1262
230	2689
230	2322
230	2804
230	1031
230	2488
230	1514
230	2379
231	3009
231	2275
231	2710
231	2730
231	2459
231	1580
231	3197
232	1698
232	2067
232	2590
232	1246
232	2442
232	2764
232	2382
233	3185
233	2417
233	2484
233	1913
233	2502
233	1705
233	2076
234	1009
234	2027
234	2054
234	1046
234	1816
234	1131
234	1536
235	2194
235	1957
235	2104
235	2090
235	1259
235	1358
235	2335
236	2677
236	1368
236	2761
236	2106
236	1132
236	2367
236	1232
237	1844
237	1270
237	1782
237	2060
237	1754
237	2380
237	1294
238	2123
238	1671
238	1496
238	2731
238	2460
238	3212
238	2302
239	1633
239	2243
239	3155
239	2357
239	1655
239	1801
239	2811
240	1777
240	2930
240	2547
240	2069
240	3064
240	2363
240	1468
241	2433
241	2627
241	1396
241	2741
241	1799
241	2377
241	1577
242	2067
242	2756
242	1605
242	3142
242	2025
242	2137
242	2863
243	2154
243	3123
243	1330
243	3205
243	1206
243	3146
243	1151
244	2297
244	2898
244	1189
244	2710
244	1689
244	1834
244	1531
245	2307
245	1685
245	2037
245	1977
245	2938
245	2284
245	2158
246	1781
246	1623
246	2040
246	3178
246	1374
246	1088
247	1661
247	2835
247	2790
247	2425
247	1325
247	2703
248	2449
248	1534
248	2310
248	3193
248	1228
248	1998
249	2740
249	2888
249	2202
249	2808
249	2332
249	1311
250	2273
250	2563
250	2948
250	2742
250	2346
250	2702
251	1491
251	2840
251	2810
251	1180
251	2812
251	1600
252	2964
252	1829
252	2647
252	1883
252	1053
252	2928
253	2372
253	2036
253	2725
253	1928
253	2314
253	1179
254	1010
254	1299
254	2050
254	2279
254	1480
254	1021
255	2740
255	1269
255	3206
255	1926
255	1737
255	1407
256	1201
256	1521
256	2418
256	2794
256	1402
256	1613
257	2822
257	2782
257	2874
257	1149
257	1390
257	2639
258	2531
258	1364
258	2581
258	2038
258	1143
258	1631
259	1779
259	2948
259	1609
259	2986
259	1628
259	1006
260	1986
260	2866
260	1652
260	3159
260	1546
260	2268
261	1891
261	2186
261	1927
261	1674
261	3088
261	2720
262	1345
262	2708
262	2565
262	2586
262	1884
262	2413
263	1441
263	1041
263	3153
263	1757
263	2331
263	3101
264	2162
264	1874
264	2148
264	2403
264	2075
264	1392
265	1557
265	1606
265	3071
265	1291
265	1325
265	3023
266	1025
266	2697
266	3146
266	1243
266	2556
266	2333
267	1011
267	2277
267	1207
267	1274
267	2219
267	2272
268	1477
268	3207
268	2270
268	1354
268	1438
268	1712
269	2920
269	1001
269	2698
269	1164
269	2702
269	3006
270	1158
270	2631
270	3160
270	2345
270	2315
270	1696
271	1722
271	2503
271	2762
271	3005
271	2253
271	2591
272	1122
272	2085
272	2965
272	2632
272	1816
272	2254
273	2081
273	2897
273	3011
273	3186
273	1590
273	2093
274	2690
274	2755
274	2304
274	3200
274	1711
274	1264
275	1746
275	1075
275	2629
275	3014
275	1366
275	1151
276	3185
276	2260
276	2598
276	1782
276	1160
276	2713
277	2097
277	1346
277	1636
277	2452
277	1693
277	1440
278	1794
278	2979
278	2244
278	1209
278	2571
278	2975
279	1473
279	2182
279	1255
279	1227
279	2860
279	2767
280	2901
280	3015
280	2684
280	2284
280	2732
280	2672
281	1731
281	1044
281	2670
281	1647
281	2222
281	1487
282	2434
282	1123
282	1528
282	2409
282	1048
282	1833
283	1855
283	1206
283	1304
283	1402
283	3066
283	1583
284	1031
284	1576
284	1946
284	3067
284	1135
284	1200
285	1393
285	1538
285	2654
285	2729
285	1677
285	2174
286	2594
286	1142
286	2810
286	2267
286	1404
286	1886
287	2841
287	1348
287	1367
287	2455
287	1001
287	1069
288	1895
288	2199
288	1275
288	2204
288	2206
288	2815
289	3059
289	1749
289	1590
289	2824
289	2009
289	1037
290	1634
290	1268
290	2693
290	2678
290	2742
290	2133
291	2611
291	3031
291	2951
291	3161
291	2540
291	2781
292	2484
292	2997
292	1767
292	2904
292	1785
292	2685
293	1602
293	3011
293	1043
293	2869
293	3021
293	1872
294	1121
294	2739
294	3020
294	2221
294	1055
294	2464
295	2563
295	1619
295	2975
295	2729
295	2141
295	2111
296	2757
296	1830
296	2486
296	2613
296	2793
296	2623
297	3171
297	2804
297	2582
297	2839
297	1148
297	2784
298	1906
298	1255
298	2506
298	1707
298	2558
298	2687
299	2498
299	1340
299	2517
299	1095
299	3002
299	2220
300	2146
300	2674
300	2595
300	2421
300	1846
300	2791
301	2129
301	1124
301	1316
301	2727
301	1149
301	2894
302	1701
302	2777
302	2442
302	1500
302	2413
302	1919
303	2515
303	2231
303	1096
303	2393
303	2426
303	2459
304	1315
304	1780
304	3179
304	1495
304	2571
304	2572
305	2723
305	1773
305	1974
305	1755
305	3181
305	3069
306	3169
306	1848
306	1033
306	3035
306	2652
306	2525
307	1908
307	1492
307	2421
307	1813
307	2847
307	1232
308	2545
308	2006
308	3127
308	3160
308	2733
308	2542
309	1397
309	1174
309	1112
309	2633
309	2522
309	2127
310	2304
310	2920
310	2173
310	1006
310	2223
310	1664
311	2949
311	1432
311	2489
311	1643
311	1949
311	2767
312	2289
312	1140
312	1510
312	1480
312	2861
312	2360
313	2626
313	1218
313	3123
313	1399
313	2600
313	1280
314	1685
314	1639
314	2871
314	1049
314	2283
314	1277
315	1763
315	1092
315	1268
315	1353
315	2237
315	2926
316	2883
316	1812
316	1286
316	1501
316	1837
316	1823
317	1265
317	1733
317	2039
317	3033
317	2123
317	1552
318	2259
318	1595
318	1710
318	1899
318	2989
318	2318
319	2705
319	2610
319	1587
319	3089
319	1756
319	2797
320	1283
320	1764
320	1750
320	2634
320	1804
320	3150
321	1924
321	3109
321	2935
321	2282
321	2668
321	1104
322	1523
322	1653
322	1447
322	2391
322	2732
322	1744
323	1730
323	1170
323	1302
323	1706
323	1164
323	1838
324	2737
324	2612
324	2776
324	2361
324	1099
324	1309
325	2530
325	1939
325	1574
325	3130
325	2700
325	2765
326	1139
326	1107
326	2918
326	2264
326	2249
326	2362
327	2035
327	3095
327	2568
327	2473
327	2939
327	1454
328	1953
328	1521
328	2453
328	1113
328	2765
328	3150
329	1650
329	1787
329	3206
329	2298
329	1259
329	2542
330	3009
330	1364
330	3147
330	2477
330	2526
330	3120
331	2291
331	1860
331	2772
331	2389
331	1783
331	2895
332	1442
332	2228
332	1557
332	3176
332	1897
332	2544
333	1842
333	1059
333	2867
333	1956
333	1241
333	1087
334	1649
334	1906
334	2019
334	1243
334	2556
334	1968
335	3143
335	1737
335	2650
335	1387
335	2540
335	1082
336	1285
336	1287
336	2955
336	2621
336	1278
336	1407
337	1411
337	2837
337	1464
337	2553
337	1226
337	1904
338	2895
338	2083
338	1781
338	1023
338	2905
338	1423
339	2033
339	1683
339	3004
339	2857
339	2252
339	2080
340	1573
340	2646
340	3113
340	2906
340	2187
340	2077
341	1041
341	2726
341	2107
341	1918
341	3183
341	2224
342	2514
342	3062
342	2825
342	1370
342	1003
342	2445
343	1569
343	1361
343	1178
343	2012
343	2829
343	2224
344	1219
344	1928
344	2089
344	3162
344	1182
344	2479
345	2558
345	1123
345	1673
345	1387
345	2221
345	1934
346	1691
346	1996
346	1560
346	1579
346	1068
346	1333
347	2162
347	2051
347	2580
347	1002
347	2010
347	1520
348	1329
348	1558
348	1590
348	1145
348	3099
348	1821
349	1091
349	2739
349	2327
349	2840
349	1309
349	2750
350	2545
350	2865
350	1427
350	2616
350	3049
350	3100
351	2145
351	2546
351	2132
351	1942
351	1612
351	2734
352	2329
352	2555
352	2981
352	2600
352	1513
352	1403
353	2310
353	2934
353	1430
353	1851
353	3086
353	1695
354	2962
354	1443
354	1349
354	1162
354	2335
354	2080
355	1665
355	1329
355	1571
355	2185
355	2298
355	2287
356	1504
356	1462
356	2842
356	2283
356	2863
356	1488
357	1569
357	1998
357	2166
357	2088
357	2057
357	2574
358	1249
358	2722
358	1993
358	2280
358	1129
358	1243
359	1028
359	2581
359	2708
359	1626
359	2365
359	1342
360	2044
360	2631
360	1768
360	3160
360	2380
360	2255
361	1955
361	1646
361	2248
361	1915
361	1742
361	2319
362	2913
362	2274
362	1122
362	2165
362	1051
362	1552
363	1171
363	2741
363	1894
363	1176
363	1773
363	1295
364	1762
364	2258
364	1491
364	2149
364	2346
364	2011
365	1682
365	1810
365	1620
365	1497
365	1438
365	2256
366	2802
366	3122
366	2454
366	1998
366	1263
366	2400
367	1298
367	1667
367	1879
367	3191
367	1161
367	2574
368	1393
368	3141
368	3166
368	3017
368	2494
368	1311
369	2706
369	2469
369	2824
369	1198
369	1151
369	1760
370	1473
370	1843
370	2452
370	2424
370	2074
370	2651
371	1475
371	1491
371	1702
371	2455
371	2876
371	2748
372	1073
372	2851
372	2790
372	1512
372	2601
372	2363
373	1019
373	2437
373	1691
373	2605
373	2814
373	1584
374	1301
374	2917
374	2343
374	1594
374	1199
374	3104
375	2180
375	1864
375	1594
375	2142
375	1583
375	1680
376	1649
376	1541
376	2826
376	1084
376	1134
376	3055
377	3092
377	2649
377	2669
377	1406
377	1711
377	2816
378	2497
378	1572
378	1637
378	1718
378	2791
378	1720
379	2427
379	2191
379	2205
379	1630
379	3023
379	2832
380	2099
380	3063
380	2919
380	2841
380	2906
380	1182
381	1089
381	1829
381	1509
381	1159
381	2261
381	1946
382	1237
382	1657
382	1836
382	3198
382	2303
382	2496
383	1907
383	3000
383	1788
383	1800
383	3071
383	2288
384	1601
384	2642
384	2807
384	2536
384	3130
384	1880
385	1089
385	2933
385	3190
385	1279
385	2637
385	1631
386	1343
386	3035
386	1333
386	2219
386	2703
386	2720
387	1699
387	2266
387	3164
387	1036
387	1374
387	3086
388	3171
388	1701
388	1856
388	1962
388	1007
388	3056
389	1537
389	1234
389	2193
389	2007
389	1324
389	2846
390	1745
390	1954
390	3094
390	2873
390	2074
390	2064
391	1529
391	1660
391	1948
391	1533
391	2974
391	2495
392	3026
392	1620
392	2092
392	3180
392	2925
392	1056
393	2003
393	2534
393	1976
393	1465
393	2987
393	1518
394	1249
394	1988
394	2839
394	2040
394	2878
394	1215
395	2193
395	2948
395	2490
395	1743
395	1594
396	2273
396	1731
396	1315
396	2083
396	1738
397	3121
397	2212
397	2516
397	2487
397	2491
398	2113
398	2022
398	2200
398	2365
398	2335
399	2529
399	1650
399	2596
399	1177
399	3146
400	2929
400	1271
400	2057
400	1803
400	2208
401	1777
401	2153
401	1902
401	1231
401	2560
402	1121
402	2852
402	3079
402	2743
402	2896
403	1065
403	2610
403	1220
403	1501
403	2747
404	2132
404	2213
404	2582
404	2266
404	1261
405	1985
405	2131
405	3077
405	2493
405	2816
406	1719
406	1801
406	1771
406	1980
406	1695
407	1905
407	2514
407	1690
407	1780
407	2330
408	1091
408	3012
408	1911
408	2743
408	3210
409	1042
409	1651
409	1304
409	1514
409	1791
410	1635
410	1891
410	2995
410	3038
410	2335
411	2369
411	2322
411	1208
411	3200
411	3168
412	2165
412	2138
412	1978
412	2349
412	1406
413	1730
413	2355
413	2139
413	2479
413	2096
414	1054
414	2679
414	2457
414	2827
414	2990
415	2753
415	2549
415	3196
415	2203
415	2300
416	1858
416	1442
416	3106
416	2152
416	2843
417	1170
417	1795
417	2998
417	2361
417	2879
418	2404
418	3158
418	2599
418	2809
418	1104
419	3109
419	1413
419	1897
419	2796
419	2095
420	1829
420	1941
420	1239
420	1946
420	2976
421	2499
421	2218
421	1516
421	3101
421	3102
422	1106
422	2416
422	1183
422	1103
422	3085
423	2227
423	1141
423	2631
423	2058
423	2640
424	2977
424	2946
424	1169
424	2710
424	2763
425	1793
425	2630
425	3068
425	1423
425	3184
426	2566
426	1963
426	2797
426	2062
426	2352
427	1569
427	1719
427	3098
427	1070
427	2624
428	3187
428	1029
428	2218
428	1002
428	2320
429	2113
429	3202
429	2226
429	2845
429	3070
430	2606
430	3159
430	1437
430	2094
430	1597
431	2610
431	2695
431	2936
431	1834
431	2475
432	2883
432	1381
432	1351
432	2392
432	1946
433	1126
433	2619
433	2366
433	3199
433	3056
434	2740
434	2391
434	2828
434	2204
434	2031
435	2881
435	2097
435	3153
435	1704
435	2528
436	2115
436	1592
436	1099
436	1152
436	2128
437	1857
437	1786
437	2588
437	2207
437	1788
438	2565
438	1413
438	1546
438	1934
438	2384
439	2690
439	2230
439	1960
439	2637
439	1320
440	1969
440	2850
440	1412
440	1083
440	1821
441	1250
441	1507
441	1700
441	1908
441	2478
442	1044
442	1685
442	1621
442	3113
442	2380
443	3186
443	2052
443	2021
443	1366
443	1130
444	2579
444	1651
444	1303
444	2060
444	3168
445	1505
445	1762
445	1425
445	2053
445	2396
446	2900
446	1609
446	1326
446	2606
446	2656
447	2449
447	3156
447	2694
447	1529
447	1422
448	1938
448	1795
448	2354
448	1914
448	1232
449	1921
449	2456
449	3211
449	2428
449	1339
450	1409
450	1190
450	2952
450	2329
450	1663
451	2596
451	1909
451	2150
451	1485
451	2512
452	2321
452	1191
452	3003
452	1644
452	1917
453	2627
453	2949
453	2551
453	2331
453	1007
454	1025
454	1043
454	3001
454	2585
454	1882
455	3057
455	1890
455	2899
455	3020
455	1037
456	1236
456	3077
456	3126
456	1312
456	1568
457	1393
457	1828
457	1589
457	2137
457	2652
458	1666
458	2066
458	2232
458	1449
458	2204
459	2801
459	2373
459	1503
459	1467
459	2591
460	2759
460	2220
460	1247
460	1679
460	1952
461	1057
461	2244
461	2108
461	1326
461	1135
462	1879
462	1706
462	1981
462	1421
462	1823
463	1217
463	2850
463	2450
463	3060
463	1460
464	1604
464	2662
464	3063
464	1613
464	2110
465	2520
465	2823
465	2008
465	2682
465	3020
466	2082
466	2227
466	2837
466	2795
466	2318
467	2370
467	1477
467	2024
467	2730
467	1293
468	2644
468	2903
468	2009
468	2187
468	1420
469	1335
469	2537
469	2603
469	1741
469	2272
470	2658
470	1587
470	1930
470	1995
470	2188
471	1205
471	1160
471	1931
471	2157
471	1614
472	3041
472	1511
472	2700
472	1854
472	1632
473	2679
473	2071
473	2394
473	2091
473	1580
474	2854
474	3208
474	3033
474	3097
474	2495
475	2785
475	2344
475	2026
475	2348
475	2528
476	2561
476	1733
476	1641
476	3083
476	2140
477	1857
477	2882
477	1251
477	1777
477	2297
478	1509
478	1608
478	2971
478	3136
478	1904
479	2161
479	2340
479	2457
479	3081
479	1887
480	1633
480	2822
480	2790
480	1754
480	1871
481	2279
481	2011
481	1084
481	2527
481	2096
482	1027
482	2068
482	1397
482	3144
482	2412
483	2386
483	1878
483	1672
483	2633
483	1178
484	2098
484	2450
484	1657
484	2955
484	2447
485	1378
485	2933
485	2422
485	1961
485	2992
486	2946
486	1172
486	2119
486	1799
486	2046
487	1826
487	1939
487	2458
487	1645
487	1678
488	1489
488	1347
488	1811
488	1941
488	2076
489	1059
489	1959
489	2359
489	1707
489	2189
490	2055
490	2266
490	1196
490	1743
490	2672
491	2501
491	1416
491	2445
491	1214
491	1023
492	1747
492	2758
492	2169
492	1117
492	1694
493	2229
493	2982
493	2650
493	2043
493	1119
494	1171
494	1015
494	1112
494	1241
494	2556
495	2181
495	3110
495	2315
495	2158
495	1422
496	2451
496	2803
496	1302
496	2778
496	2349
497	2131
497	1428
497	1013
497	2854
497	1675
498	2321
498	1105
498	1965
498	1071
498	1408
499	1987
499	3173
499	2392
499	3163
499	2653
500	2899
500	1012
500	1319
500	2539
500	2843
501	1100
501	2980
501	1363
501	2472
501	2787
502	2451
502	2884
502	2356
502	1912
502	2249
503	3105
503	2901
503	2907
503	2142
503	3072
504	2209
504	1602
504	2089
504	2553
504	1120
505	3091
505	2087
505	2535
505	1097
505	3194
506	1809
506	1476
506	2694
506	2859
506	2396
507	2428
507	1989
507	2636
507	2269
507	1967
508	2114
508	1058
508	1399
508	3210
508	2256
509	1577
509	2619
509	1468
509	2893
509	1199
510	2961
510	2757
510	2858
510	1646
510	1136
511	2321
511	1726
511	1307
511	1854
511	1408
512	3205
512	2070
512	1129
512	3179
512	1824
513	1185
513	2609
513	3108
513	2874
513	2704
514	3041
514	2281
514	1304
514	1001
514	2973
515	1396
515	1752
515	2716
515	2813
515	1295
516	1157
516	1479
516	1163
516	3055
516	2112
517	2802
517	2868
517	1573
517	1944
517	1785
518	2257
518	1792
518	2028
518	2174
518	2960
519	1074
519	1395
519	2359
519	1450
519	2686
520	2498
520	3050
520	2971
520	2765
520	1439
521	1603
521	3078
521	2888
521	1866
521	1914
522	1570
522	1542
522	1847
522	2620
522	1117
523	1589
523	2342
523	1512
523	2957
523	2176
524	3058
524	1047
524	3081
524	3053
524	1008
525	2945
525	2999
525	2263
525	2236
525	1807
526	2130
526	2519
526	1308
526	1790
526	2462
527	1923
527	1139
527	2533
527	2964
527	1193
528	1105
528	2902
528	1548
528	1676
528	1567
529	1717
529	2293
529	1191
529	1417
529	2942
530	1761
530	3090
530	1069
530	2670
530	2975
531	2770
531	1076
531	2774
531	1351
531	1370
532	2759
532	3209
532	3098
532	1664
532	2992
533	3138
533	1186
533	2987
533	2958
533	3120
534	1356
534	2964
534	2311
534	1576
534	2860
535	1218
535	2931
535	3013
535	1112
535	3023
536	1907
536	1221
536	2666
536	3148
536	2639
537	1093
537	2695
537	1146
537	1803
537	2972
538	1698
538	2723
538	2519
538	2474
538	2752
539	2308
539	2781
539	1448
539	3034
539	1997
540	3057
540	2434
540	2731
540	1132
540	2176
541	3154
541	1637
541	1607
541	2509
541	1391
542	3137
542	1255
542	2711
542	1625
542	1983
543	1457
543	2290
543	1513
543	2636
543	1244
544	2145
544	2754
544	2376
544	2041
544	2970
545	1971
545	2692
545	2090
545	3054
545	2240
546	3108
546	1625
546	1674
546	1882
546	1836
547	2977
547	2242
547	1137
547	1426
547	1066
548	3125
548	2966
548	3193
548	2428
548	2046
549	2499
549	2944
549	2441
549	2217
549	2512
550	1909
550	1670
550	1466
550	2074
550	1088
551	1432
551	1736
551	2793
551	1659
551	2265
552	1219
552	1290
552	1565
552	2014
552	1438
553	1075
553	1492
553	2976
553	1275
553	1872
554	2660
554	1852
554	1709
554	2591
554	1072
555	2017
555	2034
555	1524
555	1716
555	2985
556	2452
556	2012
556	2825
556	2860
556	2446
557	2773
557	2389
557	3000
557	1466
557	3103
558	1863
558	1080
558	1692
558	2942
558	2832
559	1877
559	2102
559	1398
559	2798
559	2079
560	3142
560	2328
560	1321
560	1418
560	2782
561	2578
561	2203
561	1196
561	1167
561	2208
562	1314
562	1571
562	2098
562	1427
562	1900
563	3122
563	1159
563	3128
563	2649
563	2890
564	2164
564	2359
564	1752
564	3150
564	2799
565	1313
565	1369
565	2875
565	1372
565	1775
566	1649
566	1748
566	3207
566	1336
566	1642
567	2483
567	1078
567	1910
567	1376
567	3152
568	2721
568	2259
568	2309
568	1229
568	1999
569	2005
569	2375
569	1640
569	1966
569	1920
570	2999
570	3080
570	3148
570	2813
570	3039
571	1205
571	2614
571	1080
571	2568
571	2653
572	2079
572	1098
572	1772
572	2058
572	2784
573	2626
573	2002
573	2834
573	3115
573	3071
574	1681
574	1490
574	2051
574	3126
574	1678
575	1698
575	1396
575	1815
575	1848
575	2559
576	3202
576	2599
576	1081
576	2363
576	1165
577	2274
577	1733
577	1371
577	1759
577	1231
578	2786
578	2931
578	1760
578	2381
578	3008
579	1042
579	2499
579	2390
579	1160
579	2111
580	2963
580	2772
580	2296
580	3002
580	1840
581	3014
581	1927
581	1341
581	1211
581	2573
582	1093
582	1174
582	1895
582	2795
582	2028
583	1892
583	1254
583	2087
583	2328
583	1929
584	2616
584	1416
584	2572
584	1085
584	2344
585	1025
585	2564
585	1686
585	3070
585	1087
586	1763
586	1558
586	2524
586	2154
586	1260
587	2770
587	1955
587	2989
587	2174
587	1024
588	1236
588	1428
588	3003
588	1629
588	3040
589	2146
589	2037
589	3158
589	1845
589	2539
590	2885
590	2645
590	2584
590	2602
590	1018
591	2065
591	1267
591	1321
591	3068
591	1997
592	1668
592	2229
592	2342
592	2397
592	2432
593	1810
593	1907
593	2628
593	1400
593	2287
594	1634
594	1253
594	3159
594	1131
594	1550
595	2241
595	3091
595	1593
595	2846
595	2064
596	2321
596	1681
596	2858
596	1738
596	2060
597	1412
597	1335
597	3144
597	1246
597	1888
598	2908
598	2439
598	1451
598	2924
598	3184
599	1878
599	2071
599	1896
599	1449
599	2522
600	1890
600	1108
600	1528
600	2489
600	2232
601	2338
601	1750
601	1952
601	1599
601	1744
602	1587
602	1884
602	1851
602	2156
602	2592
603	2820
603	1605
603	2699
603	1359
603	2752
604	2243
604	2374
604	2842
604	2955
604	1376
605	2966
605	2294
605	2199
605	1469
605	2384
606	2301
606	2333
606	1405
606	2506
606	2317
607	1666
607	1091
607	3125
607	1158
607	1309
608	2721
608	1636
608	1435
608	1742
608	1023
609	2355
609	2805
609	1657
609	1181
609	2464
610	2225
610	2389
610	1318
610	1129
610	1324
611	1973
611	1461
611	2123
611	1054
611	1632
612	2726
612	2998
612	2905
612	2112
612	1264
613	1474
613	2501
613	2518
613	1963
613	3164
614	1327
614	2257
614	1401
614	2799
614	2192
615	1662
615	2108
615	3006
615	2223
615	2848
616	1346
616	1235
616	1815
616	3051
616	2512
617	2996
617	1109
617	2295
617	3114
617	1726
618	1986
618	1331
618	1148
618	2093
618	1455
619	1253
619	3198
619	1448
619	2894
619	1968
620	1921
620	2788
620	2580
620	1435
620	1757
621	2641
621	1012
621	2726
621	1979
621	1277
622	1060
622	2263
622	1740
622	2461
622	1167
623	2609
623	1271
623	1256
623	2711
623	2027
624	1970
624	2325
624	2214
624	1689
624	2959
625	2898
625	1029
625	3195
625	1307
625	1355
626	2882
626	3140
626	2180
626	2431
627	2018
627	1379
627	1053
627	2111
628	1299
628	2414
628	2718
628	2360
629	1893
629	2707
629	2789
629	2427
630	1793
630	1525
630	2334
630	1736
631	1929
631	1756
631	2286
631	2287
632	3054
632	1258
632	1758
632	1927
633	1976
633	1533
633	1998
633	1768
634	2995
634	2597
634	2595
634	1240
635	1254
635	1843
635	1885
635	1046
636	1297
636	2066
636	2738
636	3032
637	2218
637	2876
637	2306
637	1586
638	2443
638	1300
638	2061
638	2638
639	2036
639	1317
639	1735
639	2696
640	1268
640	1334
640	2175
640	2478
641	1339
641	3116
641	1635
641	2063
642	3065
642	3045
642	1814
642	1535
643	1443
643	1205
643	1719
643	2440
644	1018
644	1869
644	2870
644	1328
645	1931
645	3188
645	2293
645	2115
646	1138
646	1835
646	2652
646	1517
647	2863
647	3030
647	2655
647	2120
648	2931
648	1684
648	2943
648	2032
649	1252
649	1030
649	1479
649	2079
650	3201
650	1426
650	2885
650	2144
651	1113
651	3076
651	1079
651	1248
652	1273
652	1066
652	2126
652	2206
653	3081
653	2828
653	1764
653	1200
654	1486
654	1836
654	1133
654	1094
655	1153
655	2483
655	1797
655	3199
656	2377
656	2236
656	2982
656	1903
657	1466
657	1877
657	2798
657	1016
658	3034
658	2300
658	2310
658	1839
659	1643
659	3084
659	2205
659	2775
660	2324
660	2893
660	2460
660	1192
661	1852
661	2853
661	2118
661	3135
662	1585
662	2642
662	2465
662	2616
663	1145
663	2374
663	1398
663	1216
664	1166
664	2062
664	2367
664	2856
665	2523
665	2549
665	3199
665	1480
666	2073
666	1301
666	3102
666	2990
667	2401
667	3194
667	2932
667	3134
668	2245
668	1541
668	2247
668	2280
669	2057
669	2482
669	3062
669	2624
670	2914
670	1234
670	3003
670	1174
671	3060
671	2430
671	1911
671	1856
672	2553
672	2955
672	1280
672	1336
673	1831
673	3141
673	1821
673	2263
674	2299
674	3118
674	1064
674	1024
675	1545
675	2337
675	1445
675	1101
676	2196
676	2749
676	2678
676	2151
677	1866
677	3085
677	1478
677	1146
678	3105
678	1578
678	2518
678	1864
679	1681
679	1660
679	1227
679	1740
680	1761
680	2716
680	2509
680	2516
681	1935
681	1125
681	1391
681	1272
682	1230
682	2625
682	1622
682	1144
683	1618
683	1973
683	1383
683	1338
684	1282
684	2315
684	2100
684	2823
685	1954
685	1083
685	1829
685	3150
686	2782
686	2809
686	2628
686	2236
687	2292
687	1086
687	1519
687	2056
688	2185
688	1266
688	1748
688	1310
689	2513
689	3075
689	1356
689	1294
690	2295
690	2565
690	2222
690	1839
691	1322
691	1916
691	2250
691	1598
692	1481
692	1289
692	3076
692	2645
693	2745
693	2562
693	1198
693	2833
694	3163
694	2220
694	1005
694	2959
695	1732
695	2638
695	2126
695	3088
696	2915
696	2709
696	2837
696	2135
697	2447
697	2605
697	1479
697	1808
698	2970
698	1731
698	1991
698	1311
699	1986
699	2836
699	1568
699	2576
700	1284
700	3021
700	1015
700	1224
701	1545
701	2835
701	2523
701	1547
702	2233
702	2772
702	1989
702	1972
703	2226
703	2606
703	1876
703	1094
704	2801
704	1770
704	2865
704	1490
705	2443
705	1504
705	2416
705	2000
706	1561
706	2566
706	1582
706	3008
707	2225
707	2569
707	2316
707	1656
708	2002
708	1612
708	1279
708	1543
709	1697
709	2362
709	3202
709	2485
710	1144
710	2076
710	1662
710	1004
711	2105
711	1034
711	2423
711	2935
712	2547
712	2893
712	1262
712	2621
713	1211
713	2405
713	1359
713	2848
714	2673
714	2348
714	2332
714	1759
715	1950
715	1717
715	1550
715	1110
716	2963
716	2445
716	2823
716	1912
717	1865
717	2663
717	2900
717	1975
718	2316
718	1860
718	1654
718	1552
719	1036
719	2534
719	2087
719	2864
720	1035
720	1572
720	2872
720	2728
721	1377
721	2364
721	1077
721	2111
722	3027
722	2261
722	1493
722	1238
723	2048
723	1371
723	2036
723	1520
724	2851
724	1207
724	1102
724	1103
725	2577
725	2515
725	2535
725	1880
726	2018
726	2819
726	1215
726	1312
727	2016
727	2340
727	3111
727	1648
728	1146
728	1507
728	3125
728	1863
729	1801
729	2507
729	2372
729	2804
730	2297
730	1859
730	1791
730	2216
731	2033
731	2075
731	2094
731	2000
732	3037
732	1965
732	2534
732	1077
733	1074
733	2156
733	3108
733	2186
734	2290
734	2419
734	2500
734	2239
735	2401
735	1481
735	2831
735	2128
736	2121
736	2892
736	2469
736	1177
737	3161
737	2388
737	2597
737	1409
738	1758
738	1452
738	1350
738	1759
739	2497
739	3028
739	1110
739	2814
740	2905
740	2954
740	3016
740	1225
741	2068
741	3181
741	2015
741	2088
742	1166
742	1875
742	2070
742	3095
743	2717
743	1461
743	2136
743	1360
744	1114
744	2467
744	1213
744	1128
745	2178
745	3083
745	2197
745	1192
746	1721
746	3116
746	1541
746	2967
747	1283
747	2508
747	1323
747	2988
748	1610
748	1131
748	2519
748	1424
749	2434
749	2764
749	1592
749	1104
750	1739
750	1972
750	2116
750	3103
751	1957
751	2575
751	2471
751	1120
752	3009
752	3073
752	1197
752	2368
753	1562
753	2196
753	2158
753	1054
754	3120
754	1862
754	2735
754	1200
755	2106
755	1315
755	2604
755	2492
756	2978
756	3175
756	2654
756	2446
757	2618
757	3204
757	2190
757	3047
758	2665
758	1691
758	2876
758	2407
759	1407
759	2983
759	2783
759	2144
760	3009
760	1795
760	1534
760	2923
761	1499
761	3051
761	2535
761	2784
762	2161
762	2660
762	3167
762	2856
763	2114
763	1572
763	1341
763	1224
764	3097
764	3029
764	2351
764	2056
765	1257
765	2852
765	2021
765	2945
766	2059
766	2676
766	2299
766	2950
767	1903
767	3189
767	3070
767	2887
768	2889
768	2947
768	1624
768	2776
769	1357
769	2166
769	1775
769	1624
770	1362
770	3018
770	1790
770	2470
771	1235
771	1276
771	1230
771	1511
772	1933
772	1107
772	1764
772	1805
773	1137
773	2025
773	1108
773	1532
774	2547
774	2421
774	2878
774	1067
775	2480
775	2420
775	2366
775	2470
776	1578
776	2771
776	2510
776	2912
777	2129
777	1338
777	2930
777	3112
778	1715
778	2091
778	2757
778	3008
779	2161
779	1819
779	1868
779	2744
780	2179
780	1837
780	2435
780	3168
781	2698
781	2172
781	2293
781	2518
782	2914
782	2685
782	1591
782	2240
783	3083
783	1621
783	2699
783	2347
784	1377
784	1477
784	1308
784	3205
785	2867
785	1151
785	2783
785	3152
786	1905
786	1026
786	1523
786	1186
787	2873
787	1306
787	2579
787	1853
788	1458
788	1100
788	1253
788	2912
789	1715
789	2350
789	1062
789	1431
790	1410
790	2531
790	1052
790	2891
791	2682
791	3188
791	1429
791	1374
792	2780
792	1259
792	1555
792	1455
793	3018
793	2468
793	3066
793	3208
794	1937
794	1274
794	1765
794	1142
795	3019
795	2067
795	2397
795	1134
796	1585
796	1893
796	3192
796	2408
797	1873
797	1723
797	1285
797	2367
798	1306
798	1922
798	1887
798	2552
799	2587
799	1714
799	1483
799	2466
800	3057
800	1786
800	1195
800	2458
801	2105
801	3198
801	3031
801	1472
802	2514
802	1757
802	1870
802	2143
803	2001
803	1467
803	1307
803	2481
804	1585
804	1378
804	2867
804	1239
805	2121
805	1331
805	2092
805	2359
806	1857
806	2520
806	2900
806	2160
807	1483
807	1966
807	1598
807	1688
808	2081
808	1485
808	1414
808	2665
809	1861
809	1294
809	2383
809	2768
810	1697
810	2266
810	2442
810	2678
811	2785
811	3075
811	3140
811	2808
812	1130
812	1964
812	2069
812	2719
813	1725
813	2461
813	3046
813	1544
814	1827
814	1918
814	2155
814	1880
815	1434
815	2404
815	2671
815	1360
816	1323
816	1320
816	2680
816	1632
817	2192
817	1116
817	2468
817	2576
818	1658
818	1506
818	2831
818	2968
819	1475
819	3165
819	2134
819	1800
820	2769
820	1244
820	1245
820	2430
821	1729
821	1777
821	1223
821	1255
822	1106
822	3195
822	2685
822	1263
823	2378
823	1530
823	2558
823	2120
824	2041
824	2686
824	1469
824	3085
825	3089
825	3010
825	2253
825	2912
826	3206
826	1022
826	2462
826	1287
827	1633
827	2979
827	2844
827	1647
828	1993
828	3073
828	1484
828	2174
829	1297
829	2525
829	2295
829	2805
830	2663
830	1380
830	1798
830	2135
831	2747
831	3172
831	1213
831	2163
832	2485
832	2941
832	2407
832	2216
833	1469
833	3005
833	1397
833	1974
834	1513
834	1738
834	3107
834	3203
835	1811
835	2862
835	2254
835	1958
836	2210
836	1391
836	2175
836	2168
837	3010
837	2085
837	2838
837	1322
838	1105
838	1724
838	1566
838	1496
839	2617
839	2178
839	1875
839	1069
840	1747
840	1924
840	1344
840	1784
841	1784
841	3038
841	3006
841	2096
842	1090
842	2940
842	1494
842	2432
843	2308
843	1530
843	1724
843	1246
844	1345
844	1769
844	2524
844	3012
845	1371
845	3007
845	3126
845	2279
846	2728
846	2437
846	2246
846	2456
847	2802
847	1667
847	1010
847	2183
848	3145
848	2323
848	1708
848	1996
849	2779
849	1596
849	1733
849	1784
850	1767
850	1614
850	2159
850	2696
851	1665
851	1945
851	2415
851	2480
852	3042
852	2981
852	1718
852	2559
853	1937
853	1554
853	1778
853	1127
854	2324
854	1661
854	1638
854	2541
855	2717
855	1442
855	1476
855	1949
856	2520
856	3117
856	2038
856	2864
857	1978
857	1452
857	2661
857	2422
858	1780
858	2805
858	1703
858	2168
859	2465
859	2278
859	1327
859	2040
860	2597
860	1910
860	1943
860	3069
861	2169
861	2178
861	1611
861	1517
862	1440
862	2466
862	1535
862	1560
863	1306
863	1867
863	2667
863	1456
864	2550
864	2045
864	2070
864	1982
865	2399
865	2170
865	3167
865	2312
866	1841
866	2786
866	2857
866	2638
867	1154
867	2963
867	2100
867	1599
868	3203
868	1446
868	1607
868	2816
869	2602
869	2573
869	2605
869	2030
870	2006
870	1516
870	1072
870	2568
871	1961
871	2281
871	1417
871	1352
872	1441
872	1570
872	2433
872	2065
873	2419
873	3015
873	2375
873	1392
874	1977
874	2042
874	2886
874	2798
875	2577
875	2994
875	1659
875	2757
876	1578
876	2339
876	2276
876	2742
877	1441
877	1553
877	1734
877	1999
878	2513
878	2069
878	2944
878	1184
879	2513
879	2620
879	1804
879	2101
880	2130
880	2500
880	2688
880	1272
881	2649
881	3196
881	2988
881	1713
882	1234
882	3187
882	1276
882	2830
883	1842
883	1565
883	1334
883	2328
884	1809
884	1474
884	3180
884	2136
885	2697
885	1828
885	1983
885	1696
886	3022
886	2979
886	1222
886	2712
887	2674
887	2315
887	1994
887	2302
888	1884
888	1901
888	2285
888	1605
889	2833
889	1397
889	1935
889	2909
890	2337
890	1524
890	2687
890	1720
891	2049
891	1134
891	2751
891	2544
892	2211
892	2515
892	2100
892	1518
893	2753
893	2370
893	1580
893	2055
894	1111
894	3175
894	3062
894	1975
895	2385
895	2347
895	2341
895	1246
896	1017
896	2227
896	3051
896	2968
897	1817
897	1445
897	1095
897	1240
898	1204
898	1869
898	1879
898	1269
899	1226
899	3140
899	1588
899	1522
900	2188
900	2661
900	2278
900	1135
901	1921
901	2179
901	2385
901	2395
902	1337
902	2218
902	1350
902	2806
903	2593
903	2986
903	2125
903	1175
904	1657
904	1602
904	1014
904	2238
905	3011
905	1669
905	3043
905	1272
906	1283
906	2326
906	2007
906	2998
907	2960
907	1267
907	1606
907	3056
908	1985
908	1035
908	1837
908	1431
909	2219
909	1365
909	2477
909	1063
910	1393
910	2484
910	2511
910	2448
911	2921
911	1796
911	1045
911	1686
912	1721
912	1842
912	1210
912	1437
913	1626
913	1362
913	1807
913	1753
914	2411
914	2403
914	2727
914	1969
915	1020
915	1980
915	2904
915	2020
916	2201
916	1506
916	1292
916	2762
917	2879
917	1082
917	2859
917	1751
918	1441
918	1282
918	1487
918	3151
919	2961
919	1853
919	2910
919	2167
920	1825
920	2061
920	2687
920	2752
921	1001
921	1459
921	1526
921	3120
922	2353
922	3091
922	3181
922	1712
923	2049
923	1876
923	1956
923	1118
924	2020
924	3096
924	1062
924	1456
925	2265
925	3003
925	1381
925	3096
926	1689
926	2947
926	1925
926	2072
927	2463
927	2148
927	1918
927	1678
928	1038
928	2268
928	2686
928	2567
929	1531
929	1092
929	2118
929	2028
930	3121
930	1540
930	2213
930	1807
931	1433
931	1210
931	1556
931	2711
932	3049
932	1970
932	2974
932	2592
933	2234
933	1979
933	2245
933	1663
934	2761
934	2243
934	1116
934	1136
935	1057
935	1561
935	2235
935	1944
936	1202
936	1549
936	2774
936	2975
937	1915
937	3100
937	2692
937	1030
938	1865
938	3027
938	2408
938	2296
939	2892
939	2253
939	2903
939	2160
940	2241
940	2722
940	2228
940	2922
940	2655
941	3185
941	1553
941	2836
941	1750
942	1081
942	2617
942	2388
942	1592
943	2937
943	1251
943	1740
943	1126
944	2652
944	2350
944	2399
944	2560
945	2401
945	1925
945	1229
945	1913
946	2866
946	1923
946	2134
946	1558
947	2417
947	2002
947	2605
947	1503
948	2225
948	2604
948	2548
948	1384
949	1682
949	2003
949	2540
949	1967
950	2954
950	2443
950	2517
950	2190
951	1562
951	1627
951	2877
951	1006
952	1972
952	1798
952	2463
952	1296
953	3100
953	2822
953	2431
953	1190
954	1203
954	1844
954	3037
954	1656
955	2196
955	2533
955	2950
955	1999
956	1497
956	2635
956	2436
956	1453
957	3025
957	1802
957	2035
957	1279
958	2233
958	1379
958	3149
958	2592
959	2585
959	2386
959	1075
959	2916
960	1418
960	2739
960	2691
960	1155
961	3177
961	2248
961	2615
961	3128
962	2613
962	1549
962	1143
962	1680
963	1722
963	2891
963	2829
963	2312
964	2409
964	2493
964	1813
964	2272
965	2922
965	1850
965	1076
965	2800
966	1145
966	1353
966	2047
966	2824
967	2354
967	3019
967	1101
967	2602
968	1484
968	1332
968	2508
968	2288
969	2618
969	2286
969	2834
969	2030
970	2041
970	2645
970	1945
970	2840
971	3044
971	1141
971	2911
971	3160
972	2488
972	1789
972	1222
972	2520
973	1633
973	3188
973	1013
973	1932
974	3074
974	2943
974	1540
974	2004
975	2323
975	2781
975	2438
975	3211
976	1716
976	2246
976	2183
976	1112
977	1466
977	1731
977	1415
977	1314
978	1265
978	1690
978	1849
978	2202
979	2906
979	1098
979	2076
979	3169
980	2793
980	2008
980	1595
980	1792
981	2234
981	2683
981	1727
981	1551
982	1492
982	1413
982	2830
982	3071
983	2601
983	1211
983	1828
983	2303
984	2820
984	1165
984	1214
984	1831
985	3201
985	1266
985	3139
985	1951
986	2889
986	3032
986	3125
986	1728
987	2890
987	1499
987	2453
987	1251
988	1233
988	1931
988	2868
988	1677
989	1168
989	1544
989	2318
989	2552
990	2985
990	1626
990	1542
990	1375
991	1603
991	2237
991	2766
991	3000
992	1123
992	3132
992	2271
992	2812
993	1929
993	2305
993	1273
993	2014
994	2585
994	2817
994	2397
994	2557
995	2225
995	2540
995	1121
995	1021
996	1077
996	2350
996	1615
996	2880
997	1050
997	1429
997	2383
997	1296
998	2330
998	1363
998	1933
998	2101
999	1313
999	2787
999	1401
999	1947
1000	2769
1000	1700
1000	1997
1000	1328
1032	2436
1065	2747
1183	3085
1386	1850
1579	1333
1822	2832
2122	1118
2267	1886
2411	1969
2980	2787
