1	1729
1	3169
1	1828
1	1702
1	1448
1	1864
1	2293
1	1403
1	2588
1	3199
2	2305
2	2339
2	2921
2	1386
2	1616
2	1493
2	2553
2	1978
2	2526
2	1183
3	2243
3	2139
3	1450
3	2029
3	1678
3	1041
3	2386
3	2741
3	2523
3	1341
4	1825
4	2724
4	2918
4	2822
4	2536
4	2351
4	1874
4	1875
4	1910
4	1184
5	1986
5	1315
5	2595
5	1031
5	1580
5	1102
5	3026
5	1299
5	2741
5	1694
6	1827
6	1157
6	3109
6	3175
6	1517
6	3028
6	2872
6	2714
6	2139
6	1631
7	1377
7	2536
7	2696
7	2560
7	2831
7	2065
7	3027
7	3096
7	2233
7	1536
8	1185
8	1217
8	2505
8	1901
8	2701
8	2194
8	2003
8	1235
8	2297
8	1690
9	2019
9	1763
9	1542
9	1159
9	2824
9	1356
9	3149
9	1808
9	1235
9	2837
10	1092
10	2950
10	1932
10	2767
10	1775
10	1815
10	2876
10	3165
10	2560
10	2878
11	2789
11	2054
11	2686
11	1866
11	2990
11	1839
11	1278
11	2685
11	1150
11	1805
12	2145
12	2467
12	2404
12	1701
12	1348
12	2603
12	2734
12	2287
12	3190
12	2426
13	1346
13	1860
13	1573
13	2312
13	2632
13	1196
13	1339
13	1334
13	2487
13	1467
14	2049
14	2564
14	1738
14	2554
14	1425
14	3094
14	2680
14	1176
14	2266
14	3005
15	3075
15	1834
15	2732
15	2189
15	1839
15	2383
15	1489
15	2290
15	2233
15	2528
16	1634
16	2054
16	1224
16	1357
16	1201
16	2034
16	1811
16	2009
16	1597
16	1269
17	2630
17	2059
17	3024
17	1170
17	2933
17	3157
17	2874
17	2235
17	2336
17	2773
18	3201
18	1315
18	1380
18	1798
18	1392
18	1240
18	1242
18	2173
18	1247
18	1760
19	1121
19	1131
19	2510
19	2127
19	2927
19	3118
19	2806
19	1559
19	1306
19	1179
20	1059
20	1036
20	2926
20	1085
20	1428
20	2549
20	3033
20	3065
20	1949
20	1151
21	3044
21	2214
21	2762
21	2251
21	2891
21	2286
21	1361
21	1586
21	2587
21	2944
22	1761
22	1126
22	2507
22	3021
22	1615
22	1743
22	1632
22	2360
22	2688
22	1107
23	1025
23	1933
23	2929
23	2737
23	1910
23	2875
23	1085
23	2302
23	2175
23	1952
24	3075
24	2343
24	1897
24	1162
24	2410
24	1228
24	1302
24	1914
24	2364
24	1791
25	2593
25	1090
25	2371
25	2470
25	3175
25	3143
25	1072
25	2673
25	2802
25	2672
26	1057
26	2915
26	1158
26	2343
26	1830
26	2251
26	3101
26	1203
26	1243
26	2205
27	1890
27	1094
27	3149
27	1679
27	2481
27	2873
27	1179
27	1950
27	1119
27	2432
28	2472
28	1072
28	1492
28	2424
28	1529
28	3097
28	1115
28	1336
28	1984
28	2287
29	2531
29	2156
29	1488
29	2932
29	1238
29	2294
29	1880
29	2457
29	1082
29	2333
30	2983
30	1257
30	3113
30	3019
30	2446
30	1294
30	2547
30	2967
30	1018
30	1983
31	2369
31	1954
31	2115
31	2431
31	3137
31	2983
31	1294
31	2575
31	2143
31	2400
32	1381
32	1037
32	1646
32	1198
32	1358
32	2415
32	1202
32	2258
32	1631
32	2272
33	2693
33	1543
33	1033
33	1836
33	1872
33	2228
33	1173
33	1337
33	2650
33	1886
34	1922
34	2980
34	2791
34	1896
34	2922
34	2667
34	1873
34	1718
34	1180
35	2563
35	2853
35	2759
35	1415
35	3048
35	1906
35	2869
35	1752
35	2365
36	3210
36	2730
36	2426
36	1391
36	1973
36	1751
36	2074
36	2046
36	2186
37	2785
37	3011
37	3204
37	1069
37	2415
37	2389
37	1527
37	2972
37	2749
38	2177
38	1668
38	1959
38	1897
38	2319
38	2897
38	1243
38	2652
38	2399
39	3140
39	2634
39	2863
39	1040
39	1014
39	1016
39	3161
39	1820
39	1984
40	1636
40	2725
40	2918
40	1709
40	3025
40	1363
40	1395
40	3034
40	3006
41	2499
41	1156
41	1866
41	1043
41	1332
41	2975
41	3100
41	1983
41	2936
42	2793
42	1675
42	1645
42	1522
42	2324
42	2356
42	1015
42	2232
42	2684
43	1351
43	1229
43	2957
43	3101
43	3151
43	2582
43	1270
43	1049
43	2845
44	1987
44	3108
44	2379
44	2873
44	3131
44	2428
44	2525
44	2110
44	2463
45	2088
45	1455
45	2032
45	2392
45	1017
45	3002
45	1978
45	1533
45	3067
46	1656
46	1577
46	1323
46	2318
46	3188
46	1588
46	2680
46	1978
46	1886
47	1793
47	2280
47	2888
47	2475
47	1548
47	3059
47	3098
47	2048
47	2368
48	1604
48	2279
48	2825
48	1386
48	2483
48	2005
48	1052
48	3134
48	2464
49	1473
49	1188
49	1256
49	1066
49	2058
49	1684
49	1048
49	2520
49	1246
50	2916
50	1994
50	2444
50	1391
50	1075
50	2389
50	2200
50	1405
50	2186
51	2562
51	1478
51	2599
51	2792
51	2028
51	1292
51	2322
51	2005
51	2624
52	2503
52	2574
52	2512
52	3029
52	1719
52	2136
52	3160
52	2299
52	1854
53	3041
53	1475
53	2853
53	1386
53	3213
53	2833
53	1938
53	1589
53	2942
54	1218
54	2375
54	2572
54	2382
54	2424
54	1017
54	1436
54	2174
54	2287
55	2853
55	3078
55	1064
55	2934
55	2041
55	1178
55	2460
55	1344
55	2875
56	2857
56	1803
56	3180
56	1773
56	3185
56	1650
56	3093
56	2652
56	1888
57	1665
57	2698
57	1402
57	1230
57	1263
57	1328
57	2040
57	1274
57	1600
58	1443
58	2755
58	3173
58	2022
58	1414
58	1511
58	1541
58	2260
58	2072
59	1700
59	1220
59	1004
59	2125
59	2895
59	3024
59	3089
59	1784
59	1915
60	2273
60	2922
60	3213
60	1871
60	2994
60	1586
60	2035
60	1781
60	1432
61	1132
61	1721
61	1199
61	2257
61	2295
61	2519
61	1401
61	2935
61	2972
62	2017
62	2788
62	3140
62	1960
62	2889
62	2091
62	1295
62	2811
62	2814
63	1185
63	3044
63	1030
63	2767
63	2965
63	2422
63	1275
63	1819
63	2622
64	1187
64	2915
64	2855
64	2315
64	1644
64	1552
64	1050
64	1212
64	2398
65	1348
65	3163
65	1291
65	2480
65	2866
65	1970
65	2843
65	3164
65	3197
66	2599
66	2761
66	1547
66	2765
66	2189
66	2222
66	3053
66	2483
66	2323
67	1514
67	1835
67	1548
67	1005
67	2130
67	1271
67	2647
67	1753
67	3104
68	2979
68	2150
68	2793
68	3018
68	2125
68	3031
68	1207
68	1662
68	1983
69	3042
69	1476
69	2734
69	2127
69	1974
69	2839
69	1848
69	3004
69	1087
70	1444
70	2057
70	2864
70	2418
70	1970
70	2170
70	2589
70	1919
70	3072
71	1505
71	1826
71	2595
71	2437
71	1353
71	3050
71	1212
71	2044
71	2046
72	2980
72	1703
72	2125
72	2510
72	2319
72	1778
72	2323
72	2965
72	1020
73	2913
73	1122
73	1639
73	1640
73	1576
73	1232
73	2645
73	3061
73	2109
74	2082
74	2501
74	1990
74	1073
74	2070
74	1952
74	1851
74	2876
74	2110
74	1728
75	3003
75	2235
75	1770
75	3122
75	2293
75	1526
75	2807
75	1911
75	1787
76	2252
76	1773
76	1937
76	1298
76	2099
76	1908
76	1237
76	2494
76	1280
77	2179
77	2180
77	1509
77	2766
77	2170
77	2619
77	1884
77	1886
77	2463
78	2081
78	1083
78	1423
78	1201
78	2865
78	2009
78	2456
78	1465
78	2203
79	2177
79	1698
79	2372
79	1540
79	2056
79	1616
79	1554
79	3133
79	2206
80	2276
80	2405
80	1126
80	1461
80	2059
80	3148
80	2752
80	2773
81	1157
81	1061
81	2885
81	3054
81	1169
81	1523
81	1587
81	2042
82	2052
82	1385
82	1521
82	1139
82	2357
82	1911
82	1752
82	1529
83	1377
83	2817
83	1503
83	1801
83	3005
83	2260
83	1853
83	1215
84	1090
84	1319
84	3116
84	3188
84	1464
84	1177
84	2334
84	1567
85	2372
85	1606
85	2313
85	3187
85	2453
85	1174
85	1654
85	1820
86	2466
86	3091
86	1429
86	1879
86	2201
86	1466
86	1756
86	2976
87	1701
87	1673
87	1418
87	2992
87	2516
87	1209
87	1755
87	1403
88	2051
88	3208
88	2959
88	2101
88	1499
88	2525
88	2142
88	1759
89	1832
89	1130
89	1516
89	1683
89	1429
89	1720
89	1019
89	2720
90	2561
90	2726
90	2920
90	1225
90	2416
90	2777
90	1778
90	2585
91	2433
91	2919
91	2475
91	2191
91	3125
91	3066
91	1595
91	2976
92	1384
92	3209
92	2730
92	1322
92	2704
92	1424
92	2770
92	2556
93	2498
93	2019
93	1103
93	1744
93	2033
93	2068
93	3068
93	1630
94	2369
94	1123
94	2628
94	2830
94	1872
94	1778
94	1113
94	2847
95	2889
95	2380
95	2800
95	2998
95	3160
95	1723
95	2556
95	1504
96	1730
96	3077
96	2899
96	1973
96	2358
96	1335
96	1304
96	2458
97	1673
97	1039
97	2482
97	3060
97	1754
97	1655
97	3162
97	3006
98	2147
98	1029
98	2600
98	2440
98	1868
98	2642
98	2648
98	2848
99	1604
99	2948
99	1991
99	1194
99	2347
99	1461
99	2166
99	3128
100	1605
100	1447
100	1504
100	3052
100	1967
100	1552
100	3190
100	1984
101	2787
101	2566
101	1192
101	2633
101	2378
101	3082
101	2092
101	2224
102	1442
102	2601
102	3058
102	1523
102	2006
102	2455
102	3097
102	2558
103	1380
103	1385
103	1838
103	1939
103	1014
103	1050
103	1724
103	2430
104	2117
104	2154
104	2859
104	3196
104	1111
104	1500
104	3036
104	3167
105	2786
105	2531
105	1221
105	2888
105	1103
105	1200
105	3058
105	1046
106	1537
106	1670
106	2374
106	1320
106	1233
106	1624
106	1501
106	1438
107	1169
107	1315
107	1172
107	1621
107	1112
107	1581
107	2334
107	1659
108	3042
108	1194
108	2443
108	2317
108	2096
108	1812
108	1725
108	2974
109	2223
109	2523
109	1300
109	1172
109	1975
109	1720
109	2651
109	1951
110	2657
110	1474
110	1769
110	1517
110	1486
110	2899
110	1527
110	2879
111	1891
111	2823
111	3143
111	1102
111	2158
111	2193
111	2558
111	2688
112	1713
112	2322
112	2836
112	1607
112	1848
112	2330
112	2010
112	1426
113	1091
113	1097
113	1611
113	1195
113	1073
113	2611
113	2327
113	3192
114	3012
114	2920
114	2731
114	2710
114	3039
114	1372
114	1727
114	1984
115	2113
115	3170
115	2917
115	1097
115	2541
115	2101
115	2396
115	1918
116	2599
116	1895
116	1705
116	2700
116	1327
116	2999
116	2491
116	1276
117	2662
117	2696
117	3180
117	3150
117	1364
117	1365
117	3092
117	2653
118	1699
118	2660
118	2854
118	1576
118	2994
118	2259
118	2712
118	1182
119	2629
119	2540
119	2624
119	2255
119	2901
119	1430
119	2976
119	2080
120	1953
120	1189
120	1317
120	1866
120	2414
120	1559
120	1308
120	2528
121	1473
121	1892
121	1319
121	1837
121	1904
121	1786
121	2939
121	2720
122	2630
122	1515
122	2091
122	2027
122	2198
122	2455
122	3094
122	2998
123	1603
123	1988
123	1580
123	1680
123	2034
123	1074
123	2839
123	1207
124	2757
124	1799
124	2604
124	2159
124	2001
124	3187
124	1331
124	2747
125	1537
125	2723
125	2860
125	2993
125	2194
125	1365
125	2303
125	1184
126	1443
126	2043
126	3172
126	2955
126	1900
126	3155
126	2997
126	2555
127	1737
127	2541
127	2095
127	2609
127	2325
127	1592
127	2331
127	2461
128	2514
128	1764
128	1652
128	1864
128	2905
128	2221
128	1424
128	1156
129	3208
129	1929
129	2890
129	2065
129	2482
129	2738
129	2583
129	1374
130	2690
130	1123
130	2122
130	1515
130	1747
130	2966
130	1534
130	1823
131	1833
131	1674
131	2540
131	3055
131	1105
131	2579
131	2549
131	2113
132	2947
132	1318
132	1138
132	3186
132	2421
132	1208
132	2296
132	1568
133	1186
133	2275
133	2187
133	1902
133	2993
133	1395
133	2326
133	1370
134	1409
134	1124
134	1642
134	1162
134	2990
134	3185
134	1143
134	1147
135	3121
135	3210
135	2123
135	2810
135	2283
135	1468
135	1899
135	1695
136	2753
136	2183
136	1390
136	1714
136	2579
136	1755
136	1727
136	1920
137	1446
137	1676
137	1746
137	1079
137	1178
137	1340
137	2751
137	1280
138	1314
138	3013
138	3079
138	1742
138	1936
138	2033
138	1491
138	1882
139	2498
139	2146
139	2382
139	1742
139	3029
139	2522
139	2972
139	1406
140	3073
140	2850
140	1456
140	1264
140	1940
140	2165
140	2198
140	2811
141	1505
141	1869
141	2128
141	1396
141	1112
141	2332
141	2749
141	3007
142	2151
142	2471
142	2697
142	1582
142	2222
142	1298
142	2582
142	3064
143	1699
143	2692
143	1038
143	2000
143	2801
143	1812
143	2267
143	2494
144	2088
144	2444
144	1228
144	3185
144	1971
144	1781
144	1623
144	2075
145	3141
145	2438
145	2858
145	1867
145	1614
145	1937
145	2714
145	2015
146	2885
146	2886
146	2247
146	2963
146	2262
146	2871
146	1975
146	3040
147	1927
147	2440
147	3175
147	1131
147	2731
147	2971
147	2749
147	1854
148	2561
148	1731
148	1669
148	1766
148	3016
148	3116
148	1967
148	3122
149	3202
149	1481
149	1647
149	1276
149	1361
149	2395
149	2172
149	2751
150	1376
150	2953
150	2862
150	2263
150	2335
150	1052
150	2911
150	2176
151	2898
151	2084
151	1637
151	1015
151	1032
151	2329
151	2089
152	2323
152	1795
152	3093
152	1975
152	2509
152	3101
152	1359
153	1714
153	1312
153	1767
153	1624
153	2221
153	2047
153	1696
154	1174
154	2550
154	2744
154	2796
154	3085
154	2254
154	1183
155	2066
155	3123
155	1460
155	2217
155	2155
155	1726
155	2112
156	2594
156	3138
156	1060
156	2133
156	1110
156	2350
156	1840
157	1509
157	1287
157	1098
157	2525
157	1199
157	2542
157	1071
158	2357
158	1622
158	2870
158	1288
158	2795
158	3149
158	2160
159	3074
159	3075
159	1860
159	1717
159	2550
159	2088
159	1800
160	1011
160	2196
160	1798
160	1368
160	2810
160	3198
160	1952
161	2162
161	2185
161	2471
161	1784
161	1449
161	1003
161	1038
162	2306
162	2245
162	1463
162	1482
162	1388
162	1997
162	1503
163	1345
163	3112
163	1928
163	1161
163	2412
163	1632
163	1107
164	1042
164	2276
164	2933
164	1913
164	2140
164	1344
164	2875
165	2881
165	1988
165	1297
165	2548
165	2842
165	2107
165	1007
166	1234
166	2229
166	1014
166	1447
166	1590
166	2779
166	1214
167	2401
167	2370
167	3059
167	2677
167	3207
167	2571
167	1165
168	3185
168	2067
168	1268
168	2919
168	3081
168	1740
168	2413
169	2901
169	2775
169	1737
169	1259
169	2509
169	2815
169	2032
170	2274
170	1810
170	2797
170	2298
170	2651
170	2157
170	3024
171	2402
171	1446
171	2584
171	1962
171	2733
171	2894
171	1952
172	2866
172	1075
172	2804
172	1412
172	2244
172	2636
172	2831
173	3122
173	1842
173	2132
173	3090
173	1544
173	2874
173	1050
174	2736
174	1075
174	1429
174	2874
174	1818
174	3035
174	1435
175	2929
175	2482
175	1955
175	2693
175	3061
175	3127
175	3056
176	2385
176	2723
176	2116
176	1878
176	2824
176	1001
176	1022
177	2308
177	2133
177	1384
177	1258
177	2731
177	2670
177	1247
178	2261
178	2744
178	1449
178	2267
178	2524
178	1582
178	2655
179	2817
179	2739
179	2643
179	2840
179	1114
179	1595
179	3132
180	2722
180	3074
180	2738
180	1781
180	2912
180	3200
180	1296
181	2433
181	1844
181	1223
181	3115
181	2732
181	2221
181	1904
182	2609
182	1861
182	2646
182	1623
182	3000
182	2075
182	2974
183	3076
183	2479
183	2680
183	2664
183	1114
183	2382
183	2879
184	2019
184	2084
184	1990
184	1369
184	1611
184	2924
184	2687
185	1375
185	1907
185	1079
185	2169
185	2139
185	2477
185	2207
186	2385
186	1074
186	2706
186	2230
186	2857
186	2942
186	2255
187	2081
187	1265
187	2583
187	1400
187	2090
187	1900
187	2573
188	2209
188	1683
188	1316
188	2181
188	2985
188	2171
188	2462
189	2386
189	2062
189	2773
189	2600
189	2250
189	2940
189	2026
190	1091
190	1485
190	2061
190	1689
190	1119
190	1663
190	1138
191	2968
191	2210
191	1091
191	2531
191	1400
191	1568
191	1520
192	1841
192	1714
192	1411
192	1205
192	1929
192	1325
192	1533
193	2433
193	2097
193	2178
193	2405
193	1387
193	2684
193	1855
194	3094
194	3127
194	3033
194	1306
194	1434
194	1613
194	2830
195	2466
195	3051
195	2726
195	3111
195	2459
195	2844
195	2686
196	2988
196	2567
196	1465
196	2682
196	2137
196	2078
196	2176
197	2377
197	1365
197	1301
197	2327
197	1657
197	1051
197	3135
198	1570
198	2776
198	1001
198	2824
198	1870
198	3039
198	1936
199	1804
199	1682
199	1572
199	2533
199	1770
199	1708
199	1247
200	2022
200	2118
200	3033
200	1753
200	3195
200	1564
200	2684
201	1273
201	2340
201	3060
201	2535
201	2024
201	1577
201	2784
202	2721
202	2740
202	2654
202	2167
202	2334
202	1084
202	2606
203	3011
203	1142
203	1543
203	1096
203	3019
203	1902
203	2478
204	2788
204	2838
204	2039
204	2777
204	2940
204	2190
204	2016
205	2995
205	2948
205	2025
205	2623
205	1596
205	1549
205	2239
206	2163
206	2021
206	1253
206	1528
206	1614
206	2639
206	2896
207	1299
207	3040
207	2951
207	1881
207	3051
207	1244
207	2496
208	2241
208	1769
208	2630
208	2678
208	3129
208	1790
208	2496
209	2937
209	2936
209	2297
209	2923
209	2955
209	2750
209	1087
210	2465
210	2612
210	3031
210	2727
210	1628
210	1133
210	2191
211	2118
211	2231
211	2457
211	2763
211	1679
211	1901
211	1263
212	1569
212	1489
212	2579
212	2530
212	2086
212	2205
212	1519
213	1245
213	1941
213	1175
213	2999
213	2397
213	2442
213	1805
214	2003
214	2629
214	2619
214	3130
214	1035
214	3084
214	1822
215	2226
215	1630
215	2246
215	1495
215	2697
215	2685
215	1806
216	1009
216	1650
216	1541
216	2381
216	2040
216	1002
216	1821
217	1940
217	2615
217	1336
217	2111
217	3095
217	2909
217	1071
218	1714
218	2100
218	2324
218	3126
218	2900
218	3178
218	2093
219	1540
219	2581
219	2246
219	2137
219	2493
219	3070
219	1824
220	2545
220	1826
220	3173
220	2838
220	1321
220	2026
220	3003
221	1992
221	1077
221	2282
221	1575
221	1032
221	1704
221	1117
222	2161
222	1746
222	1940
222	3142
222	2153
222	1962
222	1279
223	2324
223	2421
223	1099
223	2264
223	1098
223	2859
223	1320
224	1649
224	2274
224	2775
224	2986
224	2733
224	1726
224	2462
225	1379
225	1172
225	1765
225	1869
225	1480
225	2490
225	1261
226	2161
226	2305
226	2612
226	1917
226	2922
226	2027
226	2157
227	2148
227	2820
227	2453
227	2502
227	1641
227	2255
227	1104
228	1908
228	1592
228	2137
228	1293
228	2112
228	1887
228	2288
229	2785
229	2403
229	2764
229	1209
229	3194
229	2380
229	2719
230	1028
230	2454
230	1257
230	1708
230	1213
230	3086
230	2816
231	3204
231	1160
231	2537
231	3146
231	1883
231	1693
231	1947
232	3000
232	2243
232	1352
232	2250
232	1436
232	1838
232	1392
233	3009
233	2291
233	1413
233	3206
233	2152
233	2668
233	3120
234	2850
234	1394
234	1491
234	2949
234	1833
234	1402
234	2716
235	2034
235	2181
235	2845
235	2349
235	1705
235	2957
235	2000
236	3169
236	2098
236	2520
236	1928
236	2249
236	1387
236	1261
237	2036
237	2757
237	2728
237	2666
237	1196
237	3119
237	2304
238	2225
238	2467
238	2803
238	2819
238	2618
238	2459
238	2800
239	2785
239	1202
239	1891
239	2058
239	1532
239	3181
239	1648
240	1979
240	1108
240	2269
240	2905
240	2411
240	1149
240	2607
241	3074
241	2917
241	2923
241	3055
241	2962
241	1760
241	2113
242	2946
242	1427
242	1210
242	2505
242	2826
242	2686
242	2106
243	2866
243	1924
243	1494
243	2426
243	2012
243	1341
243	1008
244	1042
244	1811
244	2436
244	1726
244	1455
244	3067
244	1269
245	1506
245	2148
245	1622
245	2845
245	2120
245	1197
245	2335
246	1505
246	1330
246	3159
246	1177
246	1659
246	3053
247	1314
247	2116
247	1989
247	1447
247	2555
247	1116
248	2611
248	2932
248	2218
248	1131
248	2716
248	2127
249	1467
249	1461
249	3078
249	2681
249	2443
249	1596
250	2003
250	1210
250	2131
250	1930
250	1709
250	1101
251	1681
251	3178
251	2486
251	2890
251	1676
251	1165
252	2914
252	1810
252	1623
252	2733
252	3038
252	2383
253	1815
253	3162
253	2539
253	2381
253	2686
253	2878
254	2769
254	2098
254	1831
254	2668
254	1790
254	1583
255	1892
255	2293
255	1127
255	1450
255	1148
255	2239
256	1249
256	1971
256	2276
256	2870
256	2010
256	2141
257	2483
257	1828
257	2405
257	2334
257	1149
257	2350
258	1635
258	3203
258	1029
258	1912
258	1166
258	1088
259	1937
259	2825
259	2774
259	1576
259	1465
259	2845
260	1039
260	1775
260	3084
260	2748
260	2127
260	3152
261	2801
261	1445
261	2631
261	3064
261	2922
261	1232
262	2886
262	1062
262	1192
262	2138
262	2636
262	2991
263	1827
263	1865
263	2102
263	1736
263	1065
263	1855
264	1887
264	2563
264	2423
264	2248
264	1561
264	1359
265	2194
265	2517
265	1671
265	2889
265	1706
265	1680
266	2627
266	2387
266	2664
266	3130
266	1627
266	1836
267	2820
267	2854
267	2150
267	1926
267	1162
267	3085
268	2577
268	2435
268	1943
268	3065
268	1195
268	2172
269	1944
269	1671
269	3144
269	1063
269	3207
269	3184
270	1777
270	3096
270	1625
270	1674
270	2956
270	2913
271	1634
271	1011
271	3080
271	1912
271	1386
271	3163
272	1539
272	2420
272	2981
272	2729
272	3177
272	2926
273	2306
273	1732
273	2357
273	1369
273	1211
273	1403
274	2082
274	1906
274	2168
274	1151
274	2783
274	1168
275	2117
275	2997
275	1366
275	3144
275	2329
275	1882
276	2437
276	1029
276	2362
276	1976
276	1130
276	2764
277	1730
277	1939
277	2971
277	2780
277	1247
277	2320
278	2978
278	2759
278	1783
278	1929
278	2970
278	1003
279	1849
279	2524
279	2989
279	1022
279	2093
279	1744
280	1538
280	2451
280	2820
280	2613
280	1932
280	2429
281	3107
281	3062
281	2135
281	2668
281	1196
281	3166
282	2674
282	2883
282	2436
282	2329
282	1002
282	1070
283	2658
283	3107
283	2832
283	2464
283	1231
283	2160
284	2114
284	1799
284	1704
284	1423
284	1598
284	1765
285	3099
285	2262
285	2007
285	2409
285	2250
285	1930
286	2952
286	2450
286	2724
286	2120
286	1020
286	2013
287	2753
287	1058
287	1669
287	2550
287	1367
287	2271
288	2625
288	1731
288	1256
288	2635
288	1708
288	2237
289	1139
289	2229
289	2472
289	2480
289	1948
289	3072
290	2659
290	1590
290	2871
290	1480
290	2982
290	1947
291	1682
291	1624
291	2763
291	2844
291	2077
291	2158
292	1089
292	1266
292	2661
292	2007
292	1322
292	2622
293	2805
293	2325
293	2713
293	1226
293	2270
293	1087
294	2694
294	1462
294	1513
294	1565
294	2703
294	1584
295	3043
295	1620
295	1638
295	2328
295	2522
295	2506
296	1028
296	1893
296	2070
296	1096
296	1324
296	1936
297	1715
297	1779
297	1685
297	2373
297	1643
297	1740
298	2867
298	1892
298	1722
298	2283
298	1326
298	1695
299	1842
299	2211
299	1527
299	2027
299	2332
299	2669
300	2403
300	2885
300	2278
300	2441
300	1802
300	2688
301	1044
301	1733
301	3124
301	2839
301	3039
301	1120
302	2836
302	1288
302	2475
302	2188
302	2751
302	1024
303	1394
303	1891
303	1800
303	2280
303	2318
303	2351
304	1521
304	1557
304	2102
304	1782
304	2204
304	2992
305	2466
305	1961
305	1355
305	1661
305	2590
305	1472
306	1432
306	2488
306	1286
306	1862
306	1462
306	1851
307	1378
307	3077
307	2982
307	2152
307	1291
307	1456
308	3026
308	2819
308	1829
308	2124
308	3053
308	1724
309	2561
309	3172
309	2164
309	2909
309	1534
309	3069
310	1157
310	1350
310	1787
310	1352
310	1019
310	1086
311	2257
311	1728
311	2549
311	2570
311	3084
311	2576
312	1001
312	1210
312	1101
312	1550
312	1215
312	3069
313	1619
313	1412
313	2342
313	2439
313	2746
313	2928
314	2289
314	2692
314	1512
314	2330
314	2765
314	1806
315	2489
315	2376
315	2313
315	2216
315	1308
315	2815
316	2868
316	1109
316	2758
316	1401
316	1981
316	1309
317	3060
317	2677
317	1033
317	1742
317	2175
317	2016
318	1282
318	1049
318	1066
318	1837
318	2414
318	1152
319	2835
319	2534
319	1894
319	2428
319	2781
319	1551
320	1146
320	2165
320	3017
320	3001
320	1354
320	3099
321	2578
321	3155
321	1221
321	3158
321	2877
321	1168
322	2353
322	2698
322	1878
322	2986
322	1550
322	1262
323	1377
323	3010
323	3058
323	2517
323	1754
323	3120
324	2930
324	2147
324	2003
324	2680
324	1064
324	3196
325	2783
325	1398
325	3103
325	1613
325	2702
325	2703
326	2721
326	1239
326	2552
326	3181
326	2398
326	2640
327	1633
327	1510
327	1210
327	2030
327	1871
327	1584
328	2768
328	2661
328	1766
328	1751
328	1920
328	2736
329	1554
329	2661
329	2665
329	1498
329	1370
329	2859
330	1734
330	2406
330	2056
330	1370
330	2890
330	2765
331	3010
331	2004
331	2616
331	1594
331	2812
331	3098
332	1185
332	1893
332	2456
332	1739
332	2860
332	2718
333	1889
333	3122
333	2196
333	1464
333	1305
333	3181
334	1289
334	3008
334	1980
334	3021
334	1118
334	2224
335	1377
335	2242
335	1284
335	1101
335	2702
335	1679
336	1427
336	2790
336	2678
336	1256
336	2029
336	2880
337	2129
337	1187
337	2760
337	2521
337	1899
337	2124
338	2126
338	1673
338	2620
338	2221
338	1742
338	1328
339	1137
339	1063
339	3015
339	2522
339	2719
339	2320
340	1187
340	2180
340	2517
340	1366
340	3191
340	1594
341	2770
341	3173
341	1927
341	1239
341	3047
341	3052
342	2354
342	1796
342	2085
342	2439
342	2555
342	2575
343	3153
343	2275
343	2968
343	2281
343	1208
343	1599
344	1919
344	1398
344	3037
344	1646
344	1471
344	1552
345	3201
345	2914
345	1110
345	1609
345	2509
345	2304
346	2578
346	2053
346	1099
346	2828
346	2814
346	3168
347	1853
347	3147
347	3164
347	1053
347	2783
347	1808
348	2377
348	1877
348	1958
348	1675
348	1369
348	1451
349	1362
349	1956
349	1748
349	2566
349	1788
349	2654
350	2081
350	3123
350	2969
350	2796
350	2637
350	2000
351	2881
351	2980
351	2103
351	2011
351	1248
351	1007
352	1752
352	2218
352	3005
352	2302
352	3168
352	1360
353	1607
353	2970
353	2316
353	1276
353	2352
353	1426
354	2885
354	2709
354	1591
354	1567
354	1418
354	1167
355	1617
355	1698
355	1941
355	1992
355	1305
355	2105
356	2018
356	2547
356	2532
356	2508
356	1933
356	1374
357	1697
357	2514
357	1797
357	2856
357	3199
357	1360
358	1441
358	1587
358	3015
358	1160
358	1129
358	1132
359	1474
359	1879
359	1735
359	1723
359	2987
359	1951
360	2374
360	2390
360	1718
360	2808
360	2236
360	2416
361	2289
361	2151
361	1672
361	2553
361	2667
361	1888
362	2405
362	2359
362	1497
362	3129
362	3053
362	1008
363	2162
363	1686
363	2568
363	1641
363	1834
363	2862
364	2582
364	1703
364	1260
364	2861
364	1518
364	3183
365	2337
365	1463
365	2378
365	2490
365	2252
365	1792
366	2769
366	1458
366	2375
366	1354
366	1227
366	1804
367	1106
367	2083
367	3109
367	3014
367	2903
367	2633
368	2401
368	2883
368	2778
368	1309
368	2282
368	2701
369	1762
369	3026
369	1204
369	1428
369	1859
369	1372
370	1553
370	3032
370	3096
370	2462
370	2910
370	3183
371	2593
371	2630
371	1083
371	2204
371	2077
371	1631
372	3154
372	2310
372	1944
372	2300
372	2909
372	2766
373	2641
373	2163
373	1397
373	1031
373	2605
373	3088
374	1188
374	1016
374	2954
374	2284
374	1006
374	1311
375	2809
375	1993
375	2553
375	2986
375	2013
375	2288
376	3154
376	1363
376	2084
376	2758
376	2072
376	1564
377	2515
377	1364
377	1771
377	3004
377	1278
377	2319
378	2549
378	1128
378	1977
378	2156
378	1054
378	2904
379	2895
379	1563
379	1493
379	1515
379	2157
379	1407
380	1781
380	3125
380	1351
380	1640
380	3063
380	2592
381	2417
381	2523
381	3105
381	1093
381	2091
381	2671
382	2498
382	2358
382	2441
382	1433
382	2138
382	1599
383	1828
383	1349
383	1479
383	2250
383	3035
383	2128
384	1554
384	1203
384	2887
384	2347
384	2140
384	2907
385	3138
385	1638
385	3161
385	2186
385	2635
385	2447
386	1974
386	2105
386	2313
386	2475
386	1004
386	1677
387	1718
387	2455
387	2743
387	2121
387	1823
387	2048
388	2037
388	2552
388	1834
388	1197
388	1150
388	1805
389	2977
389	1906
389	1061
389	1206
389	3017
389	1743
390	2930
390	2083
390	2004
390	1401
390	2841
390	2111
391	1492
391	1382
391	2559
391	3052
391	1869
391	1343
392	2705
392	3014
392	1211
392	1227
392	1069
392	2590
393	1574
393	2345
393	2299
393	2285
393	2958
393	2704
394	1585
394	2425
394	2202
394	1549
394	2894
394	2015
395	2151
395	1373
395	2700
395	1117
395	1021
396	1951
396	1336
396	1497
396	1118
396	2415
397	1809
397	2516
397	2133
397	1782
397	1438
398	2980
398	1685
398	2364
398	2765
398	1662
399	2218
399	3072
399	1645
399	1037
399	2784
400	3139
400	1413
400	1431
400	3082
400	1134
401	2423
401	2551
401	1242
401	2076
401	1838
402	2552
402	1063
402	2071
402	1898
402	1388
403	1153
403	2993
403	1010
403	2664
403	2633
404	2536
404	2874
404	2556
404	1997
404	2814
405	2273
405	1649
405	1711
405	2799
405	1152
406	2964
406	3002
406	1867
406	2796
406	1296
407	1620
407	1670
407	2438
407	1517
407	1583
408	1457
408	1863
408	2206
408	1164
408	1246
409	1710
409	3177
409	2826
409	1550
409	3098
410	1713
410	1573
410	2361
410	2858
410	1327
411	1655
411	2488
411	1706
411	2812
411	1822
412	2289
412	3106
412	1277
412	1982
412	1968
413	1922
413	1245
413	2270
413	2109
413	2078
414	1667
414	1141
414	1754
414	2108
414	2877
415	1393
415	1873
415	1589
415	2604
415	1597
416	2388
416	2983
416	2569
416	2525
416	1055
417	2053
417	2614
417	2631
417	2476
417	2015
418	2676
418	1926
418	2582
418	2681
418	2559
419	2321
419	2696
419	3036
419	1037
419	2878
420	1059
420	2756
420	1109
420	1670
420	2636
421	2166
421	1913
421	2557
421	3038
421	2944
422	2328
422	1017
422	2232
422	2045
422	1487
423	2996
423	1269
423	1404
423	2527
423	2000
424	1346
424	1896
424	2361
424	2363
424	1598
425	1542
425	2279
425	2202
425	2171
425	1820
426	2199
426	2008
426	2346
426	2061
426	1600
427	2326
427	1814
427	2827
427	2638
427	1216
428	1362
428	2643
428	2987
428	2669
428	2558
429	2753
429	3047
429	2508
429	2860
429	3008
430	1745
430	1362
430	2211
430	1748
430	1702
431	2340
431	1191
431	1800
431	2251
431	1871
432	2593
432	1172
432	2312
432	1999
432	2544
433	1430
433	1575
433	1100
433	2639
433	1260
434	1747
434	3192
434	1402
434	1371
434	1968
435	2296
435	1961
435	2572
435	1694
435	2079
436	1925
436	2349
436	2763
436	3100
436	2189
437	1137
437	1443
437	1251
437	1206
437	1755
438	2218
438	3046
438	3031
438	1943
438	2890
439	1459
439	1885
439	2827
439	2332
439	2029
440	2353
440	2947
440	1252
440	1023
440	2784
441	2193
441	2039
441	2763
441	3182
441	2064
442	2650
442	2082
442	3060
442	2231
442	1610
443	3124
443	2087
443	2009
443	2682
443	1195
444	2209
444	2465
444	1219
444	3171
444	2263
445	1410
445	2725
445	2474
445	1803
445	2208
446	2979
446	1508
446	2965
446	1629
446	2319
447	2673
447	2164
447	1127
447	1129
447	1326
448	2995
448	2438
448	2328
448	1454
448	2015
449	1393
449	1925
449	2485
449	1358
449	1231
450	2051
450	1813
450	2782
450	2126
450	1216
451	2417
451	1605
451	2598
451	1470
451	1695
452	1890
452	1106
452	1894
452	2518
452	3165
453	2503
453	2266
453	2604
453	1390
453	2064
454	2834
454	1651
454	1895
454	1624
454	1915
455	1601
455	2597
455	1817
455	1213
455	2589
456	3188
456	1620
456	2198
456	1258
456	1483
457	2225
457	1868
457	2195
457	2380
457	1966
458	1841
458	1303
458	1977
458	2618
458	1452
459	1651
459	1437
459	1270
459	2975
459	2936
460	1793
460	1426
460	2307
460	1081
460	2925
461	1146
461	1322
461	2813
461	1535
461	1648
462	1538
462	1158
462	2104
462	1547
462	3149
463	2850
463	3011
463	2837
463	3046
463	2925
464	1133
464	2332
464	1581
464	2807
464	1659
465	2513
465	2674
465	1856
465	1151
465	2672
466	2460
466	2247
466	2668
466	2429
466	1407
467	1921
467	1009
467	2898
467	3057
467	1277
468	2659
468	1237
468	2197
468	1495
468	2953
469	1255
469	1451
469	3212
469	2030
469	2192
470	1265
470	3025
470	2340
470	2821
470	2095
471	2833
471	3067
471	1612
471	1007
471	3200
472	1471
472	2136
472	3102
472	2511
472	1856
473	3073
473	1107
473	2973
473	1406
473	2095
474	1025
474	2828
474	2385
474	2340
474	2156
475	1987
475	1735
475	2782
475	1294
475	2783
476	3171
476	1269
476	1175
476	2714
476	2795
477	1969
477	2498
477	1555
477	1016
477	3163
478	1782
478	1448
478	1994
478	3163
478	2205
479	1749
479	2794
479	2699
479	1196
479	2893
480	2515
480	2182
480	3103
480	1534
480	2959
481	1240
481	1319
481	1335
481	1945
481	2219
482	2049
482	1571
482	1125
482	1370
482	2253
483	1364
483	1704
483	1626
483	2159
483	1200
484	2178
484	1844
484	1525
484	2269
484	2672
485	1092
485	2260
485	2535
485	2715
485	2989
486	1805
486	2023
486	2445
486	1439
486	2528
487	1857
487	2050
487	2083
487	1176
487	1744
488	1858
488	2149
488	2425
488	2970
488	1024
489	2640
489	2219
489	1118
489	2447
489	1520
490	2626
490	2016
490	2507
490	1405
490	2256
491	3203
491	2310
491	1350
491	2856
491	2588
492	2011
492	2184
492	2363
492	1068
492	2943
493	2533
493	1909
493	3159
493	1496
493	1483
494	1939
494	1578
494	2956
494	2973
494	1519
495	2722
495	1285
495	1401
495	2778
495	1595
496	2691
496	1571
496	1626
496	1500
496	3056
497	1317
497	2726
497	3112
497	2621
497	3054
498	1351
498	2663
498	1047
498	2718
498	1183
499	3195
499	2649
499	2586
499	1163
499	2576
500	1566
500	1020
500	1272
500	2860
500	3166
501	2852
501	1989
501	1189
501	1848
501	1422
502	1507
502	2791
502	2871
502	2906
502	1696
503	1665
503	2502
503	1879
503	2729
503	2351
504	2529
504	2707
504	3034
504	1692
504	1741
505	2337
505	2258
505	3198
505	2732
505	1246
506	2581
506	1910
506	2504
506	1688
506	1902
507	3137
507	2281
507	1005
507	1982
507	2832
508	2449
508	2515
508	2679
508	2348
508	2702
509	1315
509	1614
509	2165
509	2552
509	1006
510	2994
510	2099
510	2450
510	2695
510	1469
511	1027
511	1283
511	2665
511	1081
511	3071
512	1050
512	1130
512	2268
512	2543
512	3072
513	1561
513	2317
513	3030
513	1639
513	2109
514	2434
514	2627
514	1690
514	1658
514	1808
515	2435
515	1558
515	2782
515	2108
515	1870
516	1253
516	2458
516	2921
516	1578
516	1259
517	1159
517	1416
517	1367
517	2251
517	1279
518	2938
518	1512
518	1332
518	2248
518	2986
519	1475
519	3187
519	1064
519	1929
519	2364
520	2017
520	2725
520	1382
520	1579
520	1468
521	2945
521	2690
521	2997
521	1333
521	1707
522	2993
522	2068
522	2949
522	2967
522	2847
523	1825
523	1333
523	2492
523	2798
523	2799
524	1715
524	2469
524	2774
524	2184
524	1454
525	2644
525	2135
525	2697
525	1964
525	2713
526	1985
526	1652
526	2090
526	1884
526	1965
527	1395
527	2501
527	1301
527	2776
527	2620
528	1283
528	1847
528	1886
528	2175
528	3168
529	2930
529	2486
529	2569
529	1499
529	1420
530	3043
530	2342
530	1047
530	2745
530	1104
531	1572
531	2357
531	2071
531	2238
531	2240
532	2497
532	1329
532	1477
532	1720
532	2158
533	1313
533	1236
533	2344
533	2603
533	1119
534	2149
534	2171
534	2216
534	1224
534	2448
535	1057
535	2043
535	1611
535	1342
535	1199
536	2658
536	1171
536	2989
536	1935
536	2637
537	2981
537	2408
537	1545
537	1916
537	1133
538	2388
538	2213
538	1325
538	1278
538	1248
539	2469
539	1478
539	2487
539	2125
539	2559
540	1569
540	1122
540	2610
540	2893
540	1152
541	2149
541	2789
541	2907
541	1485
541	3166
542	2404
542	2520
542	1130
542	1647
542	3023
543	1442
543	2467
543	2787
543	1066
543	1996
544	2821
544	2662
544	1958
544	2346
544	3167
545	1736
545	2123
545	2717
545	2360
545	2495
546	1026
546	2728
546	1914
546	2445
546	2335
547	1653
547	2901
547	2394
547	2734
547	2943
548	2199
548	1721
548	1531
548	2172
548	1264
549	2978
549	2946
549	1140
549	2408
549	3150
550	1745
550	1187
550	3091
550	2807
550	1321
551	1617
551	1383
551	2392
551	1338
551	1758
552	2145
552	1250
552	1859
552	2245
552	1712
553	1898
553	2132
553	3120
553	1764
553	1156
554	1921
554	1027
554	1780
554	3126
554	2327
555	3108
555	1876
555	2055
555	3005
555	3118
556	1396
556	3080
556	1628
556	1790
556	3087
557	2580
557	1531
557	3120
557	1903
557	2864
558	2518
558	2647
558	1128
558	1371
558	1965
559	2132
559	2597
559	1350
559	2671
559	1792
560	2209
560	2197
560	2214
560	1270
560	2171
561	1441
561	1907
561	1865
561	1644
561	2797
562	1409
562	3189
562	1191
562	2088
562	1931
563	1249
563	2395
563	1191
563	1563
563	2510
564	2689
564	2338
564	2164
564	2518
564	1709
565	1041
565	2452
565	1846
565	1991
565	2655
566	1922
566	2994
566	1749
566	2841
566	2301
567	2675
567	1621
567	3147
567	2574
567	2939
568	1044
568	1685
568	2632
568	1642
568	1374
569	1603
569	2372
569	1784
569	2921
569	1584
570	1234
570	1508
570	1460
570	1609
570	1724
571	1045
571	3001
571	3146
571	1148
571	2602
572	2691
572	1671
572	1337
572	1307
572	1054
573	1681
573	2868
573	1542
573	1323
573	1551
574	2851
574	2869
574	2793
574	2314
574	1164
575	1201
575	1341
575	2636
575	2829
575	2960
576	1185
576	1905
576	2020
576	2745
576	1484
577	2756
577	1223
577	2843
577	2670
577	2672
578	2409
578	3081
578	3021
578	2829
578	1310
579	1957
579	2918
579	2554
579	2060
579	2143
580	1874
580	1559
580	1035
580	3117
580	2366
581	2978
581	2372
581	2292
581	1205
581	2842
582	2462
582	1612
582	1117
582	3166
582	1759
583	2565
583	1301
583	1530
583	2396
583	3133
584	1479
584	3079
584	1513
584	1707
584	2061
585	2507
585	1110
585	2987
585	1006
585	1647
586	2485
586	1205
586	1785
586	2141
586	2910
587	2370
587	3045
587	2696
587	1998
587	3135
588	2564
588	2215
588	2649
588	1850
588	1419
589	2689
589	3027
589	1558
589	3049
589	1116
590	1441
590	2119
590	1115
590	2237
590	1664
591	2915
591	1508
591	3189
591	2711
591	2892
592	2657
592	2228
592	3190
592	3194
592	2239
593	2884
593	2484
593	2709
593	1480
593	2544
594	2973
594	1206
594	2042
594	1948
594	1389
595	2850
595	2338
595	2694
595	2742
595	2296
596	2625
596	2038
596	1546
596	1067
596	2207
597	1602
597	2964
597	1461
597	1671
597	1520
598	1137
598	1874
598	1173
598	2518
598	2479
599	1844
599	2725
599	2204
599	2606
599	2958
600	2804
600	3194
600	1483
600	2367
600	2256
601	3041
601	1411
601	1672
601	1052
601	1438
602	2849
602	2962
602	1476
602	2395
602	2815
603	2722
603	1250
603	2739
603	1687
603	2231
604	1762
604	2916
604	1494
604	2760
604	1487
605	2687
605	1656
605	2776
605	2333
605	1663
606	2131
606	1028
606	1255
606	1949
606	1870
607	2593
607	1060
607	1776
607	2062
607	2768
608	1190
608	2439
608	2365
608	2762
608	2429
609	1809
609	1447
609	1719
609	2315
609	3007
610	2915
610	1241
610	1691
610	3164
610	2143
611	1426
611	1737
611	2284
611	2413
611	1120
612	1585
612	1524
612	2423
612	1343
612	3024
613	2561
613	2470
613	2007
613	2777
613	1628
614	1347
614	1923
614	2344
614	2122
614	2318
615	2242
615	1157
615	1093
615	1831
615	2272
616	1233
616	1557
616	2394
616	2045
616	1854
617	2501
617	1545
617	1772
617	1998
617	2478
618	2562
618	2025
618	1100
618	2265
618	2288
619	1441
619	2134
619	1078
619	3099
619	1388
620	3139
620	2355
620	2648
620	1627
620	1756
621	1938
621	2546
621	2852
621	1700
621	3141
622	1969
622	2709
622	2902
622	3022
622	1359
623	1685
623	1032
623	2712
623	1934
623	3151
624	1091
624	2743
624	1342
624	2142
624	2591
625	2097
625	2710
625	1225
625	3052
625	2544
626	1889
626	2940
626	1037
626	1903
627	1433
627	1844
627	3173
627	2800
628	3090
628	2044
628	1149
628	2934
629	2201
629	1330
629	1667
629	3023
630	2225
630	2228
630	1486
630	1544
631	1890
631	1635
631	1916
631	2628
632	1403
632	1084
632	3115
632	2411
633	3009
633	1362
633	1829
633	1986
634	1273
634	1660
634	1633
634	3092
635	2818
635	1363
635	1852
635	1238
636	2490
636	1999
636	2904
636	1768
637	1482
637	1979
637	2484
637	1696
638	3145
638	2618
638	2979
638	1864
639	1475
639	1573
639	2870
639	3063
640	1345
640	1507
640	3012
640	2345
641	1953
641	1942
641	2711
641	1672
642	2538
642	1498
642	1734
642	2859
643	1793
643	1153
643	2519
643	1688
644	2833
644	2620
644	1199
644	2532
645	2316
645	1338
645	1052
645	3021
646	1161
646	2073
646	1355
646	1304
647	1329
647	2551
647	1885
647	1431
648	1169
648	1797
648	2207
648	2249
649	2849
649	2012
649	2021
649	2861
650	1658
650	1414
650	2063
650	1816
651	3202
651	2476
651	1773
651	3176
652	2169
652	2057
652	1679
652	1088
653	2674
653	2146
653	2601
653	3206
654	1451
654	3045
654	2539
654	1968
655	2430
655	1693
655	1310
655	3111
656	2161
656	1105
656	1580
656	2222
657	3062
657	2538
657	2519
657	1383
658	1419
658	1046
658	2831
658	1368
659	1281
659	2348
659	1565
659	1095
660	2931
660	3176
660	1807
660	2384
661	1972
661	2277
661	1935
661	2984
662	2394
662	1418
662	3091
662	2813
663	1730
663	1659
663	1996
663	1014
664	2410
664	1546
664	1214
664	1591
665	2281
665	2538
665	2159
665	1281
666	1332
666	2772
666	2527
666	2834
667	3049
667	1796
667	1821
667	2072
668	2690
668	1946
668	1236
668	2918
669	1026
669	3030
669	2527
669	1082
670	1610
670	2500
670	1255
670	1375
671	2129
671	3156
671	1574
671	1144
672	1618
672	2419
672	2052
672	1701
673	2407
673	2165
673	1230
673	2431
674	1145
674	1530
674	1484
674	2614
675	2491
675	2755
675	1217
675	2179
676	2545
676	2493
676	2174
676	2390
677	1524
677	2759
677	2183
677	2896
678	3070
678	2483
678	2238
678	1807
679	2073
679	2167
679	1517
679	1903
680	1089
680	2642
680	1960
680	1664
681	1170
681	2285
681	1198
681	2079
682	2210
682	2379
682	2927
682	2427
683	1938
683	1293
683	1575
683	1528
684	3114
684	3179
684	1741
684	1797
685	2097
685	1755
685	1827
685	1832
686	1204
686	1076
686	2678
686	1111
687	2617
687	3034
687	1012
687	1180
688	3132
688	1277
688	1958
688	3045
689	3113
689	2379
689	2339
689	1510
690	1297
690	1058
690	1339
690	1757
691	2154
691	2366
691	1132
691	1822
692	2933
692	1427
692	2133
692	1920
693	2083
693	3083
693	1877
693	1600
694	2641
694	3018
694	2075
694	1292
695	2617
695	2197
695	2087
695	1136
696	2666
696	2699
696	3020
696	3160
697	1459
697	2308
697	2311
697	2752
698	1788
698	3037
698	1710
698	3016
699	3193
699	2683
699	2309
699	3079
700	2790
700	2371
700	1380
700	2236
701	2798
701	1230
701	1023
701	2966
702	2234
702	1197
702	2695
702	1512
703	1666
703	2195
703	2607
703	1360
704	1261
704	2278
704	1312
704	1472
705	2442
705	3180
705	1573
705	2373
706	2418
706	1453
706	2412
706	3077
707	2673
707	2235
707	1926
707	2183
708	1465
708	1034
708	1334
708	1136
709	2012
709	1709
709	3126
709	1816
710	1966
710	2884
710	1126
710	2360
711	2945
711	1284
711	1053
711	1328
712	2569
712	1054
712	2084
712	2294
713	1762
713	2740
713	3022
713	1818
714	2969
714	2307
714	2781
714	2030
715	2595
715	1956
715	2708
715	1134
716	2179
716	2924
716	2422
716	3079
717	2941
717	1367
717	1152
717	1021
718	1425
718	2555
718	2094
718	2591
719	1993
719	2605
719	1166
719	2112
720	3026
720	2808
720	1786
720	1768
721	2435
721	1724
721	1477
721	1864
722	1611
722	2935
722	2407
722	2448
723	1393
723	1226
723	1229
723	2002
724	1490
724	2037
724	1794
724	2602
725	1169
725	2803
725	1220
725	1525
726	3153
726	1421
726	2318
726	2446
727	1779
727	2772
727	2271
727	2391
728	1289
728	2426
728	2459
728	2355
729	2393
729	3110
729	1854
729	2103
730	1962
730	2676
730	2988
730	1964
731	3089
731	2530
731	2660
731	1824
732	1483
732	2324
732	2717
732	2174
733	2241
733	1589
733	2911
733	1605
734	3104
734	2531
734	3013
734	2664
735	1637
735	1148
735	3181
735	2183
736	1767
736	1501
736	2710
736	2807
737	2771
737	1546
737	1059
737	1814
738	3211
738	2397
738	1190
738	3151
739	1249
739	3081
739	1329
739	1560
740	2107
740	2796
740	2087
740	3168
741	1141
741	1774
741	1775
741	2168
742	1771
742	1068
742	1654
742	2887
743	2473
743	2314
743	1476
743	3048
744	2794
744	3083
744	1358
744	3119
745	2941
745	2645
745	1272
745	1021
746	1601
746	1203
746	1428
746	2963
747	2234
747	1267
747	2461
747	2912
748	2930
748	2707
748	1778
748	2406
749	1850
749	2735
749	2199
749	2264
750	1750
750	1614
750	2526
750	2584
751	1195
751	1236
751	1559
751	3184
752	1729
752	1731
752	1767
752	2504
753	1945
753	1615
753	2780
753	2511
754	2532
754	2253
754	3167
754	2656
755	1684
755	3205
755	1926
755	1311
756	1079
756	2506
756	2367
756	1976
757	3051
757	3116
757	2846
757	2244
758	1145
758	3066
758	2663
758	1440
759	2754
759	1862
759	2767
759	2560
760	2806
760	1706
760	2310
760	2656
761	2929
761	1522
761	1539
761	2679
762	1154
762	1612
762	1181
762	1759
763	2473
763	2402
763	2002
763	2384
764	1716
764	1690
764	1668
764	3142
765	2404
765	2134
765	2006
765	2375
766	2130
766	3058
766	3110
766	2303
767	1241
767	3209
767	1381
767	2598
768	2858
768	1325
768	1439
768	1048
769	1258
769	1300
769	3174
769	1135
770	1018
770	2683
770	3172
770	1103
771	2188
771	1197
771	1847
771	2096
772	3145
772	3146
772	3107
772	1748
773	1858
773	3043
773	2298
773	3142
774	2321
774	3193
774	2215
774	1080
775	1556
775	2727
775	2999
775	1136
776	1457
776	1171
776	2644
776	1725
777	3186
777	1307
777	2060
777	1397
778	2809
778	1593
778	1777
778	2452
779	1209
779	2891
779	2639
779	2848
780	2818
780	1627
780	1901
780	2016
781	1218
781	2451
781	1108
781	2445
782	1225
782	1011
782	1065
782	1285
783	2961
783	1095
783	3013
783	2615
784	2259
784	2499
784	1302
784	2187
785	3033
785	2754
785	2748
785	2654
786	2723
786	2827
786	1845
786	1680
787	2018
787	3211
787	1502
787	2295
788	2050
788	1995
788	2215
788	1667
789	1750
789	1493
789	1606
789	1024
790	1113
790	3076
790	1095
790	2311
791	1817
791	1526
791	2350
791	1535
792	1801
792	1186
792	1780
792	3057
793	2713
793	1643
793	2557
793	2567
794	1012
794	1518
794	1327
794	1752
795	3105
795	1043
795	1357
795	2022
796	1249
796	1282
796	1861
796	2231
797	2580
797	1040
797	1951
797	2336
798	2054
798	2213
798	1934
798	1343
799	1514
799	1140
799	3093
799	1954
800	2610
800	2581
800	3134
800	1711
801	2954
801	3035
801	1295
801	2008
802	1353
802	2235
802	2043
802	1167
803	1785
803	2587
803	1700
803	1143
804	2699
804	2612
804	2174
804	1791
805	1852
805	1404
805	2702
805	1536
806	1369
806	2804
806	2925
806	1608
807	2027
807	3028
807	2678
807	1368
808	2419
808	1725
808	2477
808	2085
809	1514
809	3106
809	2822
809	2840
810	1813
810	1036
810	1853
810	1870
811	2261
811	1004
811	1296
811	2352
812	2489
812	2802
812	1260
812	2069
813	2009
813	2801
813	1124
813	1437
814	2212
814	2880
814	2263
814	2392
815	2115
815	2094
815	3071
815	1872
816	2546
816	1117
816	2559
816	1704
817	2458
817	2851
817	2468
817	3206
818	2497
818	1562
818	2708
818	1758
819	2884
819	2616
819	2359
819	2752
820	1076
820	1453
820	1838
820	1264
821	1337
821	1739
821	1652
821	3086
822	3068
822	2591
822	1119
822	2144
823	3191
823	1636
823	2805
823	2879
824	3102
824	2444
824	1429
824	2190
825	2529
825	2117
825	2902
825	2848
826	1324
826	2573
826	2902
826	1414
827	1154
827	2603
827	2928
827	1376
828	1825
828	2586
828	3117
828	1408
829	1841
829	1338
829	1262
829	1774
830	2755
830	1645
830	1159
830	2392
831	1258
831	1691
831	2822
831	2495
832	1049
832	2419
832	2613
832	1606
833	2855
833	1963
833	1523
833	1863
834	1121
834	2354
834	1035
834	1857
835	2745
835	2786
835	3101
835	1415
836	1660
836	2908
836	3158
836	1687
837	2570
837	1408
837	2775
837	2303
838	1490
838	1555
838	1956
838	2516
839	1537
839	1435
839	1917
839	2285
840	2286
840	1469
840	3093
840	2184
841	2313
841	1220
841	1549
841	1254
842	3129
842	2459
842	2291
842	1111
843	2208
843	1427
843	1112
843	1144
844	1618
844	2940
844	1399
844	2872
845	1819
845	2101
845	1543
845	2991
846	1936
846	1458
846	2950
846	1496
847	3182
847	1701
847	2894
847	2742
848	2521
848	2142
848	1711
848	2792
849	2169
849	3179
849	1063
849	1560
850	2737
850	2253
850	2055
850	2576
851	1545
851	1290
851	1307
851	1710
852	1995
852	1932
852	1030
852	2300
853	1107
853	2368
853	2038
853	1840
854	2826
854	2030
854	1608
854	2784
855	1073
855	2427
855	1876
855	2454
856	2089
856	2882
856	1420
856	2735
857	2254
857	1035
857	1070
857	1944
858	1825
858	2331
858	1556
858	2151
859	2642
859	2091
859	1492
859	2047
860	1849
860	1570
860	1571
860	2100
861	1650
861	1140
861	1630
861	1880
862	1057
862	1034
862	2786
862	1534
863	2067
863	2020
863	1181
863	2343
864	1578
864	2499
864	1422
864	3136
865	2081
865	2691
865	2548
865	1278
866	1373
866	1254
866	2551
866	2248
867	2217
867	2805
867	2527
867	1032
868	1161
868	2585
868	2398
868	1222
869	1921
869	2586
869	1356
869	1588
870	2718
870	2509
870	2622
870	2199
871	1883
871	3164
871	2867
871	1758
872	1266
872	2512
872	1503
872	1378
873	1793
873	2802
873	1125
873	2534
874	2952
874	3075
874	2399
874	3183
875	2092
875	1227
875	1532
875	1251
876	1585
876	1458
876	2540
876	2759
877	1057
877	2961
877	1983
877	3088
878	1137
878	1761
878	1980
878	2464
879	1067
879	3157
879	3087
879	1392
880	2041
880	2187
880	1566
880	1942
881	2264
881	1789
881	2309
881	1584
882	3034
882	1776
882	1981
882	1933
883	2617
883	2229
883	2640
883	2064
884	2594
884	3187
884	1244
884	1845
885	1010
885	1324
885	2106
885	1252
886	2577
886	2900
886	1957
886	1511
887	2634
887	3004
887	2842
887	3032
888	1681
888	2594
888	1835
888	1775
889	2393
889	2212
889	3212
889	2734
890	2137
890	1922
890	1478
890	1686
891	2809
891	2259
891	2653
891	1158
892	1625
892	2203
892	1918
892	2913
893	1149
893	3121
893	2173
893	2086
894	1019
894	1924
894	2621
894	1438
895	1331
895	2524
895	2494
895	2839
896	2691
896	1909
896	2863
896	1392
897	1506
897	3059
897	1757
897	2391
898	1963
898	2412
898	2543
898	2823
899	1802
899	1004
899	1972
899	2112
900	2570
900	1163
900	1692
900	1502
901	2897
901	1219
901	2185
901	1182
902	2474
902	3171
902	1013
902	1759
903	1617
903	1282
903	1925
903	2001
904	2121
904	1054
904	2295
904	2936
905	2217
905	2052
905	1470
905	1144
906	1409
906	1340
906	2308
906	2493
907	1818
907	1251
907	1494
907	2951
908	3205
908	1299
908	2717
908	1647
909	2921
909	2882
909	2955
909	2155
910	2481
910	3010
910	2715
910	1085
911	2985
911	2014
911	1847
911	1048
912	1452
912	2262
912	2119
912	1056
913	2153
913	2979
913	2347
913	1717
914	2227
914	1480
914	1086
914	1440
915	1697
915	2675
915	1708
915	1661
916	2690
916	1738
916	2302
916	1271
917	1874
917	1355
917	2508
917	2653
918	2897
918	3170
918	1795
918	2596
919	2294
919	3211
919	1478
919	1055
920	1733
920	1846
920	1791
920	3128
921	2809
921	1677
921	1379
921	2797
922	1018
922	1875
922	2908
922	1923
923	2227
923	1653
923	2376
923	2904
924	2135
924	2957
924	2343
924	2456
925	1193
925	1051
925	1313
925	1663
926	2577
926	1950
926	1287
926	1080
927	2960
927	1059
927	2767
927	2192
928	2209
928	1267
928	2341
928	1750
929	2947
929	1763
929	3189
929	2798
930	1570
930	2852
930	3183
930	2292
931	1881
931	2419
931	1695
931	2200
932	1993
932	2596
932	2396
932	3111
933	2537
933	1082
933	1948
933	1444
934	2114
934	1357
934	2742
934	1765
935	1905
935	2035
935	2205
935	2865
936	1578
936	3156
936	1678
936	1544
937	2892
937	2468
937	1589
937	2565
938	1393
938	2774
938	2894
938	2119
939	3010
939	2981
939	1600
939	1520
940	1716
940	2996
940	1830
940	2791
941	1602
941	1707
941	2608
941	2104
942	1689
942	2835
942	1789
942	1138
943	2241
943	1218
943	1251
943	2823
944	2522
944	1387
944	1931
944	1712
945	3197
945	2906
945	1365
945	2008
946	1955
946	2220
946	2830
946	2095
947	2802
947	1598
947	2350
947	1264
948	3129
948	2626
948	1579
948	1927
949	1338
949	2226
949	1722
949	2010
950	1002
950	1499
950	2964
950	1772
951	2265
951	2387
951	2080
951	1800
952	3044
952	2220
952	2638
952	2816
953	1186
953	2698
953	1831
953	2208
954	1028
954	1629
954	2879
954	1488
955	1045
955	1062
955	2623
955	2352
956	1794
956	1782
956	2074
956	1008
957	2977
957	1666
957	3050
957	1350
958	2970
958	2451
958	1077
958	3031
959	2036
959	1349
959	1222
959	2871
960	3020
960	1452
960	1135
960	2028
961	1489
961	1445
961	2301
961	2901
962	1193
962	1274
962	1421
962	3152
963	2779
963	2846
963	1078
963	1155
964	2705
964	3148
964	3111
964	2240
965	1417
965	2646
965	2238
965	2023
966	2290
966	2188
966	1293
966	1783
967	2362
967	2076
967	1399
967	1336
968	2069
968	1229
968	2014
968	1959
969	1921
969	1290
969	3095
969	3152
970	1985
970	2771
970	2356
970	1303
971	1657
971	2500
971	3110
971	2063
972	2542
972	2532
972	1613
972	1094
973	2418
973	1843
973	3136
973	2592
974	2617
974	1466
974	1139
974	3174
975	2341
975	1981
975	2031
975	2277
976	1410
976	1147
976	1556
976	2706
977	2066
977	2917
977	1182
977	1592
978	2431
978	2893
978	2486
978	2159
979	1330
979	3077
979	2400
979	1384
980	1562
980	1155
980	1389
980	1349
981	3009
981	1798
981	2606
981	2543
982	2434
982	2491
982	1981
982	2955
983	1593
983	1275
983	2862
983	2230
984	1056
984	2608
984	2432
984	2072
985	1300
985	1021
985	1183
985	1268
986	1481
986	2746
986	2031
986	2568
987	2572
987	2237
987	1732
987	2223
988	2761
988	2571
988	2869
988	2937
989	2938
989	1034
989	1843
989	2365
990	2491
990	2492
990	3131
990	2144
991	1434
991	1286
991	2182
991	1808
992	3114
992	2268
992	1127
992	1516
993	2010
993	3171
993	2420
993	2750
994	2513
994	3157
994	2903
994	2024
995	2841
995	1619
995	1013
995	2999
996	1361
996	1553
996	1417
996	2751
997	2066
997	1852
997	2629
997	2984
998	2449
998	1946
998	1347
998	1318
999	2931
999	2104
999	1142
999	2064
1000	2762
1000	2747
1000	1316
1000	1416
1150	1805
1344	2875
1391	2186
1455	3067
1498	2859
1581	1659
1607	1426
1625	2913
1632	1107
1639	2109
1689	1138
1764	1156
1811	1269
1815	2878
2059	2773
2114	1765
2283	1695
2424	2287
2881	1007
2941	1021
2975	2936
3055	2113
