1	1003
1	1004
1	1005
1	2030
1	2029
2	2033
2	2031
2	1008
2	1006
2	1007
2	2032
3	1009
3	2034
3	2035
3	2036
3	2037
3	2038
3	2039
4	2040
4	2041
4	2042
4	2043
4	2044
5	1010
5	1011
5	1012
5	2045
5	2046
5	2047
5	2048
6	2049
6	2050
6	2051
6	2052
6	2053
6	2054
6	2055
6	2056
6	1013
6	1014
6	1015
7	2057
7	2058
7	1016
8	1017
8	1018
8	2059
8	2060
8	2061
8	2062
8	2063
9	2065
9	1019
9	2064
10	2066
10	1020
10	1021
10	1022
11	1025
11	1026
11	2067
11	1027
11	1023
11	1024
12	2068
12	1028
13	1029
13	2069
13	2070
13	2071
13	1030
13	1031
13	2059
14	1032
14	2072
14	2073
14	2074
14	2075
14	2076
15	1033
15	1034
15	1035
15	1036
15	2045
16	2081
16	2077
16	2078
16	2079
16	2080
17	2082
17	2083
17	2084
17	2085
17	2086
17	1037
17	1038
17	1039
18	2089
18	2087
18	2088
19	2090
19	2091
19	2092
19	2093
19	2094
19	1040
19	1041
19	1010
19	1042
19	1043
20	2049
20	1044
20	1045
20	1046
20	2095
20	2096
21	1033
21	2097
21	2098
21	2099
21	2100
21	2101
21	1047
21	1048
22	2069
22	2102
22	2103
22	2104
22	1049
22	1050
22	1051
22	1052
23	2105
23	2106
23	2107
23	2108
23	1053
23	1054
24	2113
24	2114
24	2115
24	2111
24	2109
24	2110
24	1055
24	2112
25	1057
25	2116
25	2117
25	2118
25	2119
25	1056
26	1058
26	1059
26	1060
26	2120
26	2121
27	2122
27	2123
27	2124
27	1061
28	2125
28	2126
28	2127
29	2129
29	2130
29	2131
29	2132
29	1062
29	1063
29	2128
30	1064
30	1065
30	1066
30	2133
30	2134
30	2135
30	2136
30	2046
31	1067
31	1068
31	1069
31	1070
31	2137
31	2138
31	2139
31	2140
32	1013
32	1071
32	2141
32	2142
32	2143
32	2144
33	2145
33	2146
33	1073
33	1074
33	1072
34	2147
34	2148
34	2149
34	2150
34	1075
34	2122
35	2151
36	2145
36	2152
36	2153
36	2154
36	2155
36	2156
36	1076
36	1077
36	1078
36	1079
36	1080
36	1081
37	2102
37	2152
37	1082
37	1083
37	2157
38	1084
38	1085
38	2158
38	2159
38	2160
39	1086
39	1087
40	2161
40	2162
40	2163
40	2164
40	2165
40	1088
41	1089
41	2077
41	2166
42	1090
42	1091
42	2167
42	2072
42	2169
42	2170
42	2168
43	2034
43	1092
43	1093
44	2171
44	2128
45	2172
45	2173
45	2174
45	2175
45	2176
46	2177
46	2178
46	2179
46	2180
46	2181
46	2182
46	1094
46	1095
47	2184
47	2183
47	1096
48	2185
48	2186
48	1098
48	1097
49	2090
49	1099
49	1100
49	2187
49	2188
49	2189
49	2190
49	2191
49	1101
50	1102
50	1103
50	1104
50	2193
50	2194
50	2195
50	1105
50	2192
51	1106
51	1107
51	2196
51	2197
51	2198
51	2199
52	2201
52	1108
52	1109
52	2200
53	2050
53	1110
53	1111
54	2177
54	2202
54	2203
54	1058
55	1112
55	1113
55	2204
55	2205
55	2206
55	2207
55	2208
56	2209
56	2178
56	2211
56	2210
56	1114
56	1115
57	1116
57	1117
57	2212
58	2213
58	2214
58	2215
58	2216
58	1118
58	1119
58	1120
59	1121
59	1122
59	1123
59	2217
59	2137
60	1124
60	1125
61	2051
61	1126
61	2218
61	2219
61	2220
61	2031
62	2221
62	2222
62	1127
63	1090
63	1128
63	1129
63	2223
63	2224
63	2225
63	2226
63	2227
63	2228
63	2229
64	2230
64	2231
64	2232
64	1130
64	1131
65	1137
65	1138
65	1132
65	1133
65	1134
65	1135
65	1136
66	2161
66	1139
66	1140
66	2233
66	2234
66	2235
67	2241
67	2242
67	1141
67	2236
67	2237
67	2238
67	2239
67	2240
68	2243
68	2244
68	1142
69	2245
69	2246
69	1143
69	2040
70	1145
70	1146
70	2247
70	1144
71	1076
71	2248
71	1147
71	1148
71	1149
72	2249
72	2157
72	1150
72	1151
73	2250
73	2251
73	2252
73	2253
73	2254
73	2255
73	1152
74	1153
74	1154
74	2257
74	2258
74	2256
75	2162
75	1155
75	2259
75	2260
75	1126
75	1156
76	2261
76	1157
76	2262
76	1158
77	1159
77	1160
77	2263
77	2264
77	2265
78	2266
78	1163
78	1161
78	1162
78	2267
78	2268
78	1164
79	2250
79	1165
79	1166
80	2269
80	2064
80	2270
80	1167
80	1168
81	1169
81	1170
81	1171
81	1172
81	2271
82	1173
82	1174
82	2272
83	2273
83	2274
83	1175
83	1176
84	2275
84	2276
84	1037
85	1177
85	2277
85	2278
85	2279
86	1178
86	2280
86	2281
86	2282
86	1179
86	1180
86	1181
87	1182
88	2283
88	2284
88	1183
88	1184
89	2285
89	2032
90	2289
90	2290
90	1185
90	2286
90	2287
90	2288
91	1186
91	1187
91	1188
91	2187
91	2291
91	2292
91	2293
91	2294
91	2295
92	2291
92	1189
92	1190
92	1191
92	2296
92	1192
93	2297
93	2298
93	1193
93	1194
93	2299
94	2305
94	2185
94	2300
94	2301
94	2302
94	2303
94	2304
95	2306
95	1195
95	2307
95	1196
96	2308
96	2052
96	1197
96	1198
97	2306
97	2309
97	2310
97	1199
98	2311
98	1200
99	2312
99	2313
99	2314
99	2315
99	2316
99	2317
99	2318
99	1201
99	1202
99	1203
100	2319
100	2320
100	2321
100	1204
100	1205
100	1206
100	1207
100	2171
100	1020
101	2322
101	2323
101	1128
101	1209
101	1208
102	2147
102	2324
102	2325
102	2326
102	2327
102	1210
103	1211
103	1212
103	2328
104	2213
104	1213
104	1214
104	1215
104	1216
105	2109
106	1217
107	1218
107	1219
107	2329
107	2330
107	1213
107	2158
107	2192
108	2331
108	2332
108	2333
108	1220
109	1221
109	1222
109	2120
109	2334
109	2335
109	2336
110	2146
110	2082
110	2133
110	1223
110	1224
111	2193
111	1226
111	1225
112	2337
112	2338
112	2339
112	2340
112	2341
112	1124
112	1064
112	1227
113	2342
113	2343
113	2344
113	1228
113	2236
114	2345
115	2346
115	1229
116	2347
116	2348
116	1230
116	2319
117	1231
117	2349
117	2350
117	2351
117	1232
117	2352
118	2277
118	2353
118	2354
118	1234
118	1233
118	1235
118	1236
118	1237
118	1238
118	1239
119	2029
119	2309
120	2218
120	2355
120	1059
120	1240
121	2356
121	2357
122	2358
122	2359
122	2360
122	2361
122	1242
122	2283
122	1241
123	2362
123	2363
124	1243
124	2364
124	1244
125	1245
125	1246
125	2366
125	2365
125	2334
126	1247
127	2369
127	1248
127	2070
127	2202
127	2141
127	2367
127	2368
128	1249
128	2370
128	2371
128	2372
128	1250
128	1251
128	2103
128	2233
129	2373
129	2374
130	2329
130	1252
131	1253
131	1254
131	2375
132	1255
132	2376
132	2377
132	2378
132	2379
132	1256
132	2233
133	2380
134	2381
134	2382
134	2383
135	2385
135	2243
135	1257
135	2384
136	1114
136	2386
136	1258
137	2387
137	1260
137	1259
138	2234
138	2388
138	1261
138	1262
139	1153
139	2389
139	2390
139	2391
139	1263
140	2204
141	1265
141	2392
141	2393
141	2394
141	2395
141	2030
141	1264
142	2194
143	1266
143	2311
143	2396
143	2397
143	2398
143	2271
144	2401
144	2402
144	1267
144	1268
144	1269
144	2399
144	2400
145	2403
145	2404
145	1270
146	1075
146	2405
146	2406
146	2407
146	2408
146	1271
147	1273
147	1274
147	1272
147	2409
147	2410
147	2411
148	2146
148	1034
148	1275
148	2412
148	2413
148	2414
148	2415
149	1276
149	1277
149	2223
149	2376
150	2097
150	2418
150	2417
150	1016
150	1278
150	2110
150	2416
151	2419
151	2308
151	2420
151	1014
151	1279
152	1092
152	2421
152	2422
152	1165
152	1280
153	1281
153	2423
153	2424
153	2425
153	2426
153	2091
154	1282
154	1283
154	1204
154	1189
154	2427
154	2428
154	2429
155	1284
155	2134
156	2430
156	2286
156	2431
157	2212
157	1285
157	1286
157	1287
157	1288
157	1289
157	1290
157	2432
158	2433
158	2434
158	2116
158	1173
158	2153
158	1291
158	2300
159	2098
159	2435
159	2436
159	2163
159	2111
160	2437
161	1011
161	2438
161	2439
161	2230
161	1292
162	1293
162	2440
162	2441
162	1017
162	2349
162	1294
163	1297
163	1298
163	2442
163	2443
163	1295
163	1296
164	2444
164	2445
164	2446
165	1299
165	2447
166	1300
166	2244
167	2449
167	1301
167	1302
167	2448
168	2209
168	2433
168	2245
168	1303
168	1304
168	2123
169	2083
169	1061
169	2450
169	2451
169	1305
169	1306
169	1307
169	1308
169	1309
170	2452
170	2453
170	2046
170	2454
171	1310
171	2455
171	2456
172	1313
172	1110
172	2457
172	2090
172	1311
172	1312
173	1314
174	1315
174	1316
174	1317
174	1318
174	2356
174	2458
174	1243
174	2112
175	2459
175	2460
175	1253
176	2465
176	1319
176	2461
176	2462
176	2463
176	2464
177	2466
177	2467
178	2035
178	2468
178	2469
178	2117
178	1320
178	2078
179	1321
179	2470
179	2471
179	2472
179	2473
179	2203
180	1322
180	2474
180	2475
180	2476
180	2461
180	1323
181	2477
181	2478
182	2142
182	2479
183	2481
183	2066
183	2482
183	2480
184	2483
184	2484
184	2485
184	2486
184	1325
184	1324
184	2301
185	2487
185	2488
186	1326
186	1327
186	2483
186	2489
186	2490
186	2491
186	2492
186	2493
187	2497
187	2405
187	2392
187	2026
187	2494
187	2495
187	2496
188	2498
188	2499
188	2263
188	2237
188	1328
189	2500
189	2501
189	2502
189	2503
189	2504
189	2367
190	1329
190	2306
190	2125
191	2505
191	1330
192	2506
192	1331
192	2312
193	1332
193	1333
193	1334
193	2292
193	2256
194	2293
194	1335
194	1336
194	2507
194	2368
195	1305
195	1337
195	2508
195	2269
196	2406
196	2409
196	1338
196	1339
196	1340
196	2509
197	1169
197	1342
197	1341
197	2510
198	2513
198	1343
198	2200
198	2188
198	2511
198	2512
199	2129
199	2328
199	1344
200	1345
200	2434
200	1346
200	2172
200	2479
201	2514
201	1347
201	1348
201	2515
201	1178
202	2516
202	1349
202	1350
202	1065
202	2381
203	1353
203	1170
203	1351
203	1352
204	1354
204	2221
204	2322
205	2517
205	2518
205	1175
205	2519
205	2138
205	1355
206	2442
206	1356
206	1357
206	2520
207	1359
207	1332
207	2280
207	2521
207	1358
207	2111
208	1249
208	2522
209	1360
209	1361
209	1143
209	2523
209	2524
209	2525
209	2526
209	2527
210	2529
210	1284
210	2219
210	2331
210	2528
211	2530
211	2531
211	1362
211	1363
211	1364
211	1365
211	2350
212	1201
212	2275
212	2532
212	2533
212	1366
213	2324
213	2534
213	1367
213	1368
214	1369
214	2535
214	2536
214	2537
214	1370
214	2142
215	1009
215	1371
215	2296
215	2538
215	2539
215	1372
215	2126
216	2500
216	1373
216	1179
216	2540
216	2541
216	1040
217	1375
217	2462
217	1374
217	2542
217	2543
218	2113
218	2370
218	2545
218	2546
218	1376
218	2544
219	1377
219	1378
219	2547
219	2548
219	1379
219	1380
219	2367
220	1381
220	1382
220	1383
220	2549
220	1272
220	1384
221	1385
222	1154
222	1386
222	2027
222	2444
222	1387
222	2194
222	2550
222	2551
223	2466
223	1388
223	2552
224	1389
224	2407
225	1390
225	2438
225	2264
226	1393
226	1394
226	2452
226	2553
226	1391
226	1392
227	1395
227	2554
227	2259
227	2463
228	2557
228	1396
228	1397
228	1398
228	2555
228	2556
228	1245
228	2047
229	1205
229	1399
229	2558
229	2559
229	2560
230	2561
230	1402
230	1403
230	1400
230	1401
230	2266
230	2555
230	2205
231	2562
231	2563
231	2564
231	2565
231	2139
231	1404
231	2127
232	2566
232	2567
232	1241
232	1405
232	1295
233	2569
233	1406
233	1407
233	2568
234	1409
234	1220
234	2057
234	2538
234	2570
234	2029
234	2511
234	1408
235	1410
235	1411
235	2571
235	2572
235	2573
235	2102
235	1214
235	2523
235	1278
236	1281
236	1412
236	1413
237	2484
238	2099
238	2574
238	2575
239	2405
239	1414
239	2192
239	2577
239	2578
239	2579
239	2580
239	2576
239	1106
239	1337
239	2238
240	2148
240	2581
240	1415
240	2576
241	1127
241	1416
241	1417
241	1418
241	1419
241	2582
241	2583
241	2584
242	1285
242	2568
242	2585
242	2586
242	2587
242	2302
243	2588
243	2589
243	2590
243	1420
244	1021
244	2501
244	1421
244	1422
244	2591
245	2485
245	2592
245	1102
245	1423
245	1424
246	2593
246	2594
246	2595
246	2373
246	1425
246	1426
246	1139
246	1406
247	2596
247	1427
247	2388
248	1429
248	1091
248	2084
248	1428
249	1405
249	1430
249	2597
249	2416
250	2598
250	2438
250	1431
250	1303
250	2365
251	1433
251	1432
252	2599
252	2505
252	2153
252	1434
252	1435
252	1436
252	1437
252	1023
253	1438
253	2600
254	2601
254	2602
254	2547
254	2603
255	2149
255	1439
256	2377
256	2604
256	2605
256	2606
256	2607
256	1047
256	2045
256	1440
257	1441
257	1442
257	2053
257	2480
258	2433
258	1443
258	2313
258	2430
258	2608
259	2273
259	2609
259	1444
259	1445
259	2592
260	1446
260	1447
260	1448
260	1449
260	1296
260	2610
260	1266
260	2267
261	2611
261	2612
261	2613
261	2614
261	2135
261	1257
261	1450
262	2059
262	2087
262	1024
263	1451
263	1452
263	1221
263	2615
264	1453
264	1454
264	2616
265	2481
265	2617
265	1455
266	1457
266	1458
266	2470
266	2618
266	2619
266	1456
267	2314
267	2035
267	2566
267	1112
268	2620
268	2277
269	2489
269	2621
269	1077
270	2257
270	1459
270	2307
270	2281
271	2622
271	2623
271	2624
272	2625
272	2626
272	1460
272	1461
272	1462
272	2608
273	1464
273	2627
273	2628
273	2629
273	2599
273	1463
273	2571
274	2630
274	2631
274	2632
274	2633
274	2634
274	1465
274	1466
274	1467
275	2179
275	1471
275	2635
275	1468
275	1469
275	1470
275	1391
276	2593
276	1473
276	2581
276	2567
276	2231
276	2636
276	1472
277	1474
277	1475
277	1476
277	1477
277	2617
277	2637
277	2638
278	2639
278	1478
278	2423
279	2273
279	2641
279	1479
279	2073
279	1210
279	2640
280	2642
280	2067
280	2644
280	2645
280	1480
280	1481
280	1482
280	2643
281	2594
281	2646
281	2647
281	1434
281	1483
281	2494
282	1025
282	2445
282	2648
283	2650
283	2649
283	2585
283	2092
283	1167
284	2651
284	1484
285	2364
285	2652
285	1485
285	1486
285	2653
285	2384
286	2137
287	2657
287	2257
287	2654
287	2655
287	2656
288	2658
288	2659
288	1222
288	2440
288	1487
288	1263
288	1144
288	1440
289	2660
289	2661
289	1414
289	1488
290	1489
290	1490
290	2389
290	2662
291	1491
291	1492
291	2294
291	2663
291	2664
291	2424
292	2189
292	1493
292	2375
293	1494
293	1495
293	1496
293	2665
293	1497
294	1498
294	1132
295	1499
295	2085
295	1500
295	2666
295	2667
295	2668
295	1501
296	2669
296	2670
297	2673
297	1324
297	2671
297	2672
298	2674
298	2675
298	1502
298	2167
299	2676
299	2677
299	1460
299	1503
300	1121
300	2054
300	2521
300	2047
300	1504
301	1505
301	2143
301	2678
301	2679
302	1506
302	2419
302	2680
302	2681
302	2143
303	1507
303	1508
303	2258
303	2514
303	2041
303	2682
303	2683
303	2141
304	2684
304	2685
304	2495
304	1509
305	1389
305	2686
305	2351
306	2325
306	1510
306	2688
306	2509
306	2687
306	2432
307	2689
307	2562
307	2374
307	1511
307	1512
307	1292
307	2642
307	2292
307	2166
307	2042
307	2300
308	1513
308	2618
308	2251
308	1514
309	2690
309	1186
309	1515
309	1516
309	1133
309	1517
309	2159
309	1518
309	2577
309	2420
310	1519
310	1187
310	2149
310	2071
311	1521
311	1522
311	1520
312	2691
312	2692
312	2246
312	1078
312	2281
312	2458
313	2435
313	2694
313	2412
313	1233
313	1523
313	1524
313	2588
313	2693
314	2068
314	1525
314	1526
314	1168
315	1333
315	1527
315	1528
316	2145
316	1115
316	2695
316	1161
316	1530
316	1529
317	2696
317	2697
317	1103
317	2100
317	2164
317	2101
317	1532
317	1531
317	2556
317	2622
318	2566
318	2589
318	2598
318	1533
319	2698
319	2699
319	2244
319	1534
320	1537
320	1538
320	1094
320	2678
320	2700
320	1535
320	1536
321	2701
322	1539
322	1540
322	2604
322	2702
322	2703
323	1541
323	1542
323	1543
323	1544
323	1545
323	2704
324	1548
324	1546
324	2563
324	1547
325	2705
325	2706
325	1347
325	2140
326	2707
326	2708
326	1549
326	2496
327	2578
327	2709
327	2582
327	2711
327	2710
327	1550
327	1551
328	2282
328	1552
328	2399
328	2712
329	1553
329	2210
329	1554
329	1162
329	1504
330	1556
330	1003
330	1555
330	1541
331	2421
331	2582
331	1029
331	2088
331	2713
331	2714
331	1557
332	2033
332	1558
332	1223
332	2535
332	2715
332	2540
332	1358
333	2716
333	2717
334	2439
334	1559
335	1234
335	1560
335	1001
335	2718
335	2719
336	2450
336	2532
336	1511
336	2720
337	2457
337	1561
337	1559
338	1155
338	2320
339	2353
339	1562
339	2060
339	2269
340	2721
340	2666
340	2723
340	2722
341	2724
341	2036
341	2310
341	2280
341	2089
341	1563
341	1564
342	1171
342	2725
342	2133
342	2648
342	2441
342	1499
342	1565
343	1566
343	2726
344	2727
344	1568
344	1567
344	2728
345	1193
345	2554
345	1569
345	2424
346	1570
346	2524
346	1456
347	1571
347	1572
347	1030
347	2729
347	2730
347	2332
348	2721
348	2564
348	1573
348	1574
348	1575
348	2731
348	2732
348	2733
349	1286
349	1576
349	2649
349	2203
349	2734
349	2735
350	2737
350	2037
350	1579
350	1577
350	1578
350	1451
350	2736
351	2738
351	2739
351	2740
351	2741
351	1580
352	2572
352	1581
352	1582
352	2742
352	2744
352	2682
352	2622
352	1183
352	2743
353	1583
353	1584
353	1585
353	1586
353	1587
353	1588
353	1589
353	2461
353	1408
353	2745
354	1590
354	1591
354	2746
354	2747
354	2748
354	2173
354	2671
355	2749
355	1592
356	1593
356	2421
356	2750
357	1594
357	1595
357	1004
357	2751
357	2752
358	2753
358	1597
358	1596
358	2027
358	2315
358	2605
358	2431
359	1235
359	2544
360	2754
360	2755
360	2756
360	2455
360	1598
360	1599
361	2757
361	2758
361	2759
361	1446
361	1002
361	1583
361	1072
361	2385
361	1084
361	1600
362	1601
362	2258
362	2760
363	2761
363	2410
363	1208
364	2161
364	2370
364	1254
364	2762
364	2542
365	1602
365	2763
365	1604
365	1603
365	2764
366	2386
366	1605
366	1142
366	2393
366	2765
366	2206
367	2110
367	2766
367	2512
368	2746
368	1443
368	1606
368	2278
369	2373
369	2630
369	1607
369	2549
369	2767
370	1513
370	2158
370	2768
371	2769
371	1006
371	2770
371	1608
371	1609
371	2765
371	2574
372	2760
372	1610
372	1611
372	1612
372	1549
372	1613
372	1614
372	1615
372	2065
372	2771
373	2471
373	1130
373	2411
373	1616
373	2417
373	1617
373	2772
373	2773
374	2774
374	2775
375	2217
375	1049
375	2665
376	1474
376	2439
376	2474
376	2507
376	2575
376	1618
376	2261
376	1598
377	2776
377	2777
377	2778
377	1118
377	1376
378	1619
378	1620
378	2271
379	1621
379	1622
379	2055
379	2779
379	2780
380	2154
380	2459
381	2065
381	1621
381	2742
381	2443
381	2781
381	2782
382	1542
382	2302
382	1468
382	2030
382	2783
383	2784
383	2278
383	1608
384	2785
384	2786
384	1623
384	2616
384	2316
385	2787
385	1206
385	1624
385	1625
385	2747
386	2586
386	2747
387	2399
387	2691
387	1626
387	2636
387	2669
387	2095
387	2239
388	1122
388	2788
388	2789
388	2790
388	2791
388	1388
388	1627
388	1533
389	2085
389	2709
389	1628
389	1629
389	1520
390	2593
390	2611
390	2792
390	2410
390	1630
391	2565
391	2794
391	2793
391	2378
391	2795
391	1631
391	1632
392	1633
392	1634
392	2243
392	2533
392	2796
392	2797
392	2287
392	2579
393	2690
393	1635
393	1636
393	1035
393	2798
394	2497
394	2436
394	1637
394	2456
394	2224
395	2105
395	1638
395	2652
395	1452
396	2772
396	1366
396	1607
396	2168
396	2329
396	2763
396	2272
397	1639
397	1640
397	2601
397	2799
397	2800
398	2248
398	1641
398	1642
398	1643
398	1552
398	2801
398	2802
398	1048
398	2651
398	1116
399	1356
399	2803
399	2804
399	1644
399	1311
400	1099
400	2757
400	1645
400	1646
401	2353
401	2100
401	2805
401	2376
402	2806
402	2807
402	2808
402	1647
402	1184
403	1649
403	1650
403	1651
403	2809
403	1038
403	1648
404	2722
404	2211
404	1028
404	1652
404	2751
405	1157
405	1190
405	2667
405	1421
405	2517
405	1494
405	1653
405	2810
405	2811
406	2130
406	2754
406	2812
406	1584
406	2745
407	2337
407	2705
407	2502
407	1079
407	1654
407	2813
408	1655
408	1656
408	2121
408	2362
408	2555
409	1657
409	1658
409	1659
409	2814
409	2687
410	1108
410	2776
410	2265
410	2686
410	2815
411	2817
411	2818
411	2356
411	1275
411	1660
411	1661
411	1662
411	1663
411	2816
412	2225
412	2819
412	2820
412	2276
412	2260
412	1109
413	1665
413	2738
413	1666
413	2821
413	2345
413	1664
414	2087
415	1667
415	2822
415	2823
415	2605
415	2127
415	2739
415	1082
415	2749
416	2755
416	1668
416	1669
416	2824
416	2825
417	1073
417	1670
418	1671
418	1480
418	2169
418	2826
418	1672
418	2798
419	2610
420	2385
420	2803
420	2788
420	1673
420	1674
420	2653
421	2354
421	1019
421	2407
421	1675
421	2809
421	2827
421	2382
422	2317
422	2422
422	2828
422	1677
422	1676
423	2114
423	2595
423	1250
423	1255
423	1678
423	1679
423	1680
424	1681
424	1682
424	1683
424	2829
425	1684
425	1685
425	2830
426	1681
426	2309
426	1686
426	2346
426	2831
427	1315
427	1689
427	2832
427	2833
427	2038
427	1687
427	1688
427	2297
428	2834
428	1690
429	2342
429	2512
429	2835
429	2836
429	2837
429	1691
429	2139
429	2684
429	1374
430	1345
430	2838
430	1692
430	1693
430	1694
430	1244
431	2225
431	2839
431	1577
431	1147
431	2767
432	1515
432	1678
432	2706
432	2840
432	2521
432	2558
432	1695
432	1696
433	1697
433	2097
433	2388
433	2620
433	2572
434	1698
434	2343
434	1641
434	2554
434	2687
434	2303
435	1699
435	1700
435	1701
435	2057
435	1642
435	2841
435	2396
435	2653
436	1475
436	1581
436	2160
436	2101
436	2140
436	2743
437	2674
437	2116
437	1630
437	1702
437	1036
437	1134
438	2498
438	2275
438	1703
438	1704
438	2698
438	1041
438	2232
438	2842
439	2843
439	2844
439	2541
439	2654
439	2621
440	2430
440	1270
440	2845
440	2846
440	2847
441	2849
441	1329
441	2781
441	1321
441	2845
441	1705
441	2848
443	1026
443	2675
444	2850
444	1706
444	2734
444	2298
444	2286
444	2767
444	1386
445	2851
446	1089
446	2852
447	2497
447	2530
447	2403
447	2853
447	1707
447	2379
447	1708
447	2447
447	2293
448	2434
448	2212
448	2854
448	1709
448	1684
448	2713
448	2048
448	2205
448	2304
449	1711
449	1710
449	2855
449	2320
450	1523
450	2326
450	2856
450	2857
450	2745
450	1712
451	1713
451	2858
451	2207
451	2304
452	1714
452	2859
452	2860
452	2815
452	2048
453	2050
453	1715
453	2727
454	1716
454	2729
454	2861
454	2862
454	1085
455	2209
455	1316
455	1670
455	2152
455	2125
455	2863
455	2864
455	1717
455	2742
455	1152
456	2865
456	2151
456	2779
456	2412
456	2573
457	2776
458	1718
458	1719
458	1720
459	2866
459	1721
459	1722
459	1723
459	1279
459	2464
460	2867
460	2615
460	1724
460	1725
460	2207
460	2848
461	1682
461	2508
461	2806
461	1726
462	2377
462	2131
462	1573
463	2481
463	2868
463	1461
463	2631
463	1727
464	2867
464	2444
464	2869
464	2812
465	1729
465	1730
465	2870
465	2871
465	2441
465	1728
466	2436
466	2379
466	2781
466	1007
466	2144
467	2801
467	1731
467	1732
467	1733
467	2872
467	1338
467	2219
468	1734
468	1080
468	1096
468	2208
469	2824
469	1735
469	1287
470	2873
470	2637
471	1610
471	2787
471	1012
471	2874
471	1306
471	1736
472	1737
472	2875
472	2848
473	1044
473	1236
473	2518
473	2858
473	2876
474	2793
474	1738
474	2540
475	2276
475	2468
475	1050
475	1739
475	1740
475	2877
475	2878
476	2073
476	2548
476	1481
476	2186
476	2267
476	1741
476	2643
477	2467
477	2180
477	2804
477	1428
477	2558
477	2288
478	2425
478	2459
478	2413
478	1742
478	2879
478	2880
479	2881
479	2882
479	2181
479	2569
479	1197
479	1743
479	1744
479	2843
479	2206
479	2655
480	2883
480	1667
481	1745
481	1746
481	2884
481	2885
481	2668
482	1194
482	1747
482	1182
482	1726
483	2305
483	2789
483	2662
483	2886
483	2515
483	1748
483	1749
483	1750
483	2335
484	2819
484	2308
484	2887
484	2663
484	2889
484	2888
484	1751
484	1752
484	2490
484	1371
485	1320
485	2890
485	1195
485	1231
485	1753
485	2608
485	2135
485	2713
485	2352
486	2850
486	1476
486	2635
486	2891
486	1209
486	1754
486	1755
486	2268
486	2656
487	2892
487	1645
487	2879
488	2710
488	2074
488	1307
488	2252
488	2893
488	1264
489	2170
489	2408
489	2794
489	1756
489	1757
490	2826
490	2508
490	2066
490	1301
490	2427
490	2877
490	1758
490	1759
491	1761
491	1760
492	1762
492	2853
492	2334
492	2332
492	2894
492	2542
492	2895
493	1763
493	1156
493	1764
493	1396
493	1527
494	2896
494	1671
494	2544
495	2897
495	2898
495	1060
495	1765
495	2870
495	1593
495	2445
496	2545
496	2899
496	2548
496	2774
496	2105
496	1754
497	2148
497	2660
497	1766
497	1767
497	1768
497	2506
497	2803
497	2744
498	2581
498	1606
498	2118
498	1626
498	2796
498	1692
498	2078
499	1697
499	2695
499	2664
499	1769
499	1770
499	2028
499	1423
499	1392
499	2900
499	2901
499	2902
500	2525
501	2754
501	2196
501	2587
501	2903
501	1771
501	1772
501	1773
502	1435
502	1655
502	2839
502	2904
503	2519
503	2072
503	2905
503	2906
503	2220
503	2526
503	2672
504	2601
504	2106
504	2780
504	2855
505	2482
505	2119
505	2568
505	1774
505	1487
506	2115
506	2749
506	1525
506	1623
506	2061
507	1668
507	1673
507	1425
507	2518
507	2907
507	2908
507	2365
507	2335
508	2689
508	2870
508	2330
508	2909
508	2782
509	2409
509	2506
509	1775
510	2785
510	2358
510	2910
511	1776
511	2577
511	1777
511	1778
511	2871
511	2872
511	2718
511	2911
512	1779
512	1780
512	2666
512	1261
512	2479
513	1125
513	1781
513	1191
513	2775
513	1546
513	2912
514	1782
514	1288
515	2913
515	2914
515	2915
515	2204
516	2916
516	1783
516	1784
516	1785
516	2720
517	2755
517	2917
517	2918
517	2667
517	2897
517	1716
517	1786
517	2620
517	2397
518	1042
518	1721
518	1787
518	2796
518	2285
518	2174
518	1788
519	2769
519	2453
519	1789
519	2919
519	2477
519	2831
520	2092
520	2920
521	1790
522	2465
522	2469
522	2921
522	2347
522	2734
522	2617
522	2587
522	1791
522	1792
523	1793
523	2922
523	2511
523	2384
523	1367
523	2841
523	2074
523	2843
524	2240
524	2338
524	2829
524	2464
525	1794
525	1795
525	1796
525	2619
525	2109
525	2448
526	2881
526	2923
527	2924
527	1776
528	2925
528	1797
528	2736
529	1714
529	1669
529	1798
529	1799
529	1800
530	1798
530	2926
530	2927
530	2904
531	2929
531	2854
531	1718
531	1495
531	2928
532	2802
532	2404
532	1510
532	2264
532	1676
533	2930
533	2644
533	2380
533	2805
534	2737
534	2931
534	2789
534	2696
534	1801
534	1802
534	2684
535	1804
535	1755
535	1803
535	2859
536	2887
536	1805
536	2559
537	2299
537	2516
537	1477
537	2695
538	1441
538	2932
538	1500
539	2660
539	2933
539	2934
539	1806
539	1807
539	1808
540	1809
540	2387
541	2358
541	2935
541	2936
541	2270
541	2768
542	2820
542	2646
542	1432
542	2937
542	1230
543	1810
543	1811
543	1812
543	1813
543	2938
543	2939
544	2113
544	1107
544	2756
544	2359
544	2912
545	2853
545	1799
545	2896
546	2316
546	2940
546	2394
546	2668
546	2623
546	1104
547	1083
547	2190
548	2321
548	1123
548	2900
548	1176
549	1259
549	2941
549	1814
549	2807
550	1543
550	2808
550	1815
550	2455
550	2798
551	2692
551	2710
551	2327
551	1816
551	2731
551	2942
551	2400
552	1699
552	2550
553	2715
553	1756
553	2165
553	1215
554	1633
554	2246
554	1229
554	1135
554	1817
554	1818
554	1469
554	2943
555	2777
555	2874
555	1819
555	2944
556	2923
556	1700
556	2894
557	1369
557	2828
557	2861
557	2775
558	2197
559	2945
559	2946
559	1820
559	2262
560	1793
560	2419
560	2627
560	2947
561	2596
561	1045
561	1100
561	1821
561	1822
562	2933
562	2390
562	2909
562	2475
562	2509
562	1823
563	2766
563	1777
563	1148
563	2270
564	2449
564	2705
564	1825
564	2167
564	1163
564	1824
565	1571
565	2948
565	2919
565	2393
565	1439
566	1826
566	2949
566	2950
566	2503
566	2318
566	2862
566	2295
566	2168
567	1828
567	2075
567	2892
567	1827
568	2882
568	1410
568	1496
568	2539
568	2093
569	1489
569	2724
569	2821
569	1485
569	2879
569	2624
570	2930
570	2732
570	1455
571	1695
572	2053
572	2951
572	2920
572	2729
572	2654
573	1829
573	2952
573	2299
573	2253
573	2447
573	2897
573	2360
573	2938
573	2107
573	2814
574	1262
574	2894
574	1830
575	1831
575	1832
575	2750
575	1833
575	1834
575	2543
575	2163
575	1339
575	2173
575	2846
576	2197
576	1351
576	1687
576	2680
576	2474
576	1835
576	1836
577	1837
577	2944
578	1713
578	2339
578	2285
579	1701
579	2792
579	2953
579	2829
579	2799
579	1809
579	2675
579	2740
579	2869
579	1747
579	2711
579	2202
579	2432
580	2265
580	2810
580	2934
580	2495
581	2954
581	1838
581	2351
581	1119
582	1698
582	1411
582	1282
582	2866
582	2536
583	2758
583	2472
583	2618
583	1839
583	2800
584	1265
584	1840
584	1817
584	2266
584	1453
584	1648
585	2473
585	1639
586	2955
586	2062
586	2328
587	2956
587	2784
588	1841
588	1602
588	1715
588	2810
588	2460
588	1631
588	2112
588	2764
589	2369
589	2117
590	2289
590	1326
591	1842
591	1267
592	2949
592	2056
592	2957
592	2478
592	1553
592	1843
592	2036
592	1140
593	2636
593	2814
594	2676
594	1844
594	2284
595	2307
595	1845
595	1846
595	2876
595	2716
596	2241
596	1397
596	1847
596	2680
596	2043
596	1848
596	1055
597	2534
597	2958
597	2959
597	1616
597	2960
597	1850
597	1271
597	1304
597	1849
597	2298
598	2961
598	2707
598	1851
599	2962
599	1751
599	2088
599	1609
599	1529
599	1774
600	1852
600	1619
600	1719
600	2825
600	2553
601	2425
601	2861
601	2489
601	1728
602	2963
602	1853
603	2913
603	2539
603	1854
603	2839
604	1855
604	2226
604	2326
604	2951
604	1688
604	2124
604	1535
605	2746
606	2835
606	2928
606	1856
607	1844
607	1349
607	2580
607	2964
607	1771
608	1801
608	1857
608	2926
608	2704
609	2884
609	2965
609	1831
609	1656
610	1268
610	2182
610	2966
610	2967
610	2154
611	2586
611	2132
611	1322
611	2968
612	2943
613	2962
613	1858
613	2724
613	2969
613	2075
613	2060
613	2830
614	2921
614	2674
614	1859
614	1093
615	2945
615	2466
615	2693
615	2056
615	2794
615	2741
615	2934
615	2970
615	2971
616	2297
616	1018
616	2345
616	2972
618	2371
618	1299
618	2836
618	1860
618	2777
618	1806
619	2274
619	1660
620	1323
620	2973
620	1861
621	2970
621	1252
621	2182
621	2214
622	1185
622	1862
622	2279
622	1352
622	2155
622	2926
622	1555
622	2901
622	2974
622	2975
622	2976
623	2534
623	1863
623	2905
623	2955
623	2860
624	2337
624	2925
625	1635
625	2661
625	2758
625	2949
625	2028
625	2863
625	2522
625	2782
626	2381
626	1864
627	2513
627	2836
627	2151
627	2856
627	1865
628	2977
628	2903
628	1145
628	1866
628	2715
628	1565
629	2213
629	2952
629	1867
629	1868
629	1869
629	2482
629	2071
629	2552
629	1815
630	2234
630	2885
630	1638
630	2567
631	2878
631	1870
631	2342
631	1824
632	1348
632	2040
632	1547
632	2632
632	2473
632	2427
633	2978
633	1067
633	1536
634	2570
634	2413
634	2726
634	1800
635	1871
635	1572
635	1053
635	2583
636	2769
636	1585
636	1497
636	2844
636	1872
637	2868
637	2917
637	2743
637	2964
638	1097
638	2940
638	1873
639	1874
639	1763
639	2291
639	1207
639	2728
640	2979
640	1444
640	2947
640	1174
640	1875
640	1876
640	1247
641	2865
641	2247
641	1457
642	2980
642	2981
642	1877
642	2696
642	2956
642	2414
643	2418
643	2340
643	2260
643	1878
643	2887
643	1879
643	2891
644	2049
644	2245
644	2982
644	1880
645	1377
645	2290
645	2579
645	2612
645	2890
646	1881
646	1586
646	1696
647	1218
647	2131
647	2983
647	1882
647	1258
647	2398
648	2499
648	2564
648	2822
648	2984
648	2640
648	2902
648	2935
648	2874
648	1883
648	1884
648	1854
649	2649
649	2437
649	2575
650	2321
650	2387
650	2718
650	2044
650	2974
651	1537
651	2984
651	2985
651	2185
651	2571
651	2344
651	1105
651	2227
651	1885
652	2491
652	1757
652	2958
653	2986
653	2987
653	2069
653	1807
654	2215
654	1319
654	2623
654	2988
654	2707
654	2164
654	1886
654	1887
655	1889
655	1538
655	1890
655	1891
655	1743
655	2550
655	2966
655	1847
655	2559
655	1888
656	2256
656	2759
656	2928
657	1892
657	1893
657	2394
657	2954
657	2064
658	2852
658	1894
658	1895
658	1672
658	2510
658	2974
659	2681
659	1896
660	2761
660	1531
660	2989
660	2079
661	2898
661	2179
661	1897
661	1898
661	2604
662	1899
662	1395
662	2172
662	2591
663	1378
663	2942
663	1814
663	2235
663	1484
663	2990
663	1567
664	2333
664	2476
664	1741
664	2383
664	1772
665	1569
665	2404
665	2888
665	2505
665	1900
665	2989
665	2061
666	2633
666	2922
666	2606
666	2991
666	2992
666	2959
666	2032
666	1624
666	1051
667	1857
667	2963
667	1779
667	2616
667	2170
668	2993
668	1752
668	1224
668	2905
668	2795
668	1340
668	2957
669	2994
669	2851
669	2070
669	1227
669	2893
669	2528
670	1810
670	2643
670	2900
670	2471
670	2456
670	2058
671	1652
671	1317
671	2183
671	1720
671	2701
672	1237
672	1901
672	1424
673	2290
673	1251
673	2995
673	2099
673	1693
673	1902
674	2995
674	2123
674	2188
674	2191
675	2195
675	1381
675	1904
675	1211
675	1851
675	1903
675	2768
676	2162
676	2996
676	1081
676	1866
676	2079
677	1905
677	2062
677	2648
678	2997
678	1031
678	2600
678	1390
678	1808
679	2403
679	1764
679	1892
679	2669
679	1906
679	1907
679	2420
679	2998
679	1654
679	2911
680	2657
680	2914
680	2339
680	1159
680	1359
680	2673
680	1458
680	2771
680	1372
680	1778
680	1908
680	1909
680	2492
681	1300
681	2486
681	2663
681	1910
681	1739
681	2590
682	2401
682	2570
682	2993
682	1491
682	2487
682	2296
682	2999
682	1727
683	2801
683	2825
683	2950
683	2889
683	2250
683	2975
683	2656
684	2498
684	2531
684	2390
684	2727
684	1911
684	2496
685	1202
685	1820
685	2501
685	2360
686	2417
686	2178
686	1760
687	3000
687	2679
687	1912
687	2363
687	2832
688	2517
688	2950
688	2037
688	1913
688	2809
688	1914
688	1312
689	2602
689	2787
689	2222
690	1554
690	2628
690	2169
690	2778
690	1915
691	1916
691	1373
691	2228
692	1627
692	1702
692	1136
693	1502
693	2041
693	2251
693	1917
693	1486
694	2826
694	1212
694	2717
694	1918
695	1919
695	2549
695	2991
695	1488
696	1649
696	2947
696	1731
696	2374
696	2392
696	2842
696	2238
697	2658
697	1557
698	2642
698	1062
698	2966
699	2545
699	2248
699	2859
699	1835
699	2094
700	2535
700	1920
700	2231
700	1280
701	2625
701	1217
701	1509
701	1894
701	3000
701	2973
702	1921
702	1922
703	3001
703	1923
703	2884
703	1412
704	2931
704	1924
704	1382
704	2295
705	2931
705	1722
705	2988
705	2639
705	2976
706	2529
706	2449
706	1618
706	1925
706	2923
707	2875
707	2700
708	2918
708	1703
708	1594
708	1628
708	2812
709	2883
709	1596
709	2773
709	1724
710	1926
710	2952
710	2220
710	2702
710	2610
710	1400
710	1917
710	2527
710	2560
711	2357
711	1927
711	1928
711	2647
711	1902
712	2341
712	2805
712	1929
712	3002
712	2366
713	2305
713	1930
713	1931
713	1932
713	1933
713	1934
713	2744
713	1689
713	2592
714	2641
714	2835
714	1289
714	1773
714	1935
715	2625
715	2532
715	2872
715	2235
715	2525
715	1519
715	2400
716	2957
716	1470
716	1936
717	1937
717	2811
717	2191
718	2945
718	1794
718	2491
718	2453
719	1938
719	1603
719	1939
719	1664
720	3003
720	2315
720	2885
720	2247
721	2450
721	2995
721	2951
721	2348
721	2189
721	2639
721	1328
723	1926
723	1415
723	2536
723	2184
723	1805
723	1454
723	2159
723	1940
724	2819
724	2504
724	2703
724	2322
724	2804
724	1877
724	1941
724	1942
724	1912
724	3004
724	1534
725	3005
725	2119
726	2873
726	2331
726	1943
727	2833
727	2565
727	2694
727	1944
727	2783
727	1920
728	1827
728	1636
728	2215
728	2941
728	1341
729	2166
729	2647
729	2361
729	2349
729	3006
730	2969
730	2546
730	1129
730	1848
731	1945
731	1843
731	2597
731	2086
732	2977
732	1873
732	1940
732	1350
732	2440
732	2144
733	1946
733	1947
733	2764
733	2904
734	2201
734	1948
734	1375
734	2504
735	2698
735	1823
736	1745
736	2531
736	1949
736	2958
737	2961
737	1507
737	2932
737	2039
737	1897
737	1950
738	2760
738	1331
738	1951
738	2933
738	1401
738	1818
738	1952
738	2685
738	3007
738	1600
739	1953
739	1362
739	2584
739	2348
739	2398
739	1166
740	2609
740	1836
741	2561
741	1954
741	1791
741	1516
741	2303
742	1242
742	1883
742	1872
743	2993
743	2924
743	1657
744	2968
744	1955
744	1780
744	1416
744	1192
744	2175
744	2576
745	1729
745	1604
745	1956
745	1479
745	2221
745	1360
745	1492
745	2519
745	1054
746	1762
746	1795
746	1938
746	1957
746	1544
747	1958
747	1832
747	1707
747	1164
747	2259
747	1878
747	1015
747	1888
747	2778
747	1694
747	3008
748	3009
748	2697
748	2122
748	2779
748	1225
748	2080
749	2465
749	2820
749	1417
749	1146
749	2524
749	2557
750	3010
750	1027
750	1959
750	2380
750	2732
750	2132
750	2556
750	1310
751	2082
751	1506
751	1783
752	2052
752	1269
752	2998
752	1960
752	2892
753	1961
753	1354
754	1650
754	2229
754	1472
755	1346
755	2469
755	2054
755	1861
755	1962
755	2708
755	2613
755	2871
755	2364
755	2783
756	2454
756	2968
756	2218
756	1963
756	2827
757	3011
757	2965
757	1238
757	2411
757	2397
758	2563
758	3012
758	3013
758	2984
758	1837
758	2607
758	1811
758	1402
758	2720
759	1427
759	2916
759	2726
759	1944
759	1611
759	2254
760	1273
760	2638
761	1177
761	2899
761	2774
761	2990
762	2692
762	1862
762	3014
762	2712
762	1964
762	1965
763	2954
763	2628
764	2451
764	2942
764	2294
764	2728
764	2828
764	2446
765	1521
765	2606
765	2842
765	2939
765	1838
765	1966
766	1651
766	1653
767	2786
767	2261
767	3015
767	1160
767	2969
767	1967
767	1968
767	2986
768	2210
768	2621
768	2790
769	1953
769	1690
769	1032
770	2913
770	1969
771	2423
772	2599
772	1784
773	1970
773	2686
773	2094
773	3016
774	3009
774	2890
774	1101
774	2833
774	2418
774	1971
774	1972
774	2683
774	2428
775	1973
776	2547
776	1943
777	2626
777	3015
777	2569
777	1580
777	2478
778	2785
778	2355
778	2279
778	2457
778	2815
779	2914
779	1043
779	2200
779	3017
779	3002
779	1723
779	2878
780	1937
780	3018
780	2670
780	2816
781	2058
781	1971
781	2366
781	1974
782	2513
782	2323
782	2340
782	2330
782	1803
782	2477
782	2174
783	2147
783	3019
783	3020
783	1910
783	1975
783	1465
783	2076
783	2237
783	1919
784	2177
785	1297
785	1786
785	1677
785	1839
786	1976
786	2486
786	3016
786	1052
786	1370
786	1228
786	2096
787	2138
787	2371
787	1530
788	2772
788	2493
788	2103
789	1956
789	2597
789	1302
789	1239
789	1592
789	1977
789	1882
790	2530
790	1436
790	1978
790	2652
790	2860
790	1790
791	2657
791	1858
791	2483
791	1732
791	1429
791	1447
791	1979
792	2937
792	2971
792	1903
792	1039
793	2650
793	1980
793	2510
793	1314
794	1578
794	3019
794	2350
795	2882
795	1930
795	2624
796	2435
796	2869
796	1232
796	2912
797	1761
797	2978
797	2216
798	2976
798	1744
798	2983
798	2712
799	2402
799	2282
799	1325
799	2543
799	2960
799	2867
799	2880
799	1335
799	1558
799	1216
800	1963
800	1570
800	2596
800	3014
800	1622
800	1931
800	1981
801	2793
801	2739
801	1517
802	2916
802	2629
802	2121
802	2736
802	1203
802	1587
802	1982
802	1983
803	1625
803	2442
803	2619
803	1935
803	2352
804	1574
805	2850
805	2978
805	2980
805	1753
805	1675
806	2770
806	1929
806	2249
806	1643
806	1984
807	2706
807	1445
807	2630
807	1595
807	2635
808	1985
808	1383
809	1409
809	2068
809	3014
809	2632
809	1612
809	1276
810	1842
810	1986
810	2612
810	1816
810	2076
810	2735
811	1860
811	2631
811	1898
811	3004
811	3021
811	1984
812	2369
812	1825
812	1283
812	2120
812	2807
812	2458
812	1407
812	2784
813	2881
813	2467
813	1987
813	1644
813	1901
813	1327
813	2961
813	1821
814	2347
814	1870
814	1951
815	2338
815	2562
815	2852
815	1988
815	2603
815	1709
815	2638
815	1422
815	1904
815	2129
815	1975
815	1880
816	2042
816	1989
816	2134
816	2982
817	1665
817	2602
818	2849
818	1859
818	2583
818	2857
818	2155
818	1708
819	2717
819	1955
819	2454
819	1990
819	1384
819	2217
819	2665
820	1893
820	3000
820	1852
820	1981
820	2255
820	2896
821	1601
821	2899
821	3012
821	1991
821	2031
822	2875
822	2997
822	2551
823	1493
823	1992
824	2230
824	1463
824	1849
824	2108
824	2080
824	2780
824	1200
825	3011
825	2694
825	1658
825	2907
825	3004
825	1471
826	2211
826	1927
826	1993
826	1978
826	2108
826	2752
827	2911
827	1274
827	1853
827	2702
827	2063
828	2866
828	2963
828	2757
828	2198
829	2067
829	1845
829	1936
830	2327
830	1994
830	1293
830	2222
830	2960
831	1442
831	1819
831	2044
831	2858
831	1355
831	2924
831	2607
832	2806
832	1972
832	2228
833	2970
833	1928
833	2634
833	3019
833	3022
834	2561
834	1522
834	1363
834	2150
834	1448
834	1066
835	2574
835	2500
835	2699
835	2989
835	2573
836	2515
836	1875
836	2637
836	1710
837	1361
837	2098
837	1876
837	2186
837	1995
837	2093
837	2560
838	2740
838	3005
838	1996
839	1945
839	2378
839	2844
839	1997
840	3012
840	2437
840	2854
840	2791
840	2128
840	1426
840	2967
840	2136
841	2289
841	1575
841	3023
841	1528
842	1889
842	1941
842	2039
842	2585
842	1804
842	1180
843	1464
844	1219
844	1896
844	2922
844	2714
844	2262
844	2906
844	2363
844	2526
844	2527
844	1632
845	2106
845	2546
845	2759
846	1867
846	1459
846	1404
846	2198
847	2490
847	1277
847	1781
847	1074
848	1379
848	2678
848	1737
848	2943
848	3024
849	2081
849	2700
849	1294
849	1198
849	2834
849	1556
849	2840
849	1661
850	2590
851	1939
851	1111
851	1385
851	1980
851	2990
851	1679
851	2688
852	2272
852	2893
852	1998
852	1999
852	2000
852	2673
852	2714
852	2460
852	2716
852	2368
853	2402
853	1172
853	2646
853	2199
854	1605
854	2790
854	2634
854	1998
854	2001
854	2962
854	2002
854	3001
854	2077
854	2176
855	1483
855	2659
855	2223
855	1399
856	2355
856	2468
856	1957
856	2502
856	2003
856	1864
856	3022
857	1706
857	1431
857	2314
857	1068
857	1647
858	1979
858	2004
859	1997
859	2838
860	2917
860	2005
860	2664
860	1865
860	1437
861	2817
861	1932
861	2614
861	2919
861	2428
861	2175
861	2160
862	2659
862	2948
862	2183
862	1995
862	1933
862	2766
862	3006
862	3025
862	2709
862	1976
862	1758
863	2849
863	2006
863	2704
864	2274
864	1986
864	1989
864	2187
864	2415
864	2416
864	2226
864	1717
865	1683
865	2823
865	2007
865	1705
865	1563
866	2003
866	2644
866	2846
867	1505
867	1098
867	1925
867	2104
868	2946
868	2967
868	2856
868	2396
868	2944
869	1993
869	1685
869	2533
870	2802
870	2499
870	2765
870	2008
870	1674
870	2253
871	2009
871	1954
871	1900
872	1158
872	2983
872	2831
873	2818
873	1830
873	1704
873	2107
873	1056
874	2242
874	3010
874	2999
874	2010
874	2448
875	2641
875	2930
875	3026
875	1921
875	2889
875	2395
875	2909
876	1539
876	2310
876	3017
876	2770
876	2938
876	2011
876	2012
876	1086
877	1890
877	2627
877	2730
877	2382
877	2752
877	3027
877	2708
877	1344
878	1308
878	1524
878	2661
878	2832
878	2693
879	1022
879	1949
879	3018
879	1725
879	1550
879	2336
880	2115
880	2980
880	2503
880	1961
880	1915
881	2633
881	3013
881	2157
881	2901
882	1785
882	1881
882	2341
882	2953
882	2171
882	2013
882	2431
883	2195
883	1748
883	2214
883	2007
883	2987
883	3023
884	2463
884	1508
884	2150
884	2985
884	1868
884	1613
884	2830
884	1490
884	2907
884	1149
884	1503
885	2249
885	1637
885	2750
885	1992
886	2685
886	2014
886	2004
886	2837
886	1117
886	1934
887	2845
887	1913
887	2283
887	1357
887	2910
888	2753
888	3010
888	2723
888	2091
888	1196
888	2414
888	2862
888	2972
889	2386
889	1958
889	2615
889	2344
889	2988
890	2837
890	2733
890	1782
891	2401
891	2689
891	2886
891	2920
891	2699
891	2443
891	3021
891	2034
892	2626
892	2180
892	2985
892	3020
892	2927
892	3028
892	2584
892	1246
892	2015
893	2470
893	2124
893	2156
893	1964
893	2208
894	1330
894	2723
894	2677
894	2063
895	3015
895	1512
895	1588
895	2199
895	2104
895	2487
895	1597
895	2494
896	1336
897	2722
897	2611
897	2741
897	2359
898	1891
898	1290
898	2609
898	2975
898	2677
898	1046
898	1911
898	2651
898	2973
898	1599
899	2051
899	3006
899	1256
900	2977
900	2855
900	2312
900	1738
900	2156
900	2927
901	2313
901	2979
901	3003
902	1733
902	1967
902	2735
902	1948
902	3005
902	2986
903	2514
903	2391
903	2252
903	2733
903	2446
903	3007
904	1962
904	2476
904	2886
904	2895
905	2426
905	2955
905	2725
905	2589
906	2224
906	1792
906	2953
906	2891
906	2800
907	2748
907	1150
907	1959
907	2016
908	1812
909	2017
909	2242
909	2997
909	2918
909	1418
909	2333
910	2176
910	1482
910	2395
910	1532
910	2671
910	2528
911	1797
911	2725
911	1766
911	1545
911	1680
912	2018
912	2915
912	2019
912	2118
912	1449
912	2827
912	1008
912	3025
912	2227
912	2613
912	2681
913	2083
913	2181
913	2343
914	2650
914	1226
914	1579
914	2959
914	1088
915	1988
915	2020
915	1855
915	2591
916	1433
916	3026
916	1740
916	2485
917	2089
917	1923
917	1063
917	2241
918	3016
918	1640
918	2992
919	1730
919	1576
919	1965
919	2672
919	2011
919	2940
919	1982
919	2719
920	1906
920	1387
920	1526
920	2255
921	2021
921	1734
921	2022
921	1240
921	1833
921	1822
922	1874
922	2883
923	2737
923	1620
923	1813
923	1973
923	1899
923	2655
924	2753
924	2906
924	2876
924	1438
925	1767
925	3001
925	3017
925	1614
925	1151
926	1298
926	2982
926	2284
926	1999
926	2016
927	2721
927	1313
927	1841
927	2738
927	2229
927	2357
927	2136
927	2880
928	2865
928	1907
928	1462
928	1769
928	1450
928	2603
928	1551
929	1735
929	2991
929	2578
929	2324
929	2773
929	2996
929	1749
929	1942
929	1498
929	2813
929	1248
930	2193
930	2761
931	2676
931	2021
931	3028
931	1368
931	2816
932	2033
932	2095
933	1946
933	2541
933	2703
934	2451
934	1686
934	2472
934	2318
934	1952
935	2190
935	2538
935	2971
935	1994
935	1582
936	1908
936	2629
936	2600
936	2682
936	2462
937	2043
937	1742
937	1691
938	2184
938	2946
938	1364
938	3008
939	2915
939	2084
939	2336
939	1318
939	1514
939	1005
939	1969
939	1141
939	2614
939	3008
940	2771
940	1380
940	1828
940	2086
940	2972
940	2557
941	1617
941	2851
941	2965
941	1863
941	2553
942	1770
942	2979
942	2015
943	2081
943	1796
943	2311
943	2232
944	1666
944	1968
944	2645
944	1750
944	2711
944	2391
944	1113
944	2236
945	2763
945	2941
945	1990
945	2691
946	2055
946	2537
946	2730
946	1775
946	2000
947	2372
947	1413
947	2697
947	2910
947	1950
947	2240
948	2523
948	2748
948	2406
948	2936
949	2994
949	1662
949	2239
949	2840
950	1137
950	2018
950	2012
950	2488
950	2908
950	2254
950	1856
951	2594
951	2658
951	2019
951	2020
951	2868
951	1589
951	2201
951	1466
951	1884
951	1914
952	1057
952	2595
952	1711
952	2895
952	2864
952	2008
952	2426
952	2429
953	1353
953	3027
953	1131
954	3009
954	2130
954	2981
954	2688
955	3021
955	2014
955	2824
956	2023
956	3018
956	1518
956	2325
956	1590
956	1564
956	2813
956	1629
957	1947
957	1916
957	2645
957	1924
958	2937
958	2268
958	2492
959	2026
959	2013
959	1615
959	1634
960	2452
960	1869
960	2999
960	2488
960	1291
960	2925
960	2096
961	2529
961	2001
961	3013
961	2006
961	1342
961	2415
962	2818
962	1826
962	2948
962	1991
962	2287
962	2964
962	2998
962	2263
963	1829
963	1430
963	2375
963	1591
963	2701
963	1071
963	3024
964	2354
964	2834
964	2389
964	2857
964	3003
964	2877
965	2841
965	2788
965	3023
965	2520
965	2537
965	2939
965	2863
966	1561
966	1069
966	2903
967	3011
967	2023
967	2808
967	1309
967	1918
968	2929
968	2038
968	2480
968	1420
968	3024
969	2662
969	2010
969	1787
969	1501
969	1789
969	1568
970	1467
970	2902
970	2507
970	3020
970	2429
971	1922
971	2422
971	1768
971	1736
971	2792
972	1087
972	1540
972	2797
972	1343
973	2024
973	2888
973	2908
973	1759
973	1871
973	1120
974	1712
974	3007
974	2598
974	1334
974	2383
974	2640
975	2838
975	1199
976	1548
976	1403
976	2516
976	2301
977	1393
977	2323
977	2165
977	1398
977	2679
977	1478
977	1909
978	2929
978	2114
978	2002
978	1365
978	2791
978	2475
979	1188
979	2025
979	2898
979	3028
979	1846
979	1562
979	2683
979	1886
980	2552
980	2216
980	1419
980	2797
980	3025
980	2996
980	1879
980	2520
981	2795
981	1646
982	2017
982	1802
982	2288
982	1834
983	2670
983	2022
983	1960
984	1394
984	2372
984	2756
984	1885
984	1663
985	3026
985	1070
985	2408
986	1905
986	2786
986	2024
986	1996
986	2319
986	2847
987	1181
987	2873
987	2956
987	2493
987	1788
987	2864
988	1473
988	2932
988	2811
988	1095
988	2987
988	2317
989	2580
989	1765
989	2346
989	2731
989	1260
990	2847
990	2719
990	2936
991	1987
991	2005
991	1895
991	2551
992	2921
992	1840
992	1887
992	2196
992	2009
992	2362
992	3002
992	1983
993	1985
993	1138
993	2484
993	2821
994	3027
994	2822
994	1560
994	2025
994	2762
995	1659
995	2799
996	2994
996	1746
996	1974
996	2935
996	2361
996	1850
996	1566
997	2690
997	2588
997	2762
998	1970
998	2981
998	2823
998	2522
998	1966
998	2751
999	2817
999	2126
999	1977
999	3022
999	2992
1231	2352
1481	2643
1524	2693
1581	2743
1584	2745
1602	2764
1967	2986
