1	1009
1	1010
1	1011
1	1012
2	1013
2	1014
2	1015
2	1016
2	1017
2	1018
3	1025
3	1026
3	1027
3	1019
3	1020
3	1021
3	1022
3	1023
3	1024
4	1028
4	1029
4	1030
4	1031
4	1032
4	1033
5	1013
5	1034
5	1035
5	1036
5	1037
5	1038
5	1039
6	1041
6	1042
6	1043
6	1044
6	1045
6	1046
6	1040
7	1047
7	1048
7	1049
7	1050
7	1051
7	1052
7	1053
7	1054
8	1057
8	1058
8	1059
8	1060
8	1055
8	1056
9	1061
9	1062
9	1063
9	1064
10	1061
10	1065
10	1066
10	1067
10	1068
10	1069
10	1070
10	1071
11	1073
11	1074
11	1075
11	1076
11	1077
11	1065
11	1072
12	1078
12	1079
12	1080
12	1081
12	1082
12	1083
12	1084
12	1085
13	1089
13	1090
13	1091
13	1086
13	1087
13	1088
14	1092
14	1093
15	1094
15	1095
15	1096
16	1097
16	1098
16	1099
16	1100
16	1101
16	1102
16	1103
16	1104
16	1105
16	1106
17	1107
17	1108
17	1109
17	1110
17	1111
18	1112
18	1113
18	1114
18	1115
18	1116
19	1121
19	1122
19	1123
19	1124
19	1125
19	1078
19	1117
19	1118
19	1119
19	1120
20	1126
20	1127
20	1128
20	1129
20	1034
21	1130
21	1131
21	1132
21	1133
21	1134
21	1135
21	1136
21	1137
21	1138
21	1139
21	1140
22	1107
22	1141
22	1142
22	1143
23	1144
23	1145
23	1146
23	1147
23	1148
23	1149
23	1150
23	1151
24	1153
24	1154
24	1155
24	1156
24	1152
25	1157
25	1158
25	1159
25	1160
25	1161
25	1162
25	1163
25	1164
25	1165
25	1014
26	1166
26	1167
26	1168
26	1169
26	1170
26	1171
26	1172
26	1173
27	1174
27	1175
27	1176
28	1177
28	1178
28	1179
28	1180
28	1181
28	1182
28	1183
28	1184
29	1185
29	1186
29	1187
30	1188
30	1189
30	1190
30	1191
30	1192
30	1193
30	1194
31	1195
31	1196
31	1197
31	1198
32	1199
32	1200
32	1201
32	1202
32	1203
32	1204
32	1205
32	1206
32	1047
32	1207
33	1208
33	1209
33	1210
33	1211
33	1212
33	1213
33	1072
34	1217
34	1214
34	1215
34	1216
35	1218
35	1219
35	1220
35	1221
35	1222
35	1223
35	1078
35	1079
36	1225
36	1226
36	1227
36	1224
37	1009
37	1228
37	1229
37	1230
38	1231
38	1232
38	1233
38	1234
38	1235
38	1236
38	1237
38	1238
38	1239
39	1241
39	1242
39	1240
40	1243
40	1244
40	1245
40	1246
41	1249
41	1250
41	1251
41	1247
41	1248
42	1073
42	1252
42	1253
42	1254
42	1255
43	1257
43	1256
44	1258
44	1259
44	1260
44	1261
44	1262
45	1265
45	1080
45	1263
45	1264
46	1266
46	1267
46	1268
46	1269
47	1273
47	1270
47	1271
47	1272
47	1097
47	1274
48	1275
48	1276
48	1277
48	1278
48	1279
49	1281
49	1282
49	1280
50	1283
50	1284
50	1285
50	1286
50	1287
50	1288
50	1289
51	1290
51	1291
51	1214
52	1297
52	1298
52	1292
52	1293
52	1294
52	1295
52	1296
53	1299
53	1300
53	1301
54	1302
54	1303
54	1304
54	1305
54	1306
54	1307
54	1308
54	1309
55	1313
55	1314
55	1290
55	1310
55	1311
55	1312
56	1315
56	1316
56	1317
56	1318
56	1319
57	1321
57	1275
57	1048
57	1320
58	1001
58	1322
58	1323
59	1324
59	1325
59	1326
59	1327
60	1328
61	1329
61	1330
61	1331
61	1332
61	1333
61	1199
62	1002
62	1035
62	1334
62	1335
62	1336
62	1337
62	1338
62	1339
62	1340
63	1344
63	1341
63	1342
63	1343
63	1117
64	1345
64	1346
64	1347
64	1348
64	1349
64	1350
65	1351
65	1352
65	1353
65	1354
65	1355
65	1356
66	1361
66	1357
66	1358
66	1359
66	1360
67	1362
67	1363
67	1028
67	1364
67	1365
67	1366
68	1322
68	1292
68	1367
68	1368
68	1369
68	1370
68	1371
68	1372
69	1377
69	1378
69	1379
69	1323
69	1373
69	1374
69	1375
69	1376
70	1283
70	1380
70	1381
70	1382
70	1383
70	1384
70	1385
70	1386
70	1387
70	1036
70	1388
71	1157
71	1389
71	1390
71	1391
71	1392
72	1380
72	1393
72	1394
72	1395
72	1396
72	1397
72	1398
72	1399
72	1019
72	1373
73	1329
73	1400
73	1401
73	1402
73	1403
73	1404
73	1405
73	1406
74	1409
74	1410
74	1411
74	1412
74	1407
74	1408
75	1413
75	1126
75	1414
76	1415
76	1416
76	1417
76	1418
76	1419
77	1425
77	1144
77	1420
77	1421
77	1422
77	1423
77	1424
78	1426
78	1427
78	1428
78	1429
78	1430
79	1431
79	1432
79	1433
79	1434
79	1435
79	1436
79	1437
80	1438
80	1439
80	1440
81	1441
81	1442
81	1443
81	1444
81	1426
81	1445
81	1446
82	1351
82	1448
82	1447
82	1449
82	1451
82	1450
82	1452
82	1081
83	1457
83	1458
83	1174
83	1453
83	1454
83	1455
83	1456
85	1459
85	1460
85	1461
85	1462
85	1463
85	1464
86	1473
86	1474
86	1475
86	1476
86	1477
86	1465
86	1466
86	1467
86	1468
86	1469
86	1470
86	1471
86	1472
87	1478
87	1479
87	1480
87	1481
87	1367
87	1482
88	1484
88	1224
88	1098
88	1483
88	1228
89	1485
89	1486
89	1055
90	1489
90	1490
90	1302
90	1352
90	1177
90	1487
90	1488
91	1496
91	1491
91	1492
91	1493
91	1494
91	1270
91	1495
91	1497
91	1498
92	1499
92	1500
92	1501
93	1505
93	1502
93	1503
93	1504
94	1506
94	1507
94	1508
94	1509
94	1208
94	1152
95	1491
95	1510
95	1511
95	1512
95	1513
95	1514
96	1515
96	1516
96	1357
96	1518
96	1519
96	1517
96	1520
96	1521
96	1522
96	1502
97	1345
97	1188
97	1523
97	1524
97	1525
97	1526
97	1527
97	1528
97	1499
98	1529
98	1530
98	1531
98	1532
98	1533
98	1534
99	1537
99	1538
99	1539
99	1540
99	1541
99	1542
99	1543
99	1459
99	1535
99	1536
100	1547
100	1544
100	1545
100	1546
100	1515
100	1548
100	1549
101	1553
101	1554
101	1555
101	1550
101	1551
101	1552
102	1556
102	1557
102	1558
102	1559
103	1560
104	1561
104	1562
105	1563
105	1564
105	1565
105	1566
105	1567
105	1568
106	1569
106	1218
106	1315
106	1571
106	1570
106	1572
106	1573
106	1574
106	1575
107	1492
107	1576
107	1577
107	1578
107	1579
107	1580
107	1581
108	1582
108	1583
108	1584
108	1585
108	1586
108	1587
108	1588
108	1589
108	1590
108	1591
108	1592
108	1593
109	1561
109	1594
109	1595
109	1596
109	1597
109	1215
110	1601
110	1598
110	1599
110	1600
111	1602
111	1603
111	1316
111	1604
111	1605
112	1189
112	1606
112	1607
112	1608
113	1609
113	1610
113	1611
113	1612
113	1613
113	1614
113	1615
113	1616
113	1617
113	1086
114	1618
114	1619
114	1284
115	1620
115	1621
115	1622
116	1413
116	1623
116	1624
116	1529
116	1625
116	1598
116	1209
117	1556
117	1626
117	1627
117	1628
117	1629
117	1630
118	1633
118	1634
118	1635
118	1636
118	1130
118	1166
118	1631
118	1632
119	1639
119	1637
119	1638
119	1367
120	1640
120	1641
120	1642
120	1643
120	1644
120	1645
120	1646
120	1263
120	1074
121	1649
121	1650
121	1651
121	1652
121	1647
121	1648
122	1653
122	1654
122	1655
122	1656
123	1544
123	1324
123	1657
123	1658
123	1659
123	1660
123	1661
123	1662
123	1663
124	1665
124	1666
124	1667
124	1668
124	1669
124	1670
124	1640
124	1066
124	1653
124	1086
124	1664
125	1673
125	1674
125	1671
125	1672
126	1675
126	1676
126	1677
126	1678
126	1679
126	1680
126	1681
126	1682
126	1683
126	1684
127	1256
127	1487
127	1685
127	1686
127	1687
127	1688
127	1689
127	1690
127	1438
128	1697
128	1447
128	1393
128	1691
128	1692
128	1693
128	1694
128	1695
128	1696
129	1698
129	1699
129	1700
129	1701
129	1394
130	1247
130	1702
130	1703
130	1704
131	1705
131	1706
131	1087
132	1334
132	1657
132	1707
132	1708
132	1709
133	1710
133	1711
133	1712
133	1713
133	1714
133	1715
133	1620
133	1015
133	1112
134	1500
134	1717
134	1716
135	1609
135	1563
135	1718
135	1719
135	1720
135	1721
135	1722
135	1723
135	1724
135	1725
135	1726
136	1729
136	1730
136	1061
136	1448
136	1727
136	1728
137	1731
137	1732
137	1733
137	1734
137	1735
137	1664
138	1441
138	1736
138	1737
139	1738
139	1739
139	1740
139	1741
139	1199
140	1569
140	1745
140	1746
140	1747
140	1742
140	1743
140	1744
141	1358
141	1753
141	1748
141	1749
141	1750
141	1751
141	1752
141	1145
141	1754
141	1755
142	1761
142	1759
142	1756
142	1757
142	1758
142	1407
142	1760
143	1762
143	1219
143	1764
143	1763
143	1765
143	1118
144	1766
144	1767
144	1768
144	1769
144	1770
144	1145
145	1771
145	1772
145	1773
145	1303
146	1774
146	1702
147	1641
147	1642
147	1775
147	1776
147	1777
147	1778
147	1779
147	1780
148	1784
148	1621
148	1782
148	1783
148	1781
148	1785
148	1658
148	1786
149	1092
149	1582
149	1781
149	1787
149	1788
149	1789
149	1790
149	1791
150	1793
150	1794
150	1795
150	1796
150	1792
151	1797
151	1798
151	1799
151	1800
151	1449
152	1317
152	1801
152	1802
152	1803
152	1804
152	1805
152	1530
153	1809
153	1353
153	1564
153	1806
153	1807
153	1808
154	1810
154	1811
154	1812
154	1813
155	1814
155	1815
155	1710
155	1545
155	1742
156	1665
156	1816
156	1817
156	1818
156	1195
156	1216
157	1178
157	1819
157	1820
158	1825
158	1821
158	1822
158	1823
158	1824
159	1346
159	1826
159	1827
159	1828
159	1158
159	1516
159	1420
160	1829
160	1830
160	1190
160	1179
160	1792
161	1831
161	1832
161	1833
161	1834
161	1835
161	1836
161	1837
162	1523
162	1838
162	1839
163	1841
163	1583
163	1840
164	1842
164	1843
164	1844
164	1368
164	1146
165	1465
165	1290
165	1845
165	1846
165	1847
165	1848
165	1849
165	1850
165	1851
166	1415
166	1854
166	1852
166	1853
166	1166
166	1855
167	1641
167	1857
167	1856
168	1858
168	1675
168	1859
168	1840
169	1860
169	1861
170	1381
170	1862
170	1863
170	1864
171	1865
171	1866
171	1867
171	1868
171	1869
171	1453
171	1517
171	1870
171	1374
172	1506
172	1738
172	1871
172	1584
172	1872
172	1873
172	1075
172	1108
172	1109
172	1431
172	1019
173	1874
173	1875
173	1876
173	1877
173	1878
173	1879
173	1535
174	1094
174	1880
174	1881
174	1882
174	1883
174	1884
175	1889
175	1890
175	1891
175	1382
175	1400
175	1885
175	1886
175	1887
175	1888
176	1892
176	1893
176	1894
176	1895
176	1896
176	1705
176	1897
176	1898
176	1175
177	1718
177	1831
177	1899
177	1900
177	1231
178	1901
178	1902
178	1711
179	1905
179	1906
179	1907
179	1536
179	1903
179	1904
180	1908
180	1909
180	1910
180	1911
180	1401
180	1099
180	1819
181	1852
181	1912
181	1913
181	1914
181	1915
181	1916
181	1917
181	1055
182	1666
182	1191
182	1659
182	1918
182	1919
183	1537
183	1922
183	1923
183	1921
183	1924
183	1920
184	1538
184	1925
184	1926
184	1927
184	1928
184	1929
184	1930
184	1931
184	1685
184	1402
184	1119
185	1932
185	1933
185	1934
185	1935
185	1936
185	1937
185	1938
185	1939
186	1793
186	1944
186	1940
186	1925
186	1941
186	1942
186	1943
187	1945
187	1946
187	1947
187	1948
187	1774
188	1953
188	1954
188	1949
188	1950
188	1951
188	1952
189	1955
189	1956
189	1957
189	1958
189	1716
190	1963
190	1959
190	1960
190	1961
190	1962
190	1483
191	1964
191	1719
191	1933
191	1932
191	1965
191	1966
192	1969
192	1970
192	1971
192	1972
192	1967
192	1968
193	1973
193	1510
193	1975
193	1974
194	1976
194	1977
194	1978
194	1979
194	1980
195	1981
195	1982
195	1983
196	1985
196	1218
196	1442
196	1986
196	1934
196	1984
197	1987
197	1988
197	1989
197	1990
197	1383
197	1991
197	1992
197	1880
198	1993
198	1994
198	1421
199	1220
199	1384
199	1995
199	1996
199	1997
199	1454
199	1466
199	1341
200	1389
200	1998
200	1999
200	2000
200	2001
200	2002
200	2003
200	2004
200	1845
200	1691
200	1020
200	1598
201	1959
201	1865
201	2005
201	2006
201	2007
201	2008
201	2009
201	2010
202	2011
202	2012
202	2013
202	2014
202	1920
203	2017
203	2015
203	1467
203	1518
203	1743
203	2016
204	2018
204	2019
204	2020
204	2021
204	2022
204	1550
204	1408
205	2025
205	1200
205	2023
205	2024
206	1832
206	2026
206	2027
206	2028
206	1720
207	1318
207	2029
207	2030
207	2031
208	2033
208	2034
208	2035
208	1310
208	2032
209	1538
209	1606
209	1609
209	1485
209	2036
209	2037
209	2038
209	2039
209	2040
209	2041
210	2049
210	1167
210	1426
210	1912
210	2042
210	2043
210	2044
210	2045
210	2046
210	2047
210	2048
211	2050
211	2051
211	2052
211	2053
211	2054
211	2055
211	2056
211	2057
211	1359
211	1973
212	1427
212	1546
212	2059
212	2060
212	2058
213	2061
213	1453
213	2062
213	2063
213	2065
213	2064
213	1908
213	1016
214	1153
214	2066
214	2067
214	1351
214	1100
214	1551
215	2068
215	2005
215	1304
215	1775
215	1040
216	2069
216	2070
216	2071
216	1168
217	1671
217	2072
217	1465
217	2073
217	2074
218	2075
218	2076
218	1141
218	2077
219	2081
219	1585
219	2082
219	2078
219	2079
219	2080
220	2083
220	2084
220	1637
220	1862
220	2085
220	2086
220	2087
220	1098
220	1395
220	1557
220	1082
220	1565
220	1599
221	2088
221	2089
221	2090
221	2091
221	2092
221	2093
221	1586
221	1748
221	1501
222	1909
222	1258
222	1643
222	2094
222	2095
222	2096
223	2097
223	2098
223	2099
223	2100
223	2101
223	2102
223	2103
223	1626
224	2105
224	2104
225	2113
225	2114
225	2107
225	1325
225	1107
225	2106
225	1787
225	2108
225	2109
225	2110
225	2111
225	2112
226	2115
226	2116
226	2117
226	2118
226	2119
226	2120
227	2121
227	2122
227	2123
227	1692
227	2042
228	2127
228	2124
228	2125
228	2126
228	2015
228	1788
229	2129
229	2130
229	1987
229	2131
229	2043
229	2029
229	2128
230	1192
230	1291
230	2128
230	2132
230	2133
230	2134
230	2135
230	2136
230	1403
231	1383
231	1771
231	1676
231	2140
231	2141
231	1749
231	1846
231	2137
231	2138
231	2139
231	1468
231	1021
232	2145
232	1154
232	2146
232	2147
232	1270
232	2142
232	2143
232	2144
233	1762
233	2148
233	2149
233	2150
233	1744
234	1431
234	1750
234	2151
234	2152
235	1347
235	2153
235	2154
235	2155
235	2156
235	2157
235	1486
235	1967
235	2158
235	1622
235	1375
236	1739
236	1175
236	2159
236	1131
237	2161
237	2018
237	2019
237	1576
237	1610
237	1547
237	2160
238	2162
238	2163
238	2164
238	2165
238	2166
239	2011
239	1935
239	2167
240	2168
240	2169
240	2170
240	2171
240	1196
241	1240
241	1866
241	1243
241	2172
241	1208
242	2177
242	2176
242	2175
242	2173
242	2174
242	1215
242	1232
243	1698
243	2178
243	2179
243	2180
243	2181
243	2182
243	2183
243	1833
243	1016
244	2115
244	1832
244	1320
244	2184
244	2185
244	1772
244	2186
244	1968
244	1552
244	1049
244	2142
245	1093
245	2187
245	1899
245	2189
245	2188
245	2190
245	1622
245	2011
245	2012
246	2193
246	2194
246	2195
246	2196
246	1742
246	2191
246	2192
247	1029
247	2197
247	2198
247	2199
247	2200
247	2201
248	2066
248	2036
248	1176
248	2202
248	1083
248	2191
248	1280
249	1910
249	1847
249	1816
249	1546
249	2203
249	2204
249	1342
250	2209
250	1263
250	2132
250	1369
250	2205
250	2206
250	2207
250	2208
251	2178
251	2210
251	2211
251	2212
251	1030
251	2213
251	1647
251	2160
252	2179
252	1524
252	2214
252	1408
253	2216
253	2215
253	1672
253	2217
253	2218
254	1003
254	1716
255	1587
255	2221
255	1925
255	2219
255	2220
255	1773
255	2222
256	2225
256	2226
256	1443
256	1834
256	2223
256	2224
257	2227
257	2228
257	2229
257	2230
257	2231
257	2232
257	2233
258	2137
258	1210
258	2234
259	1266
259	2153
259	2235
259	2236
259	2237
259	2238
259	2239
260	2241
260	2242
260	2243
260	2244
260	2245
260	1004
260	1101
260	1299
260	1782
260	2240
261	2246
261	2247
262	1467
262	2248
263	1041
263	1335
263	2088
263	2249
263	2219
264	2251
264	2083
264	2104
264	1432
264	2250
264	1691
264	2252
265	1892
265	2253
265	2254
265	2255
265	2256
265	2257
265	2258
265	2259
265	1848
265	2235
266	1610
266	2032
266	2097
266	2260
266	2261
266	1050
266	1693
266	1631
267	1201
267	1283
267	2262
267	2263
267	2264
267	2265
267	1710
268	1493
268	1703
268	2266
268	2267
268	2268
268	2269
268	1120
269	1531
269	1381
269	1469
270	1666
270	1108
270	1995
270	2253
270	2270
270	2271
270	2272
271	1325
272	2273
272	2274
272	1751
272	1577
272	1903
272	1072
273	2275
273	2116
273	2276
273	2277
273	1949
273	1856
274	2281
274	2278
274	2279
274	2280
275	1113
275	2282
275	2283
275	2143
276	1588
276	1302
276	2284
277	1874
277	2285
277	2286
277	1904
278	2124
278	2287
278	2288
278	2289
278	2290
278	2291
278	2292
278	2293
278	2294
279	2295
279	2296
279	2297
279	1354
279	1503
279	1594
280	2298
280	2299
280	1252
280	2300
281	2305
281	2306
281	1955
281	2307
281	1087
281	2301
281	2302
281	2303
281	2304
282	1042
282	2308
282	2309
282	1694
282	2192
283	2033
283	2310
283	2311
284	2075
284	1131
284	2312
284	2138
284	1067
284	2285
285	2313
285	2314
285	2315
285	2316
285	2317
285	2318
285	2319
285	2320
285	1336
286	2321
286	2322
286	1427
286	1188
286	2323
287	1460
287	2325
287	2324
287	2326
287	1225
287	1642
288	2327
288	1752
288	2329
288	1835
288	1677
288	1422
288	2328
289	1740
289	1589
289	1821
289	2327
290	1594
290	1731
290	1478
291	1993
291	2330
291	1079
292	1721
292	2331
292	2332
292	2333
292	2334
293	2337
293	2278
293	2335
293	2336
294	1721
294	2137
294	2192
295	2273
295	2338
295	1988
295	2020
295	1180
296	2339
296	2340
296	2341
296	2342
296	2343
296	2344
296	2345
296	1147
297	2275
297	2133
297	2072
297	2089
297	2346
297	1275
298	1893
298	1638
298	2347
298	1132
298	1836
298	2254
298	1142
298	1976
298	1918
299	1154
299	2084
299	2348
299	2349
299	2350
299	2351
299	2352
299	2353
299	1842
300	2354
300	2355
300	1244
300	1271
301	2210
301	1133
301	2006
301	1127
302	2356
302	1595
302	2357
302	2090
302	1611
302	2094
303	2339
303	1511
303	1838
303	1519
303	1712
303	2358
303	2359
303	2360
303	1370
304	2282
304	2187
304	2363
304	1329
304	2361
304	2362
304	2331
304	2364
305	1409
305	1348
305	1787
305	2365
305	2366
306	2161
306	1704
306	1114
306	1244
306	2078
306	2367
307	2369
307	2370
307	2295
307	2361
307	1693
307	1470
307	2368
308	2371
308	2372
308	2373
308	2287
309	2266
309	1797
309	2374
309	2375
310	1570
310	2376
310	1727
310	1438
310	1119
311	2380
311	1051
311	2377
311	2378
311	2379
311	2076
312	1305
312	1276
312	2381
313	2385
313	1732
313	1504
313	2382
313	2383
313	2384
314	2386
314	2387
314	1612
314	1752
315	2388
315	1065
315	1450
315	1822
315	1311
316	2050
316	2389
316	1548
316	2220
316	2240
317	2390
317	2391
317	2392
317	1913
317	2106
318	2393
318	2394
318	1428
319	1159
319	2168
319	1066
319	2395
319	2396
320	1337
320	2397
320	2398
320	2399
320	1488
321	2401
321	2402
321	2403
321	2340
321	1277
321	2400
322	2404
322	2405
322	2406
322	1095
322	2407
322	2408
322	2409
322	2061
322	2227
323	2410
323	1507
323	2412
323	2411
324	1009
324	2413
324	2414
324	2415
324	2416
325	2417
325	1618
325	1763
325	1525
325	2328
325	1088
326	2418
326	2419
326	2420
326	1461
326	2421
326	1226
326	1792
327	1989
327	1648
327	1618
327	1686
327	2422
327	2423
327	1919
327	1632
328	1031
328	1148
328	2287
328	2424
328	2425
328	2426
328	2427
328	1113
328	2335
328	1984
329	2428
329	1110
329	1607
329	2121
329	1532
329	2429
329	2430
330	1181
330	2115
330	2432
330	1960
330	1885
330	2431
330	1600
331	1121
331	2433
331	1798
331	1736
331	1455
332	2418
332	2434
332	1613
332	2435
333	2436
333	2437
333	1134
333	1914
333	2382
333	1376
334	1764
334	2438
334	2151
334	2440
334	2439
334	2283
334	2037
334	1471
335	1956
335	1799
335	2215
335	2441
335	2442
335	1233
335	2228
335	1789
336	1602
336	2443
336	2444
336	2445
336	2446
336	2160
337	1413
337	2154
337	2447
337	2095
337	1648
337	1330
337	1494
337	1722
338	1281
338	1492
338	2038
338	1447
338	1996
338	1068
338	2448
339	2449
339	1826
339	2450
340	1441
340	2051
340	1733
340	2341
340	1416
340	1160
340	1052
340	1713
340	1623
340	2044
341	1667
341	1417
341	1042
341	1234
341	2451
341	2452
341	2453
341	2144
342	1494
342	2455
342	2456
342	2454
342	2457
342	1678
343	2434
343	1875
343	1876
343	2458
343	1614
343	2255
344	2459
344	1614
344	2216
345	1043
345	2085
345	2229
345	1595
345	2460
345	2395
345	1776
346	2465
346	2466
346	2052
346	1756
346	2461
346	2462
346	2463
346	2464
347	2467
347	2468
347	2124
347	1997
347	2448
347	1328
347	2386
347	1235
347	2362
348	2469
348	2470
348	1766
348	2007
348	1560
348	2471
349	1940
349	2473
349	2472
349	1193
349	2474
349	2475
349	1903
350	1863
350	2270
350	2476
350	2477
350	2478
350	2479
351	2097
351	1767
351	1384
351	1115
351	1615
351	2480
352	2481
352	2482
352	2483
352	2484
352	2485
352	1894
352	2486
353	1362
353	1950
353	2487
353	2256
354	1122
354	1433
354	1777
354	2162
354	2488
354	2489
354	2490
354	2491
354	2492
354	2493
355	1649
355	2497
355	2498
355	2495
355	2494
355	1455
355	2496
356	2499
356	2500
356	2501
356	2502
356	1293
356	1741
356	1847
356	1723
356	2045
357	2342
357	2503
357	2504
357	1800
357	2505
357	1004
357	1197
357	2451
357	1056
358	2506
359	2193
359	2436
359	2230
359	2507
359	1134
360	1508
360	1576
360	2443
360	2508
360	1294
360	1967
361	1860
361	1703
361	1578
361	2058
361	2509
361	2481
361	2163
361	1396
361	2494
362	2510
362	2194
362	1353
362	2107
362	1102
362	1135
363	2472
363	2512
363	2511
363	1768
364	2513
364	2514
364	2435
364	2077
364	1200
365	1853
365	1998
365	1711
366	2482
366	2515
366	2308
366	2516
366	1660
366	1644
366	1069
367	2517
367	1654
367	2503
367	1961
367	2169
368	2006
368	2098
368	2374
369	1762
369	2520
369	2518
369	1799
369	1495
369	2519
369	1533
370	1650
370	1603
370	1030
370	2454
370	2521
370	2205
371	2053
371	1335
371	2522
371	1867
371	2348
371	1070
371	1375
372	1699
372	2525
372	2086
372	2523
372	2524
372	1757
373	2241
373	2404
373	1700
373	1582
373	1651
373	2526
373	2527
373	2528
374	2529
374	2530
374	2531
374	1810
374	2099
374	2532
375	2533
375	2534
375	2039
375	2217
375	2476
376	1998
376	2535
376	2536
377	1057
377	1921
377	1604
377	2537
377	2538
377	2539
377	2540
377	1968
377	1776
377	1236
377	2262
377	2390
378	1667
378	1363
378	1881
378	2170
378	2541
378	2542
379	2529
379	1701
379	2543
379	2544
379	1823
379	2545
379	1496
379	2139
379	1439
380	2178
380	1103
380	2546
380	2547
380	2548
380	2549
380	1303
380	2301
381	1028
381	2260
381	2550
381	1659
381	1868
382	1843
382	1687
382	1496
382	1720
382	1278
382	1936
383	2195
383	2552
383	1845
383	1306
383	2551
383	1418
383	1434
384	1202
384	2553
384	1404
384	2045
384	1022
384	1999
385	1194
385	1253
385	1778
386	1506
386	2180
386	2554
386	2526
386	2106
387	1503
387	2527
387	1307
387	1816
387	2555
387	2556
387	2557
387	1951
388	2530
388	1849
388	1225
388	2108
388	2558
388	2559
388	2560
389	1537
389	2561
389	2562
389	2400
389	2000
389	1397
389	1688
389	2461
389	1312
390	2563
390	2564
390	2565
390	2566
390	2567
390	2568
390	1385
391	2569
391	1827
392	2313
392	2570
392	1248
393	1940
393	1579
393	2571
393	2572
393	2573
393	2574
393	1216
394	2193
394	2321
394	2211
394	1989
394	1117
394	2480
395	2069
395	1772
395	2285
395	2576
395	2575
395	1520
396	2577
396	1858
396	1123
396	2578
396	2579
396	2580
396	2140
397	2581
397	2582
397	1497
397	2062
397	2032
398	1857
398	1058
398	2242
398	1122
398	2249
398	1811
398	2583
398	2584
398	2585
398	2586
398	2302
399	1801
399	1707
399	1423
399	1136
399	1429
399	1717
399	2581
399	2587
399	2588
399	2589
399	2590
400	2079
400	1306
400	1660
400	2365
400	2591
401	2593
401	2437
401	2030
401	2592
402	2513
402	2594
402	2595
402	2596
402	1869
403	1922
403	1419
403	2597
403	1840
404	1743
404	2375
404	2144
405	1082
405	1005
405	2598
405	2599
406	1778
406	1364
406	2600
406	2488
407	2477
407	1558
407	2230
408	2405
408	2341
408	1141
408	2601
408	2602
408	1259
408	1741
409	2604
409	1562
409	2603
409	2140
410	2171
410	2605
410	2606
410	2607
410	2608
411	1633
411	1169
411	2609
411	2571
411	1483
411	1404
411	1837
412	1170
412	2603
412	2537
412	2347
412	2046
412	2592
413	1266
413	2611
413	2610
413	2134
413	1149
414	1969
414	2612
414	2613
414	2614
414	2615
415	2021
415	1918
415	2616
416	1059
416	1479
416	1001
416	2570
416	2617
417	2594
417	2026
417	1203
417	1365
417	2167
417	2618
417	2619
417	1310
418	2467
418	1075
418	2620
418	1100
418	2031
419	1571
419	1097
419	2522
419	2555
419	1708
419	2621
420	2241
420	2168
420	1689
420	2622
420	1295
420	1952
421	2051
421	2595
421	1221
421	1957
421	1675
421	1236
421	2164
421	2424
421	1627
421	2623
422	2625
422	2610
422	2396
422	2624
423	2145
423	2626
423	2627
423	2628
423	2358
423	1432
423	1616
424	2629
424	2630
424	2631
424	2632
424	2633
424	2634
424	1272
424	2587
425	1010
425	2047
425	1466
425	2635
425	2636
425	1854
425	1439
426	1003
426	2637
426	2598
427	2100
427	1723
427	1419
427	2638
427	2639
428	2438
428	1964
428	1037
428	2063
428	2640
428	1296
428	2641
428	1363
428	2642
428	2013
429	1222
429	1997
429	2643
429	2644
429	2645
429	2646
429	2425
429	1661
430	2022
430	2026
430	2635
430	2649
430	1749
430	2389
430	2647
430	2648
430	1945
430	1371
431	2371
431	1757
431	1926
431	2296
431	2650
431	1405
431	2206
432	2651
432	2652
432	1237
432	1895
433	2034
433	2654
433	1751
433	2653
433	2638
434	2657
434	2533
434	2655
434	2349
434	2605
434	2656
435	1249
435	2658
435	2212
435	1493
435	2504
435	1584
436	2659
436	2660
436	2661
436	2662
436	2314
436	1965
436	1229
436	2482
436	1973
436	1850
436	2303
437	2561
437	2163
437	1526
437	2663
437	2173
437	2223
438	2435
438	1096
438	2664
438	2665
438	1040
439	1169
439	1572
439	2340
439	1254
439	2262
439	2666
439	2495
440	2546
440	2276
440	2604
440	1182
440	1152
441	1570
441	1191
441	1321
441	1737
441	2667
441	2668
441	2669
441	2670
441	2419
441	1812
442	2673
442	2455
442	2250
442	2315
442	1645
442	2671
442	2672
443	2674
443	2675
443	2676
443	2279
443	2543
444	2188
444	2677
444	2678
445	1410
445	2679
445	1104
445	2288
446	1813
446	2437
446	2680
446	1596
446	1435
446	1084
446	1102
447	2681
447	2682
447	2683
447	2312
448	1953
448	1893
448	2246
448	1229
448	1871
448	2135
448	2684
448	2685
448	2686
449	1411
449	1507
449	1806
449	1167
449	1424
449	1937
449	2489
449	2301
449	2687
449	2688
450	2689
450	2690
450	1766
450	1479
450	2637
451	1485
452	2659
452	1828
452	2691
452	1126
452	1737
452	1882
452	2413
453	2257
453	1171
453	2499
453	1462
453	1512
453	2109
454	1185
454	2692
454	2693
454	1806
454	2496
455	2694
455	2695
455	2583
455	2141
455	2606
456	1941
456	1863
456	2231
456	2473
456	2474
456	2428
456	2618
457	2563
457	2643
457	1238
457	2377
457	2284
458	1313
458	1794
458	2696
458	2697
458	2410
458	2604
458	2383
458	1679
458	1343
458	2528
459	1089
459	2698
459	1210
459	2203
459	2205
459	1662
459	1807
460	1337
460	2629
460	2263
460	2681
460	2699
460	2700
460	2640
461	1153
461	1777
461	2701
461	2667
461	1753
461	1819
461	1851
462	1022
462	2132
462	1606
462	2702
462	1198
462	1904
463	2705
463	2243
463	2086
463	1590
463	2684
463	2703
463	2704
464	2251
464	1504
465	1921
465	2436
465	2117
465	2444
465	2706
465	2707
465	1591
465	2462
466	1795
466	2534
466	2184
466	2637
466	2708
466	2709
466	2710
466	2711
466	2712
466	1017
467	1318
467	1239
467	2713
467	1658
467	2172
467	1808
468	2497
468	2564
468	1258
468	1389
468	1553
468	2129
468	1011
468	2612
468	1336
469	2714
469	1428
469	2141
470	2715
470	2716
470	1663
471	2717
471	2212
471	2203
471	1773
471	2718
472	2593
472	1161
472	2202
472	2221
472	1456
473	2721
473	1189
473	2601
473	2332
473	2719
473	2720
474	1937
474	2706
474	1159
474	2696
474	2155
475	1923
475	1508
475	1334
475	1276
475	1085
476	1137
476	2722
476	2723
476	2324
476	1162
476	1919
477	2329
477	2052
477	2724
477	1680
478	1105
478	1763
478	2725
478	2651
479	2726
479	2727
479	2001
479	1813
479	1366
479	1783
479	2101
479	2102
479	2202
479	1663
480	1017
480	1914
480	2729
480	2728
481	2185
481	1714
481	2118
481	1512
482	2730
482	2031
482	2487
482	2121
482	1034
482	2588
482	1231
483	2565
483	2342
483	2731
483	2732
483	2733
483	2734
483	1489
483	1942
483	2591
484	2002
484	1144
484	1245
484	1566
484	2735
484	2736
485	2737
485	2738
485	2739
485	2660
485	1460
485	2740
486	2664
486	1259
486	1784
486	2068
486	2741
486	2742
486	2743
486	2744
486	2745
487	1985
487	2054
487	2630
487	2505
487	1745
487	2747
487	2746
487	1915
488	1843
488	2707
488	2748
488	1910
488	1655
488	1564
488	2749
488	2750
489	2469
489	2023
489	2506
489	1872
489	2007
489	2040
489	2553
489	2751
490	2289
490	1138
490	2725
490	2741
490	2535
490	1372
490	2752
491	2753
491	2682
491	2754
491	2535
491	2538
491	1724
491	1023
492	2755
492	2756
492	1896
492	2441
492	1390
492	2582
492	2748
492	2013
493	2757
493	2758
493	2261
493	2759
493	2687
493	2064
494	1222
494	2760
494	2761
494	2665
494	1204
494	1717
494	2463
494	1024
495	2483
495	1397
495	2762
495	2538
495	1644
495	2703
496	2763
496	2332
496	2125
496	2764
497	1315
497	2765
497	2197
497	2346
497	1994
497	2541
497	2766
498	1900
498	1734
498	2696
498	1179
498	2572
498	2767
499	2181
499	2601
499	2221
499	2704
499	1905
499	1750
499	1784
499	2108
500	1025
500	1985
500	1393
500	1554
500	2322
500	2182
500	2768
501	1322
501	1386
501	2668
501	2316
501	2769
501	2674
501	2770
501	2204
501	2368
502	2401
502	1250
502	2771
502	1300
502	2772
502	2249
502	2464
503	2148
503	2773
503	2774
503	1398
503	2240
504	2053
504	2597
504	2775
504	2776
504	2458
504	1308
505	1793
505	1990
505	2599
505	1352
505	2742
505	1597
505	1407
506	2369
506	1155
506	1513
506	1999
506	2515
506	2777
506	2778
506	2779
506	2653
506	2367
507	1681
507	2596
507	2539
507	2350
507	2254
508	2083
508	2698
508	2091
508	2330
508	2523
508	2780
508	2781
508	1566
509	2658
509	2258
509	2782
509	2783
510	2753
510	2498
510	2566
510	1414
510	1958
510	2768
510	1521
510	2610
510	2784
511	2785
511	2708
511	1509
511	1227
511	1851
512	2786
512	2787
512	2788
512	2490
512	2443
513	1245
513	2470
513	2021
514	1802
514	1252
514	1990
515	1987
515	2789
515	2790
515	2791
515	2792
515	1143
515	1977
515	2428
516	2433
516	1604
516	2760
516	1532
516	1358
517	2793
517	2794
517	2795
517	2476
517	2317
517	2796
517	1583
517	2769
518	1682
518	2797
518	2055
518	2391
518	1293
518	2510
519	1668
519	2061
519	2798
519	2799
519	1205
519	1527
519	2780
519	1440
520	1877
520	2022
520	1686
520	1962
520	2731
520	2558
521	2737
521	2246
521	2073
521	2122
521	2654
522	1785
522	2801
522	1977
522	1355
522	2207
522	1023
522	2800
523	1859
523	2757
523	2054
523	2798
523	2802
523	2803
523	2804
523	2805
523	1112
523	2719
523	1984
524	1959
524	2128
524	2514
524	2419
524	1652
524	2738
524	2198
524	1656
524	1472
525	1349
525	2726
525	2806
525	2647
525	2236
526	1345
526	1681
526	1204
526	2807
526	1400
526	2809
526	2808
527	1633
527	1669
527	2810
527	1111
527	2472
527	1978
528	2179
528	1331
528	2547
528	1128
528	2793
528	1754
528	2811
529	1249
529	2626
529	2310
529	1673
529	2442
529	2135
529	2136
529	2812
529	2813
530	1779
530	2244
530	2452
530	2814
530	2539
530	1038
530	2496
531	1241
531	1362
531	1549
532	1617
532	1346
532	1796
532	1271
532	2815
532	2735
532	2816
533	1048
534	2817
534	2818
534	2819
534	2820
534	2821
534	2189
534	1522
534	2259
534	1912
535	1060
535	1444
535	2822
535	2473
535	2356
535	2037
535	2551
535	2810
535	2620
535	1309
536	1058
536	1988
536	2356
536	2214
536	2439
537	2165
537	1640
537	2823
537	2824
537	2825
537	2826
537	1823
538	1677
538	2773
538	2799
538	1272
539	1634
539	1285
539	1722
539	2827
539	2397
539	2447
539	2624
540	2354
540	2067
540	2374
541	2691
541	1480
541	2728
541	2828
541	2765
541	1006
541	2639
541	2577
541	2295
541	2426
541	1436
542	1911
542	2378
542	1755
542	2829
542	2318
543	1601
543	2110
543	2789
543	2830
543	2702
543	1519
543	1454
544	1923
544	2003
544	2629
544	2775
544	1021
544	2831
545	1138
545	2290
545	2406
545	1655
545	2669
545	2832
546	2817
546	2786
546	1254
546	2638
546	1616
546	2833
546	2834
546	2422
546	2232
546	2781
547	1556
547	2835
547	1044
547	2174
548	2836
548	2837
548	2838
548	1260
549	2271
549	2839
549	2840
549	2510
549	2351
550	2625
550	2500
550	2841
550	2282
550	1725
550	2336
551	2627
551	1869
551	1814
551	1808
552	1219
552	1651
552	2823
552	2842
552	2155
552	1839
553	2361
553	2414
553	2663
553	2776
554	1554
554	1139
554	1637
554	2407
554	1899
554	1883
554	1951
555	2171
555	1580
555	2573
555	1006
555	2544
555	2843
555	2844
555	2206
556	2402
556	1124
556	1896
556	1450
556	2109
556	2161
556	2845
556	2846
556	2847
557	2849
557	1026
557	1163
557	1900
557	2605
557	1649
557	2067
557	2611
557	2771
557	2848
558	2850
558	1780
558	2245
558	2247
558	2699
558	1695
559	2851
559	1981
560	2850
560	1817
560	2852
560	1927
560	2393
560	1421
561	2507
561	1227
561	2853
562	1156
562	1509
562	2854
562	1448
562	1481
562	2224
562	2644
562	1495
562	2746
562	2204
562	2429
563	2818
563	2855
563	1928
563	2170
563	2856
563	2719
564	2819
564	2517
564	2183
564	2857
564	1580
564	2304
565	2858
565	1833
565	2186
565	2315
565	2859
565	1550
566	2257
566	2146
566	2802
566	2709
566	2680
566	2860
566	2861
567	2148
567	1437
567	2862
567	2863
568	2291
568	2864
568	2279
568	1176
568	2542
568	2494
569	2865
569	2866
569	2243
569	1180
569	2815
570	2827
570	2302
571	1316
571	1669
571	1350
571	2151
571	1963
571	2867
571	2008
571	2685
572	2868
572	1158
573	2305
573	2087
573	2280
573	1790
573	2384
574	1355
574	2174
574	2470
575	1457
575	1986
575	2869
575	1115
575	2870
575	1579
576	2497
576	2631
576	2056
576	2636
576	1007
576	1842
576	1012
576	1206
576	2871
576	2872
576	2363
576	2333
578	2873
578	2771
578	2208
579	2431
579	1286
579	1624
579	2408
579	2812
579	1662
579	1471
580	2836
580	1746
580	2652
580	2014
581	2277
581	1045
581	2874
581	2267
581	1901
581	2875
582	2658
582	2876
582	2790
582	1319
583	2065
583	1861
583	2247
583	1015
583	2715
583	2877
583	1038
584	2531
584	1284
584	2468
584	2411
584	2812
584	2878
584	2879
585	1177
585	2793
586	1451
586	2837
586	2855
586	2880
587	2881
587	2882
587	2883
587	2027
587	1111
587	2682
587	2235
587	1696
588	2884
588	1561
588	2874
588	2105
588	1341
588	1502
588	2111
589	2209
589	2274
589	2885
589	2886
589	2217
589	2761
589	2059
589	2363
589	2683
589	2398
590	2529
591	2403
591	2887
591	2888
591	1458
591	1395
591	1522
591	2874
591	2430
592	2889
592	2890
592	2891
592	2412
592	2668
592	1969
592	2162
592	1109
593	2892
593	1877
593	2506
593	2490
593	2845
593	1518
594	1650
594	1251
594	1924
594	2041
594	2893
594	1278
595	1809
595	2306
595	1841
595	2894
596	2645
596	2630
596	1051
596	2636
596	1965
596	1374
596	1056
597	1490
597	2324
597	2648
597	2112
598	2895
598	2896
599	2897
599	2578
599	1909
599	1753
599	1870
599	2224
600	1445
600	2798
600	2898
600	2355
600	2548
600	2613
600	2899
600	2777
600	1053
601	2244
601	1578
601	2671
601	2900
601	2550
601	2105
601	1822
601	1567
602	1500
602	1037
603	1062
603	1478
603	2183
603	1005
603	2325
603	1974
603	2901
603	2902
603	2048
604	1203
604	2515
604	1718
604	2903
605	2194
605	2156
605	1452
605	2904
606	2689
606	2596
606	1573
606	1928
606	1321
606	1726
606	1746
606	2803
606	2905
606	2617
606	1758
607	1267
607	2906
607	2907
607	1692
607	1709
608	2818
608	2743
608	2858
609	2903
609	1844
609	2854
609	2268
610	1571
610	1700
610	1297
610	2524
610	1273
610	2908
610	2909
610	2910
610	1600
611	2609
611	1043
611	1701
611	2889
611	2059
611	1854
612	1489
612	1513
612	2390
613	1217
613	2911
613	2912
614	2113
614	1473
614	2913
614	2839
614	2423
614	1433
615	2824
615	1803
615	2092
615	2448
615	2579
615	1268
615	2453
615	2807
616	2873
616	2914
616	2915
616	2357
617	2404
617	1157
617	2916
617	2917
617	2316
617	1646
617	2607
617	2130
617	1235
617	1755
617	1728
618	1171
618	2918
618	2919
618	1961
618	1612
618	2190
619	1922
619	2822
619	2408
619	2920
619	2890
619	1194
619	1521
619	1045
619	1436
620	2921
620	1198
620	1652
620	1110
620	2807
620	1856
620	1979
620	2877
620	2752
621	1747
621	2195
621	2199
621	1480
621	2028
621	1024
622	2922
622	2343
622	2456
623	2027
623	2820
623	1705
623	1818
623	1739
623	2923
624	2305
624	2433
624	1539
624	1605
624	1926
624	1895
624	2000
624	2650
624	1366
624	2392
624	1178
624	2398
625	1137
625	2924
625	2159
626	2377
626	2666
626	2925
626	2344
627	1829
627	2200
627	2905
627	2220
627	2701
627	2926
627	2815
628	2381
628	1656
628	2927
628	2848
629	2865
629	2411
629	2929
629	2928
630	1287
630	1256
630	1452
630	2319
630	2930
630	2931
630	1748
630	2327
631	1978
631	2584
631	1943
631	2440
632	2248
632	2314
632	1164
632	2574
632	1264
632	1809
632	2516
632	2932
632	2582
632	1497
632	2618
632	2048
633	1018
633	2159
633	1916
633	1391
634	2129
634	2848
634	1768
634	1085
634	2142
634	2352
635	2149
635	2860
635	2511
635	2930
635	2420
635	1205
635	2933
635	2934
635	2935
636	2065
636	1849
636	1820
636	2286
636	2223
637	1625
637	1836
637	2936
638	1193
638	2602
638	1332
638	2484
638	2552
638	2937
638	2938
638	2939
639	1036
639	2253
639	1824
639	2906
639	2940
639	1981
639	2622
639	2528
640	2552
640	1274
640	1592
640	2154
640	1884
641	2849
641	2661
641	1326
641	2543
641	1172
641	2869
641	2391
641	2941
642	1511
642	1804
642	1645
642	2895
642	2449
642	1938
642	2609
642	2421
642	2009
642	2877
643	2614
643	2407
643	1690
643	2237
643	2415
644	1234
644	2837
644	2937
644	1628
644	2942
644	1647
645	2729
645	2859
645	2130
645	1685
645	2554
645	1437
645	1214
645	2943
646	1300
646	1736
646	2297
646	1706
646	2187
646	2735
646	1744
647	1714
647	1118
647	2944
647	2632
648	2113
648	2945
648	2278
648	2569
648	2517
648	2297
648	2911
648	1632
649	1953
649	2785
649	2218
649	2893
649	2926
649	2797
649	2766
649	2937
649	1054
650	1672
650	1288
650	1547
650	1292
650	2803
650	2292
650	2070
650	1687
650	2553
650	2556
651	1601
651	2946
651	1635
651	1860
651	2150
651	1673
651	2286
651	2457
652	2850
652	2947
652	2948
652	2932
652	2744
652	2331
652	1727
652	2208
653	1991
653	1211
653	2606
653	2608
653	2930
653	2389
653	1689
653	2555
653	1148
653	1277
653	1756
654	1794
654	2147
654	2501
654	1342
654	1664
655	1338
655	2349
655	2710
656	1892
656	2533
656	2724
656	2916
656	2441
656	1802
656	1804
656	2063
656	1712
656	1759
657	2001
657	2949
657	2950
657	1719
657	2040
657	2951
657	2379
658	1657
658	2613
658	2056
659	2581
659	1013
659	2058
659	1181
659	2894
660	1603
660	1528
660	1946
660	1499
660	2544
661	1411
661	1782
661	2399
662	2114
662	2451
662	1844
662	2292
662	2821
662	2952
662	2430
663	1212
663	1132
663	2953
663	1798
664	2787
664	1732
664	2152
664	1449
664	2175
664	2319
665	1474
665	2274
665	2726
665	2829
665	2928
666	1704
666	1551
666	2720
667	2450
667	2190
667	2318
667	2060
667	2732
668	2675
668	1172
668	2584
668	2954
668	1676
668	2701
668	1855
669	2825
669	1540
669	1257
669	2923
669	2955
670	1828
670	1156
671	2753
671	2595
671	2523
671	1356
671	1947
672	1425
672	1364
672	2438
672	2432
673	1991
673	2956
673	1420
673	2004
673	2325
673	2518
673	2615
673	2676
674	2580
674	2375
674	2957
674	2843
674	2125
674	2942
675	1639
675	2730
675	2813
675	1120
675	2016
676	1298
676	2180
676	2308
676	1526
676	2838
676	2808
676	1929
677	2822
677	1878
677	2809
677	2491
677	1886
678	1265
678	2742
678	2585
678	2587
678	2958
679	2150
679	2733
679	1941
679	2414
680	2252
680	1783
681	1394
681	1128
681	2412
681	2840
681	2096
682	2632
682	2953
682	1674
682	1902
682	2959
682	2960
682	2961
682	2005
682	2233
683	1090
683	2962
683	2963
683	1269
683	1319
683	2922
684	2675
684	2758
684	1786
684	1887
684	1264
685	1186
685	1187
685	2692
685	1831
685	1196
685	2350
685	2645
685	1624
685	2846
686	1729
686	1954
686	2211
686	2820
686	2091
686	2964
686	1371
686	2592
687	1541
687	2261
687	2134
687	1911
687	2502
687	2264
688	2531
688	1611
688	1867
688	1901
688	1101
688	1683
688	2612
688	2677
688	2868
688	2138
688	1212
688	2782
689	1410
689	1970
689	2890
689	2266
689	1581
689	2672
690	2465
690	2965
690	1510
690	2924
690	2861
691	1081
691	2699
692	1377
692	2769
692	1333
692	2966
692	1207
692	2967
692	1567
693	2277
693	2953
693	1994
693	2379
693	1298
693	1971
693	2968
693	2969
693	2431
694	1027
694	1699
694	2536
694	1385
694	2283
694	1678
694	2236
694	1106
694	1938
694	1939
694	2076
694	1661
695	1971
695	2468
695	2949
695	2580
695	2970
695	2589
696	2290
696	1475
696	2918
696	1032
696	2875
696	2381
696	2971
697	2972
697	1463
697	1039
698	2210
698	1829
698	2406
698	2453
698	2973
698	2077
699	1090
699	2275
699	2372
699	2157
699	2832
699	1011
699	2485
699	1142
700	1387
701	1291
701	2878
701	2477
701	2590
701	2974
702	2977
702	1378
702	2952
702	1387
702	2347
702	2800
702	2672
702	2676
702	2975
702	2326
702	2207
702	2976
703	1445
703	2309
703	2298
703	2855
703	2745
703	2794
704	2369
704	1636
704	2191
705	2801
705	1070
706	2500
706	1769
706	2554
706	2044
706	1709
707	2402
707	2380
707	2978
708	2425
708	1464
708	1627
708	2376
709	1443
709	1572
709	1063
709	2536
709	2732
709	1462
709	2486
709	2778
709	1149
709	2335
710	1545
710	1527
710	2703
711	2627
711	1140
711	2979
711	1654
711	2871
711	2974
711	1615
712	2881
712	1339
712	2933
713	2200
713	2898
713	1934
713	2736
714	2449
714	2916
714	1207
714	1770
714	2444
714	1935
715	2513
715	1458
715	2781
715	2762
716	1542
716	1607
716	2698
716	2795
716	2062
716	2386
716	2229
716	2166
716	1818
717	2739
717	1116
717	2980
717	1071
718	1827
718	1012
718	2649
718	2685
718	2415
718	2080
719	2740
719	2981
719	2982
719	2055
719	2299
719	2189
719	2427
720	2346
720	1027
720	1740
720	2983
721	2417
721	1972
721	1542
721	2023
722	2717
722	1864
723	1796
723	1861
723	2984
723	1800
723	2985
723	2702
723	1774
723	1970
723	1619
724	1250
724	2680
724	2651
724	2156
724	1261
724	2478
725	1745
725	1330
725	2337
725	1476
725	2872
725	1913
725	1807
726	2674
726	2663
726	1320
726	2986
726	2763
726	1932
727	2929
727	2987
727	2878
727	2047
728	2593
728	2184
728	1130
728	2988
728	2989
728	2704
728	2940
728	1599
729	2337
729	2774
729	1975
729	2073
729	2348
729	2525
730	1668
730	2950
730	2727
730	2185
730	2671
730	1296
730	1360
730	2416
731	2947
731	1190
731	1735
731	2440
731	2662
731	1754
731	2749
731	1950
732	1790
732	2885
732	2838
732	2767
733	2452
733	2426
733	2907
733	2876
733	2622
733	2990
733	2816
734	2057
735	2050
735	2532
735	2330
735	2585
735	1049
735	2991
736	1825
736	1491
736	2981
736	1311
736	2304
737	1464
737	2835
737	2519
737	2600
737	2265
737	2919
738	1031
738	2475
738	2992
738	1841
738	2993
738	1875
738	1076
738	1406
739	1897
739	2994
739	1014
739	2887
740	1715
740	2957
740	2791
740	2376
741	2973
741	2034
741	2995
741	2806
741	1949
741	2765
741	1888
742	2940
742	2904
743	1265
743	1476
743	1269
743	2996
743	2039
743	2558
744	2833
744	2422
744	2984
744	1868
744	2621
745	2196
745	2072
745	1305
745	1690
745	2972
745	1368
746	2997
746	2918
746	2679
747	2708
747	1285
747	2886
747	1192
747	2394
747	1726
748	2466
748	1487
748	1046
748	1623
748	2711
748	2998
748	2999
748	2238
748	2559
749	2233
749	1125
749	1815
750	1665
750	1314
750	1905
750	1446
750	1274
750	1871
750	2432
751	3000
751	1523
751	1559
751	2024
751	1243
752	2098
752	2783
753	2705
753	1378
753	2933
753	2216
753	1088
754	1105
754	2323
754	2968
754	2921
754	2894
755	1505
755	1186
755	3001
755	2761
755	2988
755	1392
756	2514
756	2691
756	2892
756	2035
756	1260
756	2941
757	1477
757	2892
757	2959
757	1360
757	1906
757	2357
757	2965
757	2966
757	1534
758	2227
758	1524
758	1125
758	2458
758	2557
758	2990
759	1541
759	1481
759	2954
759	2925
759	1344
760	2454
760	1568
760	2941
760	2783
760	2624
761	2945
761	1123
761	2119
761	1880
761	1626
761	1356
761	2936
762	1907
762	1966
762	2923
762	2992
763	2958
763	1515
763	2646
763	2839
764	2471
764	1289
764	1307
764	2764
764	1262
764	1839
765	1173
765	2686
765	1562
765	2829
765	2526
765	2736
766	1347
766	1461
766	1670
766	1514
766	1565
767	2371
767	2364
767	1327
767	2960
768	2338
768	2498
768	2120
768	1224
768	2956
768	2509
768	2834
768	3002
768	2460
768	2749
768	2590
769	2213
769	1430
769	1287
769	2520
769	2842
769	2792
769	1853
770	2081
770	1897
770	2858
770	2706
770	2866
770	1558
770	1183
770	2559
770	1952
771	2081
771	2502
771	1414
771	2012
771	2962
771	2644
771	2809
771	1340
772	1339
772	2158
772	1247
773	2722
773	2964
773	2982
773	1147
773	1403
773	1852
773	1248
774	2388
774	2620
774	2700
774	1944
775	2564
775	2974
775	2871
776	3003
776	1490
776	1555
776	2311
776	2090
776	1803
776	2943
777	1032
777	1993
777	1071
777	2641
777	1683
777	2387
777	2810
777	2487
777	1242
777	2173
777	1887
778	1729
778	1553
778	1619
778	2464
778	2912
779	1418
779	2445
779	2631
779	2826
780	2717
780	2995
780	2009
780	2633
780	1069
780	1646
781	1770
781	2339
781	1826
782	2914
782	2532
782	2919
782	1946
782	2123
783	2003
783	2384
783	1354
783	2512
783	3004
783	1482
783	1386
784	2213
784	1365
784	2167
784	2093
784	2768
785	2694
785	2927
785	2002
785	2770
785	1878
785	3003
785	2975
785	1472
786	2958
786	2959
786	2388
786	1143
786	2008
786	2429
786	3005
786	1536
787	2903
787	3006
787	2524
787	1422
787	1359
787	1456
788	1684
788	2101
788	2966
788	3001
788	2906
788	2970
788	1246
789	2014
789	2985
789	1435
789	1966
789	2575
789	1760
790	1185
790	1160
790	1146
790	1563
790	1629
790	3007
791	2755
791	1348
791	1898
791	2955
791	2540
791	2808
791	2479
791	2228
791	2518
791	1560
791	1821
792	2020
792	2853
792	1767
792	2962
792	2259
792	1817
792	2908
792	2272
793	1361
793	1620
793	2938
793	3004
793	1933
793	3006
793	1295
794	2035
794	1380
794	2773
794	2456
794	1882
794	2669
794	2718
795	1168
795	1573
795	2720
796	2326
796	1161
796	2746
796	1517
796	2399
796	2576
797	2611
797	1574
797	2616
797	2666
797	1820
798	3008
798	1282
798	1738
798	1885
799	1730
799	2345
799	2089
799	2474
799	3005
799	2461
800	1957
800	2951
800	1801
800	2649
800	1590
800	2329
800	2586
800	2110
801	1713
801	2882
801	2737
801	1163
801	1791
802	1091
802	2887
802	2471
802	1771
802	2460
802	2904
803	2145
803	2851
803	1094
803	1708
803	1424
803	2934
803	2998
803	2844
804	2716
804	1054
805	3009
805	3010
805	2756
805	1948
805	2215
805	2679
805	2028
806	2908
806	2102
806	1942
806	2700
806	2845
806	1902
806	1680
807	2901
807	1206
807	2888
807	1273
807	3008
808	3011
808	2788
808	1253
808	2731
808	2989
808	2897
808	1080
808	1370
809	2634
809	2293
809	2392
810	1596
810	2615
810	1184
811	1889
811	2952
811	2100
811	2840
812	2251
812	1357
812	2294
812	2928
813	2650
813	3012
813	1608
814	1026
814	2469
814	3013
814	1975
814	2920
814	3014
814	2976
815	1958
815	2505
815	2665
815	2256
815	2804
815	1301
815	2780
815	1309
816	1634
816	1730
816	2978
816	3011
816	2764
816	2896
816	1047
816	2714
817	2165
817	3015
817	1529
817	2410
817	2779
817	2976
818	2847
818	2856
819	2945
819	2082
819	2387
819	2260
819	2598
819	1883
819	2222
820	1866
820	2755
820	2986
820	2912
821	2467
821	2948
821	2772
821	3016
821	2126
822	1635
822	2489
822	2843
822	2492
822	2750
822	2175
823	1251
823	2659
823	1528
823	2298
823	2300
823	2336
824	2866
824	2118
824	2935
824	2313
824	1067
824	2907
824	2607
825	1697
825	2565
825	2503
825	1324
825	1008
825	1399
825	1498
825	2591
826	1874
826	2107
826	1848
826	1945
826	2074
826	1995
826	1870
827	1906
827	2982
827	1398
827	3017
827	2841
827	2378
828	2149
828	2648
828	1064
828	1608
828	1162
828	1486
828	2770
828	1812
828	1237
828	2550
828	2296
828	2139
828	2844
828	1982
828	2176
829	2307
829	1734
829	2909
829	2542
829	2655
830	2147
830	1029
830	1575
830	1992
830	2567
830	2320
830	1297
830	2642
830	2681
831	2641
831	2525
831	2927
831	2992
832	2977
832	1865
832	3018
832	1230
832	1876
832	1557
832	2069
832	3004
832	2909
832	1888
833	3019
833	1220
833	2879
833	2276
834	2530
834	2084
834	1830
834	2566
834	1150
834	2111
835	1379
835	2597
835	2697
835	2218
835	3020
835	1498
835	1053
836	2738
836	1187
836	2181
836	2709
836	1814
836	2917
836	3021
837	1379
837	1927
837	2792
837	2823
837	1165
837	1170
837	1879
837	1982
837	2784
838	2017
838	1059
838	2643
838	2024
838	1613
838	2238
838	2767
839	2802
839	2980
839	2900
839	2359
839	2891
839	3008
840	2754
840	1074
840	2885
840	2905
840	1114
841	1459
841	1621
841	1625
841	2986
841	2219
842	1585
842	2690
842	1349
842	1543
842	2071
842	1549
843	2355
843	1301
843	1304
843	2684
843	2750
844	2353
844	1396
844	1671
844	3017
844	1338
844	1279
844	2880
845	1890
845	2950
845	2368
845	2733
845	2103
845	2395
845	3007
845	2971
846	1591
846	2935
847	2865
847	2239
848	2367
848	2626
848	1106
848	2716
848	1533
848	2495
849	1873
849	2899
849	1382
849	2791
849	2968
850	1890
850	1797
850	2789
850	2334
850	2157
850	1758
850	2880
851	2117
851	2568
851	2087
851	1463
851	2571
851	2493
851	2351
853	1241
853	1390
854	2868
854	1769
854	2057
854	1151
854	2015
854	2864
855	1331
855	1095
855	1151
855	2284
855	2268
856	2801
856	2434
856	1239
856	2551
856	2317
856	2222
856	1728
857	1281
857	1986
857	2883
857	1429
857	1430
857	2678
857	2712
857	1246
858	2146
858	2133
858	2745
858	2043
858	2094
859	2915
859	2692
859	2947
859	2954
859	1328
859	1232
859	1182
859	2942
860	2427
860	1406
861	1025
861	1670
861	2790
861	3022
861	2416
861	2836
861	2932
861	2520
861	1785
861	2264
862	2373
862	1706
862	1165
862	2547
862	2804
862	2549
862	2294
862	2652
862	1597
863	2961
863	2508
863	2983
863	2743
864	2994
864	2288
864	2447
864	2944
865	2857
865	1068
865	2509
865	2252
865	2511
865	1684
865	1780
865	3001
865	2713
865	1788
866	1073
866	2242
866	2660
867	1779
867	2483
867	1446
867	1127
867	1046
867	2030
867	1007
868	1891
868	2182
868	2825
868	2572
868	2956
868	1423
868	2705
868	2066
868	2004
868	2424
868	2842
869	2946
869	2996
869	1791
870	1569
870	2466
870	1879
870	2153
870	1786
870	2508
870	2688
871	2484
871	2734
872	2898
872	1747
872	2723
872	2038
873	2569
874	1257
874	1707
874	2875
875	2995
875	1715
875	1544
875	1083
875	3006
876	1873
876	2946
876	2577
876	2383
876	1488
877	2979
877	2333
877	1223
878	1586
878	1475
878	3021
878	2029
878	2320
879	1377
879	1972
879	2152
880	2025
880	1468
880	2169
880	1724
881	2788
881	2567
881	1881
881	2762
881	1548
882	1630
882	2760
882	2250
882	1084
882	2989
882	2574
882	3023
883	2853
883	1033
883	1805
883	2993
883	2450
883	1908
883	2967
883	3000
883	2617
884	3013
884	1002
884	2225
884	2353
884	2323
884	2707
884	2166
884	2359
884	1434
884	2462
885	2209
885	1442
885	2913
885	2578
885	2889
886	2754
886	1731
886	2661
886	1129
886	1930
886	2633
886	3017
886	1630
886	1470
887	2980
887	2960
887	1425
887	2963
887	2646
887	2488
887	1593
887	2846
888	2849
888	1474
888	2358
888	2827
888	2540
888	2670
889	1041
889	2972
889	1917
889	2847
890	2693
890	2393
890	3024
890	1261
890	2990
890	2541
891	2049
891	2562
891	2763
891	2143
892	2521
892	2673
892	2862
892	1695
893	2074
893	2127
894	1825
894	2561
894	2563
894	2821
894	2920
894	2921
894	1931
894	1044
894	1976
894	2713
894	2557
894	2686
895	3009
895	1811
895	1636
895	2423
895	1164
895	1213
895	2943
896	2929
896	1124
896	2740
896	2775
897	2196
898	1858
898	1477
898	2575
898	1333
898	1815
898	2583
898	2269
898	2112
899	3025
899	1694
899	3000
899	2382
899	1759
900	2017
900	2787
900	2372
900	2688
900	1979
900	2655
900	1280
901	1954
901	1575
901	2060
901	2639
901	2322
901	2548
901	2459
901	2560
902	3025
902	1093
902	2010
902	2475
902	2623
902	1936
903	2628
903	2678
903	2360
903	1929
903	2603
904	1091
904	2854
904	2695
904	1516
904	1228
904	2797
904	2198
904	1050
904	2267
905	1916
905	1262
905	2998
905	1008
906	1697
906	2403
906	2730
906	1388
906	2752
906	2806
906	1980
906	2814
906	2784
907	1184
907	1412
907	3003
907	2588
907	1696
908	2625
908	2594
908	2310
908	2439
908	2312
908	2537
908	2380
908	3022
908	3023
908	2901
908	2965
908	1402
908	2016
909	2562
909	1173
909	2712
909	1530
909	2589
909	1344
910	1857
910	1775
910	2545
910	1682
910	2485
910	1525
910	2870
910	2816
911	2385
911	2948
911	2501
911	2504
911	2939
911	2864
912	2697
912	1974
912	2949
912	1064
912	2281
912	1805
912	2126
913	2817
913	2481
913	2354
913	2994
913	2891
913	2239
913	2831
914	1761
914	1602
914	3012
914	1350
914	2984
914	1864
914	2863
914	2492
915	2177
915	3026
915	2931
915	2614
915	2957
915	2656
916	2635
916	1589
916	2088
917	2978
917	2724
918	2961
918	2628
918	1399
918	2104
918	2360
919	2883
919	1830
919	1735
919	2759
919	2570
919	2987
919	2711
919	2747
920	1891
920	1653
920	1416
920	2025
920	3019
921	2409
921	2442
921	2491
921	1010
921	2197
921	2902
921	2683
921	1568
922	2834
922	2457
922	2521
922	2862
922	1725
922	2654
922	2640
923	2172
923	1139
923	1638
923	2070
924	2642
924	2291
924	1255
924	2263
924	2103
924	1520
925	2835
925	2463
925	2727
925	2936
925	1039
925	1376
926	2421
926	2281
926	1628
926	2271
926	1679
926	2576
927	2177
927	2881
927	2917
927	1035
927	1202
927	2041
927	1242
927	1308
928	2721
928	2851
928	3007
928	2888
928	2939
928	1116
928	1983
929	2018
929	2826
929	2832
929	3025
929	2931
929	2455
929	2969
929	2394
930	2981
930	2619
930	2811
930	1405
930	1343
931	2049
931	2693
931	2662
931	2863
931	1872
931	2258
931	1332
931	2772
932	2321
932	2813
932	1401
932	2522
932	3021
933	2996
933	2085
933	1323
933	1501
933	2237
934	3014
934	1209
934	1838
934	2796
934	2766
934	1983
935	3011
935	2082
935	2739
935	1587
936	3027
936	1092
936	2741
936	2872
936	1482
936	1931
936	2365
937	1939
937	3027
937	1440
937	2619
937	2796
937	2830
937	2272
938	2882
938	2343
938	3015
938	3005
938	2413
938	2677
938	1789
938	2751
939	2657
939	2856
939	2729
939	3020
939	1484
939	2867
939	2873
939	1855
940	1089
940	2370
940	3028
940	1286
940	2519
940	1592
940	2446
941	2033
941	3002
941	2884
941	2757
942	1505
942	2723
942	1155
942	2970
942	1964
943	1062
943	1543
943	2886
943	3018
943	1835
943	3022
943	2867
943	2776
944	2819
944	2900
944	1920
944	2667
944	1886
944	2158
944	1552
945	2689
945	3009
945	2280
945	1033
945	2910
945	2925
945	1392
945	2226
945	2078
945	2934
945	2231
945	2969
945	2814
946	2785
946	3010
946	1391
946	2983
946	1135
946	1581
946	2127
947	2534
947	1963
947	2876
947	2366
947	2400
948	1765
948	1894
948	2634
948	2478
948	2673
948	2516
948	1211
948	1372
948	2973
949	2914
949	1096
949	1898
949	2289
949	2774
949	1593
949	2300
949	2623
950	3015
950	2955
950	2608
950	2800
950	2964
950	2805
950	2136
950	2042
951	2401
951	2722
951	1639
951	1944
951	2824
951	2782
952	1077
952	2997
952	1223
952	1288
952	2186
952	2573
952	2910
953	1133
953	2799
953	2352
953	2897
953	3026
953	2293
953	2869
953	2999
953	1917
953	1183
954	2417
954	2131
954	2616
954	2362
954	2512
955	2579
955	2759
955	1020
955	1631
955	1451
955	2092
955	1327
956	1473
956	2657
956	1417
956	1289
956	1674
956	2987
956	3019
956	2879
956	2647
956	2303
956	1824
957	2977
957	2951
957	2924
957	1484
957	3020
957	1781
957	2486
957	1213
957	1760
958	2232
959	1201
959	2756
959	2695
959	2794
959	2715
959	3023
960	1057
960	2884
960	1862
960	2255
960	3024
960	2831
960	2164
960	2199
961	2725
961	2758
961	2546
961	1907
961	2420
961	2071
961	1469
961	1279
962	1761
962	1267
962	1317
962	1846
962	2123
962	1136
963	2338
963	2405
963	2988
963	2828
963	1294
963	2527
964	2833
964	2306
964	2600
964	1129
964	1915
964	1996
965	1617
965	2119
965	2744
965	2234
965	2459
965	1340
965	2445
966	2465
966	2690
966	1733
967	1643
968	1121
968	1540
968	1444
968	3012
968	1388
968	2830
968	2479
968	2480
968	2096
968	3028
969	2226
969	2131
969	2786
969	1238
969	2714
969	2095
970	2385
970	2418
970	1534
970	3026
970	2734
970	1052
970	2718
971	2225
971	2075
971	2545
971	2694
972	1314
972	1415
972	2860
972	2093
972	1457
972	3027
972	2997
972	2364
973	1859
973	2120
973	1962
973	2269
973	2944
973	1688
973	2265
973	2971
973	2621
973	2751
973	2080
974	1834
974	1837
974	2586
974	2999
975	1924
975	1956
975	2710
975	2311
975	3028
975	2201
975	2922
976	1539
976	1197
977	2114
977	3010
977	1255
977	3018
978	2019
978	1063
978	1992
978	1930
978	1103
978	2993
978	1943
978	2748
979	2899
979	1268
979	3013
979	2409
979	2778
979	2670
979	2176
980	1282
980	3016
980	1577
980	2188
980	2064
980	1233
980	2902
980	2811
981	2979
981	1795
981	1588
981	1765
982	2116
982	1605
982	2852
982	2841
982	1018
982	2397
982	1150
983	1889
983	2245
983	2201
983	1850
983	2895
984	2777
984	1099
984	1326
984	2687
985	2345
985	1299
985	1559
986	2079
986	2656
986	2859
986	2991
986	3024
987	2099
987	1077
987	2870
987	2599
987	2795
987	2653
988	2938
988	1174
988	2728
988	2602
988	2248
988	1373
988	2991
989	1955
989	2036
989	2270
990	3014
990	3016
990	1555
990	2234
990	2779
990	2010
990	2046
990	2975
990	1947
991	1412
991	2568
991	2967
991	2273
991	1698
991	2721
991	2913
991	2664
991	2857
991	2985
991	1140
991	1076
991	2805
991	2556
991	2493
991	2560
992	3002
992	2915
992	1884
992	1948
993	2852
993	2309
993	1960
993	2507
993	1369
993	2396
993	1629
993	2911
994	1313
994	2963
994	1060
994	2214
994	2747
994	1195
994	1535
995	2499
995	2122
995	2828
995	1104
995	2549
995	1531
995	2366
995	1312
996	1217
996	2068
996	2861
996	1230
996	2446
997	1221
997	1702
997	2373
997	1240
997	1226
997	2893
998	1361
998	1764
998	1574
998	2328
998	1514
998	1980
998	2896
999	1409
999	2370
999	2307
999	2344
999	2926
999	1810
999	2299
999	2334
