1	1001
1	1002
1	1638
1	1375
2	1812
2	1734
2	1494
2	1003
2	1004
2	1325
3	1694
3	1005
3	1006
3	1007
3	1117
4	1009
4	1288
4	1274
4	1736
4	1294
4	1008
5	1909
5	1071
5	1594
5	1775
5	1312
6	1960
6	1738
6	1354
6	1931
6	1870
6	1904
6	1010
6	1011
6	1434
6	1854
7	1123
7	1482
7	1515
7	1298
7	1012
7	1013
7	1014
7	1152
8	1012
8	1015
8	1016
9	1017
9	1577
9	1230
9	1974
10	1811
10	1157
10	1368
10	1257
10	1018
10	1038
11	1830
11	1081
11	1019
11	1167
11	1231
12	1858
12	1558
12	1543
12	1946
12	1020
12	1021
12	1022
13	1025
13	1026
13	1027
13	1891
13	1578
13	1171
13	1877
13	1886
13	1023
13	1024
14	1306
14	1028
15	2018
15	1443
15	1029
15	1030
15	1031
15	2037
16	2028
17	2082
17	1032
17	1033
17	1034
17	1035
17	1036
17	1229
17	1106
17	1364
18	1961
18	1314
18	1925
18	1680
19	1076
19	1445
19	1769
19	1037
19	2031
19	1968
20	1944
20	1038
20	1655
20	1039
21	2033
21	2021
21	2054
21	1530
21	1199
21	1040
22	1041
22	1042
22	1043
22	1318
22	1306
22	1947
23	1380
23	1093
23	1387
23	1044
23	1045
23	1046
23	1589
23	1307
23	1053
24	1129
24	1863
24	1047
24	1048
25	1831
25	1580
25	1110
25	1336
25	1049
25	1050
25	1051
25	1052
26	1794
26	2052
26	1365
26	1881
26	1372
26	1053
26	1054
27	1486
27	1590
27	1055
27	2009
28	1370
28	2013
28	1613
28	1846
29	1057
29	1058
29	1059
29	1060
29	1229
29	1549
29	1527
29	1177
29	1727
29	1056
30	1353
30	1860
30	1061
30	1288
31	1819
31	1710
31	1648
32	1186
32	1187
32	1751
32	1242
32	2078
32	1791
33	1062
33	1063
33	1672
33	1065
33	1064
33	1835
33	1787
33	1823
34	1975
34	1066
34	2027
34	1485
34	1136
35	1220
35	1067
35	1068
35	1069
35	1070
36	1483
36	1071
37	1073
37	1074
37	1075
37	1346
37	1673
37	1103
37	1072
38	1210
38	1565
39	1825
39	1356
39	1365
39	1020
40	1360
40	1265
40	1076
40	1077
40	1078
40	1079
40	1080
40	1081
40	2101
40	1312
41	1775
41	1072
41	1905
41	1939
41	1783
41	1208
41	1082
41	1083
41	1408
42	1084
42	1451
42	1164
42	1085
42	1663
43	1554
43	2092
43	1642
44	1404
44	1976
44	1148
44	1086
44	1087
45	1089
45	1799
45	1882
45	2030
45	1088
46	1090
46	1091
46	1373
46	1400
47	1250
47	1092
47	1248
48	1093
48	1654
48	1726
48	1321
48	1450
48	1678
49	1156
49	1670
49	1096
49	1265
49	1331
49	1363
49	1977
49	1851
49	1948
49	1183
50	1269
50	1094
50	1561
50	1932
50	1965
50	1086
51	1458
51	1253
51	1095
51	1079
51	1193
52	1529
52	1507
52	1533
52	1096
53	1237
53	1415
53	1623
53	1097
53	1098
54	1318
54	1099
54	1100
54	1101
54	1102
54	1170
54	1685
54	1086
55	1105
55	1545
55	1615
55	1435
55	1679
55	1103
55	1104
56	2050
56	1228
56	1106
56	1107
56	1907
56	1557
56	1910
56	1242
56	1628
56	1340
56	1117
56	1883
57	1108
57	1141
57	1109
57	1640
57	1423
58	2037
58	1110
58	1111
58	1206
58	1853
58	2012
58	1805
59	1790
60	1667
60	1112
60	1065
60	1099
60	1113
60	1406
60	1343
61	1401
61	1915
61	1577
61	1114
61	1115
61	1519
62	1116
62	2005
63	1074
63	1246
63	1583
63	1117
63	1118
63	1119
64	1121
64	1122
64	1123
64	1958
64	1016
64	1004
64	1120
65	1124
65	1125
65	1845
65	1447
65	1015
66	1017
66	1452
66	1126
67	1850
67	1127
68	1145
68	1933
68	1119
68	1128
69	1953
69	1129
69	1130
69	1609
69	2057
69	1005
69	1490
69	1267
69	1114
70	1131
70	1132
70	1133
70	1134
70	1135
70	1938
70	1014
70	2103
70	1949
70	1120
71	1061
71	1136
71	1137
71	1138
71	1139
71	1140
71	1524
71	1495
71	1082
71	1978
72	1225
72	1402
72	1686
73	1780
73	1141
73	1142
73	1511
74	1513
74	1444
74	1143
75	1361
75	1578
75	1144
75	1498
75	1470
75	1950
75	1488
76	1146
76	1671
76	1145
76	1514
76	1147
76	1453
77	1570
77	1411
77	1412
77	1261
77	1617
77	1396
77	1148
77	1149
77	1184
78	1926
78	2074
78	1243
78	1100
78	1150
78	1151
79	1153
79	1154
79	1893
79	1816
79	1967
79	1152
80	1153
80	1155
80	1764
80	1478
80	1514
80	1102
80	1550
80	1489
80	1111
80	1339
80	1630
81	1410
81	1156
81	1792
81	1865
81	1712
82	1586
82	1157
82	1158
82	1463
82	1720
82	1310
83	2017
83	1725
83	1827
83	1159
83	1160
83	1161
83	1322
83	1162
83	1072
83	1201
83	1301
83	1911
83	1437
84	1190
84	2025
84	1163
84	1164
84	1165
84	1661
84	1663
84	1056
85	1032
85	2088
85	1739
85	1645
85	1166
85	1167
85	1168
85	1716
85	1979
85	1278
86	1169
86	1170
86	1912
86	1497
86	1245
87	1171
87	1172
87	1173
87	1094
87	1657
88	1830
88	1175
88	1510
88	1174
89	1793
89	1330
89	1411
89	1448
89	1176
89	1711
90	1047
90	1160
90	1098
90	1501
90	2077
91	1646
91	1361
91	1842
91	1496
91	1177
91	1178
91	1179
91	1022
92	1732
92	1803
92	1180
92	1181
92	1854
93	1849
93	1951
93	1097
93	1182
93	1503
94	1030
94	1980
94	1821
94	1183
94	1184
95	1857
95	1172
95	1143
95	1913
95	1322
95	2025
96	1185
96	1490
96	2104
96	1642
97	1186
97	1187
97	1188
97	1189
97	1745
97	1042
97	1374
97	1406
98	1190
98	1191
98	1192
98	1397
98	1114
98	1341
98	1470
98	1952
99	1703
99	1193
99	1194
99	1323
99	1934
99	2032
99	1650
99	1557
99	1238
99	1244
100	1587
100	1662
100	1488
101	1553
101	1828
101	1195
101	1196
101	1502
101	1727
102	1346
102	1128
102	1197
102	1198
102	1455
103	1066
103	1199
103	1566
103	1487
104	1201
104	1200
104	1088
104	1638
104	1758
104	1630
104	1008
105	1681
105	1202
105	1203
105	1204
105	1205
105	1928
105	1424
106	2085
106	1391
106	1552
106	1204
106	1206
106	1207
106	1337
106	1787
106	1468
106	1087
107	1906
107	1208
107	1369
107	1210
107	1483
107	1209
107	1914
108	1506
108	1301
108	1256
108	1690
108	1372
108	1848
109	1573
109	1414
109	1239
109	1209
109	1211
109	1212
109	1213
109	1214
110	1181
110	1824
110	1215
110	1216
111	1332
111	1262
112	1217
112	1041
112	1317
112	1525
112	1981
113	1073
113	1218
113	1219
113	1220
113	1534
113	1536
114	1289
114	1221
114	1222
114	1631
115	1163
115	1859
115	1223
116	1224
116	1672
116	1739
116	1163
116	1484
116	1598
116	1440
117	1225
117	1226
117	1239
118	1610
118	1867
118	1227
118	1868
118	1421
118	1021
118	1853
118	1182
119	1521
119	1796
119	1548
119	1228
120	1320
120	1112
120	1544
121	1041
121	1635
121	1229
121	1384
122	1207
122	1259
122	1197
122	1230
122	1231
123	1473
123	1793
123	1740
123	1232
123	1233
123	1234
123	1235
123	1236
124	1237
124	2038
124	1334
124	1238
124	1239
125	1617
125	2091
125	1832
125	2026
125	1915
125	1304
125	1295
126	1779
126	1623
126	1240
126	1194
126	1227
126	1391
127	1057
127	2011
127	1241
127	1898
127	1195
128	1126
128	1328
128	1138
128	1364
128	1077
128	1206
128	1242
128	1435
128	1180
128	1822
129	1348
129	1547
129	1497
129	1193
129	1243
129	1244
129	1215
130	1249
130	2034
130	1245
131	1124
131	1598
131	1834
131	1359
131	2063
131	1715
131	1875
131	1246
131	1247
132	1059
132	2039
132	1176
132	1449
132	1788
132	1728
133	1249
133	1250
133	1251
133	1508
133	1062
133	1175
133	1849
133	1248
134	1587
134	1108
134	1397
134	1766
134	2005
134	1784
134	1471
135	1889
135	1826
135	1252
135	1707
135	1842
135	1109
135	1654
135	1429
135	1813
135	1146
136	1313
136	1253
136	1254
136	1382
136	1096
136	1232
136	1688
136	1628
136	1439
136	1600
137	1255
137	1879
137	1256
138	1794
138	1669
138	1909
138	1176
138	1405
139	1708
139	2006
139	1982
140	1043
140	1782
140	2087
140	1257
140	1820
140	1101
140	1296
141	1258
141	1548
141	1632
142	1569
142	1959
142	2024
142	1562
142	1259
142	1260
143	1633
143	1665
143	1973
143	1896
143	1261
143	1262
143	1263
144	1186
144	1191
144	1930
144	2094
144	1459
144	1430
144	1398
144	1788
145	1060
145	1460
145	1224
145	1899
145	1264
146	1265
146	1282
146	1555
146	1693
147	1266
147	1357
147	1646
147	1432
148	1449
148	1267
148	1268
148	1543
149	1736
149	1227
149	1100
149	1425
149	2036
149	1269
149	1270
149	1209
150	1838
150	1271
151	1701
151	1366
151	1078
151	1272
151	1273
151	1704
151	1765
152	1274
152	1275
152	1038
152	1712
153	1953
153	1892
153	1702
153	1454
153	1720
153	1626
153	1276
153	1277
153	1440
154	1486
154	1954
154	1278
155	1412
155	1254
155	1319
155	1367
155	1279
156	1281
156	1042
156	1420
156	1280
157	1402
157	1621
157	1522
158	1282
158	1283
158	1284
158	1331
159	1721
159	1789
160	1377
160	1218
160	1409
160	1285
160	1286
160	1287
160	1870
160	1760
161	1240
161	1288
161	1289
161	1290
161	1291
161	1916
162	1216
162	1291
162	1728
163	2020
163	1526
163	1131
163	1104
163	2064
164	1588
164	1222
164	1865
164	1706
164	1292
165	1202
165	2012
165	1293
165	1200
166	1297
166	1067
166	1294
166	1295
166	1296
167	1298
167	1900
167	1445
167	1255
168	1058
168	1097
168	1808
168	1266
168	1299
168	1048
168	1115
168	1023
169	1827
169	1300
169	1541
169	1605
169	1272
169	1289
169	2041
170	1512
170	1482
170	1166
170	1744
170	1426
170	1301
170	1302
170	1303
170	2007
170	1019
171	1044
171	1159
171	1304
171	1305
171	1214
172	1616
172	1713
172	1652
172	1749
172	1306
172	1307
172	1308
172	1309
172	1565
172	1504
173	1908
173	1434
173	1773
173	1887
173	1024
174	1395
174	1528
174	1416
174	2045
174	1310
174	1311
175	1313
175	1607
175	1006
175	2040
175	1338
175	1917
175	1918
175	1312
176	1314
176	1315
176	1316
176	1317
176	1506
176	1036
176	1549
176	1137
176	1652
176	1664
177	1956
177	1318
177	1128
177	1515
177	1279
178	1393
178	1714
178	1983
178	1319
178	1115
178	1948
178	1647
179	1951
179	1848
180	1539
180	1894
180	1320
180	1225
180	1802
180	1228
180	1550
180	1655
180	1498
180	1629
180	1151
180	1280
181	1321
181	2102
181	2047
182	1955
182	1479
182	1322
182	1323
182	1503
182	1136
183	1474
183	1766
183	1174
183	1917
183	1903
184	1025
184	1645
184	1894
184	1919
185	1350
185	1001
185	1324
185	1648
185	1107
185	1843
185	1941
185	2006
185	1243
185	1629
186	1349
186	1237
186	1481
186	1325
186	1743
186	1888
187	1618
187	1005
187	1326
187	1327
188	1217
188	1717
188	1984
189	1985
189	1219
189	1683
189	1461
189	1560
189	1375
189	1328
190	1329
190	1666
190	1330
190	1171
190	1510
190	1822
191	1090
191	1211
192	1330
192	1403
192	1895
193	1331
193	1332
193	1205
193	1333
193	1814
193	1800
193	1952
194	1921
194	1846
194	1334
194	1335
194	1920
194	1676
194	1792
195	1155
195	1956
195	1336
195	1337
195	1049
196	1282
196	1922
196	1604
196	1923
196	1957
196	1307
196	1338
196	1339
196	1340
197	1245
197	1605
197	1924
197	1784
197	1341
197	1342
198	1217
198	1622
198	1207
198	1416
198	1863
198	1675
198	1343
199	1345
199	1284
199	1544
199	1002
199	1851
199	1344
200	1441
200	1346
200	1347
200	1348
200	1601
200	1417
200	1258
200	1138
200	1300
200	1141
200	1914
201	1349
201	1350
201	1733
201	1673
201	1103
201	1332
201	1399
201	1624
202	1448
202	1351
202	1352
202	1786
202	2076
203	1185
203	1427
203	1523
203	1353
203	1354
203	1211
203	1373
204	1079
204	1355
204	2028
204	1431
205	1825
205	1059
205	1925
205	1129
205	1674
205	1356
205	1324
205	1357
205	1358
205	1618
205	2038
205	1783
205	1759
206	1771
206	1359
206	1551
207	1689
207	2100
207	1896
208	1361
208	1963
208	2014
208	1360
209	1362
209	1363
209	1077
209	1621
209	1015
209	1625
210	1062
210	1767
210	2086
210	1487
210	1364
210	1365
210	1366
210	1916
211	1839
211	1413
211	1367
211	1320
211	1545
211	1368
212	1369
212	1370
212	1371
212	1801
213	1372
213	1351
213	1465
213	2058
213	1212
213	1519
214	1396
214	1373
214	1291
214	1837
214	1374
215	1033
215	1290
215	1774
215	1375
215	1376
216	1377
216	1378
216	1379
216	1092
216	1380
216	1475
216	1927
216	1164
216	1517
216	1657
217	1121
217	1026
217	1381
217	1382
217	1191
217	1383
217	1384
217	1076
217	1760
218	1637
218	1223
218	1608
218	1385
218	1386
218	1688
218	1693
219	1620
219	1045
219	1708
219	1160
219	1387
219	1388
219	1166
220	1596
220	1389
220	1575
221	1958
221	1512
221	2089
221	1390
221	1135
221	1232
221	1105
221	1878
221	1911
221	1146
221	1149
222	1393
222	1394
222	2083
222	1508
222	1391
222	1392
223	1297
223	1907
223	1395
223	1567
223	2031
224	1761
224	1396
224	1493
224	1397
224	1398
224	2022
224	1039
225	1324
225	1653
225	1399
225	1692
226	1926
226	1400
226	1401
226	1802
226	1403
226	1402
227	1405
227	1404
227	1677
227	1808
228	1202
228	2018
228	1687
228	1610
228	1406
228	1407
228	1344
229	1409
229	1844
229	1718
229	1408
229	1392
230	1410
230	1411
230	1110
230	1423
230	1872
231	1018
231	1412
231	1413
231	1970
232	1473
232	1491
232	1819
232	1804
232	1133
232	1856
233	1414
233	1003
233	1116
233	1839
233	1776
234	1415
234	1272
234	1353
234	1370
234	1927
234	1644
235	1416
235	1417
235	1418
235	1419
235	1901
235	1653
235	1339
235	1756
235	1376
236	1148
236	1461
236	2983
236	1264
237	1127
237	1080
237	1420
237	1421
237	1262
237	1422
238	1432
238	1308
238	1423
238	1424
239	1425
239	1426
239	1913
239	1082
239	1084
239	1197
240	1427
240	1428
240	1268
240	1791
240	1020
240	1311
241	1429
241	1118
241	1007
241	1768
242	1355
242	1867
242	1430
242	1431
243	1476
243	1066
243	1292
243	1263
243	1432
243	1433
243	1275
243	2080
244	1667
244	1702
244	1275
244	1389
244	1435
244	1494
244	1434
244	1499
244	1436
244	1437
245	1681
245	1395
245	1903
245	1414
245	1835
245	1438
245	1631
246	1828
246	1759
246	1876
246	1290
246	1150
246	1439
247	1960
247	1935
247	1959
247	1440
248	1441
248	1442
248	1450
248	1611
248	1004
248	1750
248	1815
248	1752
249	1250
249	1443
249	1762
249	1961
249	1420
250	1826
250	1444
250	1445
250	1446
250	1671
250	1809
250	1592
250	1241
250	1050
251	1845
251	1447
251	1448
251	1449
251	1806
252	1091
252	1450
252	1387
252	1198
252	1871
253	1184
253	1063
253	1928
253	1451
253	1452
253	1295
253	1785
253	1499
253	1756
253	1757
253	1408
254	1705
254	1260
254	1453
254	1454
254	1455
254	1456
254	1328
254	1300
254	2105
255	1457
255	1458
255	1611
255	1456
256	1833
256	1929
256	2983
256	1705
256	1466
256	1151
256	1392
257	1274
257	1821
257	1088
257	1386
258	1908
258	1309
258	1159
259	1010
259	1459
259	1299
259	1381
259	1575
260	1986
260	1962
260	1460
260	1461
260	1462
260	1333
260	1718
260	1627
260	1882
260	1723
261	1553
261	1464
261	1428
261	1798
261	1479
261	1463
261	1407
262	1730
262	1987
262	1513
262	1421
262	1341
262	1465
262	1466
262	1467
262	1468
262	1469
263	1988
263	1273
263	1470
263	1471
263	1472
264	1473
264	1474
264	1475
264	1476
264	1477
264	1676
264	1150
265	1122
265	1797
265	1478
265	1335
265	1278
265	1216
266	1479
266	1480
266	1481
266	1383
266	1741
266	1101
266	1177
266	1438
267	1482
267	1885
267	2034
268	1665
268	1092
268	1829
268	1158
268	1415
268	1483
268	1389
268	1044
268	1790
269	1009
269	1219
269	1061
269	1337
270	1636
270	1485
270	1484
270	1864
271	1315
271	1556
271	1477
271	1046
271	1192
271	1226
271	1486
272	1602
272	1283
272	1302
272	1385
272	1438
272	1535
273	1026
273	1954
273	1132
273	1037
273	1880
273	1487
273	1296
273	1656
274	1489
274	1634
274	1989
274	1990
274	1255
274	1743
274	1488
275	1382
275	2024
275	1165
275	1807
275	1490
275	1491
275	1492
275	1532
276	2049
276	1493
276	1376
276	1852
276	1840
277	1893
277	1031
277	1035
277	1678
277	1971
277	1269
277	1494
277	1495
277	1496
277	1497
277	1051
277	1052
277	1600
278	1467
278	1763
278	1498
278	1499
278	1500
278	1023
278	1280
279	1187
279	2068
279	1286
279	1401
279	1388
279	1501
280	1666
280	2039
280	2011
280	1820
280	1326
280	1888
281	1969
281	1991
281	1019
281	1805
281	1502
281	1567
281	1344
282	1607
282	2071
282	1050
282	1454
282	1503
282	1504
283	1505
283	1271
283	1559
284	1506
284	1614
284	1552
285	1507
285	1508
285	1509
285	1385
285	1034
285	1612
285	1326
285	1945
286	1603
286	1316
286	1764
286	2019
286	1173
286	1436
286	1591
286	1340
287	1639
287	1309
287	1510
287	1511
288	1137
288	1619
288	1751
288	1512
288	1513
288	1418
288	1871
289	1633
289	1514
289	1515
289	1516
289	1068
289	1517
289	1518
289	1777
290	1425
290	1696
290	1085
290	1502
290	1519
290	1520
291	1521
291	1522
291	1590
291	2007
291	1992
291	1582
292	1185
292	1203
292	1523
292	1524
292	1930
292	1451
293	1409
293	1634
293	1091
293	1525
293	1526
293	1527
293	1304
294	1464
294	2020
294	1285
294	1608
294	1098
294	1327
294	1140
294	1556
294	1528
294	1529
294	1755
294	1789
294	1883
295	1446
295	1713
295	1172
295	1719
295	1400
295	1530
295	1531
295	1532
296	1795
296	1028
296	1580
296	1612
296	1533
296	1679
297	1537
297	1538
297	1829
297	1003
297	1748
297	1534
297	1535
297	1536
298	1574
298	1798
298	1064
298	1018
298	1659
298	1695
299	1539
299	1540
299	1541
299	1542
299	1769
299	1744
299	1813
299	1918
300	1029
300	1543
300	1544
300	1545
300	1546
300	1547
300	1581
300	1777
300	1778
300	1043
300	2066
300	1753
300	1696
301	2046
301	1516
301	1548
301	1726
301	1422
302	1139
302	1862
302	1174
302	1754
302	2043
302	1549
303	1899
303	1677
303	1550
303	1551
303	1552
303	1810
303	1459
303	1013
304	1553
304	1554
304	1347
304	1690
305	1857
305	2023
305	1993
305	1609
305	1837
305	1555
305	1556
305	1595
306	1955
306	1319
306	1931
306	1006
306	1711
306	1557
306	1558
306	1753
306	1466
306	1563
307	1571
307	1352
307	1099
307	1745
307	1266
307	2065
307	1684
307	1559
308	1729
308	1816
308	1576
308	1200
309	1560
309	1030
309	1932
309	1357
309	1308
309	1325
310	1249
310	1236
310	1095
310	1080
310	1561
310	1963
311	1833
311	1083
311	1740
311	1525
312	1697
312	1562
312	1942
313	1093
313	1158
313	1670
313	1484
313	2093
313	1847
313	1564
313	1563
313	1884
314	1377
314	1699
314	1013
314	1130
314	1116
314	1180
314	1565
315	1554
315	1194
315	1643
315	1132
315	1566
315	1567
315	1568
316	1569
316	1467
316	1875
317	1841
317	1570
317	1571
317	1572
317	1858
318	1252
318	1573
318	1574
318	1472
319	1575
319	1576
319	1994
319	1964
319	1613
319	1841
319	1108
319	1920
320	1873
320	1539
320	1706
320	1577
320	1034
320	1579
320	1578
321	1580
321	1581
321	1582
321	1583
321	1359
321	1585
321	1584
321	1742
321	1045
322	1351
322	1001
322	1902
322	1586
322	1587
322	1588
322	1142
322	1691
323	1378
323	1381
323	1606
323	1261
323	1133
323	1933
323	1651
323	1589
323	1590
323	1591
323	1592
323	1685
324	1593
324	1698
324	1143
324	2096
325	1188
325	1417
325	1002
325	1424
325	1594
325	1595
325	1596
325	1437
326	1995
326	1244
326	1597
326	1198
327	1701
327	1770
327	1419
327	1597
327	1946
327	1531
327	1021
327	1598
327	1599
327	1056
328	1600
328	1446
328	1179
328	1710
328	1520
329	2983
330	1601
330	1602
330	1603
330	1937
330	1447
330	1118
330	1120
331	1604
332	1890
332	1475
332	1605
332	1606
332	1287
332	1383
332	1934
332	1776
332	1055
333	1442
333	1426
333	1604
333	1700
333	1714
333	1241
333	1374
334	1608
334	1037
334	1607
334	1192
335	2081
335	1609
335	1610
335	1611
335	1195
335	1612
335	1613
335	1614
335	1615
335	2099
336	1463
336	1113
336	1403
336	2048
336	2015
336	1616
337	1682
337	1011
337	1614
338	1617
338	1530
338	1067
338	1384
339	1027
339	1618
339	1555
339	1619
339	1620
339	1078
339	2009
339	1343
340	1621
340	1847
340	1674
340	1355
340	1213
340	1582
341	1650
341	1526
342	1379
342	1752
342	1658
342	1707
342	1323
342	2029
343	1028
343	1130
343	1804
343	1965
343	1299
343	1493
343	1622
343	1877
344	1153
344	1906
344	1398
344	1623
344	1064
344	1624
344	1691
345	1572
345	1047
345	1625
345	1551
345	1311
346	1505
346	1329
346	1464
346	1737
346	1626
346	1627
347	1628
347	1352
347	1771
347	1516
347	1629
347	1855
348	1571
348	1630
348	1631
348	1632
349	1633
349	1634
349	1507
349	1635
349	1196
349	1069
349	1139
349	1270
349	1430
349	2040
350	1025
350	1635
350	1636
350	1637
351	2033
351	1074
351	1815
351	1369
351	1996
352	1125
352	1638
352	1639
352	1584
352	1109
352	1270
352	1081
352	1500
352	1405
352	1279
353	1641
353	1358
353	1334
353	1640
354	1123
354	1285
354	1161
354	1642
354	1643
354	1465
354	1724
354	1119
355	1505
355	1233
355	1682
355	1810
355	1051
355	1644
356	1579
356	2059
356	1645
356	1646
356	1647
356	1648
356	1649
356	1840
356	1178
356	1564
357	1226
357	1997
357	1650
358	1651
358	2035
358	1625
358	1884
358	1007
359	1668
359	1354
359	1741
359	1070
359	1652
359	1653
359	1500
359	1085
360	1654
360	2055
360	1655
360	1656
360	2016
361	1313
361	1801
361	1546
361	1657
361	1747
361	1779
361	1305
361	1658
361	1659
361	1660
362	1442
362	2035
362	1511
362	1722
362	1661
362	1662
363	1881
363	1546
363	1083
363	1806
363	1663
363	1664
364	1049
364	1666
364	1665
365	1667
365	1668
365	1669
365	1032
365	1260
365	1583
366	1436
367	1234
367	1670
367	1671
368	1738
368	1672
368	1673
368	1674
368	1675
368	1336
369	1731
369	1640
369	1676
369	1677
369	1678
369	1679
369	1817
369	1203
369	1781
369	1593
369	1145
370	1681
370	1682
370	1734
370	1785
370	1998
370	1680
371	1090
371	1683
371	1684
371	1685
371	1686
371	1966
371	1807
372	1763
372	1540
372	2056
372	1773
372	1967
372	1715
372	1687
372	1407
373	1688
373	1689
373	1690
373	1691
373	1742
373	1935
374	1089
374	1012
374	1692
375	1121
375	1864
375	1737
375	1491
375	2069
375	1693
375	1054
375	1823
376	1697
376	1252
376	1966
376	1073
376	1523
376	1694
376	1695
376	1696
377	1698
377	1895
377	1770
377	1660
377	1053
377	2062
377	1999
378	1699
378	1700
378	1495
378	2000
379	1537
379	1599
379	1735
379	1800
380	1235
380	1253
380	1014
380	1701
380	1144
380	1517
380	2061
381	1574
381	1368
381	1968
381	1196
381	1310
381	1680
382	1418
382	1189
382	1702
382	1071
383	1890
383	1619
383	1686
383	1480
383	1213
384	1057
384	1029
384	1703
384	1704
384	1240
385	2098
385	1366
385	1705
385	1706
385	1215
386	1251
386	1709
386	1732
386	1707
386	1388
386	1277
386	1708
387	1797
387	1221
387	1624
387	1084
387	1710
388	1892
388	1162
388	1069
388	1039
388	1711
388	1876
388	1972
388	1208
389	1154
389	2027
389	2008
389	1419
389	1149
389	1712
390	1713
390	1714
390	1715
390	1852
390	2029
390	1342
391	1541
391	2090
391	2095
391	1040
391	1716
391	1717
391	1718
391	1719
391	1528
391	1658
391	1468
391	1885
391	1695
391	2016
392	1126
392	1656
392	1641
392	1720
392	1721
393	1859
393	1477
393	1641
393	1134
393	1872
393	1722
393	2044
393	2013
393	1055
394	1887
394	1717
394	1065
394	1723
394	1724
394	1181
394	1199
395	1969
395	1725
395	1542
395	1165
395	1936
396	1729
396	1730
396	1439
396	1230
396	1937
396	1728
396	1726
396	1727
396	1856
397	1730
397	1765
397	1238
397	1142
397	1659
397	1868
398	1106
398	1731
398	1480
399	1107
399	1156
399	1732
400	1089
400	1157
400	1349
400	1733
400	1734
400	1735
400	1292
400	1746
400	1684
400	1111
401	1131
401	1188
401	1390
401	1736
402	1737
402	1668
402	2053
403	1947
403	1738
403	1739
403	1182
403	1562
403	1168
404	2001
404	1938
404	1566
404	1740
404	1741
404	1742
404	1360
405	1700
405	2030
405	1743
405	1744
405	1745
405	1746
405	1747
405	1046
406	1284
406	1317
406	1509
406	1748
406	1749
406	1750
406	1561
406	1247
407	1362
407	1644
407	1271
408	1921
408	1212
408	1327
408	1276
408	1008
408	1075
408	1751
408	1752
408	1723
408	1596
409	1572
409	1492
409	1302
409	1850
409	1753
409	1754
409	1755
409	1404
409	1247
410	1891
410	1636
410	1757
410	1501
410	1429
410	1462
410	1749
410	1756
410	1725
410	1758
411	1338
411	1259
411	1772
411	2015
412	1060
412	2008
412	1305
412	1759
412	1520
413	1761
413	1762
413	1795
413	1478
413	1286
413	1832
413	1878
413	1760
414	1763
414	1764
414	1860
414	2032
415	1509
415	1765
415	1766
415	1767
415	1321
415	1940
415	1433
415	2073
415	1692
416	1009
416	1843
416	1660
416	1936
417	1457
417	1173
417	1768
418	1441
418	1570
418	1811
418	2022
418	1529
418	1661
418	1152
419	1542
419	1919
420	1769
420	1770
420	1771
420	1035
420	1772
420	1169
420	2002
420	1683
420	1879
420	1632
421	1924
421	1773
421	1774
421	1105
421	1298
421	1522
421	1394
421	1814
421	1052
422	1345
422	1897
422	1775
422	1776
422	1489
422	1104
422	1939
422	1716
422	1754
422	1535
423	1777
423	1778
423	1779
424	1220
424	1812
424	1781
424	1782
424	1780
425	1874
425	1379
425	1783
425	1803
425	1836
426	1620
426	1784
426	1785
426	1786
426	1356
426	1134
426	1855
427	1787
427	1124
427	1533
427	1016
428	1649
428	1767
428	1788
428	1789
428	1790
428	1263
429	1721
429	1949
429	1547
429	1469
430	1793
430	1794
430	1731
430	1889
430	1256
430	1481
430	1297
430	1791
430	1792
431	1204
431	1221
431	1748
431	1750
431	1722
431	1964
431	1664
432	1795
432	1709
432	1573
432	1912
433	1538
433	1796
433	1797
433	1798
433	1799
433	1169
433	1940
433	1303
433	1276
434	1873
434	1588
434	1733
434	1861
434	1333
434	2021
435	1800
435	1801
435	1802
435	1803
435	1886
435	1504
436	1591
437	1314
437	1443
437	1804
437	1805
437	1806
437	1807
437	1902
437	1170
437	1563
437	1054
438	1413
438	1747
438	1780
438	1941
438	1622
438	2067
438	1818
438	1536
439	1458
439	1531
439	1358
440	1809
440	1492
440	1781
440	1524
440	1496
440	1808
441	1810
441	1595
441	1703
441	1704
442	1027
442	1811
442	1589
442	1094
442	1639
442	1831
442	1942
443	2003
443	1812
443	1813
443	1236
444	1433
444	1970
444	1036
444	1048
445	1540
445	1844
445	1222
445	1814
445	1943
445	2072
445	2079
446	1905
446	1189
446	1815
446	1816
446	1453
447	1537
447	1817
447	1651
447	1818
448	1457
448	1218
448	1460
448	2070
449	1538
449	1175
449	1819
449	1820
449	1821
449	1568
450	1281
450	1861
450	1095
450	1224
450	1869
450	1782
450	1367
450	1689
451	1593
452	2084
452	2036
452	1822
452	1823
452	1824
453	1825
453	1378
453	1827
453	1826
453	1828
453	1829
453	1957
453	1564
454	1010
454	1830
454	1342
454	1277
454	1214
455	1235
455	1757
455	2014
455	1831
456	1809
456	2026
456	1452
456	1832
457	1761
457	1833
458	1834
458	1962
458	1135
459	1834
459	2051
459	1485
459	1471
460	1122
460	1223
460	1897
460	1835
460	1836
460	1649
460	1363
460	1559
460	1178
460	1597
460	1024
461	2097
461	1786
461	1837
462	1579
462	1518
462	1838
462	1839
462	1841
462	1840
462	1267
462	1428
462	1971
463	1842
463	1843
463	1844
463	1637
463	1874
463	1675
463	1824
464	1410
464	1155
464	1011
464	1845
464	1772
464	1294
465	1729
465	1476
465	1796
465	1258
465	1898
465	1518
465	1231
465	1616
465	1362
465	1972
465	1846
465	1847
465	1532
465	1534
466	1762
466	1427
466	1848
467	1201
467	1273
467	1850
467	1849
467	1866
467	2042
468	1602
468	2019
468	1058
468	1944
468	1179
469	1233
469	1022
469	1350
469	1818
470	1154
470	1851
470	1852
470	1303
471	1599
471	1699
471	1147
472	1251
472	1929
472	1950
472	1268
472	1205
472	1335
472	1853
472	1662
473	1854
473	1855
473	1456
474	1569
474	1348
474	1127
474	1560
474	1880
474	1455
474	1856
475	1857
475	1594
475	1167
475	1904
476	1858
476	1859
476	1380
476	1860
476	1861
476	2010
476	1293
477	1758
477	1862
478	1161
479	1601
479	1592
479	1863
479	1864
479	1287
480	1444
480	1910
480	1865
480	1866
480	1838
480	1647
481	1867
481	1868
481	1869
481	1390
481	1774
481	1558
481	1017
481	1248
482	1870
482	1871
482	1872
483	1873
483	1874
483	1315
483	1527
483	1755
483	1581
483	1615
484	2017
484	1875
484	1876
484	1033
484	1246
485	1347
485	1125
485	1257
485	1162
485	1234
485	1877
485	1469
485	1087
486	1586
486	1973
486	1878
486	1879
486	1880
487	1345
487	1603
487	1884
487	1264
487	1746
487	1112
487	1881
487	1882
487	1371
487	1724
487	1885
487	1883
488	1281
488	1697
488	1606
488	1799
488	1901
488	1422
488	1719
488	1144
488	1888
488	1886
488	1887
488	1568
489	1889
489	1890
489	1316
489	1254
489	1386
489	1070
489	1040
489	1399
489	1147
490	1210
490	1891
490	1576
491	1922
491	1031
491	2010
491	1584
491	1168
492	1778
492	1462
492	1943
492	1817
492	1643
493	1892
493	1669
493	1893
493	2060
493	1709
493	1329
493	1393
493	1140
493	1945
494	1474
494	1894
494	1895
494	1768
494	1836
494	1293
494	1900
494	1521
494	1585
494	1113
494	1626
494	1183
494	1472
495	1190
495	1862
495	1896
495	1897
495	1898
496	1698
496	2023
496	1899
496	1900
496	1901
496	1585
496	1394
496	1075
496	2004
497	2075
497	1902
498	1923
498	1694
498	1068
498	1102
498	1903
499	1735
499	1866
499	1371
499	1904
499	1905
499	1906
499	1687
499	1431
499	1627
500	1283
500	1907
500	1908
500	1063
500	1869
501	1955
501	2808
501	2106
501	2460
501	2812
501	2192
502	2340
502	2859
502	2802
502	2260
502	2107
502	2108
502	2397
502	2943
503	1988
503	2887
503	2744
503	2970
503	2109
503	2846
504	2432
504	2041
504	2060
504	2110
504	2111
504	2112
505	2113
505	2054
505	1911
505	2896
505	2428
505	2064
506	2114
506	2115
506	2116
506	2339
506	2296
506	2682
506	2749
506	2271
507	2338
507	2117
507	2118
507	2119
507	2917
507	2474
507	2620
507	2240
508	2918
508	2120
508	2121
508	2185
508	2668
508	2319
508	2512
508	2551
509	2005
509	2006
509	2341
509	2122
509	2123
509	2124
509	2042
510	2004
510	2125
510	2126
510	2127
510	2653
511	2403
511	2691
511	2637
511	2544
511	2129
511	2130
511	2418
511	2228
511	2128
512	2441
512	2946
512	2855
512	2872
513	2337
513	2769
513	2131
513	2132
513	2133
513	2444
513	2701
514	2321
514	2134
514	2064
515	2212
515	2135
515	2552
515	2699
515	2736
516	1958
516	2136
516	2137
516	2811
516	2796
516	2910
516	2847
517	2139
517	2280
517	2952
517	2702
517	2932
517	2231
517	2138
517	2683
517	2140
518	2984
518	2310
518	2007
518	2960
519	2151
519	2954
519	2813
519	2895
519	2141
520	2227
520	2142
520	2505
520	2542
520	2143
521	2043
521	2981
521	2246
521	2195
522	2145
522	2146
522	2900
522	2668
522	2144
523	2367
523	2147
523	2148
523	2386
523	2482
523	2548
523	2235
523	2879
524	2562
524	2149
524	2075
524	2812
524	2301
525	2085
525	2216
525	2299
525	2829
525	2808
525	2521
525	2490
525	2523
525	2911
526	2770
526	2882
526	2406
526	2150
526	2151
526	2153
526	2152
527	2984
528	2041
528	2154
529	1954
529	2262
529	2215
529	2376
529	2473
529	1919
530	2326
530	2679
530	2155
530	2156
530	2494
531	2595
531	2692
531	1995
531	2157
531	2158
531	2159
531	2160
531	2161
531	2683
532	2184
532	2061
532	2162
532	2163
532	2164
532	2165
532	2868
532	2584
532	2106
533	2532
533	2762
533	2055
533	2122
533	2908
533	2478
534	2166
534	2167
534	2008
534	2168
534	2823
534	2144
535	2169
535	2609
536	2387
536	2556
536	2009
536	2170
536	2171
536	2172
537	2177
537	2342
537	2488
537	2173
537	2174
537	2175
537	2176
538	2178
538	2895
538	2233
538	2254
538	2063
539	2675
539	2684
539	2453
540	2179
540	2180
540	2181
540	2182
540	2183
540	2244
540	2342
540	2454
540	2648
540	2810
541	2234
541	2139
541	2229
541	2184
542	2600
542	2823
542	2663
542	2906
542	2635
543	2593
543	2185
543	2186
543	2348
543	2764
543	2065
543	2359
543	2528
544	2632
544	2809
544	2557
544	2286
544	2559
545	2179
545	2187
545	2188
545	2189
545	2190
545	2191
545	2863
545	2290
545	2395
546	2241
546	2066
546	2773
546	2763
546	2192
547	2193
547	2194
547	2627
547	2394
547	1979
547	2684
547	2717
548	2402
548	2283
548	2509
548	2067
548	2195
548	2870
548	2488
548	2073
549	2706
549	2483
549	2140
549	2196
550	2197
550	2198
550	2199
550	2969
550	2592
551	2817
551	2566
551	2154
551	2251
551	2959
551	2833
551	2142
551	2200
551	2874
551	2044
551	2046
552	2001
552	2226
552	2604
553	2201
553	2935
554	2202
554	2203
554	2621
554	2559
555	2629
555	2150
555	2345
555	2767
555	2610
555	2486
555	2875
555	2204
556	2329
556	2973
556	2205
556	2206
556	2287
557	2209
557	2210
557	2211
557	2343
557	2876
557	2207
557	2208
558	2819
558	2212
558	2213
558	2214
558	2824
559	2058
559	2068
559	2215
560	2785
560	2316
561	2146
561	2086
561	2887
561	2312
561	2217
561	2216
561	2572
561	2618
562	2968
562	2218
562	2219
562	2220
562	2221
563	2087
563	2350
563	2222
563	2223
563	2225
563	2224
563	2420
563	2836
563	2710
563	2616
564	2226
564	2227
564	2069
564	2118
564	2504
565	2291
565	2228
565	2229
565	2378
565	2970
565	2078
566	2921
566	2123
566	2380
566	2411
567	2723
567	1956
567	2548
567	2230
567	2505
567	2157
567	2447
568	2948
568	2857
568	2573
568	2448
568	2097
568	2747
568	2781
568	2719
569	2888
569	2247
569	2231
569	2736
570	2435
570	2278
570	2711
570	2232
570	2715
571	2070
571	2774
571	2233
571	2234
571	2571
571	2892
571	2718
572	2537
572	2655
572	2797
572	2237
572	2388
572	2235
572	2236
572	2429
572	2238
572	2239
573	2241
573	2454
573	2071
573	2601
573	2907
573	2240
574	2977
574	2242
574	2243
574	2704
575	2899
575	2948
575	1926
575	1942
575	2071
575	2752
576	2882
576	2244
576	2245
576	2788
576	2955
576	2927
576	2673
576	2162
576	2898
576	2585
576	2170
577	2529
577	2246
577	2247
577	2248
577	2249
577	2266
577	2045
578	2209
578	2563
578	2249
578	2250
578	2193
578	2420
578	2263
578	2267
579	2049
579	2804
579	2630
579	2358
579	2251
579	2940
579	2095
580	2456
581	1953
581	2859
581	2252
581	2253
582	2210
582	2254
582	2375
583	2470
583	2599
583	2759
583	1993
583	2953
583	2891
583	2321
583	1972
583	2423
583	2046
584	2150
584	2255
585	2670
585	2589
585	2622
585	2256
586	2257
586	2274
586	2147
586	2258
586	2652
587	2809
587	2730
587	2259
587	2455
588	2260
588	2261
588	2318
588	2288
589	2345
589	2180
589	2262
589	2263
589	2264
589	2265
589	2236
590	2911
590	2598
590	2681
590	2173
590	1983
590	2496
591	2347
592	2642
592	1924
592	2277
592	2485
592	2266
592	2958
592	2624
593	2722
593	2608
593	2327
593	2520
593	2267
593	2158
593	1968
594	2269
594	2268
594	2501
595	2273
595	2317
595	2128
595	2462
595	2202
595	1916
595	2270
595	2271
595	2272
596	2274
596	2275
596	2276
596	2277
596	2370
596	2586
596	2227
596	2679
596	2138
597	2545
597	2820
597	2278
597	2279
597	2072
597	2870
598	2834
598	2195
598	1991
598	2208
599	2115
599	2215
599	2280
599	2281
599	2282
599	2090
599	2760
599	2733
599	2765
599	2775
600	2283
600	2284
600	2285
600	2636
601	2289
601	2458
601	2187
601	2207
601	2286
601	2287
601	2288
602	2821
602	2662
602	2310
602	2470
602	2290
602	2964
602	2805
602	2680
602	1945
603	2291
603	2534
603	2953
603	2537
603	2955
603	2492
604	2292
604	2949
604	2293
604	2216
604	2733
604	2958
605	2956
605	2294
605	2198
606	2842
606	2421
607	2822
607	2472
607	2846
607	2295
607	2296
607	2297
607	2298
607	2299
607	2300
607	2334
608	2400
608	2877
608	2301
608	2302
608	2303
608	1984
609	2305
609	2355
609	2304
610	2010
610	2978
610	2644
610	2306
611	2282
611	2307
611	2308
611	2309
612	2908
612	2310
612	2311
612	2902
612	2585
612	2076
612	2047
613	2174
613	2278
614	2100
614	2646
614	2233
614	2634
614	2829
615	2985
616	2137
616	2483
616	2792
617	2739
617	2133
617	2312
617	2218
617	1912
618	2313
618	2456
618	2217
618	2363
618	2543
619	2217
619	2314
619	2315
619	2924
620	2721
620	2461
620	2316
620	2317
620	2430
620	2544
621	2318
621	2791
621	2319
622	2737
622	2530
622	2322
622	2758
622	2777
622	2414
622	2048
623	1986
623	2117
623	2841
623	2685
623	1936
624	2433
624	2760
624	2604
624	2320
624	2611
624	2073
624	2878
624	2112
625	1921
625	2321
625	2322
625	2323
625	2324
625	1994
625	2320
626	2049
626	2852
626	2792
626	1998
626	2831
626	2416
626	2515
626	2325
626	2326
626	2135
626	2327
627	2440
627	2183
627	2920
627	2328
627	2959
628	2705
628	2930
628	2581
628	2439
628	2408
628	2329
628	2459
629	2552
629	2649
629	2074
629	2906
629	2365
630	2755
630	2408
630	2331
630	2262
630	2330
630	2075
630	2332
630	2333
630	2848
631	2114
631	2943
631	2364
631	2157
631	2334
631	2127
631	2335
632	2337
632	2677
632	2693
632	2011
632	2844
632	2605
632	2336
633	2699
633	2528
634	2050
634	2978
634	2516
634	2813
634	2252
634	2413
634	2768
635	2298
635	2522
635	2338
636	2339
636	2628
636	2453
636	2795
636	2427
637	2340
637	2314
637	2538
637	2252
637	2893
637	2900
637	2390
637	2710
637	2012
637	2109
637	2654
637	2720
638	2897
638	2341
638	2342
638	2343
638	2344
638	2501
638	1979
639	2345
639	2346
639	2385
640	2753
640	2564
640	2793
640	2218
640	1997
640	2734
640	2965
640	2295
640	2842
641	2257
641	2347
642	2794
642	2051
642	2348
642	2527
643	2807
643	2222
643	2793
643	2349
643	2350
643	2398
644	2351
644	2583
644	2352
645	2353
645	2354
645	2485
645	2457
645	2348
645	2745
646	1985
646	2347
646	2671
646	2640
646	2099
646	2355
646	2356
646	2134
646	2136
646	2368
647	2444
648	2866
648	2084
648	2357
648	2344
648	2491
649	2740
649	2358
649	2480
650	2325
650	2359
650	2360
650	2361
650	2365
650	2077
651	2771
651	1991
651	2362
651	2669
651	2239
652	2182
652	2104
652	2666
652	2363
652	2364
652	2925
653	2933
653	2074
653	2365
653	2366
654	1974
654	2367
655	2643
655	2645
655	2368
655	2379
655	2524
655	2459
656	2369
656	2326
656	2076
656	2986
656	2700
657	2370
657	2194
657	2724
657	2295
657	1949
658	2371
658	2355
658	2764
658	2732
658	2495
659	2947
659	2372
659	2373
659	2662
659	2763
659	2219
659	2641
659	2141
659	2880
660	2374
660	2502
661	2626
661	2178
661	2375
661	2538
661	2639
661	2934
661	2713
661	2400
662	2242
662	2372
662	2376
662	2409
662	2588
662	2672
663	2377
663	2128
663	2224
663	2800
663	2451
663	2579
663	2709
663	2300
663	2590
664	2561
664	2323
664	2378
664	2379
664	2380
664	1984
665	2383
665	2549
665	2266
665	2381
665	2382
665	2415
666	2385
666	1943
666	2664
666	2714
666	2077
666	2384
667	2052
667	2600
667	2832
667	2386
667	2387
667	2388
667	2389
667	2422
667	2937
667	2395
667	2748
668	2259
668	2390
668	2391
668	2392
668	2397
668	2107
668	2972
668	2685
668	2589
669	2401
669	2697
669	2889
669	2477
669	2607
669	2834
669	2963
669	2393
669	2971
669	2013
669	2399
670	2856
670	2479
670	2096
670	2288
670	2486
670	2394
670	2395
670	2396
671	2702
671	2487
671	2478
672	2307
672	2174
672	2397
672	2398
672	2399
673	2401
673	2161
673	2865
673	2166
673	2400
674	2922
674	2402
674	2403
674	2820
674	2664
674	2457
674	2330
675	2404
675	2405
675	2712
676	2504
676	2406
676	2407
676	2344
676	2778
676	2493
676	2317
677	2408
677	2409
677	2410
677	2635
677	2078
678	2124
678	2188
678	2110
679	2491
679	2484
679	2411
679	2412
679	2606
680	2947
680	2582
680	2394
680	2413
680	2304
681	2565
681	2536
681	2425
681	2412
681	2414
681	2415
682	2417
682	2416
683	2961
683	1938
683	2143
684	2418
684	2419
684	2564
684	2406
684	2360
684	2601
684	2045
685	2981
685	2420
685	2909
685	2431
686	2933
686	2421
686	2503
686	2422
686	2549
687	2180
687	2423
687	2424
687	2202
687	2014
688	2425
688	2426
688	2738
689	2883
689	2118
689	2686
689	2475
689	2798
689	2160
689	2427
689	2750
689	2912
690	2694
690	2151
690	2428
690	2349
690	2015
691	2417
691	2513
691	2309
691	2214
691	2518
691	2975
692	2717
692	2515
692	2567
692	2429
692	2237
692	2430
693	2292
693	1989
693	2926
693	2584
693	2780
693	1950
694	2913
694	2291
694	2463
694	2079
694	2431
695	2433
695	2242
695	2434
695	2468
695	2568
695	2353
695	2706
695	2612
695	2519
695	2360
695	1978
695	2432
696	2435
696	2436
696	2437
696	2678
696	2507
696	2493
697	2093
697	2438
697	2839
697	2381
698	2598
698	1959
698	2568
698	2293
698	2199
698	2330
698	1946
698	2910
699	2439
699	2125
699	2414
699	2000
699	2930
699	2167
699	2944
699	2080
700	2753
700	2693
700	2873
700	1964
700	2201
701	2245
701	2440
701	2441
701	2442
701	2443
701	2506
701	2602
701	2324
701	2650
702	2673
702	2444
702	2445
702	2446
703	2893
703	2447
703	2448
703	2674
703	2613
703	2555
703	2302
703	2751
704	2449
704	2450
704	2053
704	2982
704	2617
704	1966
705	2451
705	2068
705	2452
705	2611
705	2158
706	2453
706	2454
706	2455
706	2480
707	2369
707	2213
707	2053
707	2806
707	2456
707	2457
707	2926
708	2529
708	2657
708	2977
708	2268
708	2131
708	2774
708	1975
708	2458
708	2459
708	2460
709	2741
709	2853
709	2535
709	2461
709	2462
709	2016
710	2465
710	2114
710	2466
710	2375
710	2463
710	2464
711	2467
711	2230
711	2152
711	2522
711	2588
711	2413
711	2748
712	2468
712	2469
712	2936
712	2442
712	2111
712	2256
713	2470
713	2471
713	2472
713	2473
713	2238
714	2499
714	2614
714	2886
714	2872
714	2474
714	2475
714	2476
715	2275
715	2740
715	2261
715	2982
715	2508
715	2477
715	2384
716	2660
716	2407
716	2665
716	2478
716	2479
716	2480
716	2481
716	1977
716	2363
717	2482
717	2483
717	2237
717	2962
718	2339
718	1990
718	2314
718	2830
718	2510
718	2484
718	2840
718	2490
719	2533
719	2518
719	2471
720	2273
720	2083
720	2563
720	1973
720	2485
720	2935
720	2574
721	2145
721	2795
721	1961
721	2602
721	1915
721	2429
722	2962
722	2804
722	2486
722	1994
722	2283
722	2270
722	2527
723	2644
723	2725
723	2980
723	2487
723	1963
723	2188
723	2719
724	2786
724	2695
724	2488
724	2169
724	2560
725	2489
725	1935
725	2296
726	2628
726	2181
726	2811
726	2777
726	2490
726	2491
726	2492
727	2666
727	2434
727	2171
728	2405
728	2614
728	2122
728	2603
728	2094
729	2625
729	2275
729	2155
729	2352
729	2903
729	2493
729	2941
729	2494
730	2770
730	2276
730	2532
730	2903
730	2495
731	2401
731	2082
731	2379
731	2827
731	2189
731	2639
731	2928
731	2356
731	2424
731	2107
731	2718
732	2729
732	2622
732	2831
732	2112
733	2497
733	2498
733	1983
733	2182
733	2896
733	2351
733	2496
734	2017
734	2595
734	2603
734	2860
734	2446
734	2610
734	2550
734	2969
734	2746
734	2587
735	2081
735	2499
735	2500
735	2692
735	2297
735	2909
735	1918
736	2986
737	2018
737	2979
737	2501
737	2502
737	2503
737	2451
737	2839
737	2204
737	2751
738	2686
738	2504
738	2505
738	2506
738	2573
738	2398
739	1985
739	2370
739	2250
739	2507
739	2508
739	2618
740	2509
740	2510
740	2511
741	2711
741	2056
741	2698
741	2923
741	2894
741	2159
741	2512
742	2513
742	2514
742	2857
742	2422
743	2515
743	2516
743	2517
743	2944
744	2694
744	2407
744	2381
744	2286
744	2001
744	2965
744	2518
744	2519
744	2583
745	2113
745	2509
745	2638
745	2520
746	2290
746	2860
746	2452
746	2521
746	2522
746	2044
747	2523
747	2507
747	2524
747	2525
747	2526
748	2818
748	1988
748	2630
748	2361
748	2527
749	2650
749	2781
749	2474
749	2443
749	2285
749	2656
749	2528
750	2597
750	2430
750	2144
751	2529
751	2530
751	1913
751	2476
751	1998
752	2177
752	2594
752	2531
752	2790
752	2871
752	2328
752	2654
753	2138
753	2579
753	1999
753	2082
754	1922
754	1996
755	2963
755	2532
755	2533
755	2196
755	2426
756	2535
756	2534
756	2919
757	2098
757	2755
757	2727
757	2536
757	2396
758	2940
758	2901
758	2120
758	2537
758	2538
758	2539
758	2284
759	2561
759	2531
759	2540
759	1932
759	2542
759	2541
759	2543
759	2861
759	2200
759	1977
759	2205
759	2878
760	2545
760	2546
760	2725
760	2919
760	2410
760	2544
761	2658
761	2547
761	2905
761	2617
761	2254
761	2384
762	2418
762	2115
762	2675
762	2548
762	2207
763	2549
763	2550
763	2551
763	2089
763	2346
763	2558
763	2432
764	2113
764	2145
764	2552
764	2123
764	2445
764	2255
765	2636
765	2172
765	2054
765	2447
766	2553
766	2554
766	2223
767	2727
767	2555
767	2556
767	2557
767	2558
768	2083
768	2931
768	2796
768	2238
768	2559
768	2560
769	2561
769	2539
769	2084
769	2088
770	2562
770	2563
770	2564
770	2565
770	2566
770	2663
770	2791
770	2703
770	2973
771	2851
771	2567
771	2568
771	2569
771	2731
771	2160
772	2884
772	2825
772	2570
772	2091
772	2923
772	1940
772	2070
772	2264
773	2274
773	2571
773	2540
773	2858
774	2161
774	2226
774	2574
774	2914
774	2572
774	2573
774	2366
775	2367
775	2625
775	2003
775	2166
775	2153
775	2619
775	2575
776	2085
776	2126
776	2934
776	2191
776	2766
776	2799
777	2577
777	2786
777	2576
777	2720
778	2433
778	2248
778	2968
778	2816
779	2690
779	2578
779	2582
779	2249
779	2208
780	2257
780	2931
780	2270
780	2701
780	2382
780	2703
781	2580
781	1947
781	2579
781	2359
782	2881
782	2594
782	2019
782	2086
782	2087
782	1971
782	2581
782	2582
782	2425
783	2546
783	2435
783	2707
783	2949
783	2583
783	2220
783	2335
784	2754
784	2821
784	2584
784	2585
784	2858
784	2328
785	2562
785	2163
785	2020
785	2169
785	2586
786	2308
786	2629
786	2854
786	2572
786	2253
786	2476
786	1933
786	2587
786	2556
786	2141
787	2876
787	2116
787	2502
787	2411
787	2385
787	2164
787	2778
787	2843
787	2588
787	1982
788	2817
788	2402
788	2336
788	2186
788	2957
788	2424
788	2589
788	2590
788	2591
788	2335
789	2481
789	2555
790	2593
790	2690
790	2851
790	2726
790	2222
790	2768
790	2521
790	2592
791	2594
791	1987
791	2749
792	2466
792	2595
792	2596
792	2805
792	2904
792	2526
792	2576
793	2194
793	2645
793	2918
794	2597
794	1982
795	2361
795	2598
795	1944
795	2313
795	1914
796	2599
796	2536
796	2889
796	2634
796	2000
797	2601
797	2565
797	2600
798	2756
798	2119
798	2602
798	2603
798	2700
798	2798
798	2319
798	2873
798	2331
799	2484
799	2874
799	2604
799	2605
799	2606
799	2607
799	2608
800	1957
800	2315
800	2767
800	2609
800	2610
800	2611
800	2612
800	1952
801	2197
801	2950
801	2695
801	2613
801	2409
802	2147
802	2292
802	2614
802	2615
803	2219
803	2782
803	2616
804	2617
804	2618
804	2619
804	2862
804	2575
805	2021
805	2616
805	2623
805	2620
805	2525
805	2622
805	2621
806	2625
806	1927
806	2824
806	2441
806	2458
806	2624
806	2256
807	2626
807	2627
807	2148
807	2605
807	2557
808	2354
808	2738
808	2628
808	2088
808	2682
808	2206
809	2243
809	2629
809	2630
809	2938
809	2928
810	2289
810	2741
810	2631
810	2632
810	2633
811	2514
811	2840
811	2634
811	2109
811	2048
812	2853
812	2951
812	2635
812	2636
812	2637
812	2638
812	2003
812	2843
812	2592
813	2964
813	2869
813	2639
813	2373
814	2641
814	2103
814	2523
814	2255
814	2640
815	2642
815	2547
815	2814
815	2204
815	2734
816	2250
816	2190
816	2396
816	2228
816	2261
816	2423
816	2460
816	2111
817	2856
817	2089
817	2609
817	2643
817	2644
817	2645
817	2390
817	2263
818	2311
818	2446
818	2607
818	1969
818	1941
818	2646
818	2647
818	2648
819	2849
819	1923
819	2340
819	2055
819	2224
819	2869
819	2047
819	2649
819	2650
819	2651
819	2652
819	2623
820	2938
820	2404
820	2327
821	2469
821	2198
821	2391
821	2232
821	2653
821	2654
822	2550
822	2121
822	2656
822	2655
822	2560
823	2657
823	2658
823	2659
824	2660
824	2661
824	2471
825	2129
825	2244
825	2797
825	2662
825	2663
825	2525
826	2665
826	1986
826	2637
826	2664
827	2883
827	2915
827	2119
827	1960
827	2666
827	2510
827	2002
827	1909
827	2742
827	2137
827	2302
828	1951
828	2105
828	2170
828	2667
828	2349
828	2079
829	2465
829	2913
829	2500
829	2200
829	2687
829	2936
830	2307
830	1967
830	2383
831	2721
831	2787
831	2378
831	2506
831	2668
831	2669
831	2265
831	2043
831	2845
832	2580
832	2126
832	2294
832	2168
832	2670
832	2671
833	2022
833	2941
833	1962
833	2316
833	2285
834	2129
834	2388
834	2677
834	2516
834	2728
834	2672
835	2181
835	2405
835	2149
835	2154
835	2508
835	2766
835	2673
835	2674
835	1975
835	2651
836	2850
836	2675
836	2676
836	2391
836	2350
836	2240
837	2619
837	2677
837	2120
837	1993
837	2667
837	2576
838	2772
838	2678
838	2159
839	2482
839	2756
839	2679
839	2680
839	2681
839	2298
839	2155
840	2800
841	2658
841	2633
841	2410
841	2890
841	2892
841	2448
841	2682
841	2683
841	2368
842	2687
842	2684
842	2685
842	2686
842	2671
842	2688
843	2689
843	2590
843	2167
844	2386
844	2531
844	2234
844	2117
844	2899
844	2346
844	2974
845	2690
845	2921
845	2056
845	2185
845	2172
845	2877
845	2175
846	2657
846	2691
846	2692
846	2023
847	2693
847	2694
847	2421
847	2392
847	2971
847	2620
848	2530
848	2436
848	2695
848	2696
848	2315
848	2688
849	2697
849	2826
849	2236
849	2136
850	2578
850	2884
850	2901
851	2698
851	2707
851	2197
851	2861
852	2643
852	2631
852	2279
852	2699
852	2700
852	2431
852	2176
853	2277
853	2134
853	2744
853	2701
853	2318
854	2754
854	2702
854	2703
854	2704
855	2705
855	2389
856	2863
856	2179
856	2214
856	2392
856	2057
856	2511
857	2787
857	2534
857	2090
857	2706
857	2707
857	2452
857	2708
857	2709
857	2898
857	2810
857	2110
858	2739
858	2597
858	2710
858	2711
858	2712
858	2554
859	2801
859	2024
859	2280
859	2713
859	2714
859	2715
859	2716
860	2721
860	2467
860	2025
860	2545
860	2517
860	2271
860	2717
860	2718
860	2719
860	2720
861	2722
861	2723
861	2164
861	2724
862	2725
862	2678
862	2726
863	2467
863	2308
863	2612
863	2727
863	2728
863	2799
863	2399
864	2729
865	2979
865	2730
865	2026
865	2731
865	2732
865	2835
865	2867
865	2332
866	2951
866	2888
866	2697
866	2762
866	2733
866	2734
866	2735
866	2299
867	2737
867	2736
867	2945
867	2108
867	2621
867	2624
867	2464
868	2106
868	2547
868	2738
868	2757
869	2739
869	2740
869	2741
869	2742
869	2312
869	2331
870	2243
870	2436
870	2743
871	2946
871	2121
871	2058
871	2475
871	2066
871	2546
871	2642
871	2867
871	2871
871	2714
871	2463
872	2689
872	2513
872	2613
872	2744
872	2745
873	2737
873	2450
873	2747
873	2746
874	2337
874	2281
874	2748
874	2477
874	2656
875	2844
875	2558
875	2751
875	2743
875	2553
875	2524
875	2749
875	2750
875	2783
876	2626
876	2116
876	2757
876	2373
876	2779
876	2591
876	2784
877	2753
877	2754
877	1992
877	2746
877	2268
877	2494
877	2752
878	2755
878	2756
878	2586
878	2235
878	2894
878	2192
879	2757
879	2758
879	2826
879	2761
879	1978
879	2027
880	2002
880	2554
880	2759
881	2353
881	2301
881	2760
881	2393
881	2042
881	2189
881	2761
882	2211
882	2404
882	2676
882	2489
882	2377
882	2762
882	2763
883	2403
883	2196
883	2437
884	2571
884	2764
884	2765
884	2766
884	2767
885	2148
885	2213
885	2212
885	2165
885	2647
885	2789
885	2768
886	2769
886	2770
886	2771
886	2772
886	2914
886	2199
886	2080
887	2146
887	2765
887	2929
887	2773
887	2774
887	2966
887	2680
887	2205
888	2241
888	2481
888	2691
888	2661
888	2954
888	2907
888	2847
889	2776
889	2759
889	2775
889	2091
889	2028
889	2942
890	2438
890	2925
890	2416
890	2259
890	2777
890	2778
890	2779
890	2780
891	2825
891	1981
891	2175
892	2338
892	2304
892	2950
892	2574
892	2966
892	2781
892	2782
892	2783
892	2784
893	2785
893	2885
893	2822
894	2924
894	2786
894	2787
894	2788
895	2937
895	2747
895	2092
895	2789
896	2177
896	2835
896	2790
896	2264
896	2492
896	2814
896	2920
897	2449
897	2771
897	2132
897	2791
897	2862
897	2957
897	2830
898	2615
898	2792
898	2793
898	2794
898	2795
898	2796
899	2247
899	2059
899	2797
899	2093
899	2125
899	2578
899	2975
899	2464
900	2801
900	2723
900	2800
900	2726
900	2798
900	2799
900	2688
901	2498
901	2802
901	2819
901	2294
901	2135
901	2382
902	2358
902	2496
903	2916
903	2251
903	2566
903	2803
904	2371
904	2804
904	1995
904	2300
904	2669
905	2139
905	2837
905	2805
905	2806
906	2569
906	2807
907	1987
907	1925
907	2094
907	2580
907	2808
907	2809
907	2810
907	2203
908	2811
908	2220
908	2813
908	2814
908	2815
908	2812
909	2059
909	2956
909	2029
909	2864
909	2608
909	2324
909	2715
909	2526
909	2816
910	2030
910	2606
910	2383
910	2866
910	2776
910	2716
910	2942
910	2239
911	2817
911	2659
911	2985
911	2142
911	2815
912	2818
912	2838
912	2775
912	2551
913	2305
913	2819
913	2468
913	2820
913	2821
913	2822
913	2156
913	2807
914	2356
914	2854
914	2823
914	2824
914	2825
914	2776
914	2939
915	2826
915	2828
916	2827
916	2828
916	2803
916	2133
916	2102
916	2455
916	2176
916	2912
917	2372
917	2724
917	2503
917	2152
917	2186
917	2829
917	2830
917	2095
917	1976
917	2681
918	2641
918	2802
918	2674
918	2570
918	2173
918	2831
918	2832
919	2369
919	2178
919	2833
919	2834
919	2835
919	2836
919	2638
920	1928
920	2891
920	2060
920	1997
920	2541
920	2351
920	2905
920	2357
920	2837
920	2838
920	2553
920	2427
920	2687
921	2225
921	2841
921	2839
921	2840
921	1929
921	2221
921	2096
922	1937
922	2794
922	2097
923	2098
923	2843
923	2581
923	2842
924	2081
924	2333
924	2479
925	2593
925	2193
925	2745
925	2844
925	2845
926	2660
926	2149
926	1999
926	2127
926	2332
926	2846
926	2847
926	2848
927	2577
927	2099
927	2132
927	2203
927	2062
927	2031
927	2816
928	2849
928	2434
928	2881
928	2850
928	2069
929	2945
929	2851
929	2852
929	2885
929	2440
929	2032
929	2389
929	2780
930	2722
930	2853
930	2854
930	1930
930	1917
931	2837
931	2790
931	2855
931	2960
932	2838
932	2856
932	2857
932	2858
932	2108
933	2860
933	2051
933	2587
933	2859
933	2412
933	2861
933	1920
934	2865
934	2309
934	2057
934	2061
934	2862
934	2863
934	2864
935	2980
935	2758
935	2986
935	2929
935	2866
935	2867
935	2646
935	2976
936	2209
936	2852
936	2184
936	2156
936	2541
936	2735
936	2033
936	2450
936	2868
936	2869
936	2716
936	2591
937	2665
937	2131
938	2785
938	2886
938	2631
938	2567
938	2062
938	2034
938	2870
938	2871
938	2366
939	2806
939	2872
939	2873
939	2874
939	1996
940	2659
940	2916
940	2279
940	2542
940	2225
940	2258
940	2801
940	2072
940	2875
940	2750
941	2500
941	2281
941	2864
941	2231
941	2461
941	2876
941	2877
941	2878
941	2752
942	2881
942	2100
942	2487
942	2362
942	2879
942	2880
943	2713
943	2882
943	2596
944	2883
944	2884
944	2885
944	2260
944	2472
945	2329
945	2325
945	2886
945	2313
945	2939
945	2653
946	2887
946	2888
946	2761
946	2063
946	2101
946	1974
946	2655
946	2272
947	2818
947	2341
947	2248
947	2889
947	2890
947	2891
947	2130
947	2419
947	2428
947	2495
948	2850
948	2246
948	2311
948	2892
948	2893
948	2894
948	2322
948	2419
948	2880
949	2895
949	2511
949	2343
949	2896
950	2897
950	2898
950	2730
950	1980
950	2442
950	2284
950	2462
951	1989
951	2599
951	2124
951	2865
951	2899
951	2868
951	2517
951	2841
952	2289
952	2769
952	2900
952	2901
952	1980
952	2845
953	2323
953	2902
953	2903
953	2904
953	2905
953	2282
954	2906
954	2803
954	2165
954	2907
955	2902
955	2742
955	2743
955	2696
956	2961
956	2035
956	2908
956	2909
956	2910
957	2913
957	2914
957	2499
957	2915
957	2698
957	2705
957	2897
957	2387
957	2303
957	2911
957	2912
958	2916
958	2836
958	2708
958	2967
958	2512
959	2067
959	2917
959	2269
959	2670
959	1934
960	2473
960	2570
960	2540
960	2918
961	2952
961	2640
961	2919
961	2920
962	2426
962	2927
962	2183
962	2535
963	2449
963	2921
963	2922
963	2923
963	1981
964	2497
964	2357
964	2728
964	2265
964	2922
964	2190
964	2832
965	2210
965	2297
965	2924
965	2925
965	2926
966	2465
966	2258
966	2615
966	2364
966	2206
966	2543
966	2976
967	2514
967	2967
967	2927
967	2712
968	2827
968	2735
969	2929
969	2140
969	2928
970	2376
971	2201
971	2930
971	2171
971	2931
972	1970
972	2932
972	2036
972	2102
973	2782
973	2974
974	2667
974	2221
974	2936
974	2933
974	2934
974	2103
974	2935
974	2937
974	2815
975	2984
975	2632
975	2985
975	2065
975	1939
975	2938
975	2143
975	2336
976	2417
976	2466
976	2371
976	2833
976	2773
976	2267
976	2939
977	2627
977	2596
977	2788
977	2577
977	2293
977	2168
977	2940
977	2941
977	2942
977	2272
978	2945
978	2306
978	2828
978	2287
978	2415
978	2647
978	2651
978	1948
978	2943
978	2944
979	2890
979	2946
979	2947
979	2320
980	2948
980	2949
980	2950
980	2951
980	2633
980	2191
980	2162
980	2163
980	2004
980	2708
981	2273
981	1931
981	2783
981	2729
982	2784
982	2952
983	2689
983	2101
983	2438
983	2904
983	2953
983	2731
983	1965
984	1990
984	2374
984	1910
984	2519
984	2954
984	2652
985	2520
985	2955
985	2956
985	2957
985	2575
986	2211
986	2052
986	2855
986	2958
986	2959
986	2772
986	2303
986	2848
987	2961
987	2962
987	2963
987	2932
987	2489
987	2539
987	2960
988	2964
988	2334
988	2623
988	2672
989	2849
989	2965
989	2966
989	2967
989	2648
989	2704
990	2498
990	2037
990	2968
990	2969
990	2380
991	2050
991	2915
991	2970
991	2971
991	2972
992	2974
992	2973
992	2333
992	2439
993	2305
993	2306
993	2661
993	2917
993	2696
993	2732
993	2038
993	2975
994	2377
994	2709
994	2469
994	2039
995	2976
995	2269
995	2374
995	2352
996	2245
996	2972
996	1992
996	2092
996	2253
997	2977
997	2153
997	2130
997	2040
997	2229
997	2230
997	2104
997	2105
998	2978
998	2979
998	2980
998	2232
998	2569
998	2223
999	2276
999	2437
999	2981
999	2649
999	2445
999	2354
999	2393
999	2779
999	2875
1000	2497
1000	2533
1000	2789
1000	2982
1000	2187
1000	2443
1000	2676
1000	1976
1000	2362
1000	2879
