1	1001
1	2348
1	1022
1	1120
2	1002
2	1003
2	1030
2	1179
3	1553
3	1379
3	1303
3	1065
3	1004
3	1005
3	1374
4	1733
4	1036
4	1229
4	1006
4	1007
5	1445
5	1008
5	1585
5	1648
5	1500
5	1023
5	1628
5	1629
5	1471
5	1440
6	1649
6	1382
6	1335
6	1275
6	1213
6	1470
6	1008
7	1009
7	1010
7	1011
7	1373
7	1357
7	1679
8	1012
8	1013
8	1672
8	1210
8	1276
8	1581
9	1202
9	1318
9	1014
9	1015
9	1598
10	1241
10	1548
10	1118
11	1017
11	1365
11	1525
11	1016
12	1018
12	1131
12	1486
13	1185
13	1035
13	1616
13	1362
13	1049
13	1019
13	1020
13	1024
14	1186
14	1558
14	1323
14	1677
14	1021
15	1025
15	1026
15	1187
15	1022
15	1023
15	1024
16	1027
16	1582
16	1159
16	1050
16	1326
16	1278
17	1411
17	1028
17	1029
17	1322
17	1071
17	1268
17	1086
17	1366
17	1526
17	1209
17	1691
17	1182
18	1297
18	1030
18	1497
18	1355
18	1132
19	1153
19	1122
19	1446
19	1031
19	1032
19	1033
19	2362
19	1310
20	1010
20	1411
20	1189
20	1034
20	1035
20	1052
21	1729
21	1090
21	1412
21	2441
21	1354
21	2443
21	1552
21	1630
22	1299
22	1284
22	1080
22	1036
22	1037
23	1444
23	1238
23	1336
23	1245
23	1038
23	1440
24	1125
24	1007
24	1560
24	1497
24	2442
24	1039
24	1056
25	2371
25	1508
25	1038
25	1391
25	1040
25	1041
25	1042
25	1297
25	1518
25	2382
25	1210
26	1043
26	1044
26	1045
26	1223
26	1559
26	1723
26	1004
27	1345
27	1410
27	1586
27	1046
27	1047
27	1083
27	1471
28	1049
28	1712
28	1006
28	1048
29	1050
29	1051
29	2307
29	1053
30	1218
30	1225
30	1705
30	1040
30	2356
30	1529
30	1052
30	1053
30	1599
31	2389
31	1494
31	1112
31	1386
31	1549
31	1054
32	2354
32	1612
32	1055
33	1057
33	1058
33	1059
33	1706
33	2356
33	1174
33	1056
33	1278
33	1248
34	1587
34	1060
34	1349
34	1286
34	1683
34	2392
35	1457
35	1506
35	1266
35	1522
35	1063
35	1483
36	1698
36	1067
36	1164
36	1199
37	1061
37	1062
37	1349
37	1082
37	1341
37	1454
38	1121
38	1063
38	1064
38	1034
38	1613
38	1430
38	1527
38	1209
38	1181
39	1065
39	1066
39	2347
39	1326
40	1031
40	1067
40	1068
40	1069
40	1392
40	1072
40	1203
40	1560
40	1405
41	1234
41	1431
41	1679
41	1070
41	1375
41	1600
42	1073
42	1074
42	2391
42	1177
42	1246
42	1071
42	1072
43	1281
43	1650
43	1302
43	2367
44	1601
44	1059
44	2377
44	1487
44	1041
44	1330
44	1524
44	2359
45	1190
45	2439
45	1075
45	1076
45	1077
45	1078
45	1079
45	1406
45	1631
46	1446
46	1080
46	1081
46	1551
46	1472
47	1602
47	1138
47	1651
47	1678
47	1082
47	1292
47	1358
48	1603
48	2353
48	1330
48	1426
48	1340
48	2396
48	1463
48	1495
48	1083
48	1084
48	1343
48	1472
49	1085
49	1478
49	1295
50	1604
50	1220
50	1061
50	1178
50	1086
51	1700
51	2358
51	1303
51	1307
51	1260
51	1087
51	1088
52	1089
52	1090
52	1506
52	2376
52	1387
52	1171
52	1652
52	1144
53	1058
53	1091
53	1567
54	1092
54	1160
55	1057
55	1074
55	1575
55	1483
55	1168
56	1437
56	1356
56	1380
56	1173
57	1091
57	1093
57	1736
57	1035
57	1195
57	1680
57	1016
57	1632
58	1069
58	1094
58	1095
59	1527
60	1605
60	1350
60	1096
60	1161
60	1097
60	1101
60	1454
60	1140
60	1525
60	1118
60	1087
61	1105
61	1076
61	1098
61	1099
61	1100
61	1708
62	1186
62	1448
62	1101
62	1102
62	1103
62	1104
62	1550
62	1013
62	1180
63	1105
63	1106
63	1437
63	1479
64	1414
64	1447
64	1384
64	1161
64	1036
64	1008
64	1041
64	1425
64	1107
64	1108
64	1141
64	1713
64	1533
64	1374
65	1538
65	1350
65	1288
65	1681
65	1588
65	1109
65	1179
65	1405
66	1110
66	1687
66	1051
66	1084
66	1149
66	1214
66	1676
67	1618
67	1175
67	1304
67	1146
67	2316
68	1177
68	1111
69	1515
69	1455
69	2351
69	1112
69	1688
69	1113
69	1114
69	1276
69	1119
70	1474
70	1115
70	1509
71	1252
71	1116
71	1388
71	1133
71	1117
72	1464
72	1064
72	2363
72	1118
72	1119
73	1121
73	1122
73	1123
73	1572
73	1520
73	1495
73	1561
73	1120
74	1178
74	1682
74	1124
74	1606
75	1125
75	1614
76	2403
76	1461
76	1126
76	1239
77	1633
77	1127
77	1485
77	1325
77	1711
77	1363
77	1427
77	1109
78	2372
78	1128
78	1415
78	1287
78	1129
78	1719
78	1052
79	1112
79	1130
79	1548
79	2349
79	1344
80	1025
80	1128
80	1131
80	1132
80	1133
80	1134
80	1135
80	1136
80	1137
80	1485
80	1466
81	1219
81	1138
81	1139
81	1653
81	1111
81	1528
81	1498
81	1407
82	2995
83	1058
83	1674
83	1491
83	1300
83	1140
83	1141
83	1531
83	1621
83	1529
83	1530
83	1435
84	1346
84	1730
84	1188
84	1450
84	1067
84	1237
84	1142
84	1439
85	1707
85	1093
85	1143
85	1311
86	1732
86	1352
86	1452
86	2381
86	1457
86	1144
86	1081
86	1145
87	1121
87	1589
87	1306
87	1113
87	1146
87	1147
87	1148
88	1377
88	2401
88	1413
88	1578
88	1293
88	1009
88	1331
88	1208
88	1339
88	1149
88	1150
89	1432
89	1556
89	1151
89	1520
90	1153
90	1562
90	1152
90	1359
90	1296
91	1569
91	1154
91	1155
91	1063
91	1512
91	2398
91	1166
92	1427
92	1156
92	1220
92	1558
92	1563
92	1289
92	1227
93	1396
93	1157
93	1688
93	1305
93	1549
93	1037
94	1282
94	1390
94	1158
94	1159
95	1224
95	1160
95	1161
95	1162
95	1163
95	1021
96	1489
96	1171
96	1144
96	1164
96	1165
97	2312
97	1101
97	1166
97	1167
97	1680
97	1137
97	1693
97	1312
98	1006
98	1551
98	1168
98	1169
98	1170
98	1493
98	1082
98	1184
99	1171
99	1172
99	1189
99	1098
99	1309
99	1402
100	1327
100	1173
100	1174
100	1290
100	1724
100	1391
101	1250
101	1195
101	1085
101	1175
102	1026
102	1684
102	1509
102	1270
102	1453
102	1503
103	1269
103	1532
103	1176
103	1290
103	1451
103	1272
103	1518
104	2434
104	1075
104	1734
104	1046
104	1177
104	1178
105	1122
105	2311
105	1227
105	1180
105	1231
105	1204
105	1045
105	1559
105	1179
105	1148
105	1181
105	1695
106	1442
106	1477
106	1455
106	1590
106	1654
106	1182
106	1183
106	1152
107	1443
107	2355
107	1477
107	1029
107	1655
107	1449
107	1360
108	1251
108	1540
108	1383
108	1256
108	1484
108	1615
108	1360
108	1235
108	1270
108	1721
109	1214
109	1184
110	1185
110	1186
110	1187
110	1188
110	1682
111	1189
111	1190
111	1191
111	1151
111	1423
112	1192
112	1193
112	1564
112	1438
112	1136
113	2357
114	1194
114	1470
114	1110
114	1312
115	1505
115	1232
115	1195
115	1196
115	1152
115	1424
116	2386
116	1253
116	1222
116	1206
116	1351
116	1226
116	1197
117	1347
117	1448
117	1162
117	2348
117	1498
117	1198
117	1686
117	1370
118	1250
118	1316
118	1348
118	1414
118	1192
118	1199
118	1200
118	1329
118	1718
118	1271
119	1201
119	1258
119	1031
119	1232
120	2308
120	1100
120	1134
120	1202
120	1043
120	1044
120	1203
120	1204
120	1205
120	1464
121	1634
121	1507
121	1206
121	1207
121	1337
121	1404
122	1255
122	1208
122	1319
122	1147
122	1228
122	1216
123	1417
123	1728
124	1541
124	2374
124	1263
124	1209
124	1210
124	1211
124	1212
124	1053
125	1576
125	1387
125	1213
125	1214
125	1368
126	1300
126	1253
126	1480
126	1565
126	1102
126	1375
127	1441
127	1286
127	1338
127	1116
127	1566
127	1215
128	1217
128	1155
128	1124
128	1197
128	1042
128	1717
128	1334
128	1656
128	1216
129	1218
129	1068
130	1219
130	1220
131	1221
131	1222
131	1333
131	1097
131	1615
131	1086
131	1327
132	1259
132	1247
133	1329
133	1202
133	1223
133	1224
133	1624
133	1056
134	1201
134	1635
134	1092
134	1225
134	1212
134	1229
134	1616
135	2387
135	1126
135	1175
135	1096
135	1226
135	1579
135	1054
136	1271
136	1165
136	1591
137	1227
137	1580
137	1069
138	1636
138	1206
138	1098
138	1434
138	1228
138	1376
139	1283
139	1140
139	1213
139	1229
139	1230
140	1263
140	1231
140	1233
140	1234
140	1235
140	1236
140	1232
140	1014
140	1393
141	1153
141	1381
141	1157
141	1445
141	1637
141	1638
141	1355
141	1365
142	1316
142	1166
142	1607
143	1027
143	1237
143	1223
143	1577
143	1403
143	1004
143	1392
144	1617
144	1715
144	1190
144	1238
144	1208
144	2431
145	2433
145	1397
145	1239
145	1259
145	1725
146	1145
146	1068
146	1685
146	1240
147	1618
147	1242
147	1241
147	1450
147	1371
147	1294
148	1409
148	1283
148	1221
148	2352
148	1010
148	1490
148	1684
148	1243
148	1532
148	1215
149	1298
149	1124
149	1332
149	1338
149	1515
149	1244
150	1473
150	1245
150	1511
151	1315
151	1127
151	1463
151	1001
151	1246
151	1247
151	1248
152	1505
152	1533
152	1126
152	1552
153	1249
153	1094
153	1358
153	1071
153	1022
153	1657
153	1211
153	1534
153	2368
154	1250
154	1251
154	1127
154	1048
154	1436
154	1277
154	1167
155	1252
155	1158
155	1307
155	1404
155	1535
156	1489
156	1253
156	1168
157	1105
157	1044
157	1239
157	1019
157	1567
158	1169
158	1554
158	1254
158	1416
158	1433
158	1162
158	1384
159	1002
159	2445
159	1583
159	1170
159	1331
159	2995
159	1431
159	1501
159	2366
160	1539
160	1255
160	1704
160	1401
160	1658
160	1308
160	2320
161	1256
161	1257
161	1084
161	1244
161	1501
162	1233
162	1114
162	1639
162	1675
162	1258
162	1259
162	1536
163	1537
163	1420
163	1047
163	1260
163	2365
164	1418
164	1491
164	1568
165	1012
165	1261
165	1262
165	1216
166	1459
166	1395
166	1099
166	1545
166	1562
166	1003
166	1536
167	1301
167	1263
168	1265
168	1701
168	1447
168	1020
168	1264
169	1266
169	1267
169	1135
169	2314
170	1537
170	1402
170	2357
171	1089
171	1268
171	1269
171	1065
171	1467
171	1727
172	1125
172	1308
172	2995
172	1270
172	1271
172	1272
172	1273
172	1564
173	1042
174	1315
174	1513
174	1273
174	1274
174	1275
174	1456
175	1012
175	1429
175	1492
175	1449
175	1193
175	1023
175	1328
176	1523
176	1060
176	2355
176	1369
176	1482
176	1276
176	1328
177	1353
177	1538
177	1516
177	1277
178	1569
178	1481
178	1130
178	1135
178	1619
178	1396
178	1176
178	1278
179	1236
179	1418
179	1438
179	1279
179	1280
180	1281
180	1115
180	1521
180	1279
181	2404
181	2309
181	1200
182	1282
182	1283
182	1284
182	1285
182	1321
182	1420
182	2380
182	1390
182	1231
182	1207
183	1570
183	1075
183	1237
183	1286
183	1408
184	1714
184	1157
184	1287
184	1099
184	1021
185	1345
185	2437
185	1415
185	1353
185	1534
185	1151
186	1397
186	1510
186	1288
186	2394
186	1306
186	1261
187	1313
187	1076
187	1465
188	1441
188	1539
188	1608
188	1289
188	1290
188	1291
188	1292
188	1172
188	1432
188	1274
189	1620
189	1622
189	1207
189	1469
189	1293
189	1294
190	1106
190	1555
190	1277
190	1640
191	1028
191	1078
191	1288
191	1241
191	1291
191	1342
191	1295
192	1159
192	1677
192	2383
192	1296
192	1361
192	1139
192	1492
192	1019
192	1247
193	1540
193	1062
193	1095
193	1297
193	1298
193	1299
193	1683
193	1433
193	1435
194	1011
194	1300
194	1301
195	1305
195	1302
195	1303
195	1304
195	1481
196	1409
196	1088
197	2306
197	1251
197	1238
197	1306
197	1131
197	1037
198	1029
198	1356
198	1132
198	1070
198	1458
198	1561
198	1307
198	1308
198	1309
199	2436
199	1030
199	1419
199	2449
199	1142
199	1337
199	1310
199	1694
200	1313
200	1314
200	1473
200	2402
200	2310
200	1523
200	1626
200	1311
200	1312
201	1317
201	1479
201	1192
201	1609
201	1066
201	1659
201	2346
202	1621
202	2358
203	1413
203	1110
203	1191
203	1292
203	2318
204	1315
204	1571
204	1077
204	1287
204	1592
204	1625
204	1610
205	1057
205	1553
205	1316
205	1364
205	1142
205	1620
205	1199
206	1203
206	1476
206	1317
206	1318
207	1217
207	1212
207	1541
208	1154
208	1284
208	1093
208	1001
208	2397
209	1249
209	1026
209	1061
209	1262
210	1319
210	1320
210	1385
210	2447
210	1141
210	1399
210	1240
210	1593
210	2395
210	1500
210	1696
211	1394
211	1205
211	1594
211	1279
211	1280
212	2313
212	1526
212	2440
212	1321
212	1226
213	1322
213	1294
213	1366
213	1014
214	1323
214	1507
214	1304
215	1169
215	1007
216	1351
216	1352
216	1324
216	1170
216	1269
216	1050
216	1660
216	1087
217	1324
217	1572
217	1032
218	1475
218	1573
218	1325
218	1197
218	2385
218	1622
218	2364
218	1150
219	1619
219	1326
219	1327
219	1328
220	1073
220	1329
220	2349
220	2350
220	1535
221	1330
221	1331
221	1332
222	1317
222	1002
222	1611
222	1103
222	1173
222	1333
222	1334
222	1335
222	1502
223	1092
223	1215
224	1623
224	1336
224	1337
224	1198
224	1119
225	1338
225	1468
225	1013
225	1406
226	1318
226	2375
226	1262
226	1681
226	1685
226	1339
226	1340
226	1182
227	1378
227	1496
227	1341
227	1342
227	1343
228	1557
228	1285
228	1310
228	1344
229	1345
229	1346
229	1347
229	1623
229	1048
229	1550
230	1474
230	1426
230	1348
230	1542
230	1703
231	1349
231	1510
231	2346
231	1097
231	1130
231	1051
232	1350
232	1351
232	1398
232	1386
232	1627
233	1352
233	1353
233	1033
233	1354
233	1003
233	1672
233	1519
233	1073
233	1428
233	1624
233	1466
233	1181
233	1024
234	2369
234	1475
234	1046
234	1163
234	1502
235	1108
235	1319
235	1399
235	1641
235	1243
236	1513
236	1355
236	1356
236	1324
236	1265
236	1139
236	1340
236	1055
237	1060
237	1573
237	1542
237	1240
237	1661
237	1295
237	1248
238	2379
238	1357
238	1358
238	1359
238	1360
238	1201
238	1361
238	1072
238	1720
239	1225
239	1362
239	1394
240	1059
240	1363
240	1364
240	1574
240	1191
241	1362
241	1221
241	1365
241	1366
241	1367
241	1595
241	1261
242	1154
242	1027
242	1123
242	1268
242	1575
242	1128
242	1368
243	1282
243	1416
243	1424
243	1204
243	1369
243	1370
243	2429
243	2430
244	1722
244	1371
244	1078
244	1080
245	1521
245	1267
245	1363
245	1145
245	1339
245	1372
245	1373
246	1377
246	1378
246	1379
246	1508
246	1291
246	1234
246	1120
246	1018
246	1183
246	1374
246	1375
246	1376
247	1217
247	1380
247	1460
247	1333
247	1017
247	1566
248	2370
248	1332
248	1381
248	1289
248	1675
248	1246
249	1090
249	1382
249	1383
249	1258
249	1547
249	1422
249	1364
249	1687
249	1113
249	1018
249	1117
249	1184
250	1662
250	1384
251	1252
251	1576
251	1385
251	1577
251	1193
251	1419
251	1305
251	1372
252	1570
252	1020
252	1642
252	1386
252	1388
252	1387
252	1389
252	1372
253	1313
253	1109
253	1390
253	1496
254	1393
254	1678
254	1176
254	1546
254	1584
254	1391
254	1392
255	1394
255	1524
255	1544
255	1100
255	1005
255	1260
256	1511
256	1376
256	1129
256	1643
256	1395
256	1396
256	1397
256	1398
256	1504
257	1399
257	1400
257	1115
257	1148
257	1517
258	1476
258	1321
258	1194
258	1578
258	2352
258	1617
258	1174
258	2360
258	1401
259	1554
259	2378
259	1402
259	1403
259	1676
259	1054
260	1281
260	2347
260	1404
260	1373
260	1663
261	1689
261	1405
261	1406
261	1104
262	1267
262	1301
262	1738
262	1579
262	1342
262	1407
262	1408
263	1571
263	1230
263	1143
264	1361
264	1580
264	1409
264	2432
265	1385
265	1625
265	1088
266	1410
266	1690
266	1412
266	1194
266	1530
266	1359
266	1104
267	1411
267	1412
267	1413
267	1254
267	1414
267	1401
268	1377
268	2384
268	1503
268	1543
269	1415
269	1416
269	1417
269	1325
269	1103
269	1040
269	1079
269	1468
269	1439
269	1664
270	1697
270	1033
270	1418
270	1419
270	1407
271	1702
271	1049
271	1420
271	1421
271	1039
272	1699
272	1299
272	1309
272	1422
272	1456
273	1296
273	1423
273	1424
274	1425
274	1077
274	2444
274	1211
274	1163
274	1436
274	2399
275	1249
275	1426
275	1091
275	1064
275	1673
275	1613
276	1410
276	1381
276	1427
276	1428
276	1429
276	1493
276	1369
276	1180
276	1280
277	1432
277	1011
277	1398
277	1431
277	1430
277	1322
278	1433
278	1160
278	1596
278	1504
279	1626
279	1094
279	1434
279	1484
279	1517
280	1739
280	2388
280	1429
280	1435
281	1314
281	1254
281	1480
281	1228
281	1235
281	1400
281	1436
281	1408
282	1444
282	1462
282	1686
282	1437
282	1165
282	1438
283	1439
284	1441
284	1442
284	1106
284	1443
284	1430
284	2351
284	1440
285	1083
285	1444
285	1543
286	1665
286	1445
286	1242
286	1644
286	1389
286	1519
286	1136
287	1446
287	1447
287	1544
287	1096
287	1224
287	1460
287	1143
287	2393
288	1448
288	1449
288	1275
288	1452
288	1614
289	1666
289	1222
289	1450
289	1451
289	1645
289	1486
289	1264
290	1107
290	1452
290	1453
290	1581
291	1219
291	1285
291	1242
291	1032
291	1422
291	1582
291	1108
291	1205
291	1274
291	1116
292	1257
292	1147
292	1334
292	1667
293	1368
293	1545
293	1421
293	1673
293	1488
294	1187
294	1668
294	1383
294	1454
294	2446
294	1236
294	1428
294	1367
295	1425
295	1346
295	1043
295	1458
295	1256
295	1455
295	1456
296	1382
296	2438
296	1646
296	2319
296	1457
296	1458
296	1459
296	1111
297	1460
297	1461
297	1462
297	1674
297	1451
297	2350
297	1710
298	1320
298	1689
298	1045
298	1463
298	1464
298	1465
298	1466
298	1403
298	1400
299	1314
299	1107
299	1257
299	1467
299	1468
299	1469
300	1062
300	1726
300	1164
300	1038
300	1298
300	1499
300	1597
300	1470
300	1471
300	1472
301	1009
301	1357
301	1737
301	1473
302	1089
302	1474
302	1475
302	1476
302	1421
302	1264
302	1393
302	1233
303	1266
303	1459
303	1477
303	1158
303	1017
303	1146
304	1137
304	1731
304	1478
304	1370
304	1371
304	1516
305	1218
305	1015
306	1709
306	1479
306	1183
307	1442
307	1155
307	2435
307	1302
307	1480
307	1481
307	1196
308	1555
308	1117
308	1574
309	1344
309	1482
309	1692
309	2317
309	1488
310	1265
310	1395
310	1669
310	1583
310	2400
311	1378
311	1156
311	2373
311	1483
311	1484
311	1015
311	1528
311	1114
311	1085
312	1556
312	1102
312	1244
312	1485
312	1486
312	1487
313	1028
313	1134
313	1488
314	1489
314	1490
314	1347
314	1491
314	1492
314	1245
315	1123
315	1453
315	1487
315	1423
315	1493
315	1494
315	1469
315	1341
316	1081
316	1379
316	1495
316	1496
317	1172
317	1670
318	1461
318	1272
318	1531
318	1196
318	1293
318	1039
319	1465
319	2354
319	1716
319	1497
320	2353
320	1498
320	2428
320	1343
320	1311
321	1499
321	1380
321	1149
321	1512
322	1156
322	1129
322	1500
322	1133
322	1005
322	2448
323	1138
323	1501
323	1502
324	1066
324	1503
324	1584
325	1443
325	1514
325	1323
325	1388
325	1568
325	2315
325	1200
325	1557
325	1462
325	1494
325	1243
325	1055
325	1504
326	1505
326	1522
326	1482
326	1627
326	1612
326	1565
327	1025
327	1506
327	1185
327	1507
327	2390
327	1389
327	1198
328	1188
328	1508
328	1509
328	1510
328	1511
328	1512
328	1546
328	1563
328	1273
328	1499
328	1150
329	1513
329	1514
329	1478
329	1647
330	1079
330	1417
330	1515
330	1516
330	1230
331	1255
331	1354
331	1517
331	1074
331	1490
331	1335
331	2361
331	1467
332	1547
332	1047
332	1320
332	1034
332	1434
332	1518
332	1519
333	1521
333	1522
333	1348
333	1735
333	1016
333	1070
333	1520
334	1095
334	1671
334	1514
334	1167
334	1523
334	1524
334	1367
334	1336
335	2017
335	2468
335	1639
335	1740
335	1741
335	2030
335	1742
335	1940
335	2043
335	1917
336	1601
336	1801
336	1579
336	2157
336	1743
336	1744
336	1745
336	1562
336	1853
337	1702
337	1814
337	1882
337	1547
337	1903
338	2410
338	1746
338	1572
338	1895
338	1561
338	2250
339	2211
339	1863
339	2220
339	2223
339	1747
339	1748
339	1749
339	2325
340	2456
340	2154
340	1750
340	1703
340	1607
340	1751
340	2104
341	2280
341	2154
341	1807
341	1585
341	2290
341	1752
341	1753
341	1754
341	2010
342	1797
342	1866
342	1934
342	1839
342	2291
342	1878
342	2137
342	1722
343	2121
343	1672
344	2004
344	1673
344	1984
344	1755
344	1568
345	1731
345	2140
345	1928
346	2116
346	2143
347	1721
347	1937
347	2132
347	2359
347	1785
347	1756
347	1757
347	1758
347	1759
348	1761
348	1763
348	2232
348	2460
348	2142
348	1760
349	2241
349	1762
349	2194
349	2292
349	2103
349	1674
350	1763
350	2147
350	1847
350	2058
350	2032
351	1602
351	1764
351	1765
351	1766
351	1767
351	2097
351	2099
351	2037
351	2293
351	1850
351	2396
351	2206
352	1745
352	2251
352	1769
352	1768
353	2114
353	2242
353	1896
353	2408
353	1770
353	1967
353	2195
353	1972
354	1922
354	1763
354	1771
354	1996
354	1772
354	1773
354	2294
354	1723
354	1756
355	1876
355	1774
356	1777
356	1704
356	2238
356	1775
356	1776
357	2178
357	2420
357	2038
357	1722
357	1820
357	1530
357	1792
358	1778
358	1779
358	1780
358	1781
358	1960
359	2404
359	1597
359	2263
359	2141
360	2243
360	1727
360	1760
361	1830
361	1782
361	2201
361	1531
361	1935
362	1774
362	1813
362	1973
362	1783
362	1784
362	1785
362	1786
362	1815
363	2081
363	2131
363	2171
363	2295
363	2155
363	1949
363	2408
364	1604
364	1705
364	1582
364	1934
364	2291
364	2233
364	1787
364	1788
364	1789
365	2273
365	1798
365	2156
365	1790
366	2306
366	2328
366	1993
366	1738
366	1950
366	1791
367	1793
367	1794
367	2470
367	1706
367	2189
367	1811
367	2139
367	1792
368	1938
368	1723
368	1764
368	1880
369	2262
369	2190
369	1776
370	2170
370	1795
370	1796
370	2453
370	1994
371	2284
371	1797
371	2207
371	2416
372	2209
372	1575
372	2247
372	1611
372	2287
372	2129
372	2229
372	2332
372	1790
372	2303
373	1798
373	1799
373	1800
373	1835
373	1780
373	1879
373	2011
373	1695
374	1909
374	1675
374	2070
374	2120
374	1739
374	2333
375	2452
375	2181
375	2104
375	1882
375	2190
376	1906
376	2334
376	2296
376	1801
376	2171
376	1773
376	1870
377	2273
377	1765
377	2021
377	1802
377	1803
377	1804
377	2031
377	2208
378	1805
378	1784
378	1997
378	1806
378	1888
379	1635
379	2054
379	1930
379	1743
379	1937
379	1558
379	1783
379	1532
380	1809
380	2020
380	1807
380	1808
381	1991
381	1864
381	1962
381	1740
381	1779
381	1812
381	2227
381	1750
381	2422
381	1755
382	2111
382	2335
382	1992
383	2321
383	1810
383	1975
383	1983
384	2209
384	1811
384	1812
384	1813
384	2327
384	2042
384	2061
385	2277
385	1769
385	2185
385	2189
385	2204
385	2065
385	1814
385	1815
385	1816
385	1817
385	1818
385	1948
386	2242
386	1973
386	2298
386	1707
386	2000
387	1969
387	2417
387	1893
387	2133
387	1800
387	1819
387	1951
388	1814
388	2200
388	2057
388	1866
388	1820
388	1982
389	1820
389	2002
389	2105
389	1868
389	1821
389	2302
389	1696
390	2419
390	1908
390	1637
391	1747
391	2307
391	1822
392	1771
392	2127
392	2088
393	1903
393	1708
393	1823
393	1824
394	1825
394	1859
394	2025
394	1949
395	1889
395	1826
395	1539
395	1828
395	1827
395	1829
395	2062
396	1761
396	2213
396	1830
396	1831
396	1832
396	1933
397	1730
397	2117
397	1766
397	1833
397	2297
397	2203
397	1884
397	2265
398	2146
398	2101
398	1834
398	1545
398	1770
398	1709
398	2399
399	1985
399	1959
399	2044
399	1835
399	1836
399	2126
400	2022
400	2073
400	2010
400	2092
400	1837
401	1593
401	1838
402	2163
402	2102
402	1910
402	1690
402	1807
403	2308
403	2133
403	2022
403	1736
403	1786
404	1844
404	1676
404	2110
404	1839
404	1840
405	2098
405	1859
405	1972
405	1798
405	1950
405	1968
406	1841
406	1940
406	1783
406	2270
406	2047
407	2113
407	1826
407	1842
407	1578
407	2205
407	2271
408	1843
408	1892
408	2103
408	2234
408	2398
408	1599
409	2364
409	1844
409	1977
409	2172
409	2109
409	1839
410	1970
410	1876
410	1845
410	1846
410	1847
410	2459
410	1677
411	2049
411	2050
411	1970
411	2228
411	2005
411	2069
411	1847
411	1848
411	1849
411	2071
412	1781
412	2298
412	1850
412	1851
412	1533
412	1694
413	1946
413	1743
413	2336
414	2465
414	1873
414	2258
414	1852
414	2144
415	2274
415	2147
415	1893
415	1594
415	1853
415	1854
415	2143
416	1857
416	2065
416	1855
416	1856
417	1858
417	1995
417	2219
417	1678
417	2223
417	2032
418	1859
418	1860
418	1861
418	2131
418	1964
418	1823
419	2060
419	1862
419	2120
420	1793
420	1858
420	1863
420	1864
420	1865
420	1998
420	1679
420	1583
420	2000
420	1587
421	1586
421	1943
421	1816
421	2186
421	1724
421	2158
421	2176
422	2067
422	2202
422	2216
422	1866
422	1691
423	2309
423	1766
423	2086
423	2153
423	1867
423	1868
423	1869
423	1870
423	1871
423	1872
423	2159
423	2198
423	2199
423	2075
424	2151
424	2221
424	1741
424	2287
424	1873
424	1874
424	1875
424	2206
424	1535
425	1954
425	1802
425	1580
425	2188
425	1876
425	1877
425	1726
425	1951
426	2177
426	1794
426	2277
426	1823
426	1878
426	1879
426	1880
426	1594
426	1919
427	1881
427	2167
427	2409
427	2253
427	2256
428	2337
428	2290
428	2174
428	2360
429	2091
429	1799
429	1931
429	2014
429	1984
430	1921
430	1947
430	1877
430	2161
431	1634
431	2310
431	2283
431	2363
431	2129
431	2257
431	1526
431	1882
431	1883
431	1884
431	1725
431	2106
432	1885
432	1782
432	2159
433	1574
433	2055
433	1788
433	1886
433	1887
433	1936
434	1889
434	1890
434	2249
434	2098
434	2261
434	1592
434	2042
434	2172
434	1821
434	1888
435	1891
435	2299
436	2149
436	2138
436	1892
436	1877
437	1894
437	1893
437	1565
437	1726
438	1817
438	2322
438	1897
438	1895
438	1896
438	2025
438	2270
439	1953
439	1898
439	1899
439	2240
440	2365
440	2064
441	2001
441	1826
441	2401
441	1989
441	1894
441	1900
442	2184
442	2461
442	1867
442	1901
442	1902
442	2047
443	2304
443	1830
443	2407
443	2138
443	1903
443	1904
444	1697
444	2164
444	1959
444	1886
444	2191
445	1905
445	1906
445	1907
445	2240
445	1933
445	2141
446	2217
446	2008
446	1908
446	1909
446	1910
446	1911
446	1912
446	1913
446	1914
446	1915
446	2207
447	1890
447	1916
447	1734
447	1905
447	2323
447	2196
447	2230
447	2106
447	1915
447	2044
448	1868
448	1917
448	1918
448	1966
449	1919
449	1564
449	2111
449	2300
450	1921
450	1746
450	2162
450	2338
450	2391
450	1710
450	1920
451	1922
451	1923
451	2165
451	2056
451	2075
451	1597
451	2286
452	1923
452	1924
452	1765
452	1997
452	1998
452	2193
452	1589
452	1816
453	2027
453	1925
453	1926
453	1927
454	1929
454	2076
454	1990
454	1928
455	1930
455	1931
455	1932
455	2266
456	2321
456	2324
456	2182
456	2392
456	1933
457	1573
457	1591
457	2222
457	2299
457	1934
457	1935
457	1936
458	1937
458	2266
458	1795
458	1935
459	1938
459	1939
459	1856
459	2152
459	1852
459	2064
459	1680
460	1940
460	1941
460	1942
461	2068
461	1923
461	2076
461	2325
462	1681
462	1944
462	2324
462	2311
462	1943
462	1817
462	2424
463	1762
463	2148
463	2405
463	2062
463	1647
463	1873
463	1945
463	2016
464	1946
464	1947
464	1941
464	2125
465	1762
465	2123
465	1948
465	2038
466	1700
466	2246
466	1929
466	2073
466	1691
466	1949
466	1950
466	1951
466	1952
467	2108
467	1901
467	2135
467	1864
468	1953
468	1954
468	1898
468	1692
468	2046
469	1955
469	2179
469	2227
469	2134
469	1881
469	1932
469	2061
470	1956
470	1957
470	1958
470	2326
470	2009
470	1803
471	2057
471	2300
471	1959
472	1811
473	2081
473	1960
473	1961
473	1962
473	1874
473	2238
473	2136
473	1850
473	2173
473	2078
474	1963
474	2260
474	1741
474	1871
475	2258
475	2051
475	2116
475	1977
475	2282
475	1964
475	1965
476	2034
476	1968
476	2397
476	1966
476	1967
476	2224
477	2407
477	2312
477	1771
477	1904
477	1969
477	2066
477	1727
477	2272
478	2018
478	1970
478	1971
478	2039
478	1721
478	1643
478	2256
479	1682
479	1972
479	1966
480	1825
480	1986
480	1973
481	1869
481	1974
481	1975
481	1976
482	2033
482	2454
482	2007
482	2235
482	1692
482	2096
483	1540
483	2262
483	2327
484	2218
484	1775
484	1808
484	1977
484	1978
484	1979
484	1980
484	1981
485	2301
485	1982
485	1983
485	1920
486	1985
486	1986
486	2067
486	2099
486	2014
486	1984
487	2097
487	2402
487	1987
487	1988
487	2187
487	1728
488	1989
488	1990
488	1991
488	2121
488	1646
488	2079
489	1588
489	2330
489	1992
489	1802
489	2264
489	1869
490	1784
490	1993
490	1546
490	1994
490	2201
490	2045
491	1729
491	1693
491	2146
491	1860
491	1956
491	2052
491	2023
491	1576
491	2125
491	1711
491	1589
491	1978
491	1725
492	1995
492	1939
493	1793
493	2339
493	2028
493	1996
493	1997
493	1998
493	1999
494	2280
494	1775
494	2000
494	2001
494	2003
494	2072
494	2302
494	2366
495	2267
495	1965
496	1961
496	2002
496	2175
497	2082
497	1801
497	2160
497	1712
497	2003
497	2231
497	2008
497	2455
497	1630
498	1979
498	1740
498	2112
498	1567
498	1952
499	2004
499	2005
499	2006
499	2028
499	1536
500	1987
500	2117
500	1896
500	2092
500	2414
500	1584
500	2007
500	2272
501	2281
501	1955
501	1636
501	1525
501	1590
501	2008
501	2009
502	2066
502	2271
502	1832
503	1778
503	1827
503	2210
503	2010
503	2011
503	2012
503	2029
504	1985
504	2058
504	1900
504	1713
504	1843
504	2228
504	2295
504	2013
505	2017
505	2063
505	1683
505	2015
505	1978
505	2014
505	2303
505	2016
506	2018
506	2019
506	1957
506	2056
506	2185
506	1776
506	1909
506	1845
507	2020
507	1528
507	2192
507	1747
507	1844
507	1974
507	2040
507	2109
508	2450
508	2019
508	2024
508	2021
508	2022
508	2023
508	1910
509	1992
509	2024
509	2025
509	2026
509	2187
509	2418
509	2168
509	2236
510	2226
510	2027
510	2028
510	2029
510	2030
510	2367
511	1825
511	2020
511	2244
511	2282
511	2031
511	2032
511	2033
511	2034
511	2142
511	2304
512	2035
512	1748
512	2236
513	1979
513	2036
513	2006
514	1571
514	2037
514	2264
514	1863
514	1831
514	1963
514	1694
515	2322
515	2040
515	1542
515	2038
515	2039
515	1785
515	2041
516	2042
516	1932
516	1983
516	2080
517	1810
517	1842
517	1733
517	1878
517	2043
517	1744
518	1690
518	2186
518	2044
518	2135
519	1760
519	2284
519	1695
519	1952
520	2068
520	2214
520	2328
520	2089
520	2043
520	2045
520	1742
521	2101
521	1928
521	2204
521	2029
521	2255
521	2128
522	1921
522	2369
522	2212
522	2406
522	2023
522	2012
522	2046
522	2463
523	2340
523	1957
523	1993
523	1965
523	2047
523	2048
524	2049
524	1890
524	1874
524	1990
524	2040
524	2267
525	1730
525	1971
525	2051
525	2050
526	2052
526	2053
526	2054
527	2210
527	1731
527	1732
527	2094
527	1684
527	1685
527	2294
527	2329
528	1686
528	2055
528	2041
528	1901
528	2462
529	1787
529	2059
529	1870
529	2056
530	1768
530	2057
530	2058
530	2059
530	1756
530	1917
530	2060
531	1749
531	2217
531	2061
531	2062
531	2063
532	2250
532	2199
532	1608
532	1559
532	1914
532	2252
532	2064
533	2305
533	1794
533	2065
533	2066
533	2067
533	1846
533	1911
533	1912
533	1855
534	1955
534	2084
534	1733
534	2063
534	1904
534	2289
534	2068
534	2069
534	2457
535	1926
535	1897
535	2122
535	2283
535	2253
535	2259
535	2421
535	2070
535	2071
535	2072
536	2155
536	1828
536	2191
537	1922
537	1734
537	1991
537	2087
537	1875
537	2451
537	2390
537	2200
537	2073
537	2074
538	1857
538	2053
538	1769
538	2123
538	1714
538	2075
538	2076
538	2077
538	2078
538	2079
539	2259
539	1732
539	1812
539	2261
539	2080
540	2081
540	2077
540	2218
540	2221
540	1838
541	2082
541	1779
541	2197
541	2152
541	1595
541	2205
542	2241
542	2305
542	2083
542	2084
542	2085
542	1715
542	1942
542	1946
542	1696
543	2086
543	2087
543	2088
543	2089
543	2090
543	2091
543	1871
543	1974
543	1913
543	2011
543	1981
544	1925
544	1915
544	2092
544	2093
544	2030
544	2239
544	1788
545	1954
545	2083
545	2243
545	2086
545	2094
545	2095
546	2097
546	2466
546	1716
546	2096
546	1744
547	2098
547	1780
547	2037
547	2150
547	2426
548	1697
548	2275
548	1832
548	2095
548	1777
548	2099
548	2100
548	1879
549	1892
549	2406
549	2248
549	2411
549	1900
549	2285
549	2101
549	1593
549	2269
550	2268
550	1941
550	2102
550	2048
551	1761
551	2118
551	1895
551	1752
551	2124
551	1742
551	1872
551	1585
551	2103
551	2104
551	2105
552	1698
552	2163
552	2106
552	2107
552	1948
552	2413
553	2083
553	2052
553	2108
553	1645
553	2110
553	2109
553	1728
554	2113
554	1926
554	2183
554	1865
554	2094
554	1789
554	2111
554	2112
555	2114
555	1987
555	2115
555	2220
555	2093
555	1841
555	1782
555	2198
555	1824
556	2116
556	2117
556	2118
556	2196
556	1898
556	1853
557	1789
557	2119
558	2180
558	2120
558	2121
558	2122
558	1999
558	2130
558	1908
558	2005
559	1851
559	2124
559	2123
560	1891
561	1938
561	2127
561	2027
561	2125
561	2126
561	2045
562	1795
562	2085
562	1880
562	2059
562	1803
562	1887
562	2128
563	1745
563	1809
563	2164
563	1862
563	1735
563	2182
564	2129
564	2082
564	2130
564	1797
564	1805
564	2046
564	2048
565	2131
565	2132
565	1541
565	1927
566	2049
566	1764
566	2276
566	2248
566	1961
566	2222
566	1875
566	2133
566	2134
566	2135
566	1976
566	2166
567	1570
567	1963
567	1829
568	1858
568	2132
568	1902
568	2136
569	1698
569	1701
569	1717
569	2301
569	2137
569	2138
569	2237
570	1865
571	1861
571	1772
571	1902
571	2268
571	2225
571	2169
571	2139
571	2140
571	1886
572	2225
572	1988
572	2134
572	1736
572	2141
572	2142
573	1809
573	1603
573	2415
573	1737
573	2362
573	1918
573	2143
574	2151
574	2053
574	1887
574	2144
575	1753
575	1804
575	2145
575	1911
576	1729
576	2146
576	2147
576	2148
576	1799
576	1843
576	2232
576	2393
576	2170
576	2108
577	2026
578	2149
578	1894
578	1687
578	2234
578	1836
579	2169
579	2100
579	1924
580	2150
580	1835
580	2219
580	1774
580	2069
580	2293
580	1849
580	1534
581	2341
581	2151
581	2152
581	1641
581	2153
581	1804
581	1840
581	2071
581	1529
581	2015
582	2342
582	1640
582	2154
582	2155
582	2156
582	2157
582	2415
583	2021
583	2279
583	1596
583	2158
583	2159
583	2160
584	1986
584	1781
584	2018
584	1767
585	1861
585	2118
585	2031
585	2161
585	2162
585	2163
585	2004
585	2292
585	1943
586	1969
586	2164
586	2278
586	2202
586	2416
587	2088
587	1899
587	2260
587	2165
587	2166
587	1591
587	2167
587	2230
588	1777
588	2139
588	2168
588	2169
588	1834
588	1995
588	1757
589	1538
589	2278
589	1964
589	2257
589	1815
589	2170
589	2171
589	2172
589	2016
590	2423
590	1737
590	1754
590	1883
590	1996
590	2173
590	2080
591	2405
591	2107
591	1718
591	1945
591	2427
591	2174
591	2175
591	1632
592	2177
592	2178
592	2244
592	1936
592	2006
592	2296
592	2233
592	2176
592	2208
593	2297
593	1699
593	1629
593	2179
594	2110
594	1980
594	2102
594	1751
595	2115
595	2180
595	1595
595	1944
595	2009
595	2235
595	1724
595	1566
596	1754
596	2070
596	2181
596	2089
596	2090
596	2157
596	1753
597	2410
597	2213
597	2182
597	2183
597	1813
597	1962
597	2414
598	2185
598	2186
598	1971
598	2184
599	1633
599	2114
599	2187
599	2188
599	1841
599	2203
599	2140
599	1851
599	2400
600	1953
600	2019
600	2165
600	2119
600	2215
600	2189
600	2254
601	2178
601	2313
601	1862
601	1750
601	2249
601	2190
602	2412
602	1967
602	2191
602	1688
603	2193
603	2149
603	1609
603	1758
603	2192
604	2113
604	2194
604	1819
604	2095
605	2394
605	2195
605	2124
606	1537
606	1958
606	2214
606	1899
606	1581
606	1751
606	1598
606	1631
607	2196
607	2197
607	2458
607	2074
607	1792
608	2471
608	2126
608	1939
608	1942
608	2198
608	1689
608	1563
608	2137
609	2314
609	1916
609	2199
609	1944
610	1569
610	2036
610	1638
610	2039
610	2200
611	2251
611	2343
611	1833
611	2202
611	2203
611	2013
611	2201
612	1956
612	1925
612	2090
612	2207
612	2315
612	2412
612	2286
612	1906
612	1845
612	2206
612	2204
612	2205
612	2078
612	2079
612	2208
613	2209
613	2210
613	2329
613	1700
613	2168
613	2041
613	1872
614	2274
614	1586
614	1924
614	1907
614	1852
615	2211
615	2148
615	2212
615	1834
615	2316
615	1838
615	2074
615	2012
615	1888
616	1913
616	2026
616	2122
617	1989
617	2150
617	2213
617	2214
617	2215
617	2216
617	1822
617	2279
617	1905
617	1907
617	1752
617	2265
617	2174
617	2015
618	2217
618	2218
618	2219
618	2317
618	2192
618	2162
618	2166
618	2107
618	1596
618	1821
619	2403
619	1828
619	2181
619	2220
619	2221
619	2222
619	2007
619	2361
619	2331
619	2144
620	2034
620	2245
620	2326
620	2215
620	1854
621	2224
621	2084
621	1560
621	1577
621	2223
621	2128
622	1889
622	1592
622	1818
622	2156
622	2127
623	2225
623	1587
623	1644
624	2050
624	2226
624	2247
624	1818
624	1824
625	1930
625	1787
625	1988
626	1790
627	2227
627	2228
627	2229
627	2054
627	1975
628	2179
628	1605
628	2003
628	2230
628	2231
628	2232
628	2233
628	1914
629	2246
629	2254
629	2289
629	2263
629	1881
629	2234
629	2235
629	2236
630	2269
630	2237
630	1735
630	1848
631	2323
631	2344
631	2055
631	1767
631	1693
631	2238
631	1912
632	1796
632	1768
632	2077
632	2239
632	2096
633	2193
633	1758
633	2240
634	2241
634	2242
634	2226
634	2243
634	2184
634	2176
635	2244
635	2245
635	1854
635	2136
636	1590
636	1719
636	1848
636	2246
636	1947
636	2173
636	2368
637	1738
637	1994
637	2231
638	2145
638	1891
638	2035
638	2100
638	2247
638	1833
638	2112
639	2330
639	2248
639	2245
639	2288
640	2087
640	1976
640	2249
640	2188
640	1806
641	1746
641	2072
641	1980
641	1885
641	1739
641	1916
641	1773
642	1842
642	2035
642	1927
642	2250
642	1920
643	1543
643	2024
643	2251
643	2252
643	1806
643	2395
643	2194
643	2195
643	1527
643	1883
643	1855
644	2409
644	2252
644	2229
645	1827
645	1860
645	1770
645	2253
645	2254
646	2105
646	2275
646	2153
646	2255
647	2257
647	2115
647	2288
647	2281
647	2237
647	2256
648	1857
648	2119
648	2411
648	2258
648	2259
648	2260
648	2331
648	1981
648	1856
649	2017
649	1778
649	1748
649	1701
649	1757
649	2239
649	2224
650	2145
650	2197
650	2177
650	2175
651	1960
651	2216
651	1836
651	2318
651	2158
651	1840
651	2319
651	2002
651	2261
652	2130
652	2262
652	1720
652	1849
652	1755
652	1759
653	2180
653	1606
653	1897
653	1642
653	2060
653	1805
653	2263
653	1945
653	1628
653	1884
653	1791
654	2264
655	2211
655	2183
655	1800
655	2285
655	2265
655	2266
655	2267
655	2268
655	2269
655	1759
656	2272
656	1796
656	2167
656	1931
656	2270
656	2271
656	2160
657	2273
657	2274
657	2091
657	1867
657	1822
657	1919
657	1968
658	1588
658	1749
658	2276
659	2275
659	2276
659	2345
659	1929
659	2033
659	2161
659	2001
659	2425
659	1786
660	2277
660	2278
660	2279
660	1982
660	2255
660	2464
661	2085
661	1829
661	2280
661	2281
661	2282
661	2283
661	1837
662	2051
662	2284
662	2285
662	2413
662	2036
662	1885
662	1918
662	1600
663	2467
663	1958
663	1610
663	2013
663	1837
663	2286
663	1791
664	1810
664	2320
664	1846
664	2469
664	1544
664	1819
664	1808
665	1699
665	2287
665	2288
666	2289
666	2212
666	1831
666	1772
666	2093
667	1999
668	2787
668	2299
668	2300
668	2390
669	2818
669	2514
669	2867
669	2646
669	2302
670	2417
670	2472
670	1656
670	1632
671	2631
671	2473
671	2955
671	2989
671	2806
671	2841
671	2940
671	1630
672	2450
672	2710
672	1610
672	2474
672	2618
673	2659
673	2915
673	2451
673	2676
673	2906
673	2970
674	1713
674	2405
674	2584
674	2329
674	2475
674	2476
674	2761
675	2929
675	2515
675	2477
675	2478
676	2582
676	2889
676	2829
676	1662
676	2736
677	2835
677	2720
678	2914
678	2340
678	2536
678	2671
678	2428
678	2479
678	2480
679	2303
679	2877
679	2295
679	2346
680	2481
680	2838
680	2734
680	2591
681	2692
681	2959
681	2944
682	2429
682	2829
682	2648
683	2795
683	2572
683	2482
683	2483
683	2484
683	2872
683	2651
683	2430
684	2857
684	2477
684	2920
684	2336
685	2347
685	2485
685	2486
685	2847
686	2945
686	2500
686	2614
686	2772
687	2968
687	2773
687	2807
687	2488
687	2345
687	2487
688	2836
688	2489
688	2490
688	2491
688	2492
689	2817
689	2322
689	2549
689	2632
689	2493
689	2494
689	1648
690	2840
690	2538
690	2331
690	2604
690	2495
691	2497
691	1666
691	2498
691	2726
691	2496
691	2320
692	2370
692	2616
692	2967
692	2624
693	2499
693	2500
693	2825
693	2713
693	2485
693	1625
693	2811
693	1600
694	2501
694	2502
694	2503
694	2344
694	2576
694	2526
694	2424
695	2793
695	2684
695	2504
696	2505
696	2506
696	1651
696	2733
697	2513
697	2595
697	1717
697	2842
697	2507
697	2508
698	2865
698	2309
698	1670
698	2493
698	2509
698	2510
699	2689
699	1715
699	2677
699	2825
699	2540
699	2511
699	2512
700	2513
700	1634
700	2577
700	2610
700	2949
700	2826
700	2588
701	2514
701	2298
701	2442
701	2654
701	2431
702	2452
702	1557
703	2737
703	2562
703	2515
703	2516
703	2439
703	2794
704	2517
704	2789
705	2467
705	2891
705	2827
705	2542
705	2546
705	2294
705	2681
705	2432
706	2801
706	2514
706	2929
706	1607
706	2775
706	2731
707	2644
707	2630
707	2918
707	2620
707	2508
707	2592
708	2371
708	2518
708	2519
708	2761
708	2682
709	2520
709	2521
709	2939
709	2702
709	1616
710	2755
710	2979
710	2522
710	2572
710	2606
710	2496
711	2684
711	2311
711	2523
711	2524
711	2525
712	1639
712	2856
712	2537
712	2637
712	2837
712	2526
712	1599
712	2816
713	2529
713	2530
713	2527
713	2864
713	2928
713	2711
713	2589
713	2687
713	2528
714	2531
714	2372
714	2532
714	2391
714	2971
714	2942
715	2785
715	2533
715	2534
715	2924
715	2799
715	2639
715	2716
715	2752
716	2641
716	2611
716	2646
716	2552
716	2574
717	1668
717	2373
717	2822
717	2535
717	2536
717	2537
717	1707
717	2846
718	2503
718	2538
718	2603
718	2510
718	2511
719	2489
719	2609
719	2665
719	2989
720	2777
720	2858
720	2524
720	2740
721	2753
721	2392
721	2539
721	2540
721	2541
721	2543
722	2545
722	2455
722	2542
722	2543
722	2544
723	2853
723	2471
723	2546
723	2707
723	2453
723	2678
723	2869
723	2555
724	2433
724	2833
724	2547
724	2548
724	2440
724	2972
724	2799
725	2914
725	2343
725	2549
725	2550
725	2359
725	2552
725	2551
725	2901
725	2334
726	2962
726	2820
726	2950
726	2553
726	2554
726	2539
726	2605
727	2555
727	2596
727	1613
727	2893
728	1705
728	2556
728	2557
729	2833
729	2922
729	2811
729	2780
729	2558
729	2559
729	2560
730	2371
730	2854
730	2342
730	2540
730	2894
731	2561
731	2822
731	2762
731	2509
731	2672
731	2580
731	2964
731	2454
731	2555
731	2686
732	2338
732	2642
732	2406
732	2766
732	2512
733	1601
733	2562
733	2563
733	2945
733	1704
733	2930
733	1621
733	2752
734	2897
734	2839
734	2472
734	2496
734	2798
734	2848
735	1553
735	2564
735	2727
735	2712
735	2923
735	2688
736	2545
736	2612
736	2878
736	2680
737	2565
737	2807
737	2583
738	2566
738	2567
738	2568
738	2662
738	2634
738	2710
738	2746
738	2652
739	2418
739	2326
739	2622
739	2991
739	2384
740	2739
740	2341
740	2569
740	2570
740	2571
740	2649
741	1617
741	2887
741	2556
741	2459
741	2572
741	1549
742	2578
742	2597
742	2726
742	2615
742	2633
742	2573
743	2690
743	2722
743	2836
743	2453
743	2935
743	2970
743	2336
744	2481
744	2434
744	1637
744	2574
744	2575
745	2573
745	2576
746	1633
746	2374
746	2407
746	2577
746	2578
746	2579
746	2968
746	2549
746	1718
746	2487
746	2965
746	2974
747	2580
747	2742
748	2693
748	2741
748	2581
748	2360
748	2891
748	1709
749	2582
749	2887
749	2454
749	2714
749	2861
750	2499
750	2886
750	2583
750	2682
750	2956
751	1708
751	2740
751	2375
751	2584
752	2978
752	2823
752	2793
752	2958
752	2832
752	1620
752	2585
752	2976
753	2393
753	2586
753	2606
753	2984
754	2394
754	2815
755	2625
755	2951
755	1642
755	2587
755	2845
755	2959
756	2788
756	2951
756	2408
756	2604
756	2863
756	2674
756	2548
756	2588
756	2589
757	1598
757	2598
757	2535
757	1703
757	2344
757	2667
757	2795
757	2965
757	2455
757	2590
757	2591
758	2593
758	2594
758	2595
758	2596
758	2737
758	2707
758	2870
758	2592
759	2884
759	2597
759	2598
759	2599
759	2728
759	2600
759	2837
760	2601
760	2794
760	1660
760	2775
761	2805
761	2518
761	2810
761	2602
761	1644
761	2925
762	2661
762	2664
762	2953
762	2603
762	2865
762	2578
762	2323
762	2776
762	2527
763	2513
763	2531
763	2419
763	2569
763	2570
763	2604
764	2465
764	2561
764	1635
764	2754
764	2605
764	2606
764	2607
764	2608
764	2609
764	2708
765	2610
765	2611
765	2656
766	2473
766	2987
766	2612
766	2613
767	2433
767	2339
767	2579
767	2661
767	2614
767	2776
767	2816
768	2593
768	2615
768	2616
768	2505
768	2890
768	2395
768	2860
769	2376
769	1641
769	2618
769	1552
769	2550
769	2902
769	2617
769	2842
770	2881
770	2648
770	2377
770	2651
770	2971
771	1671
771	2643
771	2612
771	2808
771	2619
771	2620
771	2621
771	2622
772	2851
772	2532
772	2378
772	2420
772	2903
772	2781
772	2623
772	1664
773	2625
773	2626
773	2767
773	2544
773	2928
773	2774
773	2456
773	1626
773	2590
773	2624
774	2505
774	2627
774	2511
775	2628
775	2629
775	1670
775	2430
775	2654
776	2852
776	2348
776	2862
776	2574
776	2671
776	2838
776	1655
776	2872
776	2745
777	2533
777	2630
777	2519
777	2696
777	2528
777	2640
778	2937
778	2981
778	2631
778	1608
778	2839
778	2733
779	2693
779	1640
779	2632
779	2633
779	2634
779	2920
779	2831
779	2387
779	2547
780	2660
780	2790
780	2889
780	2635
780	2603
780	2636
780	2924
780	2420
780	2587
781	2975
781	2490
781	2475
781	2637
781	2638
781	2639
781	2640
782	2529
782	2597
782	2694
782	2457
782	2698
782	2830
783	2626
783	2641
783	2642
783	2523
783	2868
783	2647
783	2458
783	2747
783	2941
784	2499
784	2862
784	2643
784	2759
785	2770
785	2435
785	2644
785	2645
785	2396
785	2317
786	2721
786	2786
786	2646
786	2647
786	2632
786	2888
787	1663
787	2648
787	2649
787	2650
787	2459
787	2697
787	2543
788	2651
788	2436
788	2613
789	2961
789	2694
789	2678
789	2652
789	2653
790	2782
790	2732
790	1661
790	2654
791	2655
791	2830
791	1647
791	2990
792	2938
792	2884
792	2475
792	2828
792	2542
792	2800
792	2896
792	2803
792	2647
792	1656
792	2778
792	2844
792	2621
792	2783
793	2566
793	2630
793	2376
793	2758
793	2570
793	2635
793	2379
793	2668
793	2766
793	2988
793	2873
793	2976
793	2429
793	2880
794	2657
794	2892
794	2960
794	2608
794	2448
794	2421
794	2902
794	2656
795	2658
795	2409
795	2859
795	2797
795	2673
795	2610
795	2484
795	2933
795	2585
795	2748
796	2491
796	1548
796	2539
796	2659
797	2529
797	2629
797	2361
797	2922
797	2812
797	2301
797	1711
798	1666
798	2660
798	2474
798	2460
799	2916
799	2661
799	2662
799	2664
799	2410
799	2296
799	2591
799	2688
800	2866
800	2340
800	2461
800	2663
801	1667
801	2533
801	2664
801	2824
801	2939
801	2749
802	2462
802	2665
802	2666
802	1550
802	2735
803	1602
803	2727
803	2472
803	2759
803	2667
803	2668
803	2638
803	2926
803	2544
803	2991
803	2931
803	2452
804	2594
804	2485
804	2652
804	2669
804	2735
805	2993
805	2386
805	2709
805	2422
805	2730
805	2670
806	2812
806	2942
806	2671
807	2672
807	2673
807	2674
807	2675
807	2738
807	2523
807	2463
807	2528
808	2819
808	2691
808	2948
808	2676
808	2349
809	2566
809	2599
809	2956
809	2290
809	2677
809	2909
809	2686
809	2655
810	2437
810	2598
810	2791
810	2972
810	2846
810	2940
810	2798
811	2643
811	2678
811	2679
811	2936
811	2701
811	2558
811	2479
812	2953
812	1555
812	2372
812	2680
813	2642
813	2867
813	2681
813	2682
813	2649
813	2397
813	2734
814	2683
814	2380
814	2700
814	1716
815	2582
815	2747
815	2684
815	2380
815	2685
815	1663
815	2832
816	2841
816	2708
816	2950
816	2743
817	2342
817	2699
817	2703
817	2575
817	2417
817	2419
817	2773
817	2362
817	2619
818	2713
818	2686
818	2601
818	2813
818	2350
818	2687
818	2704
819	2689
819	2388
819	2438
819	2688
820	2650
820	2690
820	2986
820	2421
821	2449
821	2691
821	2692
822	1658
822	2915
822	2628
822	2693
823	2553
823	2474
823	2732
824	2980
824	2694
824	2695
824	2823
824	2765
824	2703
824	2517
824	2973
824	2719
825	2423
825	2696
825	2697
825	2698
825	2699
825	2557
825	1648
826	2700
826	2701
826	2702
826	2764
826	2389
826	2874
826	2780
826	2398
827	2607
827	2703
827	2705
827	2706
827	2704
827	2774
827	2554
827	1664
828	2707
828	2708
828	2709
828	1671
828	2424
828	2363
828	2685
829	2466
829	2947
829	2700
829	2669
829	2381
829	2351
829	2736
829	1649
829	2963
829	2710
829	2711
829	2712
829	2399
830	2709
830	2974
830	2713
830	2714
830	2411
830	2382
830	2958
831	2530
831	2501
831	2870
831	2490
831	2715
832	2629
832	1710
832	2446
832	2931
832	2871
832	2716
832	2717
832	2720
833	2627
833	2439
833	2440
833	2464
833	2491
833	2718
833	2352
834	2721
834	2373
834	2423
834	2847
834	2719
834	2720
835	2722
835	2723
835	2724
835	2725
835	2470
835	2750
836	2954
836	2803
836	2614
836	2800
837	1649
837	2337
837	2726
838	2486
838	2727
838	2728
838	2729
838	2730
838	2796
838	2941
839	2627
839	2982
839	2907
839	2479
839	2560
840	2857
840	2731
840	2315
840	2961
840	2613
840	2487
840	2906
840	2943
841	2732
841	2589
841	2335
842	2801
842	2853
842	2534
842	2893
842	2553
842	2733
843	2434
843	2504
843	2742
843	2728
843	2457
843	2734
843	2735
844	2737
844	2738
844	1719
844	2952
844	2987
844	2623
844	2736
845	2739
845	2412
845	2381
845	2740
846	2952
846	2507
846	2843
846	2767
846	2896
847	2741
847	2742
847	2743
848	2745
848	2583
848	2744
849	2696
849	2478
849	2481
849	2994
849	2547
849	2966
849	2903
849	2617
849	2588
850	2746
850	2747
850	2427
851	2306
851	2506
851	2863
851	2482
851	2804
851	2524
851	2749
851	2748
851	2464
852	1605
852	2885
852	2858
852	2318
852	2784
852	2750
852	2751
852	2912
853	2752
853	2821
853	2535
853	2687
853	2512
854	2489
854	2436
854	2656
855	2753
855	2754
855	2755
855	2756
855	2981
855	2695
855	2516
855	2551
855	2619
855	2556
856	2628
856	2757
856	2718
856	2984
856	1646
857	2943
857	2758
857	2759
857	2760
857	2666
857	2904
858	2530
858	2761
858	2762
858	2314
858	2763
858	2934
858	2777
858	2653
859	2809
859	2907
859	2662
860	2849
860	2723
860	2441
860	2635
860	2379
860	1615
860	2960
860	2422
861	1661
861	2764
861	2765
861	2784
862	2769
862	2330
862	1612
862	2766
862	2767
862	2768
863	2465
863	2925
863	2805
863	2888
864	2625
864	2770
864	2771
864	2616
864	1660
864	2973
865	2772
865	2773
865	2774
865	2933
865	2425
865	2558
865	2719
866	2425
866	2754
866	2762
866	2462
867	2777
867	1611
867	2775
867	2776
868	2820
868	2778
868	1655
868	2826
868	2618
869	1665
869	2881
869	2532
869	1702
869	2312
869	2383
869	2587
869	2874
869	2714
869	2779
870	2850
870	2882
870	2600
870	2473
870	2705
870	2327
870	2780
870	2559
871	2785
871	2781
871	2923
871	2445
871	2782
871	2783
871	2784
872	2786
872	2332
872	1645
872	2341
873	1665
873	2466
873	1603
873	2787
873	2788
873	2442
873	2955
873	2797
873	2809
874	2917
874	2413
874	2790
874	2789
875	2791
876	2657
876	2467
876	2316
876	2899
877	2834
877	2536
877	2333
877	2792
877	2443
877	2669
878	2468
878	2310
878	2919
878	2504
878	2793
878	2921
878	2741
878	2364
879	2789
879	2567
879	2794
879	2541
879	2576
880	2855
880	2795
880	2892
880	2796
880	2414
880	2957
880	2864
880	2834
880	2522
880	2944
881	2792
881	2729
881	2683
881	2797
881	2798
881	2911
881	2384
882	2913
882	1609
882	2444
882	2799
882	2800
882	2801
882	2802
882	2400
883	2469
883	1643
883	2990
883	2674
883	2803
883	2804
883	2456
883	2620
883	2815
884	2353
884	2562
884	2805
884	2538
884	2763
884	2992
885	2497
885	2819
885	2917
885	2488
886	2806
886	2520
886	2506
886	2332
886	2748
887	2753
887	1554
887	1669
887	2869
887	2909
887	2621
887	2478
888	2785
888	2921
888	2633
888	2985
888	2807
888	2808
888	2809
888	2810
889	2468
889	2438
889	1650
889	2515
889	2873
889	2811
889	2812
889	2813
889	2814
890	2385
890	2564
890	2575
890	2760
891	2401
891	2937
891	2486
891	2521
891	2910
891	2815
892	2817
892	1651
892	1627
892	2428
892	2494
892	2816
893	1657
893	2818
893	2819
894	2820
894	2821
894	1638
894	2343
894	2509
894	2325
894	2365
894	2878
895	2882
895	2724
895	2822
895	2823
895	2824
895	2586
895	2559
896	2825
896	2644
896	2772
896	2569
896	2698
896	2476
897	2426
897	2386
897	2435
897	2826
897	2827
897	2828
898	2581
898	2760
898	2715
898	2829
898	2830
899	2689
899	2723
899	2755
899	2469
899	2883
899	1551
899	2831
899	2483
899	2679
900	2817
900	2849
900	2345
900	2476
900	2477
900	2832
900	2451
900	2877
901	2458
901	2962
901	2919
902	2385
902	2833
902	2834
902	2897
902	2994
902	1654
902	1622
902	2718
903	2835
903	2836
903	2518
903	2871
903	2927
904	1604
904	2676
904	2837
904	2792
904	2781
904	2672
905	2354
905	2711
905	2520
905	2764
905	2328
906	2916
906	2980
906	2470
906	2522
906	2838
906	2839
906	2554
906	2366
907	2725
907	2765
907	2447
907	1653
907	2743
907	2840
907	2841
907	1659
907	2875
908	2948
908	2757
908	2415
908	2934
908	2842
908	1659
908	2843
908	2592
909	2545
909	2577
909	2844
910	2595
910	2796
910	2550
910	1654
910	2551
910	2716
910	2845
910	2846
910	2847
911	2849
911	2850
911	2898
911	2444
911	1614
911	2848
912	2851
912	2852
912	2461
913	2853
913	2854
913	2855
913	2926
913	2495
913	1712
914	1667
914	2565
914	2375
914	2856
914	2857
914	2731
915	2594
915	2292
915	2697
915	2858
915	2445
916	2721
916	2946
916	2756
916	2886
916	2859
917	2338
917	2861
917	2601
917	2779
917	2860
917	1657
918	2367
918	2712
918	2860
918	2862
918	2863
919	2977
919	2898
919	2484
919	2875
919	2717
919	2670
919	2864
920	2865
920	2866
920	2483
920	2867
920	2663
921	2683
921	2868
921	2869
922	2305
922	2850
922	2985
922	2828
922	2705
922	1652
922	2870
922	2871
922	2680
923	2778
923	2355
923	2492
923	2787
924	2658
924	2717
924	2854
924	2872
924	2873
924	2874
924	2845
925	2802
925	2900
925	2840
925	2875
925	2876
925	2624
925	2768
926	2673
926	2324
926	1606
926	2982
926	2460
926	2877
927	2843
927	2878
927	2446
927	2879
927	2880
928	2881
928	2882
928	2883
928	2437
928	2638
928	2879
929	2563
929	2884
929	2885
929	2908
930	2402
930	2498
930	1669
930	2886
930	2571
930	2495
930	2704
931	2887
931	2715
931	1628
931	1623
932	2561
932	2888
933	2889
933	2378
933	2763
933	2890
933	2992
933	2579
933	2744
933	2938
933	2525
934	2738
934	2802
934	2758
934	2891
934	2892
934	2893
934	2894
935	2626
935	2307
935	2691
935	2636
935	2895
935	2969
935	1658
935	2492
936	2769
936	2552
936	2416
937	2897
937	2786
937	2898
937	2356
937	2304
937	2896
938	2899
938	2636
938	2605
938	2900
939	2868
939	2901
939	2502
939	2902
939	2903
939	2894
940	2706
940	2739
940	2565
940	2885
940	2904
940	2617
941	2905
941	2418
941	1629
942	2911
942	1619
942	2675
942	2906
942	2525
942	2895
943	2947
943	2744
943	2810
943	2907
943	2908
944	2905
944	2653
944	2912
945	1714
945	2983
945	2584
945	2537
945	2909
945	2910
945	2911
946	1653
947	2913
947	2927
947	2580
947	2426
947	2527
947	2912
948	2593
948	2914
948	2993
948	2967
948	2844
949	2690
949	2685
949	2645
950	2954
950	2915
950	2916
950	2663
951	2382
951	2814
952	2977
952	2978
952	2851
952	2979
952	2917
952	2602
952	1631
952	2387
952	2675
952	2900
952	2806
952	2751
953	2770
953	2918
953	2488
953	2751
953	2936
954	2599
954	2919
954	2890
954	2480
954	1652
954	2808
954	2905
954	2750
954	2848
955	2585
955	1618
955	2920
956	2921
956	2757
957	1662
957	2471
957	2608
958	2308
958	1636
958	2922
958	2923
958	2924
958	2925
958	2926
958	1556
958	2357
959	1650
959	2677
959	2927
960	2658
960	2403
960	1668
960	2969
960	2503
960	2615
960	2695
961	2724
961	2567
961	2895
961	2928
961	2932
961	2645
961	2964
961	2335
962	2660
962	2918
962	2701
962	2929
962	2930
962	2931
962	2388
962	2932
962	2586
962	2432
963	2657
963	2722
963	2957
963	2899
963	2933
963	2934
963	2935
963	2655
964	2771
964	2404
964	2501
964	2358
964	2936
964	2297
965	2502
965	2745
965	2769
965	1720
965	2937
965	2938
965	2939
965	2908
966	2667
966	2861
966	2702
967	2374
967	2519
967	2904
967	2313
967	2507
967	2940
967	2879
968	2641
968	2818
968	2941
968	2534
969	2913
970	2943
970	2901
970	2935
970	2942
970	2463
970	2944
971	2945
971	2946
971	2835
971	2947
971	2631
971	2668
972	2546
972	2948
972	2665
972	2602
972	2443
973	2771
973	2949
973	2950
973	2951
973	2983
973	2447
973	2831
974	2930
974	2706
974	2952
974	2749
974	2448
975	2497
975	2692
975	2856
975	2953
975	2954
975	2699
975	2541
975	2517
975	2650
976	2480
976	2827
976	2956
976	2957
976	2955
977	2725
977	2590
977	2958
977	2557
978	2961
978	2431
978	2959
978	2975
978	2639
978	2960
979	2596
979	2824
979	2319
979	2962
979	2963
979	2389
979	2493
979	2783
980	2337
980	2377
981	2548
981	2623
981	1706
981	2814
981	2383
982	2964
982	2949
982	2681
982	2746
982	2571
982	2988
982	2640
983	2946
983	2859
983	2821
984	2498
984	2339
984	2883
984	2965
984	2855
984	2779
984	2526
985	2521
985	2756
985	2966
985	2679
986	2531
986	2932
986	2967
986	2968
986	2969
986	2333
986	2560
987	2729
987	2634
988	2450
988	2564
988	2880
988	2568
988	2970
988	2508
988	2768
989	2788
989	2791
989	2866
989	2971
989	2972
989	2973
989	2622
989	2368
990	2977
990	2563
990	2611
990	2963
990	2974
990	2975
990	2976
991	2978
991	2979
991	2852
991	2600
991	2441
991	2804
991	2966
991	2813
992	2370
992	2980
992	2981
992	2982
992	2983
992	2730
992	2637
992	2670
992	2449
992	2581
993	2609
993	2876
993	2910
993	2510
993	2494
994	2369
994	2427
994	2500
994	2293
995	2659
995	2790
995	2666
995	2607
995	2482
995	2291
995	2516
995	1624
996	2321
996	2986
996	2985
996	2984
997	2782
997	2987
997	2988
997	2334
998	2989
998	2990
999	2991
999	2992
1000	2993
1000	2994
1000	2568
1000	2986
1000	2876
1000	2573
