1	1317
1	2501
1	1096
1	1001
1	1002
1	1280
2	1289
2	1003
2	1004
3	1254
3	2023
3	1451
3	1228
3	1005
3	1006
3	1007
3	1342
3	1022
4	1009
4	1043
4	1257
4	1017
4	1008
5	1257
5	1298
5	1293
5	1087
6	1105
6	1010
6	1011
6	1430
6	1242
7	1155
7	1478
7	1097
7	1486
7	1012
7	1013
7	1014
7	1365
7	1177
8	1416
8	1203
8	1015
8	1016
8	1082
8	1053
8	1136
9	1361
9	1258
9	1011
10	1017
10	1018
10	1391
11	1058
11	1019
11	1428
11	1320
11	1435
12	1338
12	1419
12	1020
12	1021
12	1279
13	1025
13	1026
13	1129
13	1134
13	1012
13	1022
13	1023
13	1024
14	1027
14	1127
15	1028
15	1029
15	1301
15	1207
15	1307
15	1245
15	1056
16	1356
16	1221
16	1030
17	1031
17	1032
17	1033
17	1130
17	1034
17	1035
17	1198
17	1360
17	1330
17	1077
17	1213
18	2492
18	1308
18	1412
18	1030
19	1355
19	1036
19	1429
19	1224
20	1475
20	1236
20	1174
20	1302
20	1037
20	1038
20	1039
21	1258
21	1491
21	1208
21	1064
22	1443
22	1416
22	1199
22	1039
22	1041
22	1042
22	1040
22	1116
23	1043
23	1044
23	1045
23	1140
23	1498
23	1071
23	1120
24	1122
24	1381
24	1046
24	1047
24	1273
24	1309
25	1089
25	1476
25	1255
25	1493
25	1048
25	1049
25	1050
25	1051
26	2508
26	1052
26	1436
26	1127
27	1496
27	1430
27	1128
27	1418
27	1053
27	1054
27	1039
28	1169
28	1023
29	1057
29	1058
29	1059
29	1351
29	1328
29	1432
29	1180
29	1055
29	1056
30	1060
30	1022
30	1166
30	1400
31	1233
31	1420
31	1429
31	1319
31	1100
32	1250
32	2016
33	1061
33	1062
33	1063
33	1064
33	1189
33	1168
33	1206
33	1335
34	1065
34	1323
34	1037
34	1383
35	1066
35	1067
35	1068
35	1371
36	1459
36	1477
36	1239
36	1479
36	1020
36	1069
37	1108
37	1296
37	1312
37	1113
37	1070
37	1071
37	1072
38	1073
38	2482
38	1347
38	2484
38	1437
38	1005
38	1343
39	1158
39	1341
39	1288
39	1372
39	1293
39	1440
40	2498
40	1251
40	2504
40	1074
40	1075
40	1076
40	1077
40	1078
40	1079
41	1350
41	1080
41	1081
41	1227
41	1150
41	1311
42	1411
42	1082
42	1083
42	1197
42	1246
42	1215
42	2016
43	1025
43	1074
43	1313
43	1063
43	1210
43	1263
44	1289
44	2018
44	1029
44	1241
44	1226
44	1084
44	1085
45	1086
46	1089
46	1218
46	1059
46	1092
46	1316
46	1369
46	1476
46	1356
46	1176
46	1177
46	1208
46	1118
46	1087
46	1088
47	1090
47	1251
47	1375
47	1381
47	2024
47	1035
47	1260
47	1175
47	1503
48	1283
48	1212
48	1091
49	1284
49	1415
49	1417
49	1387
49	1295
49	2486
49	1047
49	1144
49	1501
49	1117
49	2496
50	2018
50	1388
51	1092
51	1093
51	1080
52	1201
52	1443
52	1094
52	1048
52	1131
53	2020
53	1319
53	1095
53	1096
53	1460
53	1141
53	1305
53	1404
54	1097
54	1098
54	1034
54	1099
54	1200
54	1073
54	1044
54	1268
55	1215
55	1434
55	1100
55	1101
55	1102
55	1103
56	1105
56	1329
56	2021
56	1179
56	1292
56	1104
57	1106
57	1107
57	1248
57	1191
57	1008
58	1186
58	1255
59	1139
59	1108
59	1344
60	1396
60	1109
60	1296
61	1235
61	1277
61	1110
61	1111
61	1112
61	1389
61	1197
62	1267
62	1461
62	1222
62	1113
62	1290
63	1114
63	1254
63	1178
63	1115
63	1085
64	1117
64	1300
64	1373
64	1119
64	1116
64	1277
64	1118
64	1151
65	1121
65	1149
65	1120
66	1122
66	1123
66	1237
66	1323
66	1408
67	1042
67	1171
67	1124
67	1031
67	1015
67	1195
67	1038
68	1125
68	1174
68	1422
69	1126
69	1487
69	1074
69	1139
69	1332
69	1462
69	1431
69	2493
70	1154
70	1346
70	2020
70	1127
70	1128
70	1291
70	2509
70	1299
70	1364
70	1271
70	1338
70	1116
71	1129
71	1130
71	1131
71	1132
71	1133
71	1134
71	1135
71	1394
71	1437
72	1137
72	1274
72	1267
72	1136
73	1138
73	1219
73	1494
73	1195
73	1439
74	2017
74	1379
74	1317
74	1162
74	1357
74	1421
74	1139
74	1368
75	1140
75	1094
75	1464
75	2492
75	1309
75	1246
76	1026
76	2499
76	1382
76	1032
76	1141
76	1142
76	1143
76	1021
77	1361
77	1144
77	1463
77	1256
77	1193
77	1146
77	1145
78	1349
78	1190
78	1287
78	1352
78	1147
78	1148
78	1472
79	1252
79	1221
79	1370
79	1322
79	1149
80	1150
80	1046
80	1151
81	1153
81	1315
81	1224
81	1100
81	1132
81	1164
81	1152
82	1154
82	2503
82	1386
82	1308
82	1374
83	1091
83	1156
83	1157
83	1155
83	1353
84	1362
84	1158
84	1159
84	1160
84	1161
84	1387
84	1372
85	1348
85	1448
85	1162
85	1163
85	1132
85	1358
85	1107
85	1055
86	1225
86	1178
86	1164
86	1165
86	1294
87	1473
87	1499
87	1166
87	1167
87	1168
88	1169
88	1170
88	1171
88	1110
88	1033
88	1999
88	1040
89	1425
89	1172
89	1173
89	1142
89	1483
90	1170
91	1217
91	1091
92	1174
92	1175
92	1176
92	1084
92	1104
93	1231
93	1001
93	1178
93	1179
93	1339
93	1177
93	1055
94	1181
94	1027
94	1397
94	1420
94	1180
95	1222
95	1114
95	1468
95	1366
96	1497
96	1037
96	1070
96	1182
97	1153
97	1185
97	1166
97	1330
97	1490
97	1334
97	1368
97	1183
97	1184
98	1185
98	1186
98	1187
98	1188
98	1093
98	1442
98	1228
98	1167
98	1304
99	1189
99	1190
99	1191
99	1019
99	1182
100	1285
100	1002
100	1291
100	1101
100	1402
101	1202
101	1270
101	1144
101	1192
101	1286
101	1019
101	1392
102	1094
102	1414
102	1193
102	1194
102	1339
102	1196
103	1195
103	2485
103	1152
104	1137
104	1327
104	1305
104	1211
104	1196
104	1005
104	1119
105	1329
105	1315
105	1450
105	1452
105	1197
105	1198
106	1130
106	1199
106	1200
106	1201
106	1202
106	1299
106	1209
106	1023
106	1152
107	1203
107	1172
107	1205
107	1204
107	1331
107	1240
107	2523
107	1056
108	1354
108	1340
108	1206
109	1249
109	1150
109	1110
110	1444
110	1129
110	1386
110	1199
110	1041
110	1207
110	1208
110	1209
110	1210
110	1211
111	1097
111	1212
111	1024
112	1170
112	1071
112	1264
113	1393
113	1213
113	1406
113	2019
113	1229
113	1214
113	1248
114	2483
114	1397
114	2505
114	1469
114	1215
114	1216
115	1217
115	1218
115	1123
115	1061
115	1126
115	1158
115	1423
115	1109
115	1401
115	1053
116	1219
116	1220
116	1379
116	1015
116	1164
116	1151
117	1286
117	1436
117	1102
118	1221
118	1222
118	1223
118	1159
118	1175
118	1238
119	1287
119	1003
119	1230
119	1234
119	1079
119	1274
119	1085
119	1086
120	1186
120	1043
120	1391
120	1426
120	1047
120	1224
120	1359
121	1126
121	1447
121	1193
121	1225
121	1099
121	2000
121	1394
121	1243
121	1087
122	1337
122	1226
122	1149
122	1176
123	1121
123	1362
123	1075
123	1489
123	1399
123	1227
123	1133
124	1228
124	1165
124	1230
124	1229
124	1232
124	1072
124	1231
124	1136
124	1233
124	1234
124	1235
124	1275
124	1278
125	1259
125	1365
125	1111
126	1313
126	1395
126	1352
126	1004
126	1389
126	1231
127	1057
127	1236
128	1154
128	2500
128	1237
128	1238
128	1303
128	1003
128	1247
129	1133
129	1104
130	1137
130	2533
130	1239
130	1240
130	1241
130	1018
130	1069
131	1380
131	1241
131	1242
131	1453
131	1276
131	1117
131	1086
132	2022
132	1366
132	1243
132	1295
132	1216
133	1331
133	1302
133	1032
133	1435
133	1244
133	1294
133	1454
134	1185
134	1270
134	1324
134	1245
134	1246
134	1247
134	1024
135	1465
135	1066
135	1076
135	1048
136	1249
136	1266
136	1405
136	1438
136	1248
137	1441
137	1250
137	1285
137	1445
137	1384
137	1481
137	1168
137	1145
137	1403
138	1217
138	1010
138	1251
138	1252
138	1500
138	1470
139	1448
140	1009
140	1253
141	1318
141	1161
141	1404
141	1325
141	1198
142	1297
142	1210
142	1254
142	1306
142	1098
142	1038
142	1359
143	1255
143	1256
143	1433
143	1245
143	1439
144	1442
144	2532
144	1257
144	1258
144	1259
144	1044
144	1466
144	1403
144	1247
145	1201
145	1218
146	1153
146	1058
146	1220
146	1260
146	1261
146	1360
147	1018
147	1341
147	1256
148	1205
148	1142
148	1336
149	1265
149	1262
149	1263
149	1264
150	1265
150	1273
150	1109
150	1062
150	1017
150	1214
151	1266
151	1398
151	1050
151	1243
151	1212
151	1310
152	1106
152	1267
152	1268
152	1157
152	1269
152	1324
153	1107
153	1310
153	1270
153	1304
154	1219
154	1446
154	1271
154	1272
154	1275
154	1390
154	1455
155	1399
155	1273
155	1098
155	1006
155	1407
155	1440
156	1025
156	1274
156	1204
156	1095
157	1349
157	1206
157	1209
157	1275
157	1276
157	1006
157	1232
158	1418
158	1156
159	1495
159	1482
159	1277
159	1278
159	1279
159	1311
160	1353
160	1343
160	1488
161	1281
161	1282
161	1283
161	1184
161	2497
161	1103
161	1398
161	1183
161	1280
162	1284
162	1285
162	1077
162	1049
162	1322
162	2494
163	1121
163	1123
163	1332
163	1286
163	1095
164	1413
164	1449
164	1998
164	1102
164	1328
164	1337
164	1084
164	1088
165	1083
165	1364
165	1261
165	1287
166	1441
166	1284
166	1288
166	1145
166	1194
166	1180
166	1070
167	1281
167	1188
167	1289
167	1290
167	1227
167	1292
167	1291
167	2027
167	1013
168	1236
168	1189
168	1325
168	1373
168	1033
168	1293
169	1027
169	1326
169	1294
169	1280
170	1065
170	2506
170	1295
170	1040
171	1297
171	1314
171	1298
171	1409
171	1326
171	1296
172	1299
172	1060
172	1028
172	1252
172	1300
172	1065
173	1301
173	1302
173	1303
173	1304
173	1066
173	1327
174	1426
174	1395
174	1076
174	1190
174	1423
175	1112
175	1320
175	1305
175	1306
175	1115
176	1114
176	1307
176	1308
176	1062
177	1105
177	1029
177	1309
177	1310
177	1311
177	1312
178	1313
178	1011
178	1078
178	1159
178	1334
178	1414
178	1163
179	1314
179	1060
179	1384
179	1081
179	1181
180	1122
180	1266
180	1385
180	1259
180	1456
181	1986
181	1315
181	1067
181	1421
181	1427
181	1204
181	1143
181	1080
182	1316
182	1492
182	1045
182	1400
182	1438
183	1042
183	1317
183	1160
183	1401
183	1082
183	1007
183	1120
184	2001
185	1428
185	1413
185	1417
185	1306
185	1183
186	1363
186	1318
186	1223
187	1396
187	1422
187	1319
187	1128
188	1987
188	1445
188	1478
188	1320
188	1321
188	1226
188	1393
188	1202
188	1425
188	1333
189	1475
189	1187
189	1300
189	1008
190	1322
190	1148
190	1125
190	1392
191	1009
191	1187
191	1351
191	1405
191	1167
192	1057
192	1192
192	1369
192	1323
192	1165
192	1279
193	1324
193	1318
193	2502
193	1484
193	1196
193	1103
194	1325
194	1326
195	1073
195	1014
195	2042
195	1036
195	1358
195	1134
195	1327
196	2017
196	1329
196	1330
196	1225
196	1328
197	1041
197	1010
197	1331
197	1332
197	1333
197	1367
197	1067
198	1281
198	1477
198	1031
198	1334
198	1271
198	1335
198	1049
198	1054
199	2531
199	1412
199	1385
199	1068
199	1303
199	1432
199	1179
199	1021
199	1336
200	1337
200	1106
200	1390
200	1014
201	1051
201	1112
201	1338
201	1339
201	1340
201	1229
202	1173
202	1341
203	1345
203	1409
203	1147
203	1342
203	1343
203	1344
204	1505
204	1346
204	1090
204	1347
204	1410
204	1480
204	1357
204	1262
204	1013
204	1340
204	1406
205	1457
205	1203
205	1348
205	1355
205	1118
206	1380
206	1349
206	1350
206	1479
206	1004
206	1135
206	1269
206	1272
207	1474
207	1301
207	1351
207	1352
207	1374
208	1125
208	1238
208	1083
208	1160
208	1290
208	1131
208	1272
209	1138
209	1140
209	1353
209	1354
209	1388
210	2507
210	1156
210	1113
210	1162
210	1467
210	1263
210	1200
211	1359
211	1410
211	1355
211	1356
211	1357
211	1358
211	1007
212	1268
212	1191
212	1360
213	1233
213	1361
213	1362
213	1363
213	1146
213	1307
213	1260
214	1364
214	1365
214	1350
214	1194
214	1099
214	2510
214	1419
215	1250
215	1253
215	1192
215	1230
215	1424
215	1205
215	1046
215	1366
215	1367
215	1431
215	1050
215	1115
215	1375
216	1089
216	1377
216	1378
216	1382
216	1292
216	1101
216	1485
216	1368
216	1369
216	1344
217	1081
217	1370
217	1371
218	1377
218	1336
218	1372
218	1373
218	1374
218	1375
218	1376
219	1378
219	1124
219	1188
219	1108
219	1312
219	1184
220	1001
220	1380
220	1379
220	1124
221	1378
221	1458
221	1381
221	1382
221	2026
222	1169
222	1346
222	1063
223	1385
223	1244
223	1383
223	1384
224	2019
224	1444
224	1415
224	1386
224	1387
224	1388
224	1298
224	1171
224	1363
224	1433
224	1504
225	1172
225	1237
225	1016
225	1389
225	1390
226	1146
226	1391
226	1392
227	1345
227	1314
227	1096
227	1449
227	1068
227	1393
227	1394
227	1395
227	1396
227	1141
227	1333
227	1052
227	1471
228	1345
228	1348
228	1030
228	1397
228	1398
228	1143
228	1240
228	1088
229	1138
229	1092
229	1316
229	1399
229	1242
229	1119
229	1232
230	1249
230	1282
230	1269
230	1400
230	1401
230	1402
230	1211
230	1276
230	1502
231	1282
231	1404
231	1111
231	1016
231	1403
231	1052
231	1072
232	1265
232	1093
232	1078
232	1002
232	1405
232	1406
233	1321
233	1370
233	1342
233	1446
234	1161
234	1407
234	1157
234	1207
235	1450
235	1028
235	1408
235	1424
236	1409
236	1410
236	1347
236	1411
236	1061
236	1480
236	1321
236	1034
236	2025
236	1234
236	1079
236	1213
236	1278
237	1427
237	1412
237	1045
237	1163
237	1054
237	2495
237	1408
238	1413
238	1253
238	1383
238	2041
238	1371
239	1414
239	1415
239	1447
239	1367
239	1261
240	1223
240	1416
240	1417
240	1147
240	1181
241	1026
241	1012
241	1239
241	1354
241	1418
241	1135
241	1419
242	1486
242	1020
242	1402
242	1420
242	1421
242	1262
242	1407
243	1297
243	1155
243	1173
243	1335
243	1036
243	1422
243	1376
244	1434
244	1283
244	1423
244	1424
245	1425
245	1426
245	1235
245	1427
245	1148
245	1069
245	1216
246	1377
246	1428
246	1429
246	1182
247	1220
247	1064
247	1430
247	1288
248	1051
248	1431
248	1432
248	1035
248	1244
248	1376
249	1090
249	1411
249	1075
249	1433
249	1264
250	1059
250	1434
250	1435
250	2493
250	1214
251	1506
251	1507
251	1508
251	1509
251	2025
251	1903
251	1685
251	1655
251	1630
252	1954
252	1621
252	1878
252	1975
252	1753
252	1918
252	1631
253	1890
253	1510
253	1511
253	1512
253	1513
253	1514
253	1520
253	1438
253	1855
254	1765
254	1960
254	1515
254	1547
254	1516
254	1806
254	1517
254	1518
254	1966
255	1779
255	1829
255	1818
255	1519
255	1520
256	1721
256	1606
256	1903
257	1521
257	1522
257	1523
257	1714
257	1651
257	2004
257	1816
258	1524
258	1525
258	1718
258	1515
258	1967
259	1665
259	1991
259	1772
259	1645
259	1519
259	1778
259	1526
259	1527
259	1528
259	1856
260	1634
260	1732
260	1734
260	2521
260	1529
260	2002
260	1491
260	1945
261	1530
261	1715
261	1621
262	1458
262	1539
262	1622
262	1866
262	2511
263	1531
263	1539
264	1619
264	1735
264	1799
264	1785
264	1532
264	1724
265	1466
265	1773
265	1926
265	2007
266	2515
266	1812
266	1548
266	1533
266	1600
267	1825
267	1698
267	2030
267	1712
267	1978
267	1820
267	1821
267	1534
267	1535
267	1536
268	1810
268	1588
268	1607
268	1659
268	1596
268	1663
269	1537
269	1879
269	2008
269	1724
269	1854
269	1791
270	2497
270	1538
270	1670
270	1928
270	1609
270	1675
271	1889
271	1539
271	1540
271	1541
271	1988
271	1643
271	1686
271	1910
271	2043
271	1693
272	1544
272	1542
272	1831
272	1543
272	1898
272	1775
272	1888
273	1794
273	1828
273	1545
273	1546
273	1547
273	1556
273	1851
273	1887
274	1922
274	1896
274	1548
274	1549
274	1453
274	1550
274	2029
274	1779
274	2519
275	1578
275	1487
275	1551
275	1553
275	1554
275	1555
275	1552
275	1856
276	1761
276	1592
276	1670
276	1584
276	1556
276	1557
276	1558
276	1559
276	1560
276	1911
276	1627
276	1599
277	1561
277	1562
277	1737
278	1746
278	1563
278	1797
278	1881
278	1867
278	1564
279	1566
279	1956
279	1932
279	1966
279	1904
279	1748
279	1526
279	1565
279	1726
279	1759
279	1632
280	1601
280	1827
280	1542
280	1930
280	2026
280	1772
280	1904
280	1567
281	1859
281	1924
281	1862
281	1840
281	1841
281	1943
281	1945
281	1658
281	1947
281	1568
282	1569
282	1507
282	1702
282	2487
282	1768
282	1807
283	1492
283	1929
283	2009
283	1689
283	1722
283	1755
283	1915
284	1570
284	1571
284	1572
284	1885
284	1800
284	1645
284	1808
285	1705
285	1891
285	1749
285	1573
286	1890
286	1989
286	1574
286	1575
286	1578
286	1883
286	1981
286	1982
287	1595
287	1876
287	1815
288	1577
288	1533
288	1518
288	1576
289	1578
289	1579
289	1580
289	1581
289	1582
289	1583
289	1712
289	1584
289	1820
290	1585
290	1901
290	1968
291	1850
291	1708
291	1869
291	1562
291	2048
292	1836
292	1548
292	1840
292	1586
292	2003
292	1718
292	1848
292	1593
293	1521
293	1587
293	1588
293	1589
293	1786
293	1644
294	1538
294	1639
294	1895
294	1741
294	1586
294	1590
294	2040
294	1657
294	1664
295	1908
295	1818
295	1754
295	1533
295	1694
295	1775
295	2496
296	1861
296	1824
296	1896
296	1517
296	1776
297	1675
297	1883
297	1591
297	1568
298	1593
298	1556
298	1557
298	1592
299	1747
299	2004
299	1769
299	1594
299	1819
299	2028
300	1937
300	1595
300	1591
301	1948
301	1863
301	1612
301	1844
301	1656
301	1596
301	1597
301	1598
301	1888
302	1601
302	1793
302	1752
302	1838
302	1599
302	1600
303	1602
303	1603
303	1604
303	1843
303	1800
303	2508
304	1534
304	1940
304	1605
304	1516
304	1742
304	1454
305	1905
305	1682
305	1731
305	1606
305	1817
305	1788
305	1742
306	1537
306	1666
306	1607
306	1608
306	1609
306	1610
306	1522
306	1882
306	1631
307	1976
307	1531
307	1611
307	1968
308	1693
308	1716
308	1612
308	1613
308	1822
309	1614
310	1506
310	1998
310	1615
310	1616
310	1617
310	1618
310	1811
310	1816
310	1849
311	1619
311	1620
311	1926
312	1897
312	1946
313	1898
313	1901
313	1807
313	1650
313	1621
313	1622
313	1623
313	1781
313	1878
313	1974
314	1633
314	1668
314	1831
314	1529
314	1801
314	1784
314	1805
314	1614
314	1721
314	1870
314	1558
314	1719
314	1624
314	1625
314	1626
315	1665
315	1641
315	1769
315	1935
315	1552
315	1750
315	1977
315	1627
315	1628
315	1629
315	1630
316	1497
316	1914
316	1965
316	2031
316	2512
317	1633
317	1924
317	1958
317	1642
317	1866
317	1581
317	1936
317	1873
317	1561
317	1631
317	1632
318	1634
318	1635
318	1636
318	1836
318	1708
318	2045
318	1969
318	1501
319	1860
319	1637
319	1638
319	1736
319	1899
319	2027
319	1468
319	1884
319	1983
320	1554
320	1511
320	1639
320	1610
320	2507
321	1641
321	1942
321	1640
322	1954
322	1811
322	1817
322	1642
322	1643
322	1644
323	1538
323	1645
323	1646
323	1647
323	1648
323	1649
323	2005
323	1787
323	1599
324	1702
324	1640
324	1832
324	1650
324	1651
324	1652
324	1780
324	1814
324	1756
325	1720
325	1646
325	1615
325	1488
325	1653
325	1654
325	1655
325	1656
325	1725
325	1983
326	1637
326	1654
326	1657
326	1501
326	1680
327	1700
327	1717
327	1658
327	1659
327	1660
327	1661
328	1874
328	1828
328	1988
328	1592
328	1662
329	2036
329	1607
329	2047
329	1465
329	1950
329	1663
329	1664
330	1665
330	1666
330	1667
330	1848
331	1841
331	1868
331	1943
331	1690
331	1723
331	1740
332	1669
332	1812
332	1668
333	1670
333	1961
333	1741
333	2046
333	1551
333	2032
334	1662
334	1671
335	1524
335	1673
335	1546
335	1467
335	1789
335	1695
336	1487
336	1743
336	1672
337	1777
337	1715
337	1590
337	1576
337	1545
337	1597
338	1575
338	2504
338	1673
338	1674
338	1869
339	1585
339	1894
339	1735
339	1675
339	1676
339	1677
340	1668
340	1678
340	1679
341	1681
341	1989
341	1629
341	1680
342	1634
342	1986
342	1830
342	1962
342	2511
342	1682
342	1778
342	1527
342	1531
343	1728
343	1683
343	1573
343	2524
343	1678
343	1744
344	1602
344	1570
344	1893
344	1809
344	1906
344	1460
344	1684
344	1942
344	2010
344	1824
345	1574
345	1931
345	1521
345	1523
345	1685
345	1686
345	1687
345	1688
345	1689
345	1909
345	1595
346	1939
346	1799
346	1690
346	1691
346	1692
346	1502
346	1535
347	1558
347	1720
348	1705
348	1825
348	1693
348	1640
349	1714
349	1749
349	1527
349	2494
349	1694
349	1695
349	1696
350	1697
350	1698
350	1699
350	2535
350	1801
350	1706
350	1649
350	1650
350	1849
351	1604
351	1701
351	1700
351	1514
351	1632
352	2034
352	1493
352	1813
353	1923
353	1702
353	1703
353	1457
353	1971
353	1461
353	2518
353	1981
354	1729
354	1704
354	1516
354	1837
354	1805
354	1902
354	1999
354	1625
355	1729
355	1761
355	1957
355	1766
355	1705
355	1706
355	1707
355	1865
355	1935
355	1686
355	1819
356	1789
356	1767
356	1802
356	1679
356	1616
356	1624
356	1821
356	1726
357	1510
357	1703
357	1452
357	1708
357	1709
357	1936
357	1651
357	1907
357	1941
357	1973
357	1752
357	1886
358	1842
358	1587
358	2011
358	1710
358	1711
359	1713
359	1956
359	1862
359	1712
360	1857
360	1598
360	2014
360	1714
360	1715
360	1587
360	1716
360	1717
360	1725
360	1566
361	1602
361	1795
361	1718
361	1719
361	1720
361	1488
362	1700
362	1798
362	1875
362	1525
362	1911
362	1753
362	1598
362	1567
363	1987
363	1939
363	1722
363	1591
363	1721
363	1690
363	1723
363	1980
364	1457
364	1498
364	1724
364	1725
364	1726
364	1727
364	1982
365	1729
365	1889
365	1667
365	1905
365	1579
365	1774
365	1728
366	1730
366	1795
366	1764
366	1829
366	1909
366	1593
367	1697
367	1731
367	1732
367	1669
367	1733
367	2506
367	1835
367	1839
367	1455
367	1873
368	1844
368	1912
368	1976
369	1734
369	1735
369	1736
369	1737
369	1738
369	1711
369	1586
369	1530
370	1794
370	1757
370	1994
370	1877
371	1937
371	2003
371	1929
371	1594
371	1739
372	1617
372	1782
372	1534
372	1568
373	1683
373	1861
373	1920
374	1950
374	1884
374	1710
374	1740
375	1543
375	1673
375	1900
375	1741
375	1742
375	1743
375	1744
375	1745
375	1618
375	2037
375	1728
376	1682
376	1746
376	1622
376	1464
376	1916
377	1561
377	1658
377	1747
377	1612
378	1763
378	1540
378	1930
378	1748
378	1717
378	1749
378	1687
378	1750
378	1751
378	2005
378	1691
379	1569
379	1867
379	1625
379	1580
379	1752
379	1753
379	1754
379	1947
379	1949
380	1922
380	1571
380	1882
380	1755
380	1660
381	1452
381	1517
381	1551
381	1455
381	1716
381	1756
381	1757
381	1758
382	2516
382	2012
382	1546
382	1852
382	1759
382	1871
382	1760
383	1761
383	1920
383	1855
383	1696
384	1762
384	1763
384	1764
384	1765
384	1639
384	1511
384	1952
385	2513
385	1846
385	1544
385	1695
385	1664
386	1944
386	1955
386	1776
387	1572
387	1766
387	1767
387	1933
387	1680
387	1490
387	1683
387	2015
388	1769
388	1770
388	1857
388	1768
389	1771
389	1740
389	1565
389	1780
390	1528
390	1512
390	1772
390	1773
390	1774
391	1969
391	1526
391	1927
391	1912
391	1804
392	1777
392	1778
392	1843
392	1860
392	1608
392	1775
392	1776
393	1979
393	1892
393	1512
393	1626
393	1963
393	1788
394	1698
394	1892
394	1770
394	1703
394	1674
394	1946
394	1600
395	1779
395	1780
395	1771
395	1582
395	1951
395	1984
396	1858
396	1893
396	1781
396	1941
396	1709
396	1678
397	1541
397	1577
397	1585
397	1782
397	1783
397	1944
397	1790
397	1535
398	1784
399	1826
399	1627
399	1934
399	1691
400	1633
400	2509
400	1581
400	1646
400	2513
400	1653
400	1785
400	1850
401	1532
401	1786
401	1787
401	1580
401	1788
401	1552
402	1553
402	1745
402	1643
402	1692
402	1789
402	1790
402	1567
403	1985
403	1746
403	2534
403	1450
403	1791
403	1792
404	1793
404	1570
404	1960
404	1770
404	1803
404	1808
404	1974
404	1914
404	1979
405	2522
405	1971
405	2517
405	1623
406	1793
406	1506
406	1733
406	1734
406	1758
406	1822
406	1972
406	2038
406	1757
406	1790
407	1794
407	1795
407	1796
407	1797
407	1798
407	1927
407	1513
407	1549
407	1494
407	1783
408	2498
408	1766
408	1799
408	1800
408	1801
408	1802
408	1838
408	1619
408	1876
408	1589
408	1915
409	1459
409	1605
409	1722
409	1676
409	1962
409	1952
410	1762
410	1796
410	1688
410	1803
410	1917
411	1804
411	1967
411	1582
411	1503
412	1906
412	1805
412	1919
413	1553
413	1813
413	1864
413	2505
413	1659
413	1964
413	1536
414	1507
414	1448
414	1642
414	1806
414	1518
414	1681
414	1938
414	2515
414	1440
415	1524
415	1783
415	1463
415	1706
415	1807
415	1808
416	1809
416	1940
416	1881
416	1978
416	1739
416	1597
416	1647
417	1542
417	1803
417	1710
417	1810
417	1811
417	1748
417	1812
417	1813
417	1751
417	1814
417	1877
417	1532
417	1692
418	1540
418	1508
418	1961
418	1899
418	1743
418	1815
418	1816
418	1594
419	1603
419	1709
419	1509
419	1817
419	1965
420	1697
420	1845
420	1449
420	1818
420	1577
420	1819
420	1583
421	1820
421	1608
421	1880
422	1832
422	1990
422	1543
422	1751
422	1657
422	1821
422	1822
423	1804
424	1699
424	1827
424	1972
424	1919
424	1823
425	1995
425	1955
425	1824
425	1641
425	1707
425	1456
426	1489
426	1671
426	1864
426	1913
426	1626
426	1806
427	1825
427	1826
427	1499
427	1858
427	1563
427	1694
428	1750
428	1827
428	1886
429	1635
429	1828
429	1895
429	1544
430	1923
430	1829
430	1830
430	1747
430	2006
430	1688
430	1785
430	1504
431	1523
431	1684
431	1831
431	1832
431	1833
431	1834
431	1503
432	1925
432	1833
432	1835
432	1900
432	1613
432	2028
432	1522
432	1874
432	2013
433	1787
433	1902
434	1784
434	1834
434	1707
434	1836
434	1837
435	1921
435	1763
435	1636
435	1837
435	1677
435	1839
435	1838
435	1519
435	1439
436	1841
436	1842
436	1907
436	1921
436	1802
436	1615
436	1840
437	1486
437	1872
437	1843
437	1844
437	1845
437	1719
437	1851
437	1758
438	1910
438	1847
438	1846
438	1613
438	1679
439	1849
439	1764
439	1791
439	1848
440	1730
440	1850
440	1852
440	1453
440	1530
441	1566
441	1865
441	2000
441	1648
441	1851
441	1852
441	1853
441	1854
442	1857
442	1858
442	1859
442	1525
442	1451
442	1855
442	1856
443	2001
443	1860
443	1861
443	1916
443	2510
443	1951
444	1908
444	1862
444	1863
444	1864
444	1672
444	2006
444	2044
445	1833
445	1865
445	1623
446	1515
446	2495
446	2039
446	1928
447	1537
447	1796
447	1768
448	1604
448	1948
448	1736
448	1866
448	1867
448	1932
448	1489
448	1842
448	1628
449	2035
449	1797
449	1529
449	1868
449	1869
450	1588
450	1704
450	1870
450	1871
450	1872
451	1649
451	1874
451	1873
451	1875
451	1953
451	1689
451	1823
452	1810
452	1876
452	1973
452	1624
453	1834
453	1877
453	1550
453	1959
454	1704
454	1609
454	1610
454	1514
454	1931
454	1992
454	2514
454	1878
454	1879
454	1880
455	1574
455	1676
455	1839
455	1620
455	1590
455	1881
455	1882
455	1918
455	1887
456	1571
456	1786
456	1755
456	1884
456	1883
457	1617
457	1985
457	1847
457	1853
457	1885
457	1760
458	1938
458	1879
458	1913
458	1886
458	1887
459	1889
459	1637
459	1767
459	1933
459	1648
459	1713
459	1727
459	1888
460	1890
460	1652
460	1654
460	1560
460	1545
460	1616
461	1891
461	1892
461	1893
461	1894
461	1563
461	1660
462	1826
462	1541
462	1895
462	1896
462	1897
462	1898
462	1611
462	1899
462	1900
462	1685
462	1628
463	1970
463	1635
463	1565
463	1990
463	1901
463	1902
464	1666
464	1699
464	1765
464	1510
464	1606
464	1737
464	1870
464	1903
464	1904
464	1495
464	1687
464	1661
464	1759
465	1905
465	1906
465	1907
465	1953
466	1908
466	1909
466	1815
466	1993
466	1500
466	1520
467	1505
467	1949
467	1853
467	1910
468	1957
468	1894
468	1513
468	1934
468	1912
468	1744
468	1911
468	1655
468	1913
469	1914
469	1915
469	1916
469	1917
469	1454
469	1504
470	1730
470	1667
470	1830
470	1918
470	1919
471	1921
471	1603
471	1589
471	1920
471	1576
471	1451
471	1760
472	1922
472	1923
472	1572
472	1644
472	1885
472	1696
473	1924
473	1925
473	1652
473	1579
473	1583
473	1984
474	1669
474	1926
474	1927
474	1928
474	1975
474	1562
474	1871
475	1618
475	1925
475	1980
475	1496
475	1674
475	1611
475	1756
476	1490
476	1701
476	1929
476	1930
476	1917
476	1872
477	1762
477	1554
477	1880
477	1738
477	1931
477	1932
477	1933
478	1731
478	1934
478	2520
479	1937
479	1938
479	1891
479	1555
479	1823
479	1935
479	1936
480	1996
480	1847
481	1939
481	1508
481	1661
481	1940
482	1601
482	1732
482	1875
482	1684
482	1941
482	1977
482	1469
482	1727
483	1701
483	1671
483	1547
483	1868
483	1997
483	1458
483	1942
483	1943
483	1944
483	1723
483	1436
484	1945
484	1636
485	1555
485	1528
485	1946
485	1835
485	1647
486	1614
486	1947
486	1948
486	1949
486	2030
487	2514
487	1951
487	1781
487	1963
487	1677
487	1502
487	1950
488	1953
488	1620
488	1462
488	1952
488	1564
488	1536
489	1954
489	1859
489	1955
489	1964
489	1711
489	1745
489	1782
489	1596
489	1792
490	1956
490	1557
490	1814
490	1957
490	1958
490	1754
490	1629
491	1605
491	1959
492	1653
492	1549
492	1550
492	1575
493	1505
493	2499
493	1573
493	1959
493	1960
493	1672
493	1961
493	1962
493	1792
494	1733
494	1897
494	2031
494	1584
494	1681
494	1713
494	1559
494	1854
495	1965
495	1559
495	1564
495	1963
495	1964
495	1773
496	1509
496	1638
496	1958
496	1739
496	2029
496	1966
496	1967
496	1968
496	1969
496	1970
496	2033
496	2512
496	1560
496	1663
497	1569
497	1777
497	1970
497	1971
497	1972
497	1798
497	1738
498	1973
498	1638
498	1662
498	1656
498	1974
498	1774
499	1846
499	1975
499	1976
499	1977
499	1771
499	1437
499	1456
500	1809
500	2002
500	1845
500	1863
500	1978
500	1979
500	1630
501	2122
501	2218
501	2453
501	2366
502	2049
502	2362
503	2050
503	2051
503	2052
503	2053
503	2088
503	2090
503	2123
503	2164
503	2456
503	2170
503	2236
504	2054
504	2055
504	2056
504	2057
504	2058
504	2059
504	2343
504	2385
505	2066
505	2174
505	2360
505	2060
505	2061
505	2062
506	2068
506	2406
506	2252
506	2063
506	2064
507	2065
507	2098
507	2371
507	2236
508	2066
508	2067
508	2214
508	1463
508	2232
508	2110
509	2068
509	2069
509	2199
509	2408
509	2060
509	2304
510	2125
510	2194
510	2070
510	2071
510	2072
510	2332
510	2110
510	2175
510	1470
511	2050
511	2360
511	2073
511	2282
511	2204
511	2126
512	2074
512	2075
512	2076
512	2294
513	2455
513	2077
513	2078
513	2079
513	2080
514	2081
514	2082
514	2089
514	2131
514	2355
514	2135
514	2263
514	2233
515	2354
515	2083
515	2084
515	2085
515	2307
515	2265
515	2250
516	2049
516	2086
516	2087
516	2077
516	2112
517	2262
517	2088
517	2089
517	2382
517	2095
518	1491
518	2323
518	2085
518	2090
518	2091
518	2479
518	2272
519	2092
519	2219
519	2324
520	2210
520	2421
520	2328
520	2093
520	2094
521	2345
521	2158
521	2095
521	2240
522	2041
522	2097
522	2096
523	2098
523	2099
523	2100
523	2036
523	2086
523	2364
523	2111
524	2101
524	2102
524	2199
524	2032
525	2402
525	2527
525	2103
525	2154
525	2283
525	2319
525	2480
526	2530
526	2292
526	2037
526	2104
526	2105
526	2301
527	2054
527	2300
527	2526
528	2469
528	2107
528	2455
528	2106
528	2427
529	2468
529	2116
529	2454
529	2108
529	2109
530	2353
530	1986
530	1989
530	2277
530	2475
530	2110
531	2461
531	2255
531	2302
531	2111
532	2113
532	2114
532	2115
532	2529
532	2066
532	2326
532	2300
532	2112
533	2155
533	2407
533	2102
533	2167
534	2436
534	2119
534	2444
534	2221
534	2128
534	2200
534	2365
534	2207
535	2116
535	2438
535	2314
535	2327
535	2058
535	2235
536	2169
536	2117
536	2158
536	2239
537	2130
537	2118
537	2119
537	2120
537	2121
537	2470
538	2316
538	2280
538	2122
538	2123
538	2124
538	2093
539	2488
539	2308
539	2377
539	2125
539	2126
539	2127
539	1459
539	2328
539	2397
540	2129
540	2387
540	2472
540	2477
540	2128
541	2473
541	2130
541	2420
542	2131
542	2132
542	2133
542	2152
542	2043
542	2096
543	2516
543	2134
543	2135
543	2136
543	2220
543	2528
544	2306
544	2153
544	2138
544	2139
544	2137
544	2443
545	2022
545	2279
545	2379
545	2159
545	2447
545	2170
545	2140
545	2525
545	2303
545	2016
546	2054
546	1993
546	2409
546	2197
546	2134
546	2108
546	2141
546	2142
546	2143
546	2144
547	2145
547	2101
547	2185
547	2314
547	2381
547	2094
547	2478
548	2146
548	2088
548	2137
548	2363
548	2092
548	2446
548	2079
549	2282
549	2340
549	2165
549	2476
550	2147
550	2148
550	2256
551	2297
551	2138
551	2149
551	2150
552	2033
552	2338
552	2482
552	2151
552	2152
552	2153
552	2103
553	2154
553	2155
553	2156
553	2431
554	2157
554	2310
554	2008
555	2160
556	2306
556	2147
556	2418
556	2105
556	2028
556	2158
556	2304
557	2161
557	2260
557	2413
557	2398
557	2159
557	2160
558	2308
558	2162
558	1460
558	2284
559	2067
559	2166
559	2055
559	2335
560	2049
560	2025
560	2091
560	2127
560	2033
560	2163
560	2164
560	2166
561	2017
561	2162
561	2245
561	2405
561	2165
562	2050
562	2277
562	2166
562	2342
562	2329
562	2074
562	2399
563	2339
563	2167
563	2168
563	2093
563	2368
564	2181
564	2349
564	2098
564	2169
564	2170
564	2171
564	2172
564	2173
564	2174
564	2144
565	2177
565	2056
565	2537
565	2230
565	2176
565	2043
565	2460
565	2175
565	1472
566	2321
566	2162
566	2393
567	2178
567	2179
567	2275
567	2411
567	2348
568	2034
568	2180
568	2186
568	2044
568	2078
569	2051
569	2181
569	2182
569	2183
569	2184
569	2469
569	2283
570	2185
570	2186
570	2187
570	2188
570	2189
570	2427
570	2459
570	2065
570	2257
570	2295
570	2203
570	2464
571	2129
571	2356
571	2118
571	2247
571	2380
571	2477
572	2177
572	2268
572	2253
572	2190
572	2191
573	2139
573	2216
574	2466
574	2287
574	2009
574	2186
574	2157
574	2265
574	2192
575	2193
575	2210
575	2322
575	2137
575	2190
576	1441
576	2211
576	2057
576	2410
576	2075
577	2194
577	2195
577	2026
577	2123
577	2064
578	2114
578	2338
578	2373
578	2151
578	2217
578	2154
578	2196
578	2197
578	2198
578	2395
578	2237
579	2372
579	2358
579	2199
579	2200
579	2201
579	2202
579	2203
579	2238
580	2130
580	2315
580	2102
580	2446
581	2369
581	2245
581	2117
581	2439
581	2525
581	2204
581	2205
582	2378
582	2347
582	2206
583	2209
583	2151
583	2376
583	2462
583	2207
583	2208
584	2210
584	2116
584	2228
584	1990
584	2263
584	2391
584	2286
585	2211
585	2212
585	2213
585	2471
585	2176
586	2140
586	1494
586	2424
586	2072
587	2113
587	2095
587	2287
588	2275
588	2278
588	2214
588	2215
588	2414
588	2416
588	2161
588	2336
589	2100
589	2198
589	2216
589	2348
589	2013
589	2462
589	2176
590	2401
590	2465
590	2278
590	2443
590	2284
591	2161
591	2330
591	2217
592	2218
592	2468
592	2341
593	2257
593	2148
593	2324
593	2214
593	2219
593	2220
594	2018
594	2269
594	2426
594	2221
594	2222
594	2431
595	2370
595	2226
595	2212
595	2425
595	2223
595	2224
596	2225
596	2226
596	2227
596	2411
596	2428
596	2528
597	2045
597	2367
598	2258
598	2083
598	2403
598	2196
598	2228
599	2146
599	2355
599	2340
599	2229
599	2246
599	1470
600	2187
600	2451
601	2305
601	2230
601	2231
601	2218
601	2060
602	2291
602	2389
602	2232
602	2233
602	2234
602	2235
602	2527
603	2481
603	2070
603	2232
603	2236
603	2237
603	2238
603	2239
604	2241
604	2289
604	2456
604	2132
604	2309
604	2248
604	2240
605	2165
605	2375
606	2145
606	2242
606	2243
606	2244
606	2058
606	2475
606	2421
606	2359
607	2245
607	2246
607	2247
607	2248
607	2249
607	2349
607	2358
607	2173
608	2389
608	1496
608	2250
608	2251
608	2076
608	2285
609	2251
609	2027
609	2454
610	2422
610	2090
610	2252
610	2334
610	2223
611	2145
611	2023
611	2253
611	2254
611	2097
611	2225
611	2487
611	2108
612	2225
612	2051
612	2351
612	2255
613	2042
613	2432
614	2091
614	2256
614	2257
614	2258
614	2259
614	2260
614	2261
614	2262
615	2084
615	2393
615	2230
615	2263
615	2264
615	2169
615	1471
616	2434
616	2265
616	2266
616	2412
616	2205
616	2400
617	2417
617	2267
617	2182
618	2269
618	2317
618	2217
618	2268
618	2189
618	2270
618	2271
619	2250
619	2276
619	2071
619	2272
620	2148
620	2152
620	2425
620	2429
620	1471
621	2433
621	2261
621	2440
621	2442
621	2526
622	2065
622	2458
622	2372
622	2293
623	2171
623	2404
623	2046
623	2047
624	2273
624	1442
624	2212
624	2104
624	2059
625	2274
625	2439
625	2094
625	2327
625	2296
625	2426
625	2461
625	2106
626	2330
626	2275
626	2276
627	2277
627	2278
628	2153
628	2395
628	2279
628	2280
629	2133
629	2120
630	2269
630	2405
631	2281
631	2019
631	2333
632	2266
632	2282
632	2283
632	2124
632	2285
632	2366
632	2284
633	2339
633	2312
633	2089
633	2286
633	2287
633	2288
633	2201
633	2073
634	2289
634	2305
634	1995
635	2290
635	2163
635	2068
635	2264
635	2187
636	2465
636	2084
637	2274
637	2247
637	2381
637	2126
637	2291
637	2292
637	2293
637	2168
637	2429
638	2052
638	2294
638	2038
638	2295
638	2296
638	2172
638	2352
639	2291
639	2483
639	2297
639	2298
639	2479
640	2367
640	2457
640	2172
640	2333
640	2063
641	2536
641	2303
641	2239
641	2078
641	2351
642	2099
642	2299
642	2430
642	2223
642	2384
643	2322
643	2233
643	2267
643	2299
643	2300
643	2317
643	2160
644	2500
644	2420
644	2301
644	2341
645	2305
645	2274
645	2434
645	2302
645	2303
645	2304
646	2306
646	2307
646	2069
646	2326
646	2422
646	2219
646	2109
647	2243
647	2308
647	2115
647	2313
647	2011
648	2242
648	2053
648	2309
648	2188
648	1469
648	2272
649	2179
649	2276
649	2310
649	2119
649	2346
649	2414
649	2415
649	2396
649	2173
650	2369
650	2433
650	2371
650	2311
650	2183
650	2312
650	2318
650	2259
650	2359
650	2423
650	2175
650	2112
651	2313
651	2141
651	2063
651	2280
652	2226
652	2202
652	2452
652	2314
652	2315
652	2428
652	2335
653	2374
653	2375
653	2313
653	2347
653	2316
653	2317
653	2318
653	2382
653	2448
653	2289
653	2489
654	2242
654	2403
654	2215
654	2459
654	2064
655	2124
655	2318
655	1992
656	2243
656	2067
656	2325
656	2319
656	2320
657	2473
657	2445
657	2224
657	2321
657	2322
657	2323
657	2032
657	2201
657	2432
658	1492
658	2444
659	2356
659	2324
659	2325
659	2311
659	2408
659	2190
660	1461
660	2326
660	2327
660	2361
660	2400
661	2307
661	1988
661	2440
661	2227
661	2132
661	2296
661	2329
661	2394
661	2328
662	2467
662	2163
662	2182
662	2330
662	2478
662	2383
663	2297
663	2441
663	2270
663	2200
664	2260
664	2070
664	2489
664	2331
664	2174
665	2035
665	2292
665	2229
665	2295
665	2362
665	2125
665	2398
666	2377
666	1482
666	2409
666	2191
666	2097
666	2134
666	2519
666	2332
666	2333
666	2334
667	2180
667	2343
667	2216
667	2460
667	2336
668	2337
668	2399
668	2335
668	2336
669	2338
669	2256
669	2288
669	2476
669	2111
669	2192
670	2241
670	2323
670	2380
670	2135
670	2458
670	2220
670	2238
671	2081
671	2417
671	2339
671	2340
671	2341
672	2177
672	2085
672	2342
672	2343
672	2344
672	2249
672	2345
672	2388
672	2452
672	1980
672	2205
673	2286
673	2346
673	2142
674	2490
674	2347
674	2348
674	2349
674	2350
674	2079
675	2376
675	1997
675	2351
675	2352
675	2193
675	2194
675	2353
675	2484
675	2390
675	2394
675	2331
676	1474
676	2181
677	2057
677	2346
677	2350
677	2254
677	2354
677	2099
677	2355
677	2356
677	2357
677	2042
678	2290
678	2342
678	2191
679	2419
679	2358
679	2359
679	2424
679	2155
679	2255
680	2273
680	2211
680	2373
680	2450
680	2360
680	2361
680	2362
680	1468
681	2310
681	1993
681	2448
681	2193
681	2039
681	2071
681	2363
681	2206
682	2301
682	2167
682	2202
682	2364
682	2365
683	2383
683	2075
683	2261
683	2107
683	2366
683	2367
683	2368
684	2369
684	2370
684	2029
684	2086
685	2410
685	2371
685	2156
686	2241
686	2401
686	2372
686	2373
686	2474
686	2449
686	2227
686	2234
687	2149
687	2294
687	2374
688	2375
688	2407
688	2376
689	2386
689	2197
689	2259
689	2149
690	2146
690	2246
690	2087
690	2215
690	2377
690	2378
690	2157
690	2159
690	2104
691	2055
691	2072
691	2105
691	2379
691	2188
691	2045
691	2430
692	2388
692	2380
692	2021
692	2381
693	2386
693	2258
693	2437
693	2092
693	2382
693	2383
694	2385
694	2195
694	2168
694	2046
694	2384
695	1473
695	2386
695	2387
695	2244
695	2208
696	2388
696	2221
696	2030
696	2374
697	2052
697	2109
697	2447
697	2389
698	2164
698	2047
698	2524
698	2234
698	2316
698	2415
699	2073
699	2391
699	2390
699	2311
700	2523
700	2285
700	2150
701	2404
701	2053
701	2140
701	2320
701	2196
701	2392
701	2332
701	2208
702	2438
702	2393
702	2394
702	2203
702	2222
703	2113
703	2312
703	2122
703	1994
703	2395
703	2491
703	2396
703	2206
704	2139
704	2445
704	2398
704	2418
704	2325
704	2357
704	2392
704	2235
704	2397
704	2270
704	2271
705	2399
705	2298
705	2471
706	2031
706	2319
707	2400
707	2357
707	2128
707	2368
708	2401
708	2344
709	2402
709	2403
709	2404
709	2405
709	1991
709	2044
709	2231
709	2076
710	2081
710	2466
710	2406
710	2407
710	2408
710	2281
710	2061
710	2419
710	2136
711	2409
711	2467
711	2080
712	2138
712	2178
712	2435
712	2410
712	2411
712	2412
712	2222
713	2189
713	2213
713	2414
713	1991
713	2413
713	2142
713	2415
714	2417
714	2114
714	2418
714	2288
714	2406
714	2416
715	1987
715	2419
715	2361
715	2457
715	2254
716	2420
716	2485
716	2334
716	2279
717	2421
717	2422
717	2423
717	2184
717	2501
717	2517
717	2224
718	2213
718	2425
718	2120
718	2121
718	2426
718	2156
718	2424
719	2209
719	2273
719	2354
719	2390
719	2299
719	2427
720	2129
720	2179
720	2428
720	2429
720	2430
720	2480
721	2433
721	2434
721	2435
721	2436
721	2437
721	2207
721	2431
721	2432
722	2438
722	2087
722	2059
722	2141
722	2198
722	2010
722	2237
722	2302
723	2435
723	2439
723	2440
723	2441
723	2442
723	2392
724	2443
724	2444
724	2445
724	2062
725	2209
725	2267
725	2192
726	1493
726	2264
726	2363
726	2062
726	2446
727	2083
727	2231
727	2106
727	2447
727	2240
728	2082
728	2040
728	2041
728	2379
728	2413
729	2117
729	2315
729	2061
729	2448
729	2035
729	2069
729	2293
729	2329
729	2331
729	2143
730	2337
730	2441
730	2449
731	2470
731	2344
731	2450
731	2387
731	1462
731	2266
731	2397
731	2463
732	2024
732	2101
732	2180
732	1992
733	2131
733	2452
733	2451
733	2453
733	2423
733	2048
734	2321
734	2454
734	2391
734	2472
734	2345
734	2107
735	2290
735	2020
735	2021
735	2184
735	2464
735	2127
735	2416
736	2364
736	2451
736	2121
736	2204
736	2048
737	2370
737	2436
737	2133
737	2455
737	2456
737	2185
737	2474
738	2457
738	2195
738	2252
739	2074
739	2178
739	2012
739	2253
740	1481
740	1996
741	2449
741	2103
741	2458
741	2459
741	2460
741	2352
742	2082
742	2171
742	2077
742	2143
743	2309
743	2056
743	2248
743	2034
743	2100
743	2461
743	2462
743	2080
744	2450
744	2118
744	2262
744	2518
744	2365
744	2463
745	2465
745	2402
745	2147
745	2466
745	2467
745	2251
745	2320
745	2096
745	2384
745	2486
745	2463
745	2464
746	2115
746	2468
746	2281
746	2385
746	2228
746	2007
746	1495
746	2271
746	2144
747	2353
747	2469
747	2470
747	2183
747	2471
747	2378
747	2412
748	2337
748	2229
748	2150
748	2472
748	2473
748	2442
748	2474
749	2244
749	2437
749	2249
749	2350
749	2268
749	2136
749	2488
749	2396
750	2481
750	2453
750	2298
750	2475
750	2476
751	2835
751	2748
751	2875
752	2504
752	2538
752	2606
752	2991
752	2738
752	2516
752	2520
752	2908
753	2660
753	2024
753	2601
753	2539
753	2668
753	2958
753	2962
753	2521
753	2621
753	2911
754	2737
754	1482
755	2691
755	2710
755	2810
755	2540
755	2541
755	2542
756	2693
756	2757
756	1481
756	2698
756	2543
756	2544
756	2481
756	2847
757	2503
757	2545
757	2546
757	2547
757	2548
757	2549
757	2642
757	2591
758	2756
758	2550
758	2615
758	2552
758	2551
758	2731
758	2553
759	2641
759	2554
759	2732
759	2574
760	2036
760	1477
760	2534
760	2556
760	2555
760	2540
760	2959
761	2595
761	2932
761	2557
761	2806
762	2673
762	2833
762	2942
762	2891
762	2558
762	2559
762	2560
763	2529
763	2561
763	2563
763	2562
763	2616
763	2634
763	2879
764	2564
764	2565
764	2566
764	2477
764	2867
764	2741
764	2808
764	2717
764	2976
765	2978
765	2787
765	2790
765	2567
765	2934
766	2569
766	2817
766	2612
766	2568
767	2881
767	2758
767	2570
767	2606
767	2543
768	2578
768	2772
768	2820
768	2646
768	2685
768	2639
769	2626
769	2659
769	2950
769	2666
769	2571
769	2572
769	2573
769	2574
769	2004
769	2773
770	2502
770	2890
770	2922
770	2575
770	2576
770	2001
770	2577
770	2903
770	2969
770	2751
771	2578
771	2579
771	2549
771	2967
771	2600
771	2780
771	2990
772	2916
772	2580
772	2581
772	2745
772	2955
773	2604
773	2767
773	2582
773	2671
774	2882
774	2852
774	2559
774	2940
774	2895
775	2502
775	2583
775	2584
775	2585
775	2571
775	2733
776	2625
776	2586
776	2611
776	2713
777	2854
777	2904
777	2587
777	2588
777	2589
778	2626
778	2599
778	2617
778	2685
778	2590
778	2591
779	2593
779	2563
779	2661
779	2886
779	2877
779	2982
779	2665
779	2761
779	1466
779	2813
779	2592
780	2793
780	2594
781	2595
781	2596
781	2564
781	2597
781	2598
781	2797
781	1485
781	2925
781	2769
781	2814
782	1485
782	2598
782	2599
783	2601
783	2602
783	2832
783	2600
784	2603
784	2005
784	2680
785	2604
785	2605
786	2965
786	2582
786	2695
786	2008
786	2636
786	2736
787	2606
788	2597
789	2679
789	2688
789	2523
789	2669
789	2607
789	2608
790	2913
790	1475
790	2979
790	2630
790	2568
790	2728
790	2824
790	2609
790	2610
791	2707
791	2828
791	2613
791	2494
792	2611
792	2628
792	2853
792	1480
793	2564
793	2985
793	2763
793	2572
793	2670
793	2612
793	2613
793	2749
794	1985
794	2968
794	2869
794	2662
794	2614
794	2711
794	2870
795	2937
795	2615
795	2775
795	2521
795	2812
795	2782
795	2928
796	2616
796	2617
796	2780
796	2573
796	2495
796	2720
797	2660
797	2808
797	2618
797	2619
797	2736
798	2673
798	2758
798	2681
798	2923
798	2620
798	1998
799	2561
799	1474
799	2694
799	2604
799	2733
799	2829
799	2778
799	2621
799	2622
800	2625
800	2678
800	2680
800	2623
800	2624
801	2561
801	2626
801	2627
801	2700
802	2628
802	1445
802	2575
803	2803
803	2629
803	2926
804	2627
804	2848
804	2630
804	2631
804	2503
804	2496
805	2705
805	2953
805	2632
805	2633
805	2745
806	2834
806	2789
806	2919
806	2904
806	2656
807	2917
807	2696
807	2634
807	2635
807	2636
807	2865
807	2550
807	2910
807	2815
808	2905
808	2977
808	2620
808	1447
809	2852
809	2692
809	2880
809	2781
809	2590
809	2624
810	2637
810	2638
810	1479
810	2760
811	2639
811	2640
812	2951
812	2641
812	2867
812	2841
812	2587
812	2525
812	2591
812	1984
813	2530
813	2642
813	2643
813	2644
813	2605
814	2545
814	2002
814	2531
814	2707
815	2645
815	2590
815	2816
816	2497
816	2883
816	2861
816	2646
816	2647
816	2648
816	2649
816	2650
816	2971
817	2706
817	2551
817	2730
817	2651
817	2652
817	2653
818	2657
818	2658
818	2945
818	2804
818	2654
818	2655
818	2656
819	2913
819	2659
819	2660
819	2661
819	2947
819	2858
819	2541
820	2500
820	2534
820	2662
820	2663
820	2664
820	2694
820	2791
820	2960
821	2665
821	2725
821	2777
822	2666
822	2667
822	2954
822	2734
822	2901
822	2933
822	2520
822	2015
822	2848
823	2889
823	2857
823	2668
823	2669
823	2975
824	2562
824	2794
824	2670
824	2511
824	2671
824	2801
824	2672
824	2967
824	2874
824	2973
824	2622
825	2673
825	2674
825	2675
825	2676
825	1994
825	2799
826	2532
826	2484
826	2677
826	2837
826	2716
826	2526
826	2911
826	2592
827	2884
827	2566
827	2950
827	2986
827	2674
827	2678
827	2679
827	2839
827	2873
827	2492
827	2652
827	2909
828	2681
828	2483
828	2725
828	2680
829	2628
829	2903
829	2682
829	2907
829	2575
830	2737
830	2683
830	2964
830	2864
831	2721
831	2765
831	2609
831	2897
831	2581
831	2969
831	2843
831	2684
831	2845
831	2751
832	2529
832	2863
832	2531
832	2823
832	2685
832	2686
832	2687
833	2689
833	2690
833	2817
833	2662
833	2688
834	2657
834	2818
834	2691
834	2961
834	2984
834	2654
835	2692
835	2517
835	2568
835	2649
835	2655
836	2834
836	2693
836	2694
836	2632
836	2921
837	2809
837	2695
837	2696
837	2782
837	2843
837	2718
837	2639
838	2723
838	2964
838	2837
838	2552
838	2697
838	2698
839	2689
839	2980
839	2677
839	2699
839	2512
840	2915
840	2629
840	2983
840	2570
840	2731
840	2700
840	2701
840	2702
840	2607
840	2711
841	2482
841	2851
841	2663
841	2536
841	2505
841	2619
842	2755
842	2643
842	2703
842	2704
843	2705
843	2706
843	2570
843	1995
843	2959
843	2971
844	2707
844	2708
844	2709
844	2710
844	2876
845	2961
845	2565
845	2711
845	2712
845	2713
845	2683
845	2829
846	2548
846	2637
846	2615
846	2816
847	2595
848	2697
848	2714
848	2715
848	1500
848	2716
848	2686
849	2885
849	2763
849	2861
849	2003
849	2934
849	2744
849	2717
849	2718
849	2719
850	2691
850	2822
850	2811
850	2764
850	2939
850	2720
851	2721
851	2722
851	2723
851	2724
851	2759
851	2602
851	2989
851	2768
851	2970
851	2813
852	2849
852	2797
852	2552
853	2725
853	2726
853	2727
853	2759
853	2700
853	2642
853	2962
853	2842
853	2752
854	2546
854	2935
854	2728
855	2802
855	2040
855	2729
855	2621
855	2815
856	2730
856	2979
857	2892
857	2731
857	2732
857	2733
857	2734
857	2703
857	2735
858	2905
858	2522
858	2893
858	2910
858	2576
859	2737
859	2594
859	2738
859	2739
859	2736
860	1478
860	2918
860	2762
860	2635
860	2795
860	2986
860	2929
860	2740
861	2684
861	2726
862	2738
862	2868
862	2741
862	2742
862	2651
862	2684
863	1444
863	2885
863	2743
863	2951
863	2651
863	2875
864	2574
864	2037
864	2744
864	2506
864	2798
865	2630
865	2887
865	2862
865	2830
865	2928
865	2745
865	2746
865	2747
865	2556
865	2718
866	2946
866	2490
866	2748
866	2749
866	2750
867	2753
867	2722
867	2895
867	2643
867	2647
867	2622
867	2751
867	2752
868	2754
868	2723
868	2890
868	2667
868	2894
868	2576
868	2513
868	1981
868	2846
869	2754
869	2755
869	2981
869	2631
869	2825
869	2541
870	2947
870	2007
870	2569
870	2507
870	2781
870	1999
871	2756
871	2757
871	2789
871	2015
871	2799
872	2849
872	2565
872	2758
872	2759
872	2760
872	2761
872	2666
872	2762
872	2893
872	2623
873	2981
873	2681
873	1498
873	2763
873	2860
873	2859
873	2800
874	2682
874	2914
874	2596
874	2648
874	2586
874	2764
874	2010
875	2569
875	2765
875	2766
875	2638
875	2674
875	2838
875	2809
875	2014
875	2847
876	2640
876	2796
876	2767
876	2768
877	2769
877	2770
877	2739
877	2771
877	2648
877	2542
878	2698
878	2547
878	2772
878	2773
878	2486
878	2774
878	2963
878	2966
879	2775
879	2776
879	2601
879	2778
879	2871
879	2620
880	2641
880	2778
880	2777
880	2970
880	2779
881	2785
881	2567
881	2539
881	2670
881	2609
881	2612
881	2906
881	2714
881	2779
881	2748
881	2493
882	2833
882	2781
882	2972
882	2715
882	2780
882	2717
882	2783
883	2545
883	2023
883	2872
883	2588
883	2858
883	1996
883	2960
884	2785
884	2892
884	2831
884	2896
884	2014
884	2580
884	2038
884	2782
884	2783
884	2784
885	2714
885	2786
886	2938
886	2671
886	2840
887	2787
887	2788
887	2533
887	2804
888	2866
888	2789
888	2790
888	2489
888	2543
889	2883
889	2791
889	2792
889	2571
889	2508
889	2764
889	2646
889	2870
889	2655
890	2593
890	2690
890	2884
890	2793
891	2633
891	2794
891	2795
891	2796
891	2581
891	2553
891	2491
891	2719
892	2770
892	2797
892	2798
892	2799
893	2791
893	2863
893	2800
893	2801
893	2802
893	2803
893	2583
893	2554
894	2787
894	2804
894	2805
894	2830
895	2952
895	2806
895	2807
895	2536
895	2902
895	2783
895	2800
896	2618
896	2675
896	2699
897	2809
897	2701
897	2808
898	2984
898	2697
898	2675
898	2740
898	2810
898	2811
898	2812
898	2558
899	2922
899	2514
899	2813
899	2838
900	2645
900	2619
900	2683
900	2555
900	2812
900	2814
900	2815
900	2816
901	2817
901	2818
901	2706
901	2819
901	2729
901	2747
901	2939
902	2850
902	2820
902	2752
902	2899
902	2740
902	2932
902	2807
902	2560
903	2769
903	2821
903	2822
904	2823
904	2668
904	2990
904	2656
904	2544
905	2721
905	2741
905	2983
905	2824
905	2825
906	2689
906	2946
906	2915
906	2953
906	2826
906	2538
906	2827
906	2828
906	2734
906	2640
907	2530
907	2860
907	2829
907	2605
907	2830
907	2831
907	2039
907	2811
908	2833
908	2658
908	2760
908	2985
908	2832
909	2844
909	2834
909	2835
909	2535
909	2954
909	2924
909	2992
910	2826
910	1483
910	2836
910	2798
911	2856
911	2765
911	2607
911	2610
911	2771
911	2866
911	2837
911	2838
912	2920
912	2603
912	2732
912	2702
912	2608
912	2739
912	2868
912	2839
912	2840
912	2841
912	2842
913	2498
913	2873
913	2843
913	2844
913	2927
913	2896
914	2865
914	2898
914	2563
914	2708
914	2566
914	1483
914	2927
915	2937
915	2667
915	2956
915	2845
915	2846
915	2847
915	2624
916	2657
916	2849
916	2499
916	2850
916	2851
916	2726
916	2540
916	2768
916	2805
916	2650
916	2555
916	2941
916	2559
916	2848
917	2593
917	2852
917	2853
917	2792
918	2841
918	2900
918	1997
918	2551
919	2594
919	2754
919	2854
919	2855
919	2956
919	2573
919	2544
919	2644
919	2773
919	2839
919	2744
920	2857
920	2856
921	2801
921	2786
921	2821
921	2949
921	2727
921	2654
922	2916
922	2858
922	2859
922	2860
922	2558
923	2818
923	2889
923	2665
923	2930
923	2611
923	2645
923	2550
923	2490
924	2977
924	2936
924	2861
924	2862
924	2863
925	1473
925	2579
925	2775
925	2600
925	2635
925	2719
925	2784
926	2865
926	2708
926	2598
926	2776
926	2955
926	2846
926	2864
927	1443
927	2632
927	1982
927	2992
927	2547
927	2805
927	2584
927	2814
927	2912
928	2866
928	2676
928	2855
928	2776
928	2936
929	2897
929	2515
929	2596
929	2661
929	2867
929	2567
930	2868
930	2869
930	2701
930	2943
930	2864
931	2881
931	2899
931	2532
931	2929
932	2980
932	1476
932	2709
932	2870
932	2669
933	2918
933	1465
933	2603
933	2827
933	2988
933	2871
933	2872
933	2873
933	2874
934	2756
934	2871
934	2584
934	2875
934	2876
934	2975
935	2898
935	2688
935	2599
935	2728
936	2753
936	2945
936	2966
936	2586
936	2877
936	2878
937	2881
937	2478
937	2479
937	2644
937	2806
937	2488
937	2682
937	2879
937	2880
938	2882
938	2883
938	2884
938	2687
938	2509
938	2703
938	2000
938	2653
938	2879
939	2627
939	2885
939	2886
939	2887
939	2888
939	2923
939	2869
939	2013
940	2537
940	2836
940	2647
941	2753
941	2485
941	2012
941	2889
941	2796
941	2672
942	2914
942	2890
942	2554
942	2850
943	2949
943	2727
943	1484
943	2957
943	2579
943	2963
943	2583
943	2589
943	2880
944	2692
944	2948
944	2792
944	2825
944	2891
944	2892
944	2893
944	2894
944	2931
944	2965
944	2712
944	2906
944	2912
945	2613
945	2845
945	2895
945	2896
946	2535
946	2617
946	2897
946	2898
946	2835
946	2899
946	2900
946	2649
946	2557
947	2920
947	2987
947	1484
947	2901
947	2616
947	2011
947	2557
947	2686
948	2548
948	2902
949	2788
949	2636
949	2904
949	2774
949	2903
949	2712
949	2905
949	2906
949	2779
949	2941
950	2978
950	2882
950	2900
950	2919
950	2907
950	2988
951	2770
951	2930
951	2840
951	2908
951	2909
951	2910
952	2952
952	2676
952	2911
952	2912
953	2705
953	2693
953	2678
954	2886
954	2790
954	2742
954	2921
954	2538
954	2987
954	2972
955	2913
955	2822
955	2663
955	2696
955	2935
955	2766
955	1983
956	2914
956	2597
956	2968
956	2633
956	2522
956	2827
957	2915
957	2580
957	2729
957	2973
957	2713
957	2704
958	2916
958	2917
958	2918
958	2788
959	2819
959	2766
959	2919
959	2480
960	2724
960	2920
960	2921
960	2652
960	2991
961	2749
961	2922
961	2923
961	2924
961	2925
962	2722
962	2855
962	2664
962	2924
962	2926
962	2927
962	2585
962	2653
963	2887
963	2602
963	2735
963	2928
963	2929
963	2930
963	2931
963	2518
963	2872
963	2009
963	2746
963	2907
963	2974
963	2720
964	2802
964	2932
964	2982
964	2878
964	2894
964	2750
964	2767
965	2562
965	2572
965	2862
965	2542
965	2926
965	2933
965	2715
965	2876
965	2623
965	2560
966	2659
966	2724
966	2948
966	1497
966	2704
967	2588
967	2672
967	2936
967	2934
967	2487
967	2935
967	2777
967	2844
967	2877
968	2874
968	2888
968	2937
968	2938
968	2939
968	2940
969	2819
969	2803
969	2679
969	2826
969	2941
970	2925
970	2942
970	2943
970	2944
971	2945
971	2946
971	2851
971	2947
971	2948
971	2891
971	2577
971	2006
972	2553
972	2634
972	2917
973	2625
973	2610
973	2949
973	2747
973	2828
974	2786
974	2950
974	2951
974	2952
974	2537
974	2953
974	2699
974	2878
975	2954
975	2539
975	2955
975	2735
975	2577
975	2614
975	1464
975	2524
976	2956
976	2957
976	2637
977	2631
978	2491
979	2578
979	1467
979	2958
979	2823
980	2902
980	2959
980	2960
981	2961
981	2962
981	2820
981	2901
981	2940
981	2784
982	2857
982	2963
982	2793
982	2842
982	2527
983	2755
983	2964
983	2965
983	1446
983	2761
983	2989
983	2589
984	2974
984	2933
984	2966
984	2831
985	2854
985	2967
985	2968
985	1499
985	2510
985	2687
986	2501
986	2742
986	2969
986	2970
986	2909
987	2533
987	2022
987	2958
987	2677
987	2971
987	2972
987	2716
987	1472
988	2785
988	2795
988	2973
988	2974
989	2821
989	2975
989	2944
990	2977
990	2757
990	2608
990	2546
990	2774
990	2746
990	2942
990	2976
991	2978
991	2979
991	2980
991	2743
991	2807
991	2762
992	2658
992	2981
992	2614
992	2982
992	2888
992	2957
993	2702
993	2638
993	2832
993	2836
993	2709
993	2556
993	2750
993	2528
994	2549
994	2519
994	2944
994	2983
994	2810
994	2592
995	2771
995	2772
995	2664
995	2984
995	2859
996	2695
996	2985
996	2794
996	2730
996	2986
996	2987
996	2710
996	2618
996	2587
996	2976
997	2988
997	2824
998	2690
998	2629
998	2989
998	2990
998	2650
998	2931
998	2585
998	2938
998	2943
999	2582
999	2743
999	2908
999	2991
999	2992
1000	2853
1000	2856
