[12, 19, 35]:[12, 35, 291]
[17, 172, 270]:[17, 172, 592]
[21, 333, 359]:[333, 359, 465]
[29, 685, 755]:[29, 685, 836]
[67, 417, 784]:[239, 417, 784]
[78, 399, 857]:[78, 769, 857]
[88, 939, 957]:[835, 939, 957]
[91, 397, 632]:[397, 492, 632]
[92, 97, 660]:[97, 660, 823]
[120, 147, 167]:[120, 147, 287]
[126, 788, 865]:[755, 788, 865]
[135, 337, 539]:[337, 539, 864]
[152, 514, 656]:[152, 642, 656]
[161, 256, 974]:[161, 411, 974]
[173, 343, 738]:[173, 343, 832]
[184, 431, 624]:[431, 624, 813]
[185, 191, 726]:[185, 191, 793]
[185, 642, 694]:[185, 694, 937]
[200, 673, 868]:[673, 768, 868]
[201, 348, 489]:[348, 489, 814]
[202, 239, 245]:[202, 245, 771]
[204, 237, 929]:[204, 237, 978]
[221, 615, 955]:[396, 615, 955]
[223, 479, 788]:[223, 479, 806]
[230, 448, 529]:[230, 529, 950]
[250, 522, 702]:[522, 702, 950]
[280, 703, 823]:[280, 823, 949]
[303, 903, 918]:[423, 903, 918]
[327, 546, 744]:[546, 744, 964]
[346, 465, 884]:[465, 488, 884]
[349, 456, 535]:[349, 456, 799]
[354, 449, 822]:[354, 822, 914]
[354, 851, 991]:[390, 851, 991]
[370, 892, 922]:[567, 892, 922]
[380, 528, 862]:[380, 862, 995]
[390, 483, 825]:[400, 483, 825]
[408, 638, 988]:[638, 793, 988]
[410, 455, 653]:[410, 653, 950]
[576, 711, 775]:[701, 711, 775]
[584, 833, 956]:[833, 920, 956]
