329,718,730,919
205,398
373,877
443,707
181,703
534,887
2,816
25,289,613
207,655
14,564
290,362,422,706
129,711
272,917
397,545
690,996
290,684
33,506
40,378,482
180,386
244,479,923,934
225,774
99,895
168,514,533
76,352,418
351,379,895
216,463
416,584
48,99,170,245
815,829
21,941
356,788
221,666,836
133,698,770
79,420,802
39,65
3,183,919,990
218,294,528
668,748,790
158,178,996
133,483
148,382
41,582
39,54,422,457
12,136,156,453
344,738,756
350,611,811,817
102,135
354,872
235,249
89,947
78,546
226,449,568,780
416,499
222,517,556,993
92,628,707,808
841,965
25,189,495,599
399,643
133,135,306,504
489,877,894
7,821
87,138,281,608
190,776
57,220,579
410,660
82,233
786,810
731,747
16,209
641,819
119,425
103,598
214,659,926
324,584
3,273
503,699
707,819
162,291,472,931
55,569,932
8,77,535,634
1,396,922
32,713
168,621
895,913
72,509
190,480,526
47,523
183,298,679
156,172,208
11,614,898
182,510,602
408,492
39,342,601,946
197,515,650
104,354,509
95,257,967
800,973
448,602
115,546,656
382,392,512
81,926
12,28,172
233,619
114,404
142,796
743,798,901
227,347
199,732
397,493,871
214,854
386,958,998
143,304,461
486,708
315,602
16,38,251,563
62,706
728,893
243,649
62,195
55,212,226
221,986
620,779,936
113,525,551,937
145,297,524
92,232,359,573
289,820,871
4,338
327,354
11,56
181,457
198,978
196,284,370,730
221,351,494
448,920
89,357
70,704
29,342,667
454,758,814
148,616,621
275,325
119,559,729
409,412
1,944
152,745
61,357
50,289,653
75,755
539,816
68,315
207,369
85,442,574
411,521,597
496,522
116,961
120,449,766
39,148
629,734
462,794
40,230,855
692,948
7,126,372,639
102,320,818
223,587
230,426,606
248,422,610
142,302,379
70,646
228,611
564,853
185,491,721
89,90,613,839
266,760,892
348,544
48,219
236,374,686,955
33,125,219,575
229,258
83,850
314,960
134,227,591
91,766,821
46,74,463
391,853
84,908
606,751,900
27,376,572,759
73,318,494,656
226,423
243,385,736,878
71,199,290,460
371,700
556,943
349,931
90,292
18,981
20,321
149,530,566,874
283,287,582,948
254,833
313,470
113,330,399,990
26,280,286
265,592
115,204,520,959
374,908
392,574,987
763,903
217,788,885,942
10,487
495,624
185,944,992
245,930
517,587,978
719,784
593,907
174,872
33,748
11,171
199,286,747
101,257,559
618,958
29,398,823,970
88,507
295,429
47,58,347,624
46,663
109,854
9,873
50,981
115,118,256,973
120,239
140,435
52,626,823
32,215,391,626
22,410
112,127,245,705
377,488
339,839
34,618,650,930
147,632
236,430
97,176
75,655,885
42,470
270,669,976
184,806
106,557
84,381
182,784
216,564,805
176,370,848
240,305,895
121,936
52,135,166
169,835
39,81
178,180,380,527
116,355,363,525
94,311,437,785
56,949
102,277,403,739
459,932
540,921
250,311
483,605,614,990
18,842
113,175,633
157,514
37,57,279
23,234,324,372
290,481
163,636
440,860
147,770,953
131,876
34,921
158,343
69,612,891
74,253,419
166,593
231,304
147,166,633
55,445,778
340,625,787
263,365
308,764
327,962
126,766
128,615
8,10,86,411
54,700
195,820
108,286,380
94,274,409
171,874
105,291,363
170,989
80,553
17,75
574,645
288,974
173,371
417,695,742,825
124,196,425,996
53,312,969
200,607
35,40
88,675
737,851
5,53,462,482
110,489
245,961
36,334
56,394
163,292
146,366
233,334
100,101,493
481,652
102,401,417,563
98,128,365,620
405,621
134,256,420,576
813,906
53,137,302,565
411,523
214,247
3,267
314,932
141,894
666,901
255,310,950
344,550
211,269,411
156,648
131,155,253,406
3,13,723
571,963
375,716
233,337
256,514
47,316
210,576
243,847
147,288
32,90,657
176,458
47,224
414,928
78,887
8,190
165,729,768,989
6,305,844
157,358
502,721
124,286
476,740
348,579
287,768,918
271,489
725,915
513,568
272,322,628
181,318,883,954
35,986
54,551
276,782
258,406
83,253
17,540,542
230,588
98,437,732
4,309
120,345
332,810
280,543,849
103,592
2,35,986
219,363,423
352,399
16,127,508,511
715,964
75,647
77,97,253,942
159,314,841
489,806
632,945,997
844,980
194,218
170,204,373
288,755
367,389
199,955
23,335,659,971
170,227
34,270
20,200,693
143,425,486
670,674,696,874
152,920
194,829
44,49,735
324,421
184,387
201,982
208,491,781
121,337,620
119,228,373,776
348,969
265,367
116,581
335,499,716
537,624
206,266,581
285,600
326,383
142,235,296,919
211,774
798,864
197,508
201,527
140,772
422,478
56,203
607,769
80,122,505
72,816
153,185
151,409
387,675
13,59,302,510
10,58,475
30,525,724
541,865
58,66,303,399
177,358,663
22,240,392
380,739
62,473
48,78,793
1,84,295
435,700,884
606,712
66,370,395,914
121,497,502
385,512
203,471
41,69,134,867
189,428
759,890
370,740
284,408
175,195,455
9,340
6,430
55,175
293,406
95,96,204,490
160,360
13,924
71,334
90,653
242,306
25,626,879
454,731
79,536,804
245,500,769
229,292
270,795
1,868
30,555
200,387,691
193,604
36,56,690
613,615
152,255
127,134,492,773
73,96
155,275,609
530,560
105,322
653,663
556,640
155,186,756
10,138
7,400
110,797
144,361,782
148,520
171,877
95,836
856,882
120,165,532
1,106,729,783
391,849
382,868
49,465
82,246
95,166,448
64,238,974
116,743
142,968
248,621,842
202,746
493,616
523,699
43,446
18,837
188,361
125,616,704
293,339,897
337,439
34,73
58,881
553,980
56,773
64,102,298
164,264
21,738
53,161
25,86,879
150,221
27,617
51,78
144,363
433,827
158,275,423
366,561
293,488,876
300,599
92,139
182,746
588,828
225,685,781,859
111,278
73,443
13,55
169,353
25,193
428,884
55,519,547
27,580,803
518,566
423,702
369,684
63,234
102,146,400
211,828
124,433
152,763
215,405
103,772
284,651
186,373
415,708
52,907
292,299,302
7,533
575,706
52,76,273,622
68,985
243,652
632,664
129,496
379,976
223,533
202,207,752
175,654,852
17,630
20,47,57,309
856,929
40,480
116,260
168,803
300,366,797
41,144,582
370,415
437,630
333,671,953,979
76,356,897
315,518
383,400
130,255,419
108,241
24,385
159,565,851
40,470,860
3,298
654,809,869
284,370
316,799
11,186,212
511,617
95,172,389,571
400,607
187,316
79,116,249
100,238,713
21,750
145,164,186,940
117,211
254,276,549,872
58,94
178,920
91,231,592
152,789
151,242
27,74
403,405
19,942
346,573
110,622
360,756
192,241,758,848
66,532
37,285
15,763
161,812
67,242,347
195,333,592
79,524
162,480,912
900,910
95,193,878
365,458,765
176,372
52,609,963
52,527,600
80,284,791
237,386
181,609
612,889
84,975
62,589
341,948
351,431,479,581
331,606
187,394
320,945
66,72
131,742
234,711
231,276,699,724
153,349
644,701,834
460,648,826
25,349
590,947
66,405
320,362,383
96,481,992
280,1000
165,180,276
45,145,355
228,538
82,979
32,64
497,843
368,554,984
415,925
15,566,695,731
33,670,805
329,761,888
2,149,410,417
69,380,582
128,289,698
232,707,963
90,371
11,524
406,704,762
90,393
207,258,455,987
484,485,628,859
31,61,855
774,851
51,188,228,899
145,295,426
9,518,558
22,468
212,796
498,796
85,159
236,412,674
93,720,808
10,109,216
13,153,715
336,360
599,680
393,819
410,526,784
85,501,547
193,769
31,754
649,867
160,577
125,748
108,874
8,822
182,476,488
374,593,735
147,397
41,559
189,307,772
409,850
403,845
25,461,787
130,335,372
112,301
46,420
614,643
174,333,944
158,538
361,660
614,749
112,137
594,697
125,524,717
7,130
245,287
77,105
118,988
520,676,706,732
130,338,529
677,800,966
148,435
125,176,279
564,686,912
376,650
98,181
100,959
71,123
785,811
232,472
328,456
50,447
939,984
152,267,560
26,43
364,827
293,395
189,252
59,436,914
90,141,592,915
117,203,216
34,750
2,267,462
130,247,580
20,104,458
11,973
43,110,886,937
44,184,343,499
217,390
31,237,502,743
153,348,369
65,987
21,142,464
573,697
134,677,727
269,332
97,138
81,393,679,728
13,134,282
132,329
220,701,714
11,683
453,492,512
687,793
263,371
182,466
583,694
93,109,209,617
348,537,588
311,323
467,614,786
424,536
635,670
105,214,275
257,357
251,268
103,453
227,547,583
31,325,474
173,853
21,221
96,357,680,879
52,947
826,900
247,553,913
522,761
129,347
234,283,657
164,577
43,661
101,107
560,935,940
140,581
136,445
206,486,547
459,664
551,778
197,828
149,388
212,267,398,792
225,566,657
515,871
488,516
312,595,668,886
64,103,344,875
24,702,776
345,913
355,517,934
153,553
251,463
238,545
123,154,313,353
162,213
224,546,811
21,608,796,827
259,466
244,649
158,639,892
137,932
76,219,562
233,600
383,697
218,335
163,673,992
251,342,823
109,697
84,156,231,933
255,672,692
431,742
203,209,286
317,438
150,911
63,654,927
54,199,204
252,771,923
240,292,636,933
793,887
93,200
20,54,174,505
100,147
238,541
15,48,586,705
237,264
42,157
15,468
197,434
330,818
101,339,561
851,939
232,239,824,956
27,282,809
198,386,835,857
890,897
180,445,687,716
135,401
259,510
65,842
213,621
520,955
96,141
159,188
396,596
534,538,762,841
31,291,598
42,762
64,212
91,418
323,427
416,438
167,184
326,662
278,462
68,747
93,903
537,709
120,358,532
199,276,692
68,141,393
447,552
67,452
64,228,565
822,904
320,820
177,607,762,765
244,563
565,968
39,371
364,530
531,757
11,729,892,893
113,442
277,362
93,230
303,691
403,722
40,442,587,941
111,139,477
30,822
4,310,639
367,429
10,548
18,66,277
572,788
104,132,544
384,388,494
28,422,537
539,811
109,304
45,355
141,326,833
469,638,980
34,143,570
41,68,345,687
154,433
118,196
174,285
140,156
222,890
815,929
22,346
71,80,333,613
333,905
389,690
228,794
64,502,833,915
1,964
224,513,518
213,245
345,574,669,924
578,681,728
14,133,442
189,301,424
20,303,635,668
222,476,813
332,499
26,314,733,923
327,520,701
70,240
3,6
951,981
266,761
239,243
108,322,738,764
441,981
75,345
164,594
113,425
150,171
181,371,839
67,318
225,994
61,969
275,682
287,562,997
40,60
179,341
376,658
341,497,556
45,123
280,995
152,651,752
131,468,985
217,268,549,826
657,683,778,812
511,522
123,161
288,765
151,153
165,389,798
251,343
75,147,620
5,773
328,339,710
591,645
321,352
91,185,388,507
166,383,629,720
43,563
47,200,797
201,529,584
96,575
62,577
219,454
187,734
251,253
88,298,672
138,528
221,705
37,49,324,478
304,439
320,807
59,123,273,299
277,908
322,548
51,112,570,863
24,368,387
47,886
19,29,689
263,362,633,638
126,319
118,374
57,274,922,954
417,814
316,506
672,822
19,217
77,783
10,338,467
477,769
155,789
308,472
390,504
4,214
205,321
60,249
89,107,334,495
109,625
191,351
65,881
407,971
8,48,923
45,182
30,845
114,893
760,856
10,821,912,916
414,427,845,873
30,882
309,343,482,496
16,418,431,957
239,753
230,549
178,516
9,296
148,627
26,723
107,242
475,603,689
113,474
144,714,741
26,45,127,565
625,818
127,695,749
483,503
5,229
662,802
9,88
23,830
554,588
340,642,991
120,161
751,925
456,710
727,793
150,678
59,460,638,838
341,469,969
23,749
16,212
17,94,323,437
22,301
353,547,858
218,439,455
330,946
184,524
396,596,782
172,320
260,922
185,493
339,607
259,287
37,457,605,771
98,220,686,736
340,440
47,741
306,334,1000
634,952
36,89
350,472
124,131
154,196
642,952
141,208
203,311,526
226,591,934
230,330,975
11,35,938
196,507,605
14,46,77,404
31,42,780,884
118,373
31,555
154,215
91,795
83,603
3,381,543
28,204
78,124
14,157
192,418
313,329,467,659
561,630
259,809
117,342,560,966
72,119
153,231,509
23,94
220,274
563,750
122,293
166,300
455,735
31,427,548
194,514,670
217,858
57,109,432
15,278,283,921
295,638,931
33,904,926
4,469
362,797
156,802
436,578
86,397
297,889
375,496,673,825
338,605
279,799
325,440
174,648,945,964
326,393,808
404,833
85,804,913
104,598
7,854
726,872,875,914
143,215
145,249,771
117,419
575,577
77,317,830
255,385
7,250,260,589
315,486
511,939
307,846
131,224
534,740
22,490
63,264,377,994
247,372
122,211
144,456,594
279,316,688,881
133,200
272,519,702
321,909
83,925
477,824
146,604
5,124,536
190,420
46,558
264,281
196,280
51,278,853
717,903
18,84,229
191,441,506,737
465,879
452,590
246,662,943
132,198,482,984
149,960
264,384
487,580,857,991
16,536
23,982
277,561
564,580
148,190,748,832
99,322,840
546,968
117,962
273,295
282,688
266,498,799
216,317
25,685
208,393,609
512,628
56,178
24,168
159,639,690
42,191
68,244
8,175,850
381,478,594,619
31,138
20,672,842
72,145,448,601
131,386,902
105,603
332,469
198,837,984
772,838
523,760
36,959
114,807
100,497,658,696
75,777
265,356
266,612,999
41,494,525,661
45,224
68,154,205,776
206,975
38,171
460,709
531,947
191,554,999
103,264
4,234
323,356
323,368
2,59,928
160,846,991
386,446
26,960
17,128,571,622
326,366,684,721
50,457
93,312
52,333,381
78,116,649
10,132,346,809
122,567
197,234
60,517,783,795
32,671
26,36
236,884
48,608
479,844
484,704
6,8
6,300
447,715
36,609
478,753
522,711,787
76,635
253,623
247,625,787
157,825
121,244,825
8,191,910
63,88
268,888
328,684
267,758
89,111
448,951
74,545
513,744
464,799
689,885,972
69,271
123,678
567,875
30,438
540,937
863,911
6,360,466
16,53,858
71,288
167,861
119,257,802
495,555
63,265,527
222,983
35,241,569
76,586
118,995
139,545
441,948
679,767
168,928
507,711
77,336,438,970
154,237
208,297
584,882
313,516
350,983
32,78,399,533
177,613,647,800
117,335
341,627,801,931
44,631
24,283,601
150,170
163,456
119,539,865
126,324,751
329,834
130,183
44,667
67,133,260,573
634,792
191,414
55,140,644
17,88,730
148,905
247,971
25,945
72,450,758
144,551
76,966
89,173,956
9,521,810
81,905
156,272,413,713
23,387
70,637,710
44,303,452,749
357,720
87,604
42,331,766
737,941,954
87,578,831,994
155,205,302
508,527
396,901
558,861,870
336,359
208,407
352,836
2,21,500
357,439,685
395,864
69,318
351,586
388,421,866
249,975
15,680
318,350
129,597
51,58,440
496,573
317,942
67,74,959
411,791,943
105,167,250
82,87
142,562
491,956
338,442
12,199
235,353
249,501,555,686
49,341,505
300,512
239,757
94,642
65,160
490,516,703
8,61
438,754,786
43,72,444
440,562
45,76
2,73,121,214
228,601
68,408
485,939
97,335,368
495,759
271,365,756
60,623,976
236,753
38,167,368,789
75,391
4,67
48,719
511,588
129,130,221,324
63,198,480,515
107,173,869
474,528
555,667
60,139
141,298,344
84,246
82,365
470,485
180,518,750
665,691
97,952
246,627
356,810
204,225,791
408,434,662,816
346,682,714,780
225,646
800,826,962
162,681
733,873
596,834
317,513
20,390
250,317
46,237,419
366,652
29,395
186,864
6,240,254
176,319,970
137,235,470
116,143
227,745
59,261
142,443,471,791
1,269
119,164,301,717
702,977
35,958
123,375
33,387
131,476,550
91,144,629
306,777
279,397
50,65
129,342,467,815
54,102,590
187,242
71,360
129,831
18,184,211,316
3,128,451
15,179,805
248,718
531,843
294,378,460,589
108,158,293
70,146,432,899
145,961
240,782
54,596
37,38,114,736
132,218
271,595
434,852
7,305,974
62,160
622,752
53,568
326,724
473,685
538,708
118,209,227
90,354
50,80,441
15,256
428,646
29,63
97,309
508,885,927
216,270,576
537,777
695,764,864
364,601
322,869
331,344
42,521,572,617
231,688
132,845
24,270,541,775
24,733,870
20,183,242,504
479,541,570,848
138,458,603
57,522,755
209,446
194,262,314
489,779
189,308
73,983
174,367,610,713
296,503
68,137,674
339,457
6,140,732,936
79,143
13,51,244,560
4,296,526
143,424
9,248,269
57,367,817
33,275
92,128,401
19,722,837,971
23,210,611
19,852
189,480,767
693,727,909
83,482,673
6,139
873,972
355,693
12,301
724,957
516,880
14,585
18,590
195,336
289,593
55,112
73,641,730
60,988
56,476
212,938,960
133,294
256,318
307,636
498,623,938
100,389
215,543
49,964
51,392
297,449,997
18,82,878,987
241,934
70,346,719
87,600
334,451,681
381,542
176,390
378,678,830,972
52,141
183,390,452
454,889
62,557
107,225,953
169,644
114,177,337,491
540,668
106,725
67,94,248,529
134,252
531,849
935,976
338,645,689
18,290,407
340,580,998
12,242,277,625
906,988
23,218
226,404,896
112,170,436,733
402,633
22,505
114,308
562,876
223,352
188,421
369,593,655
47,74,167,508
87,461
503,761,806
465,490
372,427
27,836
193,273,415
260,483
276,616
203,340
94,671,961,983
432,743,996
5,81,894
506,865
505,698
464,615
385,389,532,571
74,198,303,499
92,557,597,906
79,226,443
37,54
287,608
254,428,430
60,205,210,841
305,646
27,246
366,461
61,364,862
383,620,949
2,182
203,990
376,682
79,651
49,100,193
274,967
201,347,712,916
92,752
70,238
86,291,413
840,887
278,705,745
281,380
179,722,917
510,742
262,627
19,459,544,910
70,532,585
122,648
652,671,907
66,449
119,860
86,111,382,394
61,701
14,33
930,977
254,477,829
709,910
210,395
64,262
32,310
122,735,847,915
33,187
80,319,586
5,757,818
56,219,413
36,843
471,763
490,725
122,147,174,328
7,201,311,909
462,858
12,32,65
220,755
234,452
419,855
97,352
138,260,718
69,137
126,412
163,255,464
359,465
292,502
224,775
544,734
139,250,473
327,521
8,774,904
164,466
261,525
595,829
126,321
50,285
67,151,714
136,354,846
13,444
902,949
380,500
70,571,801
67,172,197,958
109,392
29,101,154
117,644,712
38,353
98,299
180,824,995
504,830
14,941
447,610,664
69,623
209,226
404,933
281,379
113,467
125,754
310,953
206,764
385,396
39,136,349
146,162,556,568
86,136
299,307
271,360
111,484,585,898
125,554
145,929
17,107,171,676
61,132,273,572
