14,46,77,404
91,185,388,507
2,73,121,214
87,138,281,608
16,127,508,511
31,237,502,743
33,125,219,575
18,184,211,316
66,370,395,914
27,30,201,272
92,232,359,573
95,96,204,490
142,235,296,919
146,162,556,568
31,42,780,884
131,155,253,406
115,118,256,973
49,257,285,331
17,107,171,676
32,78,399,533
58,66,303,399
8,10,86,411
28,233,545,552
40,265,683,770
25,189,495,599
8,77,535,634
95,384,408,817
93,109,209,617
1,32,236,465
1,106,729,783
100,497,658,696
86,111,382,394
39,342,601,946
254,276,549,872
108,322,738,764
222,517,556,993
84,156,231,933
119,164,301,717
145,164,186,940
72,145,448,601
22,107,195,831
82,173,202,374
283,287,582,948
52,76,273,622
47,74,167,508
38,167,368,789
37,38,114,736
47,58,347,624
162,291,472,931
63,264,377,994
191,441,506,737
381,478,594,619
114,177,337,491
178,180,380,527
198,386,835,857
187,250,416,834
15,278,283,921
10,132,346,809
37,457,605,771
133,135,306,504
10,222,369
108,158,293
58,215,445
30,525,724
129,342,467,815
153,348,369
10,109,216
117,203,216
76,356,897
57,109,432
193,273,415
23,210,611
95,166,448
51,58,440
129,130,221,324
224,513,518
14,106,328
176,370,848
91,231,592
91,144,629
139,155,192
1,396,922
18,84,229
46,213,888
24,213,267,889
46,237,419
80,319,586
247,553,913
191,554,999
76,352,418
51,135,149
63,325,542
163,255,464
75,655,885
26,363,375,656
194,310,432
194,262,314
5,124,536
18,66,277
230,426,606
230,330,975
175,195,455
145,297,524
17,50,342
5,53,462,482
104,132,544
203,311,526
206,266,581
117,266,777
13,134,282
13,153,715
144,361,782
155,205,302
155,275,609
127,134,492,773
245,500,769
11,614,898
111,597,741
79,420,802
31,61,855
296,519,624
152,651,752
153,231,509
59,202,543
26,45,127,565
64,228,565
55,140,644
236,412,674
453,492,512
297,449,997
234,283,657
199,286,747
226,404,896
218,439,455
92,557,597,906
214,219,377
56,219,413
208,491,781
163,673,992
36,56,690
180,824,995
165,180,276
121,244,825
24,733,870
102,277,403,739
54,102,590
24,368,387
57,367,817
9,518,558
156,172,208
53,312,969
383,620,949
92,128,401
3,128,451
17,128,571,622
17,540,542
125,616,704
5,12,220
348,537,588
134,227,591
111,146,559
246,662,943
72,450,758
43,72,444
12,242,277,625
20,104,458
104,354,509
145,295,426
295,550,745
131,476,550
131,386,902
182,476,488
358,488,692
44,49,735
70,146,432,899
365,458,765
223,428,650
22,240,392
392,574,987
21,142,464
21,201,768
67,74,959
20,672,842
27,580,803
67,172,197,958
27,282,809
2,169,574
2,59,928
189,307,772
189,480,767
25,461,787
106,300,310
489,877,894
35,241,569
43,110,886,937
110,381,595
34,99,569
99,322,840
272,322,628
375,406,602
86,291,413
52,626,823
1,299,455
105,214,275
48,99,170,245
158,275,423
170,204,373
8,48,923
196,507,605
490,516,703
312,548,955
202,207,752
98,232,604
232,707,963
12,101,207,640
101,339,561
29,101,154
29,529,860
252,319,579
160,846,991
6,305,844
7,305,974
64,238,974
238,369,424
12,378,666,965
3,13,723
113,175,633
306,334,1000
28,422,537
28,566,868
194,514,670
168,514,533
397,493,871
77,263,289
13,59,302,510
292,299,302
40,470,860
31,325,474
53,717,904
33,904,926
88,298,672
17,88,730
216,564,805
79,116,249
116,355,363,525
3,381,543
382,392,512
315,454,583
211,269,411
144,456,594
138,190,558
190,480,526
39,122,177
22,859,875
148,190,748,832
37,368,720
37,57,279
125,176,279
22,185,914
47,200,797
143,425,486
206,486,547
6,360,466
14,133,442
68,154,205,776
68,137,674
341,469,969
269,450,746
20,200,693
70,571,801
70,346,719
108,286,380
138,260,718
102,320,818
320,362,383
814,901,903
91,227,444
41,68,345,687
118,209,227
175,654,852
266,760,892
147,166,633
75,147,620
30,217,589
155,186,756
143,304,461
76,219,562
430,694,698
96,481,992
100,101,493
49,100,193
202,204,883
294,378,460,589
204,225,791
60,205,210,841
159,314,841
218,294,528
311,359,927
80,284,791
216,270,576
8,191,910
469,891,989
69,612,891
69,468,497
364,612,618
96,357,680,879
61,364,862
106,849,967
106,172,700
172,230,950
220,701,714
327,520,701
356,529,731
11,186,212
123,154,313,353
11,35,938
35,149,379
351,379,895
55,212,226
313,551,837
200,387,691
80,122,505
31,427,548
98,437,732
152,267,560
221,351,494
384,388,494
165,389,798
26,280,286
78,116,649
254,477,829
111,139,477
46,74,463
52,527,600
63,265,527
52,135,166
161,243,587
107,225,953
197,515,650
38,361,930
93,720,808
105,167,250
110,162,578
355,517,934
119,539,865
134,677,727
115,546,656
148,616,621
248,621,842
248,422,610
32,90,657
120,449,766
42,331,766
16,53,858
141,298,344
107,173,869
2,149,410,417
64,103,344,875
16,38,251,563
30,63,183,343
89,173,956
2,21,500
38,123,576
16,530,570
32,215,391,626
6,139
83,98
12,32,65
9,340
14,33
24,385
89,223
68,244
7,400
85,244,443
13,51,244,560
126,284
45,76
24,168
47,224
85,501,547
72,129
61,357
96,141
51,188,228,899
27,246
103,598
9,521,810
163,239
75,345
56,203
120,161
5,229
113,240
43,209,501
122,147,174,328
8,61
28,97
6,300
16,212
174,333,944
32,64
2,182
118,374
217,268,549,826
66,252
169,353
17,28,957
68,315
188,237
103,264
56,394
54,551
60,988
21,608,796,827
5,81,894
81,308
44,631
179,341
15,763
179,722,917
45,123
45,224
97,309
71,199,290,460
55,175
151,153
18,290,407
44,535
42,619
87,546
126,412
18,86
117,211
223,280,669,867
60,363,473
60,139
97,352
7,291
29,395
21,256,641
11,85
19,178
5,233
313,329,467,659
238,541
12,301
158,178,996
255,385
233,334
251,268
16,487
122,293
47,523
177,613,647,800
130,255,419
99,567
21,221
109,304
72,169
266,498,799
26,36
36,429
59,222
33,121,274,857
6,8
20,321
177,358,663
67,318
15,303
83,603
187,242
120,239
49,258
261,583,847,893
283,534,978
229,258
35,40
14,585
147,288
185,491,721
62,195
62,553
198,359
150,261,446,471
150,171
26,839
420,485,949
26,43
323,356
133,487
27,836
82,246
113,425
59,123,273,299
79,226,443
71,123
88,675
1,269
74,545
1,84,295
79,637
317,513
22,468
94,671,961,983
30,822
184,806
407,653,779
243,652
150,678
33,387
41,398
54,596
78,124
18,82,878,987
293,339,897
253,623
116,260
228,538
37,391
60,623,976
75,391
4,469
118,373
414,427,845,873
15,256
42,157
157,709,954
14,157
73,96
65,881
65,615
41,559
140,156
149,530,566,874
140,379,855
140,435
124,259
130,183
65,160
374,593,735
160,360
39,65
50,65
326,366,684,721
50,457
11,524
39,136,349
25,349
25,193
350,472
71,288
50,285
66,532
20,303,635,668
199,276,692
129,347
42,762
259,287
343,998
329,761,888
197,234
53,568
189,308
98,220,686,736
239,757
120,951
438,754,786
188,361
203,340
339,607
307,935
187,734
92,139
3,160,382,401
137,235,470
326,383
35,312
108,909
321,352
91,137,351
225,774
162,213
208,297
351,431,479,581
403,405
452,590
357,439,685
197,434
325,327
22,346
84,908
43,563
125,554
51,112,570,863
4,310,639
31,315
164,264
164,577
135,577
119,257,802
72,119
56,178
110,489
81,393,679,728
136,445
40,331
159,565,851
69,271
271,595
173,371
70,238
3,267
116,143
294,330,402,869
182,510,602
34,921
34,750
90,292
90,354
447,610,664
23,94
62,557
82,365
23,234,324,372
23,749
29,821
126,324,751
29,63
7,533
48,549
9,873
46,376
195,336
5,362,435,898
272,519,702
41,866
93,230
332,499
376,682
335,499,716
236,838
117,335
281,380
71,80,333,613
71,360
263,371
388,421,866
127,920
265,367
165,364
133,200
89,111
112,301
98,128,365,620
25,289,613
4,950
4,214
250,317
17,75
159,661,997
85,159
41,85
242,306
77,336,438,970
77,105
503,699
681,820,838
47,316
64,212
232,337
13,924
103,592
39,103
309,343,482,496
86,456,767
88,105
235,249
9,88
9,296
145,249,771
30,555
36,843
49,465
12,136,156,453
28,136
309,665
695,764,864
115,640
511,522
475,506
104,285
32,713
307,636
19,321,481,982
410,526,784
385,396
370,415
421,812
2,816
117,644,712
567,979
231,688
122,648
174,648,945,964
114,893
10,548
50,289,653
320,807
190,279
229,292
180,386
193,778
227,347
15,48,586,705
48,78,793
78,887
15,394
226,423
228,794
564,686,912
496,573
14,941
539,811
63,198,480,515
223,587
225,646
222,476,813
92,591
353,744
555,667
166,593
298,447
534,740
87,578,831,994
57,522,755
186,373
236,753
340,440
333,905
101,257,559
149,960
163,344
185,630
6,140,732,936
282,384
562,876
606,896,911
142,562
147,632
80,604
157,358
327,962
84,980
7,126,372,639
73,641,730
44,126
209,446
46,579
233,337
19,29,689
19,852
148,382
148,627
290,362,422,706
194,218
132,218
144,714,741
131,224
58,94
23,830
196,722
217,390
176,390
32,107,220,478
176,319,970
134,161
146,366
436,578
210,576
300,366,797
207,687
25,685
389,690
64,502,833,915
201,982
44,926
141,326,833
114,550
240,782
459,664
168,808
100,959
79,651
20,54,174,505
49,341,505
324,584
184,524
245,961
243,649
278,705,745
531,843
152,255
81,739
16,418,431,957
68,747
68,328
287,768,918
150,224
332,810
151,409
409,850
97,952
759,890
124,165,861,985
270,669,976
83,253
217,785
235,345
13,55
48,55,127
154,215
11,56
36,609
115,313,804,832
73,443
62,473
338,645,689
62,589
939,984
109,625
856,882
105,603
251,463
484,485,628,859
128,441,754
69,137
3,273
93,312
89,357
137,615,661
89,947
52,947
132,845
181,318,883,954
181,703
170,227
70,532,585
4,338
19,23
45,182
27,104
7,130
10,138
24,270,541,775
10,58,475
24,115
31,138
113,474
148,520
130,338,529
38,171
400,607
367,429
378,678,830,972
95,836
504,924
70,637,710
77,783
11,683
413,611
375,716
361,660
416,499
252,410,790,937
40,378,482
203,990
479,844
33,275
161,812
74,253,419
82,979
261,525
136,676
408,434,662,816
120,345
25,945
636,642,916
330,818
564,580
544,734
26,723
51,392
348,544
212,267,398,792
402,509,663
279,397
349,931
23,387
178,205
411,521,597
308,472
210,395
538,917
177,207,484,847
377,500
35,958
131,468,985
355,693
596,834
487,788
572,788
288,765
523,699
124,196,425,996
213,426,789
18,837
471,763
144,363
16,536
280,543,849
66,449
573,697
110,429
9,42,61,658
304,439
76,635
334,451,681
71,334
815,929
122,211
92,725
534,880
42,191
417,695,742,825
189,301,424
166,600
21,738
169,835
187,394
30,528,870
336,359
239,246
495,624
483,605,614,990
208,655
216,317
69,128,922
269,332
327,354
8,190
114,404
599,680
552,963
115,192,281,618
94,274,409
192,965
94,642
274,991
486,708
240,305,895
751,925
75,647
454,889
90,141,592,915
90,393
391,853
677,800,966
462,858
125,748
488,516
414,474
230,588
546,968
44,303,452,749
142,302,379
142,968
237,386
1,944
168,803
652,671,907
561,630
18,981
188,880
112,127,245,705
188,259
96,977
147,770,953
182,466
118,988
197,828
43,446
99,415
297,540
291,365,430,746
341,497,556
152,920
109,854
150,911
150,221
282,319,972
34,73
262,627
318,350
53,375,840,989
350,983
83,329
34,143,570
34,918
323,368
323,427
198,978
146,604
433,827
111,210,715,795
139,250,473
154,433
206,975
158,343
107,242
180,518,750
29,434
271,489
268,861
12,37,437,675
428,646
181,609
743,798,901
40,60
826,900
614,643
54,700
248,718
87,461
40,442,587,941
63,654,927
617,760
330,946
134,252
785,811
558,572,882
385,512
231,304
292,502
106,567,629,936
354,872
17,943
454,758,814
274,967
77,450
208,407
383,400
205,321
49,964
120,794,862,902
289,820,871
37,285
930,977
541,865
43,823
498,623,938
498,796
481,596
209,226
10,821,912,916
583,694
801,863
95,193,878
58,881
130,530
374,908
228,611
244,563
276,616
263,362,633,638
19,167,179
172,320
540,668
727,793
574,645
15,179,805
165,444
475,631
867,935
254,263,336,679
326,724
688,790
54,199,204
331,344
307,846
373,877
606,712
813,906
477,769
19,459,544,910
503,761,806
399,643
528,535
110,956
265,346
59,436,914
513,744
325,440
82,781
7,201,311,909
288,755
478,753
390,610,622
222,890
453,521
157,514
306,777
200,607
202,349
171,235,241,768
522,711,787
129,711
108,241
241,384
108,350
101,377,666
129,496
232,691
46,420
73,318,494,656
85,928
465,879
57,220,579
464,552
328,684
86,397
5,773
317,438
194,829
39,54,422,457
585,819,891
441,948
105,322
364,601
245,287
179,680,726
280,1000
737,851
214,854
67,133,260,573
133,483
48,219
119,559,729
264,281
554,588
185,493
70,704
211,774
80,553
67,94,248,529
78,278,848
84,381
173,416
145,929
4,234
51,278,853
234,452
192,418
34,192
117,342,560,966
100,389
367,389
64,102,298
132,329
52,141
258,406
74,673
221,986
142,314
2,484,612,965
97,335,368
314,932
39,371
93,903
22,490
6,240,254
6,430
104,598
561,807
15,566,695,731
21,501
595,999
68,141,393
495,759
47,886
247,971
284,408
28,36
98,181
156,272,413,713
295,638,931
9,412
551,778
31,555
460,709
508,885,927
247,372
176,372
135,243
60,517,783,795
239,243
149,388
158,639,892
148,435
27,485
170,989
376,650
79,143
143,424
670,674,696,874
353,547,858
61,969
64,262
87,604
184,387
95,257,967
33,748
206,944
215,543
121,288,299,739
531,947
62,647
293,488,876
96,575
14,584
405,621
55,112
112,137
4,67
23,335,659,971
38,433,641
71,81
719,784
99,582
260,483
131,742
511,939
88,507
492,740
218,268,682,883
53,161
593,907
124,286
11,973
113,442
138,458,603
467,614,786
284,651
187,316
20,183,242,504
183,390,452
316,506
733,873
417,814
355,723
324,421
36,959
174,872
65,987
112,459,683,813
477,824
256,514
443,707
177,933
190,776
201,527
137,932
312,962
251,253
44,184,343,499
570,779
403,722
123,375
613,615
840,887
539,676
11,171
383,697
402,859
534,538,762,841
166,300
414,946
352,399
772,838
356,788
34,270
277,908
249,975
451,640
305,331,850,886
511,617
376,658
308,764
20,390
90,653
175,548
672,822
113,467
394,618
226,449,568,780
93,200
119,860
97,138
505,698
12,199
332,469
856,912
169,644
116,743
146,349,542,992
287,608
167,861
411,523
586,803
126,766
315,486
259,809
366,461
286,431
236,374,686,955
81,926
625,818
371,700
79,524
587,667
380,500
665,790
338,442
632,664
244,479,923,934
271,703
369,684
757,852
895,913
33,506
75,755
73,983
73,213
900,910
57,274,922,954
195,820
222,591
337,444
358,871
844,980
189,428
125,754
458,515
554,569
41,494,525,661
203,471
634,952
250,311
238,545
296,503
423,702
393,819
206,993
59,804
41,69,134,867
59,261
69,623
214,247
225,994
144,180
91,418
725,915
278,462
339,839
28,550,878,898
78,546
42,470
100,147
416,584
30,438
50,447
83,925
19,942
19,217
151,242
150,170
347,693
7,854
520,955
66,405
62,706
329,718,730,919
575,706
3,262
333,671,953,979
3,6
535,726
87,600
108,874
63,234
139,545
270,795
404,833
224,775
23,982
665,691
171,877
212,796
35,794
424,536
52,907
337,439
497,843
267,758
29,378
181,457
163,456
951,981
1,868
348,602
290,599
140,581
103,229
233,619
186,463
164,466
223,792
590,594
571,963
241,934
370,740
728,893
396,901
410,660
61,701
162,681
415,708
336,360
575,577
464,799
531,849
135,753
72,816
153,553
152,789
56,476
448,951
168,928
191,414
186,864
259,510
88,294
537,624
22,301
106,557
76,586
897,995
313,516
13,608
588,828
237,264
619,905
459,932
68,408
32,310
256,318
167,184
294,332
236,884
455,735
95,358
345,913
228,601
495,555
243,847
724,957
407,971
7,821
373,423
10,487
771,892
765,896
282,688
144,551
642,952
372,427
618,958
484,704
276,782
28,204
