149,960
564,580
567,875
189,301,424
99,415
97,335,368
67,74,959
3,128,451
4,67
357,439,685
666,901
134,256,420,576
34,618,650,930
49,964
327,403
113,425
221,351,494
45,76
50,981
537,624
131,468,985
590,947
62,553
152,651,752
27,580,803
252,410,790,937
320,807
495,555
207,687
67,452
249,501,555,686
20,672,842
230,330,975
82,233
21,201,768
163,292
30,845
285,600
49,465
200,607
22,240,392
295,550,745
33,125,219,575
313,516
314,960
174,872
354,872
570,779
398,498
65,160
254,276,549,872
168,808
29,398,823,970
79,116,249
228,611
282,434,978
6,360,466
355,517,934
890,897
37,54
247,625,787
767,967
8,61
114,404
251,268
415,708
8,48,923
84,908
147,397
402,509,663
229,292
534,887
11,56
801,863
719,784
306,334,1000
265,592
194,829
98,232,604
164,466
235,249
347,693
181,371,839
87,231,308,807
144,551
235,350
32,215,391,626
44,378
88,675
76,586
325,439,477,843
47,523
283,534,978
309,665
69,623
385,389,532,571
215,405
220,755
204,225,791
188,361
282,384
60,468,501,924
333,671,953,979
367,389
12,199
132,845
33,506
274,967
108,350
371,700
170,204,373
121,497,502
219,454
116,581
139,545
93,854
151,503
50,289,653
16,127,508,511
140,581
77,317,830
123,161
345,913
307,636
115,313,804,832
232,337
79,637
693,727,909
281,380
121,936
24,115
237,386
261,525
119,257,802
259,466
338,605
771,892
68,315
88,294
85,159
374,593,735
251,253
189,428
98,181
537,777
126,324,751
153,553
188,880
393,819
728,893
210,436,832,946
54,596
216,270,576
92,628,707,808
231,304
588,828
581,988
287,768,918
339,457
35,794
71,659,881
538,917
110,797
163,636
223,280,669,867
30,528,870
222,983
51,58,440
277,561
144,361,782
83,253
72,119
488,516
48,219
31,754
611,906
1,269
494,786
534,538,762,841
61,701
31,555
203,471
22,859,875
460,648,826
29,821
102,401
423,702
112,301
11,171
61,364,862
168,773
137,932
271,365,756
332,499
55,569,932
433,876
220,701,714
306,777
163,239
91,227,444
355,723
69,612,891
455,735
112,137
178,516
59,804
89,173,956
294,378,460,589
358,488,692
231,688
605,929
841,965
68,985
9,873
211,970
80,319,586
702,977
75,755
228,601
343,998
162,681
495,624
97,176
35,312
203,209,286
642,952
2,169,574
428,884
21,738
330,946
89,947
469,891,989
1,396,922
165,729,768,989
110,162,578
607,769
372,427
258,406
262,336
71,288
65,429,957,993
436,578
235,353
454,889
201,347,712,916
292,502
248,422,610
59,261
225,566,657
68,141,393
447,715
62,577
459,519
210,576
408,492
565,968
124,131
26,43
58,881
86,397
220,274
182,784
36,56,690
88,507
326,662
94,274,409
27,30,201,272
200,387,691
309,343,482,496
238,369,424
10,821,912,916
454,731
128,615
195,820
414,946
425,677
214,219,377
222,476,813
743,798,901
317,513
217,788,885,942
87,138,281,608
409,412
222,890
199,286,747
17,28,957
332,469
613,615
102,135
1,299,455
15,680
46,558
211,828
31,138
243,385,736,878
690,996
53,375,840,989
331,606
39,54,422,457
606,751,900
30,555
46,74,463
538,708
435,846
100,389
158,178,996
140,772
308,764
148,435
20,47,57,309
534,740
140,379,855
196,280
140,435
70,238
152,255
92,128,401
15,48,586,705
18,842
265,367
8,77,535,634
284,651
64,228,565
224,546,811
9,269,734
38,167,368,789
154,196
19,722,837,971
657,683,778,812
523,760
191,351
2,267,462
540,668
223,792
326,393,808
122,648
257,409
282,319,972
190,279
91,137,351
22,185,914
492,740
70,240
546,968
39,122,177
37,285
26,363,375,656
14,585
145,297,524
352,399
81,393,679,728
451,640
46,376
321,352
85,804,913
57,220,579
317,942
254,477,829
65,842
554,588
737,851
895,913
591,645
55,112
490,725
9,248,269
182,476,488
431,742
448,920
21,256,641
173,416
23,387
47,58,347,624
491,956
175,654,852
292,299,302
117,266,777
218,335
28,36
197,234
64,502,833,915
112,127,245,705
131,155,253,406
65,615
380,500
58,66,303,399
118,237
238,545
441,948
159,188
141,298,344
23,94
272,669,719
199,955
300,599
328,456
56,203
340,580,998
113,240
7,400
284,408
52,333,381
244,479,923,934
85,244,443
115,546,656
475,506
293,406
125,616,704
403,722
510,814
51,392
169,283
77,263,289
10,548
149,388
155,205,302
148,905
17,88,730
695,764,864
212,938,960
39,81
614,749
77,105
133,483
315,454,583
349,931
502,721
18,590
150,224
151,242
759,890
108,158,293
851,939
35,958
130,335,372
644,701,834
114,807
97,138
114,177,337,491
311,323
375,716
11,683
76,635
110,489
9,521,810
41,68,345,687
634,952
56,219,413
935,976
25,626,879
96,481,992
9,340
277,362
523,699
201,527
19,217
11,186,212
51,302,775
337,439
31,325,474
411,791,943
186,864
25,193
129,496
245,961
213,245
314,932
47,316
167,184
206,266,581
496,573
863,911
90,371
361,377,744,986
120,345
79,261
31,61,855
266,760,892
189,307,772
71,199,290,460
120,794,862,902
76,356,897
101,473
939,984
95,166,448
259,287
572,788
902,949
458,515
266,761
176,390
786,810
193,778
244,649
53,388
176,319,970
165,180,276
240,782
174,367,610,713
193,604
52,76,273,622
43,110,886,937
9,42,61,658
327,520,701
373,423
389,690
52,141
763,903
765,896
103,598
83,329
264,281
489,877,894
12,242,277,625
192,471,541
24,168
100,147
270,795
154,237
567,979
101,339,561
79,143
171,874
511,617
137,615,661
72,509
367,429
98,220,686,736
26,45,127,565
161,812
90,292
80,284,791
376,650
43,563
344,550
431,493
158,343
99,567
29,101,154
71,123
247,553,913
64,461,542
48,608
20,104,458
484,704
402,633
69,128,922
239,246
26,280,286
75,888,982
146,258
497,843
16,530,570
36,843
44,631
370,415
178,920
14,133,442
14,46,77,404
49,100,193
296,503
264,384
60,139
230,588
540,921
1,868
434,852
99,322,840
3,381,543
531,757
223,533
352,836
104,974,998
531,947
597,857
325,327
70,146,432,899
227,547,583
45,145,355
437,630
516,880
522,761
162,173,736
407,971
91,231,592
210,395
321,909
617,760
48,99,170,245
561,807
16,209
503,761,806
279,397
162,291,472,931
76,352,418
517,587,978
26,839
122,147,174,328
118,374
254,428,430
68,154,205,776
91,185,388,507
465,490
20,200,693
596,834
900,910
445,519,569,952
9,296
179,544
415,925
179,722,917
503,699
129,347
484,485,628,859
209,446
364,601
543,781
192,418
106,300,310
237,264
87,578,831,994
216,643
66,918
51,78
558,572,882
129,711
13,134,282
106,557
411,521,597
426,533
48,55,127
276,782
133,200
232,691
23,830
67,242,347
606,896,911
74,253,419
338,442
40,470,860
181,609
299,307
3,273
119,425
249,975
78,394
87,546
11,729,892,893
59,123,273,299
417,695,742,825
17,94,323,437
14,941
774,851
63,264,377,994
498,796
95,257,967
446,744
30,822
563,750
78,546
348,579
12,136,156,453
55,175
35,986
4,214
3,298
161,243,587
37,391
227,347
70,637,710
13,51,244,560
414,427,845,873
17,128,571,622
15,256
727,793
28,97
348,544
391,575
92,591
522,711,787
1,964
127,486,994
180,445,687,716
558,861,870
118,373
53,161
228,794
69,380,582
92,232,359,573
13,924
5,53,462,482
194,925
43,186
122,293
1,599
323,356
2,182
867,935
428,646
64,212
78,124
22,490
775,817,896
187,316
327,354
97,309
234,452
83,925
454,758,814
357,720
92,139
226,449,568,780
6,240,254
193,273,415
138,190,558
182,746
514,535,598,759
678,798
218,294,528
160,846,991
248,718
136,445
106,725
53,568
332,770
25,189,495,599
391,853
111,278
470,485
45,224
5,531
74,376
169,353
19,852
520,676,706,732
287,608
43,823
595,999
61,132,665
47,886
27,485
278,705,745
101,257,559
221,986
4,296,526
120,951
24,368,387
19,321,481,982
77,97,253,942
619,905
712,718
120,358,532
45,182
593,907
511,522
265,346
19,942
156,272,413,713
22,410
106,172,700
75,777
469,638,980
68,244
54,551
79,651
707,819
133,698,770
3,183,919,990
36,334
232,239,824,956
587,667
56,949
90,393
82,781
48,78,793
27,617
41,866
91,795
10,338,467
10,138
413,784,840,890
254,263,336,679
622,752
594,697
39,371
184,806
14,106,328
96,575
83,603
185,944,992
185,493
69,468,497
253,623
329,718,730,919
157,709,954
205,321
289,593
25,685
260,922
119,860
62,473
152,267,560
339,607
606,712
38,677
38,171
158,275,423
115,204,520,959
290,481
105,214,275
464,552
83,850
366,461
187,426,635,927
150,171
1,32,236,465
76,219,562
17,50,342
57,109,432
552,963
18,837
94,671,961,983
726,872,875,914
323,675,699
202,204,883
199,276,692
369,684
11,524
130,183
487,580,857,991
97,952
225,994
414,474
477,824
91,766,821
236,884
105,291,363
364,530
493,616
36,609
17,943
441,981
31,315
65,881
83,482,673
584,882
856,882
62,160
186,463
364,612,618
136,354,846
98,128,365,620
307,846
464,615
107,225,953
43,209,501
206,993
146,366
13,911
169,835
462,858
25,945
130,255,419
290,599
172,230,950
52,907
356,788
394,618
353,547,858
85,501,547
255,385
66,72
46,420
8,175,850
221,666,836
108,322,738,764
180,518,750
202,523
41,85
44,535
313,551,837
7,250,260,589
47,200,797
120,165,532
93,720,808
422,478
230,426,606
15,394
82,365
148,190,748,832
40,331
190,776
151,153
293,339,897
561,630
33,275
207,258,455,987
20,390
113,175,633
15,303
70,646
382,868
245,500,769
263,362,633,638
258,400
271,489
153,185
360,756
6,300
30,217,589
510,742
225,774
269,332
13,59,302,510
206,764
29,434
4,234
168,928
33,670,805
105,598
32,310
100,139
170,989
44,667
106,849,967
329,834
98,299
297,889
214,247
279,316,688,881
71,81
243,847
19,23
127,134,492,773
49,54
201,982
144,363
36,429
63,198,480,515
30,438
197,828
311,359,927
207,369
489,806
48,719
476,740
107,242
43,661
507,806
120,449,766
268,888
440,860
260,483
160,360
18,84,229
341,469,969
218,268,682,883
70,346,719
184,524
142,302,379
438,754,786
307,935
240,305,895
190,420
116,260
280,995
42,521,572,617
12,37,437,675
233,334
183,330,919
395,864
71,334
131,742
155,654
24,270,541,775
176,370,848
126,284
178,205
271,703
39,103
32,90,657
232,707,963
145,929
149,891
94,642
4,309
72,169
223,428,650
78,116,649
114,893
301,583
495,759
214,659,926
4,950
375,496,673,825
194,310,432
86,136
317,438
28,550,878,898
421,812
42,157
245,930
163,344
555,667
513,951
134,677,727
128,289,698
351,431,479,581
7,130
222,517,556,993
241,479
162,213
124,196,425,996
504,924
113,442
408,434,662,816
798,864
75,345
142,796
87,461
294,332
513,744
388,421,866
348,969
375,406,602
131,224
150,678
57,367,817
36,89
42,762
104,450,726
179,870
35,40
105,322
93,589,783,815
174,285
906,988
583,694
304,439
46,663
216,317
108,286,380
194,218
74,673
356,810
130,338,529
435,700,884
135,753
50,285
585,819,891
117,335
137,235,470
7,305,974
288,974
326,366,684,721
182,510,602
208,655
25,289,613
256,318
35,241,569
140,647
26,723
26,150
27,836
350,983
164,264
38,433,641
166,600
96,357,680,879
46,213,888
432,743,996
58,474,916
724,957
150,170
379,976
161,1000
540,937
190,480,526
530,560
85,928
66,252
33,121,274,857
232,472
7,291
146,349,542,992
100,238,713
481,652
620,779,936
217,390
56,394
49,257,285,331
326,383
13,55
130,247,580
201,529,584
625,818
198,837,984
123,154,313,353
288,755
243,649
557,619
951,981
18,82,878,987
304,453
34,918
16,53,858
138,458,603
147,288
82,979
595,829
25,86,879
69,271
440,562
212,267,398,792
465,879
166,593
42,619
63,325,542
172,320
103,592
125,176,279
27,74
195,336
5,81,894
64,238,974
17,540,542
323,427
478,753
376,682
449,940
689,885,972
213,426,789
84,975
142,443,471,791
256,514
6,305,844
631,803,950
179,341
14,248
414,928
95,193,878
169,899
90,354
336,359
45,660
192,965
573,697
188,237
29,395
265,356
197,306
154,215
175,195,455
111,484,585,898
83,98
148,616,621
55,140,644
75,391
274,991
80,122,505
224,775
2,59,928
350,611,811,817
350,472
541,865
281,379
326,724
9,412
531,849
163,673,992
385,396
263,371
208,407
688,790
89,357
60,623,976
98,437,732
2,484,612,965
153,349
30,525,724
827,880
165,444
120,239
156,172,208
254,833
197,508
92,725
681,820,838
216,463
29,529,860
41,559
475,603,689
24,733,870
126,319
72,450,758
119,559,729
262,627
70,704
48,549
104,132,544
897,995
330,818
498,623,938
20,54,174,505
361,536,863
506,865
634,792
225,646
234,711
121,721
25,349
27,282,809
185,491,721
5,773
16,38,251,563
45,281,660
62,589
135,401
40,480
116,143
93,903
95,836
250,311
22,505
125,200
191,414
20,451
117,962
38,361,930
562,876
191,554,999
251,342,823
37,38,114,736
181,318,883,954
5,233
147,166,633
400,607
87,604
416,438
4,338
296,603
68,328
177,607,762,765
453,492,512
670,674,696,874
396,596
353,744
64,102,298
373,877
17,107,171,676
79,420,802
72,145,448,601
134,252
557,868
60,205,210,841
32,713
280,543,849
91,144,629
112,170,436,733
30,882
329,761,888
109,392
176,372
28,422,537
731,747
679,767
67,94,248,529
410,660
93,200
87,600
8,191,910
483,605,614,990
491,632
725,915
270,862
51,278,853
86,291,413
14,584
130,530
34,921
272,322,628
17,630
269,450,746
489,779
322,869
654,809,869
23,234,324,372
113,330,399,990
31,291,598
142,235,296,919
18,86
229,703
180,386
322,548
73,213
51,135,149
316,506
15,763
44,926
144,714,741
280,1000
318,350
227,745
10,132,346,809
29,63
167,900
70,532,585
164,594
111,210,715,795
55,519,547
236,838
55,445,778
80,553
250,317
152,763
386,446
313,329,467,659
16,694,696
636,642,916
334,451,681
174,648,945,964
384,388,494
146,162,556,568
33,187
382,824
287,562,997
741,999
99,582
79,226,443
348,602
6,8
8,190
2,21,500
86,111,382,394
10,222,369
568,645
105,167,250
760,856
223,352
197,515,650
308,472
263,365
124,165,861,985
60,363,473
145,164,186,940
108,835,973
456,710
34,750
672,822
234,283,657
2,73,121,214
578,681,728
60,249
462,794
466,656
366,652
38,123,576
60,517,783,795
785,811
49,341,505
115,640
344,738,756
185,630
6,262
159,661,997
182,466
448,951
397,545
173,371
98,402
111,597,741
187,242
556,640
618,958
93,312
148,627
374,908
247,971
67,172,197,958
157,358
351,379,895
315,602
391,849
658,828
233,600
261,424
14,564
471,763
40,60
246,662,943
539,676
41,398
24,385
467,614,786
32,78,399,533
233,619
181,307,651,979
49,258
19,178
104,285
463,792
575,706
117,644,712
105,603
44,49,735
233,337
328,339,710
143,215
390,610,622
43,72,444
717,903
737,941,954
126,412
178,180,380,527
92,752
433,827
575,577
125,754
226,591,934
203,340
612,889
4,469
92,557,597,906
464,799
132,218
164,577
452,590
184,387
102,277,403,739
665,691
340,642,991
133,487
109,854
179,680,726
238,306,727,908
376,658
156,802
1,106,729,783
241,384
31,237,502,743
9,88
66,405
239,243
73,641,730
39,342,601,946
443,707
115,417,418,862
312,962
18,981
94,311,437,785
141,326,833
17,75
339,839
4,310,639
120,161
13,444
155,186,756
176,458
138,260,718
170,436,517
150,221
359,465
236,430
129,597
229,258
641,819
96,977
150,261,446,471
283,287,582,948
419,855
341,497,556
559,883
122,567
515,549,902
175,548
366,561
23,218
310,953
148,382
180,824,995
71,360
64,262
355,693
177,613,647,800
39,148
203,311,526
52,135,166
61,969
54,199,204
99,623
430,694,698
106,567,629,936
60,988
275,325
241,934
7,533
7,201,311,909
53,312,969
209,226
33,748
139,155,192
171,235,241,768
63,265,527
221,705
387,675
122,735,847,915
79,536,804
138,528
73,443
37,368,720
16,212
273,295
81,926
52,947
51,188,228,899
28,566,868
362,797
44,303,452,749
298,447
189,480,767
416,584
643,866
47,741
12,28,172
7,821
145,295,426
51,112,570,863
508,885,927
27,246
653,663
826,900
162,480,912
432,472
124,286
479,844
696,968
12,101,207,640
33,387
101,107
384,835,877
189,252
116,355,363,525
396,596,782
52,527,600
15,468
505,698
386,958,998
40,265,683,770
82,87
174,333,944
411,523
59,460,638,838
34,99,569
5,362,435,898
248,621,842
125,554
73,318,494,656
163,255,464
50,457
183,298,679
14,33
133,294
183,390,452
409,850
2,149,410,417
230,549
149,738,1000
511,939
11,35,938
95,96,204,490
132,198,482,984
677,800,966
652,671,907
263,664,801
378,678,830,972
404,833
140,156
377,488
404,933
368,554,984
453,521
100,959
535,726
47,224
244,563
143,425,486
110,956
118,995
261,583,847,893
142,968
574,645
632,945,997
84,381
5,124,536
4,57,151,451
448,602
12,301
129,130,221,324
22,346
74,545
345,574,669,924
26,314,733,923
27,104
515,871
271,360
157,514
135,243
118,196
67,151,714
403,845
511,588
88,298,672
59,436,914
45,123
13,153,715
271,595
107,173,869
67,133,260,573
10,58,475
634,716
126,321
96,844
20,321
554,569
629,734
288,765
268,780,805
396,901
121,244,825
235,345
157,579
153,348,369
151,483
814,901,903
143,424
405,621
102,320,818
148,520
23,749
1,944
22,301
340,440
590,594
364,827
267,758
856,912
539,816
184,751
194,514,670
109,304
270,669,976
134,227,591
196,722
7,126,372,639
62,557
93,109,209,617
219,363,423
692,948
313,470
136,676
751,925
147,770,953
7,854
84,156,231,933
34,192
32,671
46,579
78,887
272,519,702
255,310,950
118,209,227
113,474
194,262,314
564,686,912
38,353
293,488,876
252,319,579
54,102,590
147,632
75,655,885
123,375
381,478,594,619
474,528
447,610,664
159,639,690
119,228,373,776
88,105
163,456
348,537,588
813,906
19,29,689
46,237,419
3,160,382,401
119,164,301,717
