[0, 335]:[0, 361]
[0, 335]:[118, 335]
[0, 335]:[335, 994]
[118, 335]:[335, 994]
[0, 361]:[33, 361]
[0, 361]:[38, 361]
[0, 361]:[260, 361]
[0, 361]:[353, 361]
[0, 361]:[361, 738]
[33, 361]:[38, 361]
[33, 361]:[260, 361]
[33, 361]:[353, 361]
[33, 361]:[361, 738]
[38, 361]:[260, 361]
[38, 361]:[353, 361]
[38, 361]:[361, 738]
[260, 361]:[353, 361]
[260, 361]:[361, 738]
[353, 361]:[361, 738]
[1, 330]:[1, 357]
[1, 330]:[1, 939]
[1, 357]:[1, 939]
[1, 330]:[323, 330]
[1, 330]:[330, 622]
[1, 330]:[330, 849]
[323, 330]:[330, 622]
[323, 330]:[330, 849]
[330, 622]:[330, 849]
[1, 357]:[357, 708]
[1, 357]:[357, 807]
[357, 708]:[357, 807]
[1, 939]:[67, 939]
[1, 939]:[174, 939]
[1, 939]:[308, 939]
[1, 939]:[770, 939]
[67, 939]:[174, 939]
[67, 939]:[308, 939]
[67, 939]:[770, 939]
[174, 939]:[308, 939]
[174, 939]:[770, 939]
[308, 939]:[770, 939]
[2, 371]:[2, 466]
[2, 371]:[2, 912]
[2, 466]:[2, 912]
[2, 371]:[371, 383]
[2, 371]:[371, 599]
[371, 383]:[371, 599]
[2, 912]:[260, 912]
[2, 912]:[912, 950]
[2, 912]:[912, 951]
[260, 912]:[912, 950]
[260, 912]:[912, 951]
[912, 950]:[912, 951]
[3, 215]:[215, 484]
[3, 215]:[215, 680]
[215, 484]:[215, 680]
[5, 19]:[5, 161]
[5, 19]:[5, 471]
[5, 161]:[5, 471]
[5, 19]:[19, 216]
[5, 19]:[19, 438]
[5, 19]:[19, 518]
[5, 19]:[19, 779]
[19, 216]:[19, 438]
[19, 216]:[19, 518]
[19, 216]:[19, 779]
[19, 438]:[19, 518]
[19, 438]:[19, 779]
[19, 518]:[19, 779]
[5, 161]:[161, 307]
[5, 471]:[169, 471]
[5, 471]:[372, 471]
[5, 471]:[471, 971]
[169, 471]:[372, 471]
[169, 471]:[471, 971]
[372, 471]:[471, 971]
[6, 32]:[6, 151]
[6, 32]:[6, 747]
[6, 151]:[6, 747]
[6, 32]:[32, 963]
[6, 151]:[151, 459]
[6, 747]:[78, 747]
[6, 747]:[430, 747]
[6, 747]:[447, 747]
[6, 747]:[575, 747]
[6, 747]:[643, 747]
[6, 747]:[655, 747]
[6, 747]:[747, 889]
[78, 747]:[430, 747]
[78, 747]:[447, 747]
[78, 747]:[575, 747]
[78, 747]:[643, 747]
[78, 747]:[655, 747]
[78, 747]:[747, 889]
[430, 747]:[447, 747]
[430, 747]:[575, 747]
[430, 747]:[643, 747]
[430, 747]:[655, 747]
[430, 747]:[747, 889]
[447, 747]:[575, 747]
[447, 747]:[643, 747]
[447, 747]:[655, 747]
[447, 747]:[747, 889]
[575, 747]:[643, 747]
[575, 747]:[655, 747]
[575, 747]:[747, 889]
[643, 747]:[655, 747]
[643, 747]:[747, 889]
[655, 747]:[747, 889]
[7, 150]:[150, 235]
[8, 162]:[8, 616]
[8, 162]:[162, 830]
[8, 162]:[162, 849]
[162, 830]:[162, 849]
[9, 421]:[421, 805]
[10, 100]:[10, 244]
[10, 100]:[10, 879]
[10, 244]:[10, 879]
[10, 100]:[100, 154]
[10, 100]:[100, 229]
[10, 100]:[100, 385]
[10, 100]:[100, 639]
[100, 154]:[100, 229]
[100, 154]:[100, 385]
[100, 154]:[100, 639]
[100, 229]:[100, 385]
[100, 229]:[100, 639]
[100, 385]:[100, 639]
[10, 244]:[244, 405]
[10, 244]:[244, 815]
[244, 405]:[244, 815]
[10, 879]:[327, 879]
[10, 879]:[460, 879]
[10, 879]:[736, 879]
[327, 879]:[460, 879]
[327, 879]:[736, 879]
[460, 879]:[736, 879]
[11, 252]:[11, 262]
[11, 252]:[11, 282]
[11, 252]:[11, 443]
[11, 252]:[11, 750]
[11, 262]:[11, 282]
[11, 262]:[11, 443]
[11, 262]:[11, 750]
[11, 282]:[11, 443]
[11, 282]:[11, 750]
[11, 443]:[11, 750]
[11, 252]:[252, 281]
[11, 252]:[252, 502]
[11, 252]:[252, 790]
[11, 252]:[252, 860]
[252, 281]:[252, 502]
[252, 281]:[252, 790]
[252, 281]:[252, 860]
[252, 502]:[252, 790]
[252, 502]:[252, 860]
[252, 790]:[252, 860]
[11, 750]:[171, 750]
[11, 750]:[750, 907]
[171, 750]:[750, 907]
[12, 404]:[404, 671]
[13, 331]:[13, 347]
[13, 331]:[13, 678]
[13, 347]:[13, 678]
[13, 331]:[331, 697]
[13, 347]:[347, 565]
[13, 347]:[347, 635]
[347, 565]:[347, 635]
[13, 678]:[225, 678]
[13, 678]:[539, 678]
[225, 678]:[539, 678]
[14, 769]:[428, 769]
[14, 769]:[739, 769]
[428, 769]:[739, 769]
[15, 21]:[15, 148]
[15, 21]:[15, 393]
[15, 21]:[15, 437]
[15, 148]:[15, 393]
[15, 148]:[15, 437]
[15, 393]:[15, 437]
[15, 21]:[21, 256]
[15, 21]:[21, 398]
[21, 256]:[21, 398]
[15, 148]:[148, 411]
[15, 393]:[393, 625]
[15, 393]:[393, 728]
[393, 625]:[393, 728]
[15, 437]:[65, 437]
[15, 437]:[390, 437]
[15, 437]:[437, 692]
[65, 437]:[390, 437]
[65, 437]:[437, 692]
[390, 437]:[437, 692]
[17, 84]:[17, 403]
[17, 84]:[17, 792]
[17, 403]:[17, 792]
[17, 403]:[403, 584]
[17, 403]:[403, 696]
[17, 403]:[403, 754]
[17, 403]:[403, 766]
[403, 584]:[403, 696]
[403, 584]:[403, 754]
[403, 584]:[403, 766]
[403, 696]:[403, 754]
[403, 696]:[403, 766]
[403, 754]:[403, 766]
[17, 792]:[675, 792]
[19, 216]:[86, 216]
[19, 216]:[216, 691]
[86, 216]:[216, 691]
[19, 438]:[438, 708]
[19, 438]:[438, 873]
[438, 708]:[438, 873]
[19, 518]:[459, 518]
[19, 518]:[518, 969]
[19, 518]:[518, 987]
[459, 518]:[518, 969]
[459, 518]:[518, 987]
[518, 969]:[518, 987]
[19, 779]:[459, 779]
[20, 473]:[20, 561]
[20, 473]:[20, 898]
[20, 561]:[20, 898]
[20, 473]:[118, 473]
[20, 561]:[49, 561]
[20, 561]:[561, 813]
[20, 561]:[561, 921]
[49, 561]:[561, 813]
[49, 561]:[561, 921]
[561, 813]:[561, 921]
[20, 898]:[157, 898]
[20, 898]:[360, 898]
[20, 898]:[655, 898]
[20, 898]:[684, 898]
[157, 898]:[360, 898]
[157, 898]:[655, 898]
[157, 898]:[684, 898]
[360, 898]:[655, 898]
[360, 898]:[684, 898]
[655, 898]:[684, 898]
[21, 256]:[256, 288]
[21, 398]:[57, 398]
[21, 398]:[328, 398]
[21, 398]:[398, 434]
[21, 398]:[398, 435]
[21, 398]:[398, 806]
[57, 398]:[328, 398]
[57, 398]:[398, 434]
[57, 398]:[398, 435]
[57, 398]:[398, 806]
[328, 398]:[398, 434]
[328, 398]:[398, 435]
[328, 398]:[398, 806]
[398, 434]:[398, 435]
[398, 434]:[398, 806]
[398, 435]:[398, 806]
[22, 375]:[22, 475]
[22, 375]:[22, 666]
[22, 375]:[22, 786]
[22, 475]:[22, 666]
[22, 475]:[22, 786]
[22, 666]:[22, 786]
[22, 475]:[475, 681]
[22, 475]:[475, 916]
[475, 681]:[475, 916]
[22, 666]:[385, 666]
[22, 786]:[113, 786]
[22, 786]:[214, 786]
[22, 786]:[786, 862]
[113, 786]:[214, 786]
[113, 786]:[786, 862]
[214, 786]:[786, 862]
[23, 635]:[23, 745]
[23, 635]:[347, 635]
[23, 635]:[635, 973]
[347, 635]:[635, 973]
[23, 745]:[209, 745]
[23, 745]:[279, 745]
[23, 745]:[291, 745]
[23, 745]:[365, 745]
[23, 745]:[465, 745]
[23, 745]:[745, 789]
[209, 745]:[279, 745]
[209, 745]:[291, 745]
[209, 745]:[365, 745]
[209, 745]:[465, 745]
[209, 745]:[745, 789]
[279, 745]:[291, 745]
[279, 745]:[365, 745]
[279, 745]:[465, 745]
[279, 745]:[745, 789]
[291, 745]:[365, 745]
[291, 745]:[465, 745]
[291, 745]:[745, 789]
[365, 745]:[465, 745]
[365, 745]:[745, 789]
[465, 745]:[745, 789]
[24, 596]:[228, 596]
[24, 596]:[596, 655]
[24, 596]:[596, 730]
[228, 596]:[596, 655]
[228, 596]:[596, 730]
[596, 655]:[596, 730]
[25, 873]:[25, 952]
[25, 873]:[438, 873]
[25, 873]:[574, 873]
[438, 873]:[574, 873]
[25, 952]:[449, 952]
[25, 952]:[870, 952]
[449, 952]:[870, 952]
[26, 54]:[26, 120]
[26, 54]:[26, 495]
[26, 120]:[26, 495]
[26, 120]:[120, 921]
[26, 495]:[356, 495]
[26, 495]:[495, 989]
[356, 495]:[495, 989]
[27, 169]:[169, 195]
[27, 169]:[169, 471]
[27, 169]:[169, 488]
[27, 169]:[169, 878]
[27, 169]:[169, 967]
[169, 195]:[169, 471]
[169, 195]:[169, 488]
[169, 195]:[169, 878]
[169, 195]:[169, 967]
[169, 471]:[169, 488]
[169, 471]:[169, 878]
[169, 471]:[169, 967]
[169, 488]:[169, 878]
[169, 488]:[169, 967]
[169, 878]:[169, 967]
[29, 698]:[29, 917]
[29, 917]:[703, 917]
[30, 112]:[30, 202]
[30, 112]:[30, 834]
[30, 202]:[30, 834]
[30, 112]:[60, 112]
[30, 112]:[112, 669]
[60, 112]:[112, 669]
[30, 202]:[202, 607]
[30, 202]:[202, 732]
[202, 607]:[202, 732]
[30, 834]:[211, 834]
[30, 834]:[260, 834]
[30, 834]:[311, 834]
[211, 834]:[260, 834]
[211, 834]:[311, 834]
[260, 834]:[311, 834]
[31, 633]:[31, 857]
[31, 633]:[31, 966]
[31, 633]:[31, 985]
[31, 857]:[31, 966]
[31, 857]:[31, 985]
[31, 966]:[31, 985]
[31, 633]:[320, 633]
[31, 857]:[250, 857]
[31, 857]:[402, 857]
[31, 857]:[444, 857]
[250, 857]:[402, 857]
[250, 857]:[444, 857]
[402, 857]:[444, 857]
[31, 966]:[337, 966]
[32, 963]:[249, 963]
[32, 963]:[354, 963]
[32, 963]:[573, 963]
[249, 963]:[354, 963]
[249, 963]:[573, 963]
[354, 963]:[573, 963]
[33, 361]:[33, 417]
[33, 361]:[33, 847]
[33, 417]:[33, 847]
[33, 417]:[417, 455]
[33, 847]:[149, 847]
[33, 847]:[513, 847]
[149, 847]:[513, 847]
[34, 146]:[146, 597]
[36, 71]:[36, 269]
[36, 71]:[36, 312]
[36, 71]:[36, 407]
[36, 71]:[36, 468]
[36, 71]:[36, 676]
[36, 269]:[36, 312]
[36, 269]:[36, 407]
[36, 269]:[36, 468]
[36, 269]:[36, 676]
[36, 312]:[36, 407]
[36, 312]:[36, 468]
[36, 312]:[36, 676]
[36, 407]:[36, 468]
[36, 407]:[36, 676]
[36, 468]:[36, 676]
[36, 71]:[71, 431]
[36, 71]:[71, 563]
[36, 71]:[71, 884]
[71, 431]:[71, 563]
[71, 431]:[71, 884]
[71, 563]:[71, 884]
[36, 407]:[407, 679]
[36, 468]:[47, 468]
[36, 468]:[468, 921]
[47, 468]:[468, 921]
[36, 676]:[628, 676]
[37, 415]:[37, 547]
[37, 415]:[415, 480]
[38, 361]:[38, 454]
[38, 454]:[454, 517]
[39, 876]:[39, 972]
[39, 876]:[322, 876]
[39, 876]:[876, 919]
[39, 876]:[876, 950]
[322, 876]:[876, 919]
[322, 876]:[876, 950]
[876, 919]:[876, 950]
[39, 972]:[198, 972]
[39, 972]:[322, 972]
[198, 972]:[322, 972]
[40, 914]:[111, 914]
[40, 914]:[350, 914]
[111, 914]:[350, 914]
[42, 63]:[42, 248]
[42, 63]:[63, 101]
[42, 63]:[63, 730]
[63, 101]:[63, 730]
[42, 248]:[248, 477]
[42, 248]:[248, 791]
[248, 477]:[248, 791]
[43, 152]:[43, 614]
[43, 152]:[79, 152]
[43, 152]:[152, 700]
[79, 152]:[152, 700]
[43, 614]:[614, 818]
[46, 320]:[46, 988]
[46, 320]:[320, 604]
[46, 320]:[320, 633]
[46, 320]:[320, 651]
[46, 320]:[320, 655]
[320, 604]:[320, 633]
[320, 604]:[320, 651]
[320, 604]:[320, 655]
[320, 633]:[320, 651]
[320, 633]:[320, 655]
[320, 651]:[320, 655]
[46, 988]:[276, 988]
[48, 638]:[48, 867]
[48, 638]:[638, 732]
[48, 867]:[301, 867]
[48, 867]:[706, 867]
[301, 867]:[706, 867]
[49, 400]:[49, 561]
[49, 400]:[49, 774]
[49, 561]:[49, 774]
[49, 400]:[400, 487]
[49, 400]:[400, 981]
[400, 487]:[400, 981]
[49, 774]:[774, 781]
[49, 774]:[774, 832]
[774, 781]:[774, 832]
[50, 245]:[50, 317]
[50, 245]:[50, 546]
[50, 245]:[50, 651]
[50, 317]:[50, 546]
[50, 317]:[50, 651]
[50, 546]:[50, 651]
[50, 245]:[245, 499]
[50, 245]:[245, 672]
[245, 499]:[245, 672]
[50, 317]:[317, 660]
[50, 317]:[317, 910]
[317, 660]:[317, 910]
[50, 651]:[320, 651]
[50, 651]:[651, 984]
[320, 651]:[651, 984]
[51, 239]:[51, 544]
[51, 239]:[195, 239]
[51, 239]:[239, 289]
[195, 239]:[239, 289]
[52, 410]:[52, 412]
[53, 172]:[53, 851]
[53, 172]:[172, 399]
[53, 172]:[172, 688]
[53, 172]:[172, 927]
[172, 399]:[172, 688]
[172, 399]:[172, 927]
[172, 688]:[172, 927]
[53, 851]:[221, 851]
[53, 851]:[423, 851]
[53, 851]:[719, 851]
[53, 851]:[793, 851]
[221, 851]:[423, 851]
[221, 851]:[719, 851]
[221, 851]:[793, 851]
[423, 851]:[719, 851]
[423, 851]:[793, 851]
[719, 851]:[793, 851]
[55, 267]:[55, 944]
[55, 944]:[413, 944]
[55, 944]:[483, 944]
[55, 944]:[767, 944]
[413, 944]:[483, 944]
[413, 944]:[767, 944]
[483, 944]:[767, 944]
[56, 136]:[56, 316]
[56, 136]:[136, 647]
[56, 316]:[78, 316]
[56, 316]:[316, 599]
[56, 316]:[316, 787]
[78, 316]:[316, 599]
[78, 316]:[316, 787]
[316, 599]:[316, 787]
[57, 398]:[57, 886]
[57, 886]:[713, 886]
[57, 886]:[858, 886]
[57, 886]:[886, 955]
[713, 886]:[858, 886]
[713, 886]:[886, 955]
[858, 886]:[886, 955]
[58, 377]:[58, 581]
[58, 377]:[58, 973]
[58, 581]:[58, 973]
[58, 377]:[218, 377]
[58, 581]:[581, 765]
[58, 973]:[490, 973]
[58, 973]:[635, 973]
[58, 973]:[973, 986]
[490, 973]:[635, 973]
[490, 973]:[973, 986]
[635, 973]:[973, 986]
[59, 300]:[59, 388]
[59, 300]:[59, 548]
[59, 388]:[59, 548]
[59, 300]:[300, 329]
[59, 388]:[223, 388]
[59, 388]:[318, 388]
[59, 388]:[388, 692]
[223, 388]:[318, 388]
[223, 388]:[388, 692]
[318, 388]:[388, 692]
[59, 548]:[83, 548]
[60, 112]:[60, 513]
[60, 513]:[92, 513]
[60, 513]:[324, 513]
[60, 513]:[513, 847]
[92, 513]:[324, 513]
[92, 513]:[513, 847]
[324, 513]:[513, 847]
[61, 75]:[75, 338]
[61, 75]:[75, 493]
[75, 338]:[75, 493]
[62, 241]:[241, 744]
[62, 241]:[241, 749]
[62, 241]:[241, 909]
[62, 241]:[241, 980]
[241, 744]:[241, 749]
[241, 744]:[241, 909]
[241, 744]:[241, 980]
[241, 749]:[241, 909]
[241, 749]:[241, 980]
[241, 909]:[241, 980]
[63, 101]:[101, 363]
[63, 101]:[101, 486]
[101, 363]:[101, 486]
[63, 730]:[596, 730]
[64, 373]:[64, 953]
[64, 373]:[373, 597]
[64, 373]:[373, 941]
[373, 597]:[373, 941]
[64, 953]:[203, 953]
[65, 294]:[65, 309]
[65, 294]:[65, 437]
[65, 294]:[65, 554]
[65, 294]:[65, 692]
[65, 294]:[65, 950]
[65, 294]:[65, 993]
[65, 309]:[65, 437]
[65, 309]:[65, 554]
[65, 309]:[65, 692]
[65, 309]:[65, 950]
[65, 309]:[65, 993]
[65, 437]:[65, 554]
[65, 437]:[65, 692]
[65, 437]:[65, 950]
[65, 437]:[65, 993]
[65, 554]:[65, 692]
[65, 554]:[65, 950]
[65, 554]:[65, 993]
[65, 692]:[65, 950]
[65, 692]:[65, 993]
[65, 950]:[65, 993]
[65, 294]:[294, 929]
[65, 309]:[91, 309]
[65, 309]:[309, 432]
[65, 309]:[309, 741]
[65, 309]:[309, 801]
[65, 309]:[309, 956]
[91, 309]:[309, 432]
[91, 309]:[309, 741]
[91, 309]:[309, 801]
[91, 309]:[309, 956]
[309, 432]:[309, 741]
[309, 432]:[309, 801]
[309, 432]:[309, 956]
[309, 741]:[309, 801]
[309, 741]:[309, 956]
[309, 801]:[309, 956]
[65, 554]:[115, 554]
[65, 554]:[275, 554]
[65, 554]:[392, 554]
[65, 554]:[554, 584]
[65, 554]:[554, 738]
[115, 554]:[275, 554]
[115, 554]:[392, 554]
[115, 554]:[554, 584]
[115, 554]:[554, 738]
[275, 554]:[392, 554]
[275, 554]:[554, 584]
[275, 554]:[554, 738]
[392, 554]:[554, 584]
[392, 554]:[554, 738]
[554, 584]:[554, 738]
[65, 692]:[388, 692]
[65, 692]:[437, 692]
[388, 692]:[437, 692]
[65, 950]:[606, 950]
[65, 950]:[876, 950]
[65, 950]:[912, 950]
[606, 950]:[876, 950]
[606, 950]:[912, 950]
[876, 950]:[912, 950]
[65, 993]:[808, 993]
[66, 246]:[66, 592]
[66, 246]:[233, 246]
[66, 246]:[246, 507]
[66, 246]:[246, 840]
[233, 246]:[246, 507]
[233, 246]:[246, 840]
[246, 507]:[246, 840]
[66, 592]:[329, 592]
[66, 592]:[592, 731]
[329, 592]:[592, 731]
[68, 366]:[366, 854]
[69, 209]:[209, 745]
[69, 209]:[209, 837]
[209, 745]:[209, 837]
[70, 288]:[70, 628]
[70, 288]:[70, 749]
[70, 628]:[70, 749]
[70, 288]:[109, 288]
[70, 288]:[139, 288]
[70, 288]:[256, 288]
[70, 288]:[288, 505]
[109, 288]:[139, 288]
[109, 288]:[256, 288]
[109, 288]:[288, 505]
[139, 288]:[256, 288]
[139, 288]:[288, 505]
[256, 288]:[288, 505]
[70, 628]:[342, 628]
[70, 628]:[628, 676]
[342, 628]:[628, 676]
[70, 749]:[241, 749]
[71, 431]:[350, 431]
[71, 563]:[511, 563]
[71, 884]:[290, 884]
[71, 884]:[299, 884]
[71, 884]:[303, 884]
[71, 884]:[372, 884]
[71, 884]:[629, 884]
[290, 884]:[299, 884]
[290, 884]:[303, 884]
[290, 884]:[372, 884]
[290, 884]:[629, 884]
[299, 884]:[303, 884]
[299, 884]:[372, 884]
[299, 884]:[629, 884]
[303, 884]:[372, 884]
[303, 884]:[629, 884]
[372, 884]:[629, 884]
[72, 907]:[72, 925]
[72, 907]:[750, 907]
[72, 907]:[907, 926]
[750, 907]:[907, 926]
[72, 925]:[372, 925]
[72, 925]:[497, 925]
[372, 925]:[497, 925]
[73, 455]:[174, 455]
[73, 455]:[417, 455]
[73, 455]:[455, 864]
[174, 455]:[417, 455]
[174, 455]:[455, 864]
[417, 455]:[455, 864]
[74, 139]:[74, 222]
[74, 139]:[139, 288]
[74, 222]:[222, 444]
[74, 222]:[222, 920]
[222, 444]:[222, 920]
[75, 493]:[228, 493]
[75, 493]:[315, 493]
[75, 493]:[493, 639]
[75, 493]:[493, 679]
[228, 493]:[315, 493]
[228, 493]:[493, 639]
[228, 493]:[493, 679]
[315, 493]:[493, 639]
[315, 493]:[493, 679]
[493, 639]:[493, 679]
[76, 405]:[76, 872]
[76, 405]:[92, 405]
[76, 405]:[244, 405]
[76, 405]:[293, 405]
[76, 405]:[405, 766]
[92, 405]:[244, 405]
[92, 405]:[293, 405]
[92, 405]:[405, 766]
[244, 405]:[293, 405]
[244, 405]:[405, 766]
[293, 405]:[405, 766]
[77, 680]:[77, 767]
[77, 680]:[207, 680]
[77, 680]:[215, 680]
[77, 680]:[266, 680]
[77, 680]:[511, 680]
[77, 680]:[680, 936]
[77, 680]:[680, 977]
[207, 680]:[215, 680]
[207, 680]:[266, 680]
[207, 680]:[511, 680]
[207, 680]:[680, 936]
[207, 680]:[680, 977]
[215, 680]:[266, 680]
[215, 680]:[511, 680]
[215, 680]:[680, 936]
[215, 680]:[680, 977]
[266, 680]:[511, 680]
[266, 680]:[680, 936]
[266, 680]:[680, 977]
[511, 680]:[680, 936]
[511, 680]:[680, 977]
[680, 936]:[680, 977]
[77, 767]:[767, 902]
[77, 767]:[767, 944]
[767, 902]:[767, 944]
[78, 316]:[78, 329]
[78, 316]:[78, 564]
[78, 316]:[78, 747]
[78, 329]:[78, 564]
[78, 329]:[78, 747]
[78, 564]:[78, 747]
[78, 329]:[300, 329]
[78, 329]:[329, 592]
[78, 329]:[329, 690]
[300, 329]:[329, 592]
[300, 329]:[329, 690]
[329, 592]:[329, 690]
[78, 564]:[564, 631]
[78, 564]:[564, 812]
[564, 631]:[564, 812]
[79, 152]:[79, 739]
[79, 739]:[211, 739]
[79, 739]:[739, 769]
[211, 739]:[739, 769]
[80, 283]:[80, 314]
[80, 314]:[314, 506]
[80, 314]:[314, 920]
[314, 506]:[314, 920]
[81, 197]:[81, 203]
[81, 197]:[81, 342]
[81, 197]:[81, 853]
[81, 203]:[81, 342]
[81, 203]:[81, 853]
[81, 342]:[81, 853]
[81, 197]:[197, 728]
[81, 197]:[197, 961]
[197, 728]:[197, 961]
[81, 203]:[203, 576]
[81, 203]:[203, 622]
[81, 203]:[203, 953]
[203, 576]:[203, 622]
[203, 576]:[203, 953]
[203, 622]:[203, 953]
[81, 342]:[295, 342]
[81, 342]:[342, 628]
[295, 342]:[342, 628]
[82, 158]:[82, 640]
[82, 158]:[158, 960]
[82, 640]:[126, 640]
[82, 640]:[259, 640]
[82, 640]:[640, 836]
[82, 640]:[640, 837]
[126, 640]:[259, 640]
[126, 640]:[640, 836]
[126, 640]:[640, 837]
[259, 640]:[640, 836]
[259, 640]:[640, 837]
[640, 836]:[640, 837]
[83, 205]:[83, 548]
[83, 205]:[205, 831]
[86, 201]:[86, 216]
[86, 201]:[86, 842]
[86, 201]:[86, 987]
[86, 216]:[86, 842]
[86, 216]:[86, 987]
[86, 842]:[86, 987]
[86, 201]:[201, 325]
[86, 201]:[201, 632]
[201, 325]:[201, 632]
[86, 842]:[535, 842]
[86, 842]:[655, 842]
[86, 842]:[724, 842]
[535, 842]:[655, 842]
[535, 842]:[724, 842]
[655, 842]:[724, 842]
[86, 987]:[518, 987]
[87, 482]:[93, 482]
[87, 482]:[461, 482]
[87, 482]:[482, 579]
[93, 482]:[461, 482]
[93, 482]:[482, 579]
[461, 482]:[482, 579]
[88, 352]:[88, 402]
[88, 352]:[352, 436]
[88, 352]:[352, 935]
[352, 436]:[352, 935]
[88, 402]:[402, 857]
[90, 622]:[203, 622]
[90, 622]:[330, 622]
[90, 622]:[622, 762]
[203, 622]:[330, 622]
[203, 622]:[622, 762]
[330, 622]:[622, 762]
[91, 309]:[91, 310]
[91, 309]:[91, 979]
[91, 310]:[91, 979]
[91, 310]:[310, 715]
[91, 979]:[339, 979]
[91, 979]:[595, 979]
[91, 979]:[654, 979]
[91, 979]:[979, 994]
[339, 979]:[595, 979]
[339, 979]:[654, 979]
[339, 979]:[979, 994]
[595, 979]:[654, 979]
[595, 979]:[979, 994]
[654, 979]:[979, 994]
[92, 154]:[92, 405]
[92, 154]:[92, 513]
[92, 154]:[92, 744]
[92, 405]:[92, 513]
[92, 405]:[92, 744]
[92, 513]:[92, 744]
[92, 154]:[100, 154]
[92, 154]:[154, 582]
[92, 154]:[154, 812]
[100, 154]:[154, 582]
[100, 154]:[154, 812]
[154, 582]:[154, 812]
[92, 744]:[241, 744]
[92, 744]:[512, 744]
[92, 744]:[744, 819]
[241, 744]:[512, 744]
[241, 744]:[744, 819]
[512, 744]:[744, 819]
[93, 345]:[93, 482]
[93, 345]:[345, 665]
[95, 485]:[95, 888]
[95, 485]:[117, 485]
[95, 485]:[178, 485]
[95, 485]:[485, 805]
[117, 485]:[178, 485]
[117, 485]:[485, 805]
[178, 485]:[485, 805]
[96, 479]:[96, 849]
[96, 479]:[479, 655]
[96, 479]:[479, 798]
[479, 655]:[479, 798]
[96, 849]:[162, 849]
[96, 849]:[330, 849]
[96, 849]:[411, 849]
[162, 849]:[330, 849]
[162, 849]:[411, 849]
[330, 849]:[411, 849]
[98, 824]:[273, 824]
[98, 824]:[597, 824]
[273, 824]:[597, 824]
[99, 212]:[99, 685]
[99, 212]:[99, 802]
[99, 685]:[99, 802]
[99, 212]:[212, 396]
[99, 685]:[559, 685]
[99, 802]:[353, 802]
[99, 802]:[802, 919]
[99, 802]:[802, 992]
[353, 802]:[802, 919]
[353, 802]:[802, 992]
[802, 919]:[802, 992]
[100, 229]:[229, 855]
[100, 385]:[385, 666]
[100, 385]:[385, 803]
[385, 666]:[385, 803]
[100, 639]:[493, 639]
[100, 639]:[639, 922]
[493, 639]:[639, 922]
[101, 486]:[277, 486]
[101, 486]:[486, 496]
[101, 486]:[486, 535]
[277, 486]:[486, 496]
[277, 486]:[486, 535]
[486, 496]:[486, 535]
[102, 279]:[279, 745]
[103, 675]:[103, 694]
[103, 675]:[220, 675]
[103, 675]:[598, 675]
[103, 675]:[675, 792]
[103, 675]:[675, 815]
[220, 675]:[598, 675]
[220, 675]:[675, 792]
[220, 675]:[675, 815]
[598, 675]:[675, 792]
[598, 675]:[675, 815]
[675, 792]:[675, 815]
[103, 694]:[694, 967]
[104, 107]:[104, 235]
[104, 107]:[104, 553]
[104, 107]:[104, 799]
[104, 235]:[104, 553]
[104, 235]:[104, 799]
[104, 553]:[104, 799]
[104, 107]:[107, 647]
[104, 107]:[107, 844]
[107, 647]:[107, 844]
[104, 235]:[150, 235]
[104, 235]:[235, 568]
[104, 235]:[235, 582]
[150, 235]:[235, 568]
[150, 235]:[235, 582]
[235, 568]:[235, 582]
[104, 553]:[489, 553]
[104, 799]:[184, 799]
[104, 799]:[194, 799]
[104, 799]:[332, 799]
[184, 799]:[194, 799]
[184, 799]:[332, 799]
[194, 799]:[332, 799]
[106, 701]:[304, 701]
[106, 701]:[658, 701]
[304, 701]:[658, 701]
[107, 647]:[136, 647]
[107, 647]:[647, 789]
[136, 647]:[647, 789]
[107, 844]:[391, 844]
[107, 844]:[659, 844]
[391, 844]:[659, 844]
[108, 234]:[234, 353]
[108, 234]:[234, 809]
[234, 353]:[234, 809]
[109, 263]:[109, 288]
[109, 263]:[263, 350]
[109, 263]:[263, 395]
[263, 350]:[263, 395]
[110, 332]:[110, 668]
[110, 332]:[207, 332]
[110, 332]:[332, 799]
[207, 332]:[332, 799]
[110, 668]:[196, 668]
[110, 668]:[484, 668]
[196, 668]:[484, 668]
[111, 748]:[111, 914]
[116, 542]:[251, 542]
[117, 485]:[117, 796]
[118, 313]:[118, 335]
[118, 313]:[118, 359]
[118, 313]:[118, 473]
[118, 313]:[118, 672]
[118, 313]:[118, 757]
[118, 313]:[118, 789]
[118, 335]:[118, 359]
[118, 335]:[118, 473]
[118, 335]:[118, 672]
[118, 335]:[118, 757]
[118, 335]:[118, 789]
[118, 359]:[118, 473]
[118, 359]:[118, 672]
[118, 359]:[118, 757]
[118, 359]:[118, 789]
[118, 473]:[118, 672]
[118, 473]:[118, 757]
[118, 473]:[118, 789]
[118, 672]:[118, 757]
[118, 672]:[118, 789]
[118, 757]:[118, 789]
[118, 313]:[313, 450]
[118, 313]:[313, 878]
[313, 450]:[313, 878]
[118, 672]:[245, 672]
[118, 672]:[672, 813]
[245, 672]:[672, 813]
[118, 789]:[167, 789]
[118, 789]:[355, 789]
[118, 789]:[647, 789]
[118, 789]:[745, 789]
[118, 789]:[789, 999]
[167, 789]:[355, 789]
[167, 789]:[647, 789]
[167, 789]:[745, 789]
[167, 789]:[789, 999]
[355, 789]:[647, 789]
[355, 789]:[745, 789]
[355, 789]:[789, 999]
[647, 789]:[745, 789]
[647, 789]:[789, 999]
[745, 789]:[789, 999]
[120, 921]:[468, 921]
[120, 921]:[561, 921]
[120, 921]:[575, 921]
[120, 921]:[921, 931]
[120, 921]:[921, 983]
[468, 921]:[561, 921]
[468, 921]:[575, 921]
[468, 921]:[921, 931]
[468, 921]:[921, 983]
[561, 921]:[575, 921]
[561, 921]:[921, 931]
[561, 921]:[921, 983]
[575, 921]:[921, 931]
[575, 921]:[921, 983]
[921, 931]:[921, 983]
[122, 232]:[122, 742]
[122, 232]:[163, 232]
[122, 232]:[232, 249]
[163, 232]:[232, 249]
[122, 742]:[636, 742]
[122, 742]:[648, 742]
[636, 742]:[648, 742]
[124, 174]:[124, 430]
[124, 174]:[174, 427]
[124, 174]:[174, 455]
[124, 174]:[174, 671]
[124, 174]:[174, 939]
[174, 427]:[174, 455]
[174, 427]:[174, 671]
[174, 427]:[174, 939]
[174, 455]:[174, 671]
[174, 455]:[174, 939]
[174, 671]:[174, 939]
[124, 430]:[200, 430]
[124, 430]:[430, 498]
[124, 430]:[430, 673]
[124, 430]:[430, 747]
[200, 430]:[430, 498]
[200, 430]:[430, 673]
[200, 430]:[430, 747]
[430, 498]:[430, 673]
[430, 498]:[430, 747]
[430, 673]:[430, 747]
[125, 228]:[125, 892]
[125, 228]:[228, 493]
[125, 228]:[228, 596]
[125, 228]:[228, 977]
[228, 493]:[228, 596]
[228, 493]:[228, 977]
[228, 596]:[228, 977]
[125, 892]:[892, 942]
[127, 929]:[294, 929]
[127, 929]:[469, 929]
[127, 929]:[483, 929]
[127, 929]:[724, 929]
[294, 929]:[469, 929]
[294, 929]:[483, 929]
[294, 929]:[724, 929]
[469, 929]:[483, 929]
[469, 929]:[724, 929]
[483, 929]:[724, 929]
[128, 208]:[128, 423]
[128, 208]:[128, 673]
[128, 423]:[128, 673]
[128, 423]:[132, 423]
[128, 423]:[423, 432]
[128, 423]:[423, 851]
[128, 423]:[423, 911]
[132, 423]:[423, 432]
[132, 423]:[423, 851]
[132, 423]:[423, 911]
[423, 432]:[423, 851]
[423, 432]:[423, 911]
[423, 851]:[423, 911]
[128, 673]:[430, 673]
[128, 673]:[673, 711]
[430, 673]:[673, 711]
[131, 175]:[131, 364]
[132, 423]:[132, 899]
[135, 261]:[261, 928]
[137, 549]:[137, 989]
[137, 549]:[549, 663]
[137, 989]:[495, 989]
[138, 512]:[138, 574]
[138, 512]:[512, 667]
[138, 512]:[512, 744]
[512, 667]:[512, 744]
[138, 574]:[574, 873]
[141, 488]:[141, 584]
[141, 488]:[169, 488]
[141, 584]:[264, 584]
[141, 584]:[403, 584]
[141, 584]:[554, 584]
[141, 584]:[584, 992]
[264, 584]:[403, 584]
[264, 584]:[554, 584]
[264, 584]:[584, 992]
[403, 584]:[554, 584]
[403, 584]:[584, 992]
[554, 584]:[584, 992]
[143, 260]:[163, 260]
[143, 260]:[260, 361]
[143, 260]:[260, 791]
[143, 260]:[260, 834]
[143, 260]:[260, 912]
[163, 260]:[260, 361]
[163, 260]:[260, 791]
[163, 260]:[260, 834]
[163, 260]:[260, 912]
[260, 361]:[260, 791]
[260, 361]:[260, 834]
[260, 361]:[260, 912]
[260, 791]:[260, 834]
[260, 791]:[260, 912]
[260, 834]:[260, 912]
[144, 591]:[144, 610]
[144, 591]:[144, 752]
[144, 610]:[144, 752]
[144, 591]:[591, 810]
[144, 752]:[752, 983]
[146, 597]:[168, 597]
[146, 597]:[373, 597]
[146, 597]:[597, 824]
[146, 597]:[597, 996]
[168, 597]:[373, 597]
[168, 597]:[597, 824]
[168, 597]:[597, 996]
[373, 597]:[597, 824]
[373, 597]:[597, 996]
[597, 824]:[597, 996]
[147, 220]:[147, 760]
[147, 220]:[147, 827]
[147, 760]:[147, 827]
[147, 220]:[220, 675]
[147, 220]:[220, 704]
[147, 220]:[220, 808]
[147, 220]:[220, 819]
[220, 675]:[220, 704]
[220, 675]:[220, 808]
[220, 675]:[220, 819]
[220, 704]:[220, 808]
[220, 704]:[220, 819]
[220, 808]:[220, 819]
[147, 827]:[602, 827]
[148, 411]:[411, 619]
[148, 411]:[411, 849]
[148, 411]:[411, 949]
[148, 411]:[411, 984]
[411, 619]:[411, 849]
[411, 619]:[411, 949]
[411, 619]:[411, 984]
[411, 849]:[411, 949]
[411, 849]:[411, 984]
[411, 949]:[411, 984]
[149, 809]:[149, 847]
[149, 809]:[234, 809]
[149, 809]:[372, 809]
[234, 809]:[372, 809]
[151, 459]:[459, 518]
[151, 459]:[459, 705]
[151, 459]:[459, 779]
[459, 518]:[459, 705]
[459, 518]:[459, 779]
[459, 705]:[459, 779]
[152, 700]:[700, 727]
[153, 236]:[236, 703]
[153, 236]:[236, 947]
[236, 703]:[236, 947]
[154, 582]:[235, 582]
[154, 582]:[434, 582]
[235, 582]:[434, 582]
[154, 812]:[233, 812]
[154, 812]:[564, 812]
[233, 812]:[564, 812]
[157, 242]:[157, 349]
[157, 242]:[157, 469]
[157, 242]:[157, 514]
[157, 242]:[157, 714]
[157, 242]:[157, 898]
[157, 349]:[157, 469]
[157, 349]:[157, 514]
[157, 349]:[157, 714]
[157, 349]:[157, 898]
[157, 469]:[157, 514]
[157, 469]:[157, 714]
[157, 469]:[157, 898]
[157, 514]:[157, 714]
[157, 514]:[157, 898]
[157, 714]:[157, 898]
[157, 349]:[349, 919]
[157, 469]:[469, 929]
[157, 514]:[514, 890]
[157, 714]:[501, 714]
[157, 714]:[714, 803]
[501, 714]:[714, 803]
[158, 960]:[629, 960]
[161, 307]:[307, 336]
[161, 307]:[307, 895]
[307, 336]:[307, 895]
[162, 830]:[830, 935]
[163, 232]:[163, 260]
[163, 232]:[163, 785]
[163, 232]:[163, 926]
[163, 260]:[163, 785]
[163, 260]:[163, 926]
[163, 785]:[163, 926]
[163, 785]:[422, 785]
[163, 785]:[517, 785]
[163, 785]:[583, 785]
[422, 785]:[517, 785]
[422, 785]:[583, 785]
[517, 785]:[583, 785]
[163, 926]:[852, 926]
[163, 926]:[907, 926]
[852, 926]:[907, 926]
[165, 618]:[539, 618]
[165, 618]:[618, 811]
[539, 618]:[618, 811]
[166, 681]:[475, 681]
[166, 681]:[681, 783]
[475, 681]:[681, 783]
[167, 490]:[167, 789]
[167, 490]:[490, 862]
[167, 490]:[490, 973]
[490, 862]:[490, 973]
[168, 250]:[168, 597]
[168, 250]:[250, 857]
[169, 195]:[195, 239]
[169, 878]:[313, 878]
[169, 967]:[694, 967]
[169, 967]:[956, 967]
[694, 967]:[956, 967]
[172, 399]:[206, 399]
[172, 399]:[399, 813]
[206, 399]:[399, 813]
[172, 688]:[688, 887]
[172, 688]:[688, 951]
[688, 887]:[688, 951]
[172, 927]:[588, 927]
[173, 793]:[793, 851]
[174, 427]:[427, 576]
[174, 427]:[427, 604]
[174, 427]:[427, 713]
[427, 576]:[427, 604]
[427, 576]:[427, 713]
[427, 604]:[427, 713]
[174, 671]:[404, 671]
[174, 671]:[458, 671]
[404, 671]:[458, 671]
[176, 654]:[654, 979]
[176, 654]:[654, 992]
[654, 979]:[654, 992]
[179, 441]:[190, 441]
[179, 441]:[441, 865]
[190, 441]:[441, 865]
[180, 611]:[180, 620]
[180, 620]:[620, 755]
[184, 297]:[184, 799]
[186, 590]:[186, 813]
[186, 813]:[399, 813]
[186, 813]:[561, 813]
[186, 813]:[672, 813]
[186, 813]:[813, 991]
[399, 813]:[561, 813]
[399, 813]:[672, 813]
[399, 813]:[813, 991]
[561, 813]:[672, 813]
[561, 813]:[813, 991]
[672, 813]:[813, 991]
[192, 738]:[230, 738]
[192, 738]:[361, 738]
[192, 738]:[554, 738]
[192, 738]:[738, 814]
[192, 738]:[738, 934]
[230, 738]:[361, 738]
[230, 738]:[554, 738]
[230, 738]:[738, 814]
[230, 738]:[738, 934]
[361, 738]:[554, 738]
[361, 738]:[738, 814]
[361, 738]:[738, 934]
[554, 738]:[738, 814]
[554, 738]:[738, 934]
[738, 814]:[738, 934]
[193, 207]:[193, 315]
[193, 207]:[193, 974]
[193, 315]:[193, 974]
[193, 207]:[207, 332]
[193, 207]:[207, 680]
[207, 332]:[207, 680]
[193, 315]:[315, 493]
[193, 315]:[315, 841]
[315, 493]:[315, 841]
[193, 974]:[450, 974]
[194, 799]:[194, 896]
[196, 467]:[196, 575]
[196, 467]:[196, 668]
[196, 575]:[196, 668]
[196, 467]:[467, 696]
[196, 467]:[467, 791]
[196, 467]:[467, 902]
[467, 696]:[467, 791]
[467, 696]:[467, 902]
[467, 791]:[467, 902]
[196, 575]:[575, 609]
[196, 575]:[575, 747]
[196, 575]:[575, 921]
[196, 575]:[575, 982]
[575, 609]:[575, 747]
[575, 609]:[575, 921]
[575, 609]:[575, 982]
[575, 747]:[575, 921]
[575, 747]:[575, 982]
[575, 921]:[575, 982]
[197, 728]:[393, 728]
[197, 728]:[567, 728]
[393, 728]:[567, 728]
[197, 961]:[854, 961]
[197, 961]:[863, 961]
[854, 961]:[863, 961]
[199, 877]:[655, 877]
[200, 430]:[200, 755]
[200, 755]:[620, 755]
[200, 755]:[755, 904]
[620, 755]:[755, 904]
[201, 632]:[324, 632]
[202, 607]:[501, 607]
[202, 607]:[594, 607]
[501, 607]:[594, 607]
[202, 732]:[638, 732]
[202, 732]:[723, 732]
[638, 732]:[723, 732]
[203, 576]:[427, 576]
[203, 576]:[576, 699]
[203, 576]:[576, 740]
[427, 576]:[576, 699]
[427, 576]:[576, 740]
[576, 699]:[576, 740]
[204, 753]:[753, 880]
[205, 831]:[257, 831]
[205, 831]:[555, 831]
[257, 831]:[555, 831]
[206, 399]:[206, 887]
[206, 887]:[688, 887]
[209, 837]:[640, 837]
[209, 837]:[837, 862]
[640, 837]:[837, 862]
[211, 739]:[211, 834]
[211, 739]:[211, 938]
[211, 739]:[211, 978]
[211, 834]:[211, 938]
[211, 834]:[211, 978]
[211, 938]:[211, 978]
[211, 978]:[854, 978]
[212, 396]:[369, 396]
[213, 523]:[213, 931]
[213, 523]:[523, 560]
[213, 931]:[921, 931]
[214, 557]:[214, 786]
[215, 484]:[484, 599]
[215, 484]:[484, 668]
[484, 599]:[484, 668]
[216, 691]:[691, 957]
[217, 429]:[217, 734]
[217, 429]:[429, 937]
[217, 734]:[734, 902]
[219, 645]:[219, 663]
[219, 645]:[219, 848]
[219, 645]:[219, 940]
[219, 663]:[219, 848]
[219, 663]:[219, 940]
[219, 848]:[219, 940]
[219, 663]:[284, 663]
[219, 663]:[344, 663]
[219, 663]:[549, 663]
[284, 663]:[344, 663]
[284, 663]:[549, 663]
[344, 663]:[549, 663]
[219, 848]:[472, 848]
[219, 940]:[567, 940]
[220, 704]:[704, 957]
[220, 808]:[808, 993]
[220, 819]:[744, 819]
[220, 819]:[819, 945]
[744, 819]:[819, 945]
[222, 444]:[444, 857]
[222, 920]:[314, 920]
[222, 920]:[679, 920]
[314, 920]:[679, 920]
[226, 275]:[226, 499]
[226, 275]:[226, 977]
[226, 275]:[226, 984]
[226, 499]:[226, 977]
[226, 499]:[226, 984]
[226, 977]:[226, 984]
[226, 275]:[275, 382]
[226, 275]:[275, 554]
[226, 275]:[275, 716]
[226, 275]:[275, 825]
[275, 382]:[275, 554]
[275, 382]:[275, 716]
[275, 382]:[275, 825]
[275, 554]:[275, 716]
[275, 554]:[275, 825]
[275, 716]:[275, 825]
[226, 499]:[245, 499]
[226, 499]:[433, 499]
[226, 499]:[499, 928]
[226, 499]:[499, 942]
[245, 499]:[433, 499]
[245, 499]:[499, 928]
[245, 499]:[499, 942]
[433, 499]:[499, 928]
[433, 499]:[499, 942]
[499, 928]:[499, 942]
[226, 977]:[228, 977]
[226, 977]:[278, 977]
[226, 977]:[680, 977]
[228, 977]:[278, 977]
[228, 977]:[680, 977]
[278, 977]:[680, 977]
[226, 984]:[411, 984]
[226, 984]:[651, 984]
[411, 984]:[651, 984]
[227, 662]:[662, 923]
[229, 855]:[281, 855]
[230, 710]:[230, 738]
[230, 710]:[230, 758]
[230, 710]:[230, 976]
[230, 738]:[230, 758]
[230, 738]:[230, 976]
[230, 758]:[230, 976]
[230, 710]:[693, 710]
[230, 710]:[710, 723]
[693, 710]:[710, 723]
[230, 758]:[543, 758]
[230, 758]:[577, 758]
[543, 758]:[577, 758]
[230, 976]:[324, 976]
[231, 846]:[270, 846]
[231, 846]:[629, 846]
[270, 846]:[629, 846]
[232, 249]:[249, 963]
[233, 246]:[233, 812]
[234, 353]:[353, 361]
[234, 353]:[353, 406]
[234, 353]:[353, 636]
[234, 353]:[353, 646]
[234, 353]:[353, 802]
[234, 353]:[353, 895]
[234, 353]:[353, 951]
[353, 361]:[353, 406]
[353, 361]:[353, 636]
[353, 361]:[353, 646]
[353, 361]:[353, 802]
[353, 361]:[353, 895]
[353, 361]:[353, 951]
[353, 406]:[353, 636]
[353, 406]:[353, 646]
[353, 406]:[353, 802]
[353, 406]:[353, 895]
[353, 406]:[353, 951]
[353, 636]:[353, 646]
[353, 636]:[353, 802]
[353, 636]:[353, 895]
[353, 636]:[353, 951]
[353, 646]:[353, 802]
[353, 646]:[353, 895]
[353, 646]:[353, 951]
[353, 802]:[353, 895]
[353, 802]:[353, 951]
[353, 895]:[353, 951]
[235, 568]:[293, 568]
[236, 703]:[703, 917]
[236, 947]:[737, 947]
[239, 289]:[289, 695]
[240, 723]:[264, 723]
[240, 723]:[536, 723]
[240, 723]:[710, 723]
[240, 723]:[723, 732]
[264, 723]:[536, 723]
[264, 723]:[710, 723]
[264, 723]:[723, 732]
[536, 723]:[710, 723]
[536, 723]:[723, 732]
[710, 723]:[723, 732]
[241, 909]:[909, 982]
[241, 980]:[643, 980]
[244, 815]:[448, 815]
[244, 815]:[644, 815]
[244, 815]:[675, 815]
[244, 815]:[783, 815]
[244, 815]:[815, 915]
[448, 815]:[644, 815]
[448, 815]:[675, 815]
[448, 815]:[783, 815]
[448, 815]:[815, 915]
[644, 815]:[675, 815]
[644, 815]:[783, 815]
[644, 815]:[815, 915]
[675, 815]:[783, 815]
[675, 815]:[815, 915]
[783, 815]:[815, 915]
[246, 507]:[416, 507]
[246, 507]:[420, 507]
[416, 507]:[420, 507]
[247, 759]:[372, 759]
[247, 759]:[727, 759]
[372, 759]:[727, 759]
[248, 791]:[260, 791]
[248, 791]:[467, 791]
[248, 791]:[613, 791]
[248, 791]:[791, 858]
[260, 791]:[467, 791]
[260, 791]:[613, 791]
[260, 791]:[791, 858]
[467, 791]:[613, 791]
[467, 791]:[791, 858]
[613, 791]:[791, 858]
[251, 542]:[251, 916]
[251, 916]:[475, 916]
[252, 281]:[281, 855]
[252, 502]:[408, 502]
[252, 790]:[521, 790]
[252, 790]:[790, 826]
[521, 790]:[790, 826]
[252, 860]:[627, 860]
[252, 860]:[860, 991]
[627, 860]:[860, 991]
[255, 565]:[347, 565]
[257, 538]:[257, 831]
[257, 538]:[295, 538]
[258, 368]:[368, 498]
[259, 640]:[259, 807]
[259, 807]:[357, 807]
[261, 928]:[272, 928]
[261, 928]:[327, 928]
[261, 928]:[499, 928]
[261, 928]:[679, 928]
[272, 928]:[327, 928]
[272, 928]:[499, 928]
[272, 928]:[679, 928]
[327, 928]:[499, 928]
[327, 928]:[679, 928]
[499, 928]:[679, 928]
[263, 350]:[350, 431]
[263, 350]:[350, 794]
[263, 350]:[350, 914]
[350, 431]:[350, 794]
[350, 431]:[350, 914]
[350, 794]:[350, 914]
[263, 395]:[395, 630]
[264, 584]:[264, 723]
[266, 346]:[266, 641]
[266, 346]:[266, 680]
[266, 641]:[266, 680]
[266, 346]:[346, 800]
[272, 299]:[272, 463]
[272, 299]:[272, 928]
[272, 463]:[272, 928]
[272, 299]:[299, 884]
[272, 463]:[463, 682]
[273, 824]:[273, 843]
[274, 783]:[274, 951]
[274, 783]:[274, 970]
[274, 951]:[274, 970]
[274, 783]:[681, 783]
[274, 783]:[695, 783]
[274, 783]:[783, 815]
[681, 783]:[695, 783]
[681, 783]:[783, 815]
[695, 783]:[783, 815]
[274, 951]:[353, 951]
[274, 951]:[648, 951]
[274, 951]:[688, 951]
[274, 951]:[912, 951]
[274, 951]:[915, 951]
[353, 951]:[648, 951]
[353, 951]:[688, 951]
[353, 951]:[912, 951]
[353, 951]:[915, 951]
[648, 951]:[688, 951]
[648, 951]:[912, 951]
[648, 951]:[915, 951]
[688, 951]:[912, 951]
[688, 951]:[915, 951]
[912, 951]:[915, 951]
[275, 382]:[323, 382]
[275, 716]:[716, 829]
[275, 825]:[409, 825]
[276, 754]:[276, 988]
[276, 754]:[403, 754]
[277, 376]:[277, 436]
[277, 376]:[277, 486]
[277, 376]:[277, 537]
[277, 436]:[277, 486]
[277, 436]:[277, 537]
[277, 486]:[277, 537]
[277, 376]:[360, 376]
[277, 376]:[376, 706]
[360, 376]:[376, 706]
[277, 436]:[352, 436]
[280, 418]:[280, 476]
[280, 418]:[280, 910]
[280, 476]:[280, 910]
[280, 418]:[418, 494]
[280, 418]:[418, 658]
[418, 494]:[418, 658]
[280, 476]:[476, 664]
[280, 910]:[317, 910]
[285, 569]:[285, 693]
[285, 569]:[290, 569]
[285, 693]:[298, 693]
[285, 693]:[693, 710]
[298, 693]:[693, 710]
[288, 505]:[505, 599]
[289, 695]:[695, 783]
[290, 569]:[290, 884]
[291, 682]:[291, 745]
[291, 682]:[463, 682]
[292, 823]:[823, 885]
[293, 405]:[293, 531]
[293, 405]:[293, 568]
[293, 405]:[293, 636]
[293, 531]:[293, 568]
[293, 531]:[293, 636]
[293, 568]:[293, 636]
[293, 531]:[458, 531]
[293, 636]:[353, 636]
[293, 636]:[636, 742]
[353, 636]:[636, 742]
[295, 342]:[295, 538]
[295, 342]:[295, 969]
[295, 538]:[295, 969]
[295, 969]:[344, 969]
[295, 969]:[518, 969]
[295, 969]:[519, 969]
[295, 969]:[874, 969]
[344, 969]:[518, 969]
[344, 969]:[519, 969]
[344, 969]:[874, 969]
[518, 969]:[519, 969]
[518, 969]:[874, 969]
[519, 969]:[874, 969]
[302, 751]:[516, 751]
[303, 737]:[303, 884]
[303, 737]:[661, 737]
[303, 737]:[737, 947]
[661, 737]:[737, 947]
[306, 532]:[422, 532]
[307, 895]:[353, 895]
[307, 895]:[358, 895]
[353, 895]:[358, 895]
[308, 370]:[308, 939]
[309, 432]:[423, 432]
[309, 432]:[432, 571]
[309, 432]:[432, 646]
[423, 432]:[432, 571]
[423, 432]:[432, 646]
[432, 571]:[432, 646]
[309, 741]:[522, 741]
[309, 741]:[741, 871]
[522, 741]:[741, 871]
[309, 956]:[341, 956]
[309, 956]:[354, 956]
[309, 956]:[389, 956]
[309, 956]:[956, 967]
[341, 956]:[354, 956]
[341, 956]:[389, 956]
[341, 956]:[956, 967]
[354, 956]:[389, 956]
[354, 956]:[956, 967]
[389, 956]:[956, 967]
[311, 389]:[311, 765]
[311, 389]:[311, 834]
[311, 765]:[311, 834]
[311, 389]:[389, 708]
[311, 389]:[389, 956]
[389, 708]:[389, 956]
[311, 765]:[581, 765]
[311, 765]:[765, 998]
[581, 765]:[765, 998]
[313, 450]:[450, 974]
[314, 506]:[384, 506]
[315, 841]:[348, 841]
[316, 599]:[371, 599]
[316, 599]:[484, 599]
[316, 599]:[505, 599]
[371, 599]:[484, 599]
[371, 599]:[505, 599]
[484, 599]:[505, 599]
[319, 724]:[642, 724]
[319, 724]:[687, 724]
[319, 724]:[724, 842]
[319, 724]:[724, 929]
[642, 724]:[687, 724]
[642, 724]:[724, 842]
[642, 724]:[724, 929]
[687, 724]:[724, 842]
[687, 724]:[724, 929]
[724, 842]:[724, 929]
[320, 604]:[427, 604]
[320, 604]:[604, 915]
[427, 604]:[604, 915]
[320, 655]:[479, 655]
[320, 655]:[596, 655]
[320, 655]:[655, 747]
[320, 655]:[655, 842]
[320, 655]:[655, 877]
[320, 655]:[655, 898]
[479, 655]:[596, 655]
[479, 655]:[655, 747]
[479, 655]:[655, 842]
[479, 655]:[655, 877]
[479, 655]:[655, 898]
[596, 655]:[655, 747]
[596, 655]:[655, 842]
[596, 655]:[655, 877]
[596, 655]:[655, 898]
[655, 747]:[655, 842]
[655, 747]:[655, 877]
[655, 747]:[655, 898]
[655, 842]:[655, 877]
[655, 842]:[655, 898]
[655, 877]:[655, 898]
[322, 876]:[322, 972]
[323, 330]:[323, 382]
[323, 330]:[323, 550]
[323, 330]:[323, 746]
[323, 330]:[323, 911]
[323, 382]:[323, 550]
[323, 382]:[323, 746]
[323, 382]:[323, 911]
[323, 550]:[323, 746]
[323, 550]:[323, 911]
[323, 746]:[323, 911]
[323, 550]:[550, 629]
[323, 746]:[492, 746]
[323, 746]:[525, 746]
[323, 746]:[719, 746]
[323, 746]:[746, 856]
[492, 746]:[525, 746]
[492, 746]:[719, 746]
[492, 746]:[746, 856]
[525, 746]:[719, 746]
[525, 746]:[746, 856]
[719, 746]:[746, 856]
[323, 911]:[423, 911]
[323, 911]:[497, 911]
[323, 911]:[528, 911]
[423, 911]:[497, 911]
[423, 911]:[528, 911]
[497, 911]:[528, 911]
[324, 513]:[324, 632]
[324, 513]:[324, 976]
[324, 632]:[324, 976]
[326, 372]:[372, 471]
[326, 372]:[372, 759]
[326, 372]:[372, 809]
[326, 372]:[372, 884]
[326, 372]:[372, 925]
[326, 372]:[372, 959]
[372, 471]:[372, 759]
[372, 471]:[372, 809]
[372, 471]:[372, 884]
[372, 471]:[372, 925]
[372, 471]:[372, 959]
[372, 759]:[372, 809]
[372, 759]:[372, 884]
[372, 759]:[372, 925]
[372, 759]:[372, 959]
[372, 809]:[372, 884]
[372, 809]:[372, 925]
[372, 809]:[372, 959]
[372, 884]:[372, 925]
[372, 884]:[372, 959]
[372, 925]:[372, 959]
[327, 879]:[327, 928]
[329, 690]:[690, 880]
[334, 337]:[337, 966]
[335, 994]:[979, 994]
[341, 865]:[341, 956]
[341, 865]:[424, 865]
[341, 865]:[441, 865]
[341, 865]:[865, 883]
[424, 865]:[441, 865]
[424, 865]:[865, 883]
[441, 865]:[865, 883]
[343, 996]:[481, 996]
[343, 996]:[597, 996]
[343, 996]:[781, 996]
[481, 996]:[597, 996]
[481, 996]:[781, 996]
[597, 996]:[781, 996]
[344, 663]:[344, 969]
[345, 665]:[665, 871]
[346, 800]:[379, 800]
[346, 800]:[713, 800]
[346, 800]:[756, 800]
[346, 800]:[800, 820]
[379, 800]:[713, 800]
[379, 800]:[756, 800]
[379, 800]:[800, 820]
[713, 800]:[756, 800]
[713, 800]:[800, 820]
[756, 800]:[800, 820]
[348, 462]:[348, 804]
[348, 462]:[348, 841]
[348, 804]:[348, 841]
[349, 919]:[465, 919]
[349, 919]:[762, 919]
[349, 919]:[802, 919]
[349, 919]:[876, 919]
[465, 919]:[762, 919]
[465, 919]:[802, 919]
[465, 919]:[876, 919]
[762, 919]:[802, 919]
[762, 919]:[876, 919]
[802, 919]:[876, 919]
[352, 935]:[830, 935]
[353, 646]:[432, 646]
[353, 646]:[646, 882]
[432, 646]:[646, 882]
[354, 956]:[354, 963]
[357, 708]:[389, 708]
[357, 708]:[438, 708]
[389, 708]:[438, 708]
[358, 709]:[358, 895]
[358, 709]:[460, 709]
[360, 376]:[360, 898]
[362, 821]:[821, 962]
[365, 588]:[365, 719]
[365, 588]:[365, 745]
[365, 719]:[365, 745]
[365, 588]:[391, 588]
[365, 588]:[453, 588]
[365, 588]:[588, 927]
[391, 588]:[453, 588]
[391, 588]:[588, 927]
[453, 588]:[588, 927]
[365, 719]:[413, 719]
[365, 719]:[719, 746]
[365, 719]:[719, 851]
[413, 719]:[719, 746]
[413, 719]:[719, 851]
[719, 746]:[719, 851]
[366, 854]:[852, 854]
[366, 854]:[854, 961]
[366, 854]:[854, 978]
[852, 854]:[854, 961]
[852, 854]:[854, 978]
[854, 961]:[854, 978]
[368, 498]:[387, 498]
[368, 498]:[430, 498]
[387, 498]:[430, 498]
[372, 959]:[392, 959]
[372, 959]:[882, 959]
[392, 959]:[882, 959]
[373, 941]:[623, 941]
[376, 706]:[706, 867]
[378, 600]:[378, 923]
[378, 600]:[458, 600]
[378, 600]:[600, 820]
[458, 600]:[600, 820]
[378, 923]:[543, 923]
[378, 923]:[662, 923]
[378, 923]:[775, 923]
[543, 923]:[662, 923]
[543, 923]:[775, 923]
[662, 923]:[775, 923]
[379, 381]:[379, 800]
[385, 803]:[714, 803]
[391, 588]:[391, 844]
[392, 554]:[392, 959]
[394, 885]:[823, 885]
[397, 585]:[397, 918]
[398, 434]:[434, 582]
[398, 435]:[435, 552]
[398, 435]:[435, 556]
[398, 435]:[435, 579]
[435, 552]:[435, 556]
[435, 552]:[435, 579]
[435, 556]:[435, 579]
[398, 806]:[712, 806]
[398, 806]:[806, 811]
[712, 806]:[806, 811]
[403, 696]:[467, 696]
[403, 766]:[405, 766]
[407, 679]:[493, 679]
[407, 679]:[657, 679]
[407, 679]:[679, 920]
[407, 679]:[679, 928]
[493, 679]:[657, 679]
[493, 679]:[679, 920]
[493, 679]:[679, 928]
[657, 679]:[679, 920]
[657, 679]:[679, 928]
[679, 920]:[679, 928]
[408, 502]:[408, 609]
[408, 609]:[575, 609]
[409, 743]:[409, 825]
[409, 743]:[409, 995]
[409, 825]:[409, 995]
[413, 719]:[413, 817]
[413, 719]:[413, 944]
[413, 817]:[413, 944]
[416, 507]:[416, 529]
[416, 529]:[452, 529]
[416, 529]:[529, 530]
[416, 529]:[529, 545]
[416, 529]:[529, 634]
[452, 529]:[529, 530]
[452, 529]:[529, 545]
[452, 529]:[529, 634]
[529, 530]:[529, 545]
[529, 530]:[529, 634]
[529, 545]:[529, 634]
[418, 658]:[658, 701]
[418, 658]:[658, 991]
[658, 701]:[658, 991]
[420, 507]:[420, 870]
[420, 870]:[870, 952]
[421, 805]:[485, 805]
[422, 532]:[422, 785]
[424, 426]:[424, 461]
[424, 426]:[424, 865]
[424, 461]:[424, 865]
[424, 426]:[426, 934]
[424, 461]:[461, 482]
[425, 448]:[425, 869]
[425, 448]:[448, 815]
[425, 869]:[826, 869]
[426, 934]:[738, 934]
[427, 713]:[713, 795]
[427, 713]:[713, 800]
[427, 713]:[713, 861]
[427, 713]:[713, 862]
[427, 713]:[713, 886]
[713, 795]:[713, 800]
[713, 795]:[713, 861]
[713, 795]:[713, 862]
[713, 795]:[713, 886]
[713, 800]:[713, 861]
[713, 800]:[713, 862]
[713, 800]:[713, 886]
[713, 861]:[713, 862]
[713, 861]:[713, 886]
[713, 862]:[713, 886]
[429, 937]:[478, 937]
[435, 579]:[482, 579]
[435, 579]:[540, 579]
[482, 579]:[540, 579]
[447, 747]:[447, 818]
[447, 818]:[614, 818]
[449, 836]:[449, 952]
[449, 836]:[640, 836]
[454, 517]:[517, 785]
[455, 864]:[810, 864]
[455, 864]:[816, 864]
[810, 864]:[816, 864]
[458, 531]:[458, 600]
[458, 531]:[458, 671]
[458, 600]:[458, 671]
[460, 709]:[460, 879]
[465, 601]:[465, 745]
[465, 601]:[465, 919]
[465, 745]:[465, 919]
[467, 902]:[734, 902]
[467, 902]:[767, 902]
[734, 902]:[767, 902]
[471, 971]:[497, 971]
[471, 971]:[702, 971]
[497, 971]:[702, 971]
[476, 664]:[501, 664]
[481, 736]:[481, 996]
[481, 736]:[736, 879]
[483, 883]:[483, 929]
[483, 883]:[483, 944]
[483, 929]:[483, 944]
[483, 883]:[865, 883]
[486, 535]:[535, 782]
[486, 535]:[535, 842]
[535, 782]:[535, 842]
[489, 553]:[489, 652]
[490, 862]:[713, 862]
[490, 862]:[786, 862]
[490, 862]:[837, 862]
[713, 862]:[786, 862]
[713, 862]:[837, 862]
[786, 862]:[837, 862]
[491, 686]:[491, 797]
[497, 911]:[497, 925]
[497, 911]:[497, 971]
[497, 925]:[497, 971]
[499, 942]:[892, 942]
[501, 607]:[501, 664]
[501, 607]:[501, 714]
[501, 664]:[501, 714]
[509, 946]:[852, 946]
[511, 527]:[511, 563]
[511, 527]:[511, 680]
[511, 563]:[511, 680]
[512, 667]:[608, 667]
[516, 751]:[516, 772]
[516, 751]:[516, 882]
[516, 772]:[516, 882]
[516, 882]:[646, 882]
[516, 882]:[882, 959]
[646, 882]:[882, 959]
[522, 741]:[522, 906]
[525, 718]:[525, 746]
[525, 718]:[525, 943]
[525, 746]:[525, 943]
[534, 608]:[534, 982]
[534, 608]:[608, 667]
[534, 982]:[575, 982]
[534, 982]:[909, 982]
[575, 982]:[909, 982]
[539, 618]:[539, 653]
[539, 618]:[539, 678]
[539, 653]:[539, 678]
[543, 670]:[543, 758]
[543, 670]:[543, 908]
[543, 670]:[543, 923]
[543, 758]:[543, 908]
[543, 758]:[543, 923]
[543, 908]:[543, 923]
[550, 629]:[629, 846]
[550, 629]:[629, 884]
[550, 629]:[629, 960]
[629, 846]:[629, 884]
[629, 846]:[629, 960]
[629, 884]:[629, 960]
[551, 810]:[591, 810]
[551, 810]:[810, 864]
[591, 810]:[810, 864]
[564, 631]:[631, 814]
[566, 962]:[821, 962]
[567, 728]:[567, 940]
[584, 992]:[654, 992]
[584, 992]:[802, 992]
[584, 992]:[871, 992]
[654, 992]:[802, 992]
[654, 992]:[871, 992]
[802, 992]:[871, 992]
[592, 731]:[731, 839]
[595, 829]:[595, 979]
[595, 829]:[716, 829]
[600, 820]:[657, 820]
[600, 820]:[800, 820]
[657, 820]:[800, 820]
[603, 648]:[648, 742]
[603, 648]:[648, 951]
[648, 742]:[648, 951]
[604, 915]:[815, 915]
[604, 915]:[915, 951]
[815, 915]:[915, 951]
[618, 811]:[661, 811]
[618, 811]:[806, 811]
[661, 811]:[806, 811]
[622, 762]:[762, 893]
[622, 762]:[762, 919]
[762, 893]:[762, 919]
[626, 856]:[746, 856]
[626, 856]:[856, 866]
[746, 856]:[856, 866]
[631, 814]:[738, 814]
[643, 747]:[643, 980]
[657, 679]:[657, 820]
[658, 991]:[813, 991]
[658, 991]:[860, 991]
[813, 991]:[860, 991]
[661, 737]:[661, 811]
[665, 871]:[741, 871]
[665, 871]:[871, 992]
[741, 871]:[871, 992]
[673, 711]:[711, 826]
[673, 711]:[711, 833]
[711, 826]:[711, 833]
[677, 986]:[838, 986]
[677, 986]:[973, 986]
[838, 986]:[973, 986]
[690, 880]:[753, 880]
[691, 957]:[704, 957]
[691, 957]:[733, 957]
[704, 957]:[733, 957]
[700, 727]:[727, 759]
[702, 875]:[702, 971]
[711, 826]:[790, 826]
[711, 826]:[826, 869]
[790, 826]:[826, 869]
[731, 839]:[839, 859]
[733, 933]:[733, 957]
[752, 983]:[921, 983]
[765, 998]:[773, 998]
[774, 781]:[781, 996]
[791, 858]:[858, 886]
[852, 854]:[852, 926]
[852, 854]:[852, 946]
[852, 926]:[852, 946]
