1001 : 235,249
1002 : 203,209,286
1003 : 413,784,840,890
1004 : 672,822
1005 : 397,545
1006 : 516,880
1007 : 151,153
1008 : 632,664
1009 : 286,431
1010 : 540,668
1011 : 11,186,212
1012 : 21,221
1013 : 631,803,950
1014 : 119,164,301,717
1015 : 197,508
1016 : 16,694,696
1017 : 58,881
1018 : 17,943
1019 : 175,195,455
1020 : 7,400
1021 : 261,525
1022 : 6,140,732,936
1023 : 741,999
1024 : 856,882
1025 : 43,563
1026 : 47,224
1027 : 36,609
1028 : 123,678
1029 : 226,404,896
1030 : 2,484,612,965
1031 : 22,240,392
1032 : 101,473
1033 : 161,812
1034 : 350,472
1035 : 537,624
1036 : 292,299,302
1037 : 368,554,984
1038 : 17,630
1039 : 76,635
1040 : 149,388
1041 : 47,523
1042 : 517,587,978
1043 : 383,400
1044 : 13,924
1045 : 26,43
1046 : 311,359,927
1047 : 90,371
1048 : 216,270,576
1049 : 449,940
1050 : 43,446
1051 : 131,386,902
1052 : 52,333,381
1053 : 194,829
1054 : 142,235,296,919
1055 : 99,415
1056 : 71,659,881
1057 : 331,344
1058 : 815,929
1059 : 350,983
1060 : 338,645,689
1061 : 189,252
1062 : 157,514
1063 : 22,301
1064 : 51,302,775
1065 : 399,643
1066 : 181,609
1067 : 55,112
1068 : 465,490
1069 : 85,804,913
1070 : 63,88
1071 : 168,928
1072 : 503,761,806
1073 : 111,597,741
1074 : 16,212
1075 : 18,84,229
1076 : 636,642,916
1077 : 194,262,314
1078 : 158,178,996
1079 : 243,652
1080 : 273,295
1081 : 679,767
1082 : 210,395
1083 : 38,361,930
1084 : 32,215,391,626
1085 : 327,403
1086 : 269,450,746
1087 : 255,672,692
1088 : 165,364
1089 : 182,746
1090 : 332,810
1091 : 181,703
1092 : 431,493
1093 : 240,782
1094 : 248,621,842
1095 : 330,946
1096 : 127,695,749
1097 : 41,144,582
1098 : 131,742
1099 : 52,626,823
1100 : 381,478,594,619
1101 : 56,203
1102 : 103,453
1103 : 41,85
1104 : 440,860
1105 : 192,471,541
1106 : 10,58,475
1107 : 319,785
1108 : 565,968
1109 : 30,217,589
1110 : 190,480,526
1111 : 28,36
1112 : 554,569
1113 : 3,128,451
1114 : 20,303,635,668
1115 : 22,859,875
1116 : 25,193
1117 : 260,922
1118 : 147,770,953
1119 : 19,942
1120 : 85,501,547
1121 : 51,188,228,899
1122 : 209,226
1123 : 78,546
1124 : 385,396
1125 : 32,90,657
1126 : 112,832
1127 : 50,65
1128 : 574,645
1129 : 102,146,400
1130 : 115,417,418,862
1131 : 88,105
1132 : 208,393,609
1133 : 225,774
1134 : 207,369
1135 : 229,258
1136 : 78,887
1137 : 11,729,892,893
1138 : 83,253
1139 : 511,939
1140 : 692,948
1141 : 33,904,926
1142 : 505,698
1143 : 359,465
1144 : 135,243
1145 : 21,608,796,827
1146 : 275,325
1147 : 54,596
1148 : 222,591
1149 : 19,852
1150 : 71,334
1151 : 262,627
1152 : 295,638,931
1153 : 571,963
1154 : 188,259
1155 : 337,444
1156 : 205,321
1157 : 104,598
1158 : 29,395
1159 : 38,677
1160 : 84,246
1161 : 512,628
1162 : 238,369,424
1163 : 20,451
1164 : 27,376,572,759
1165 : 62,589
1166 : 263,362,633,638
1167 : 69,137
1168 : 16,487
1169 : 277,561
1170 : 228,601
1171 : 73,641,730
1172 : 232,239,824,956
1173 : 36,89
1174 : 248,718
1175 : 62,160
1176 : 483,503
1177 : 185,630
1178 : 288,755
1179 : 158,639,892
1180 : 69,380,582
1181 : 115,192,281,618
1182 : 129,831
1183 : 322,869
1184 : 224,513,518
1185 : 145,295,426
1186 : 28,566,868
1187 : 138,260,718
1188 : 85,442,574
1189 : 164,264
1190 : 75,777
1191 : 60,517,783,795
1192 : 116,743
1193 : 334,451,681
1194 : 268,888
1195 : 22,468
1196 : 94,274,409
1197 : 304,439
1198 : 58,66,303,399
1199 : 18,837
1200 : 239,753
1201 : 134,227,591
1202 : 28,97
1203 : 25,289,613
1204 : 254,276,549,872
1205 : 751,925
1206 : 68,408
1207 : 179,680,726
1208 : 177,933
1209 : 56,394
1210 : 145,249,771
1211 : 97,335,368
1212 : 79,116,249
1213 : 40,378,482
1214 : 283,534,978
1215 : 507,806
1216 : 68,137,674
1217 : 311,323
1218 : 92,139
1219 : 32,310
1220 : 177,358,663
1221 : 206,764
1222 : 658,828
1223 : 27,74
1224 : 465,879
1225 : 332,469
1226 : 140,772
1227 : 158,538
1228 : 174,333,944
1229 : 89,947
1230 : 46,376
1231 : 357,720
1232 : 96,357,680,879
1233 : 380,739
1234 : 19,167,179
1235 : 181,318,883,954
1236 : 134,677,727
1237 : 34,918
1238 : 737,941,954
1239 : 13,911
1240 : 99,322,840
1241 : 140,435
1242 : 69,623
1243 : 93,109,209,617
1244 : 475,526
1245 : 101,377,666
1246 : 29,434
1247 : 287,768,918
1248 : 588,828
1249 : 167,184
1250 : 409,850
1251 : 634,952
1252 : 452,590
1253 : 462,858
1254 : 13,55
1255 : 103,229
1256 : 35,241,569
1257 : 176,370,848
1258 : 92,628,707,808
1259 : 408,492
1260 : 293,406
1261 : 3,6
1262 : 88,294
1263 : 64,103,344,875
1264 : 295,550,745
1265 : 668,748,790
1266 : 506,865
1267 : 148,382
1268 : 77,336,438,970
1269 : 641,819
1270 : 315,454,583
1271 : 114,807
1272 : 127,486,994
1273 : 348,602
1274 : 245,930
1275 : 19,722,837,971
1276 : 80,122,505
1277 : 60,249
1278 : 74,253,419
1279 : 231,304
1280 : 341,469,969
1281 : 29,101,154
1282 : 91,227,444
1283 : 725,915
1284 : 194,514,670
1285 : 75,655,885
1286 : 80,637
1287 : 54,199,204
1288 : 487,580,857,991
1289 : 326,724
1290 : 625,818
1291 : 377,500
1292 : 618,958
1293 : 58,450
1294 : 151,242
1295 : 105,291,363
1296 : 268,780,805
1297 : 236,884
1298 : 9,269,734
1299 : 47,316
1300 : 71,407,578,710
1301 : 25,189,495,599
1302 : 134,252
1303 : 46,579
1304 : 305,626
1305 : 27,104
1306 : 50,457
1307 : 98,299
1308 : 61,364,862
1309 : 65,429,957,993
1310 : 82,979
1311 : 220,701,714
1312 : 188,237
1313 : 72,450,758
1314 : 14,248
1315 : 203,471
1316 : 230,330,975
1317 : 561,630
1318 : 298,447
1319 : 10,487
1320 : 120,239
1321 : 40,470,860
1322 : 17,540,542
1323 : 279,799
1324 : 8,191,910
1325 : 719,784
1326 : 211,269,411
1327 : 2,169,574
1328 : 390,504
1329 : 64,228,565
1330 : 61,701
1331 : 32,78,399,533
1332 : 189,301,424
1333 : 268,861
1334 : 134,256,420,576
1335 : 91,185,388,507
1336 : 695,764,864
1337 : 341,627,801,931
1338 : 438,754,786
1339 : 152,745
1340 : 95,96,204,490
1341 : 155,186,756
1342 : 98,128,365,620
1343 : 339,607
1344 : 118,209,227
1345 : 290,481
1346 : 417,814
1347 : 196,280
1348 : 105,598
1349 : 173,416
1350 : 82,365
1351 : 340,625,787
1352 : 23,335,659,971
1353 : 369,684
1354 : 7,854
1355 : 160,577
1356 : 72,145,448,601
1357 : 279,397
1358 : 19,178
1359 : 24,270,541,775
1360 : 317,513
1361 : 539,816
1362 : 344,550
1363 : 12,136,156,453
1364 : 47,200,797
1365 : 557,868
1366 : 26,839
1367 : 383,697
1368 : 107,173,869
1369 : 57,367,817
1370 : 177,613,647,800
1371 : 283,287,582,948
1372 : 351,586
1373 : 16,536
1374 : 597,857
1375 : 428,646
1376 : 98,437,732
1377 : 421,812
1378 : 39,81
1379 : 185,491,721
1380 : 462,794
1381 : 91,418
1382 : 125,754
1383 : 136,445
1384 : 4,950
1385 : 163,344
1386 : 30,63,183,343
1387 : 201,982
1388 : 50,285
1389 : 160,367,610,616
1390 : 252,771,923
1391 : 10,821,912,916
1392 : 4,234
1393 : 280,1000
1394 : 222,890
1395 : 195,333,592
1396 : 62,557
1397 : 10,548
1398 : 66,532
1399 : 232,691
1400 : 12,101,207,640
1401 : 712,718
1402 : 62,706
1403 : 488,516
1404 : 594,697
1405 : 75,755
1406 : 497,843
1407 : 474,528
1408 : 259,466
1409 : 19,23
1410 : 178,205
1411 : 538,708
1412 : 300,512
1413 : 104,974,998
1414 : 213,621
1415 : 76,219,562
1416 : 42,470
1417 : 304,831
1418 : 146,349,542,992
1419 : 111,484,585,898
1420 : 193,604
1421 : 137,235,470
1422 : 733,873
1423 : 21,738
1424 : 53,312,969
1425 : 391,853
1426 : 688,790
1427 : 309,343,482,496
1428 : 65,842
1429 : 681,820,838
1430 : 37,38,114,736
1431 : 477,769
1432 : 313,329,467,659
1433 : 308,472
1434 : 317,942
1435 : 540,937
1436 : 458,515
1437 : 665,790
1438 : 194,925
1439 : 59,804
1440 : 66,449
1441 : 56,178
1442 : 68,154,205,776
1443 : 771,892
1444 : 5,362,435,898
1445 : 227,347
1446 : 300,366,797
1447 : 246,662,943
1448 : 144,456,594
1449 : 37,368,720
1450 : 263,664,801
1451 : 275,682
1452 : 414,427,845,873
1453 : 464,799
1454 : 564,853
1455 : 92,128,401
1456 : 765,896
1457 : 109,625
1458 : 192,965
1459 : 338,605
1460 : 112,459,683,813
1461 : 272,322,628
1462 : 143,425,486
1463 : 338,442
1464 : 146,258
1465 : 207,655
1466 : 254,263,336,679
1467 : 100,147
1468 : 137,932
1469 : 223,587
1470 : 277,908
1471 : 404,833
1472 : 634,716
1473 : 133,487
1474 : 27,282,809
1475 : 258,406
1476 : 146,604
1477 : 522,761
1478 : 563,750
1479 : 43,72,444
1480 : 144,180
1481 : 95,166,448
1482 : 6,300
1483 : 140,647
1484 : 69,128,922
1485 : 57,522,755
1486 : 25,945
1487 : 241,479
1488 : 62,577
1489 : 271,489
1490 : 221,351,494
1491 : 50,80,441
1492 : 1,84,295
1493 : 7,130
1494 : 596,834
1495 : 155,205,302
1496 : 199,276,692
1497 : 278,462
1498 : 14,564
1499 : 320,807
1500 : 210,576
1501 : 58,215,445
1502 : 180,386
1503 : 382,824
1504 : 143,304,461
1505 : 147,397
1506 : 48,219
1507 : 15,394
1508 : 15,763
1509 : 25,626,879
1510 : 23,218
1511 : 40,230,855
1512 : 951,981
1513 : 220,755
1514 : 173,853
1515 : 148,616,621
1516 : 3,298
1517 : 62,473
1518 : 595,829
1519 : 243,649
1520 : 433,827
1521 : 31,291,598
1522 : 272,917
1523 : 131,155,253,406
1524 : 375,496,673,825
1525 : 198,837,984
1526 : 63,234
1527 : 607,769
1528 : 567,875
1529 : 453,521
1530 : 108,350
1531 : 166,383,629,720
1532 : 201,527
1533 : 86,136
1534 : 170,227
1535 : 70,571,801
1536 : 364,530
1537 : 1,299,455
1538 : 98,220,686,736
1539 : 221,986
1540 : 785,811
1541 : 466,656
1542 : 199,955
1543 : 362,797
1544 : 1,269
1545 : 131,476,550
1546 : 456,710
1547 : 1,106,729,783
1548 : 323,427
1549 : 360,756
1550 : 247,372
1551 : 77,105
1552 : 97,352
1553 : 26,723
1554 : 448,602
1555 : 134,161
1556 : 247,971
1557 : 23,749
1558 : 120,345
1559 : 79,524
1560 : 402,859
1561 : 49,100,193
1562 : 170,436,517
1563 : 117,342,560,966
1564 : 224,546,811
1565 : 166,300
1566 : 59,202,543
1567 : 42,191
1568 : 182,784
1569 : 121,936
1570 : 115,313,804,832
1571 : 15,48,586,705
1572 : 96,844
1573 : 203,311,526
1574 : 99,623
1575 : 232,337
1576 : 18,82,878,987
1577 : 95,384,408,817
1578 : 129,597
1579 : 425,677
1580 : 192,241,758,848
1581 : 161,1000
1582 : 205,398
1583 : 190,776
1584 : 148,435
1585 : 6,262
1586 : 34,99,569
1587 : 35,40
1588 : 174,285
1589 : 178,920
1590 : 133,483
1591 : 402,633
1592 : 717,903
1593 : 370,415
1594 : 182,510,602
1595 : 222,476,813
1596 : 312,962
1597 : 307,935
1598 : 114,308
1599 : 930,977
1600 : 113,467
1601 : 369,593,655
1602 : 77,97,253,942
1603 : 416,499
1604 : 10,109,216
1605 : 27,580,803
1606 : 244,649
1607 : 177,607,762,765
1608 : 557,619
1609 : 278,705,745
1610 : 174,648,945,964
1611 : 38,433,641
1612 : 106,725
1613 : 114,404
1614 : 775,817,896
1615 : 28,550,878,898
1616 : 164,813
1617 : 202,746
1618 : 179,722,917
1619 : 29,529,860
1620 : 53,388
1621 : 223,533
1622 : 236,412,674
1623 : 169,835
1624 : 494,786
1625 : 284,408
1626 : 48,78,793
1627 : 33,387
1628 : 498,796
1629 : 416,584
1630 : 27,485
1631 : 757,852
1632 : 87,600
1633 : 10,138
1634 : 243,847
1635 : 61,132,273,572
1636 : 94,671,961,983
1637 : 206,944
1638 : 96,481,992
1639 : 4,338
1640 : 196,507,605
1641 : 30,882
1642 : 863,911
1643 : 552,963
1644 : 530,560
1645 : 153,348,369
1646 : 687,793
1647 : 227,745
1648 : 180,824,995
1649 : 430,694,698
1650 : 240,292,636,933
1651 : 376,650
1652 : 159,565,851
1653 : 179,544
1654 : 37,285
1655 : 188,361
1656 : 153,231,509
1657 : 59,436,914
1658 : 106,300,310
1659 : 121,497,502
1660 : 156,172,208
1661 : 56,476
1662 : 507,711
1663 : 186,373
1664 : 14,941
1665 : 564,686,912
1666 : 184,387
1667 : 152,255
1668 : 208,491,781
1669 : 366,461
1670 : 693,727,909
1671 : 75,147,620
1672 : 121,337,620
1673 : 376,658
1674 : 14,106,328
1675 : 254,833
1676 : 448,951
1677 : 102,135
1678 : 75,888,982
1679 : 49,465
1680 : 23,210,611
1681 : 475,631
1682 : 41,398
1683 : 41,68,345,687
1684 : 800,826,962
1685 : 331,606
1686 : 109,392
1687 : 340,642,991
1688 : 484,704
1689 : 105,322
1690 : 75,647
1691 : 12,32,65
1692 : 225,994
1693 : 383,620,949
1694 : 52,141
1695 : 167,861
1696 : 367,429
1697 : 83,175,194
1698 : 125,616,704
1699 : 409,412
1700 : 144,363
1701 : 420,485,949
1702 : 335,499,716
1703 : 30,822
1704 : 511,617
1705 : 414,946
1706 : 151,483
1707 : 237,264
1708 : 251,253
1709 : 71,123
1710 : 270,862
1711 : 234,711
1712 : 851,939
1713 : 463,792
1714 : 135,753
1715 : 375,716
1716 : 117,644,712
1717 : 46,237,419
1718 : 495,624
1719 : 226,423
1720 : 76,966
1721 : 230,549
1722 : 9,412
1723 : 51,278,853
1724 : 132,845
1725 : 176,390
1726 : 264,281
1727 : 341,948
1728 : 315,602
1729 : 702,977
1730 : 148,520
1731 : 88,298,672
1732 : 731,747
1733 : 322,548
1734 : 280,543,849
1735 : 232,707,963
1736 : 485,939
1737 : 142,302,379
1738 : 295,429
1739 : 271,365,756
1740 : 71,199,290,460
1741 : 36,56,690
1742 : 341,497,556
1743 : 64,238,974
1744 : 61,357
1745 : 150,221
1746 : 82,233
1747 : 197,434
1748 : 6,430
1749 : 226,449,568,780
1750 : 68,985
1751 : 587,667
1752 : 244,563
1753 : 619,905
1754 : 366,652
1755 : 13,153,715
1756 : 266,761
1757 : 467,614,786
1758 : 293,339,897
1759 : 102,401,417,563
1760 : 166,600
1761 : 151,503
1762 : 454,889
1763 : 46,420
1764 : 411,523
1765 : 39,148
1766 : 473,685
1767 : 47,58,347,624
1768 : 534,538,762,841
1769 : 122,293
1770 : 410,660
1771 : 45,145,355
1772 : 31,315
1773 : 48,719
1774 : 55,212,226
1775 : 68,244
1776 : 490,725
1777 : 222,983
1778 : 42,619
1779 : 30,845
1780 : 85,244,443
1781 : 261,424
1782 : 108,158,293
1783 : 352,399
1784 : 841,965
1785 : 560,935,940
1786 : 102,320,818
1787 : 143,215
1788 : 194,310,432
1789 : 60,205,210,841
1790 : 366,561
1791 : 106,557
1792 : 183,298,679
1793 : 329,718,730,919
1794 : 184,806
1795 : 233,600
1796 : 115,546,656
1797 : 567,979
1798 : 513,568
1799 : 329,834
1800 : 33,748
1801 : 82,87
1802 : 174,367,610,713
1803 : 120,161
1804 : 38,123,576
1805 : 159,661,997
1806 : 290,684
1807 : 187,250,416,834
1808 : 72,509
1809 : 390,610,622
1810 : 586,803
1811 : 606,896,911
1812 : 150,224
1813 : 376,682
1814 : 437,630
1815 : 100,238,713
1816 : 119,257,802
1817 : 214,659,926
1818 : 404,933
1819 : 104,354,509
1820 : 297,449,997
1821 : 539,811
1822 : 258,400
1823 : 282,319,972
1824 : 45,281,660
1825 : 724,957
1826 : 13,51,244,560
1827 : 105,167,250
1828 : 689,885,972
1829 : 110,956
1830 : 84,156,231,933
1831 : 287,562,997
1832 : 133,135,306,504
1833 : 40,442,587,941
1834 : 15,468
1835 : 197,306
1836 : 73,318,494,656
1837 : 99,567
1838 : 101,339,561
1839 : 118,988
1840 : 321,909
1841 : 230,426,606
1842 : 85,928
1843 : 114,893
1844 : 32,713
1845 : 47,886
1846 : 272,519,702
1847 : 307,846
1848 : 67,172,197,958
1849 : 393,819
1850 : 168,621
1851 : 155,654
1852 : 44,49,735
1853 : 148,190,748,832
1854 : 241,934
1855 : 528,535
1856 : 4,469
1857 : 293,395
1858 : 156,648
1859 : 324,584
1860 : 263,371
1861 : 9,340
1862 : 199,732
1863 : 290,599
1864 : 141,208
1865 : 37,54
1866 : 102,277,403,739
1867 : 500,674,723
1868 : 79,637
1869 : 760,856
1870 : 10,338,467
1871 : 325,439,477,843
1872 : 556,943
1873 : 36,959
1874 : 513,951
1875 : 235,345
1876 : 120,165,532
1877 : 112,170,436,733
1878 : 511,522
1879 : 191,414
1880 : 45,182
1881 : 303,691
1882 : 297,865
1883 : 387,675
1884 : 62,195
1885 : 145,929
1886 : 123,154,313,353
1887 : 195,336
1888 : 60,468,501,924
1889 : 83,98
1890 : 2,59,928
1891 : 194,218
1892 : 31,61,855
1893 : 176,372
1894 : 222,517,556,993
1895 : 168,803
1896 : 206,266,581
1897 : 90,292
1898 : 69,468,497
1899 : 23,387
1900 : 57,309
1901 : 21,941
1902 : 10,222,369
1903 : 16,418,431,957
1904 : 469,638,980
1905 : 260,483
1906 : 124,165,861,985
1907 : 118,196
1908 : 110,162,578
1909 : 23,982
1910 : 558,572,882
1911 : 361,377,744,986
1912 : 127,920
1913 : 42,157
1914 : 27,836
1915 : 169,899
1916 : 737,917
1917 : 160,360
1918 : 553,980
1919 : 40,331
1920 : 361,660
1921 : 523,699
1922 : 130,255,419
1923 : 163,456
1924 : 133,698,770
1925 : 20,200,693
1926 : 93,903
1927 : 112,301
1928 : 46,558
1929 : 108,874
1930 : 161,243,587
1931 : 31,427,548
1932 : 12,378,666,965
1933 : 677,800,966
1934 : 384,835,877
1935 : 206,993
1936 : 890,897
1937 : 51,58,440
1938 : 493,616
1939 : 43,209,501
1940 : 11,524
1941 : 37,49,324,478
1942 : 25,461,787
1943 : 216,643
1944 : 306,777
1945 : 130,247,580
1946 : 515,871
1947 : 441,948
1948 : 74,673
1949 : 64,212
1950 : 407,971
1951 : 70,646
1952 : 208,655
1953 : 171,874
1954 : 112,127,245,705
1955 : 665,691
1956 : 564,580
1957 : 63,654,927
1958 : 20,47,57,309
1959 : 116,355,363,525
1960 : 94,311,437,785
1961 : 300,599
1962 : 25,86,879
1963 : 225,646
1964 : 728,893
1965 : 546,968
1966 : 17,50,342
1967 : 388,747
1968 : 326,383
1969 : 97,176
1970 : 223,428,650
1971 : 70,146,432,899
1972 : 198,978
1973 : 476,740
1974 : 157,825
1975 : 873,972
1976 : 54,102,590
1977 : 110,622
1978 : 12,28,172
1979 : 28,204
1980 : 374,593,735
1981 : 108,241
1982 : 856,929
1983 : 53,375,840,989
1984 : 58,474,916
1985 : 8,822
1986 : 196,284,370,730
1987 : 163,673,992
1988 : 81,926
1989 : 265,346
1990 : 66,72
1991 : 263,365
1992 : 24,702,776
1993 : 110,489
1994 : 66,252
1995 : 131,468,985
1996 : 211,828
1997 : 19,29,689
1998 : 271,595
1999 : 57,109,432
2000 : 118,995
2001 : 333,905
2002 : 120,951
2003 : 191,351
2004 : 92,591
2005 : 150,261,446,471
2006 : 14,584
2007 : 15,680
2008 : 312,595,668,886
2009 : 71,288
2010 : 504,924
2011 : 377,488
2012 : 535,726
2013 : 737,851
2014 : 138,458,603
2015 : 146,366
2016 : 202,207,752
2017 : 539,938
2018 : 498,623,938
2019 : 212,267,398,792
2020 : 118,373
2021 : 176,458
2022 : 276,782
2023 : 1,32,236,465
2024 : 327,520,701
2025 : 142,562
2026 : 83,603
2027 : 245,500,769
2028 : 73,983
2029 : 43,110,886,937
2030 : 15,179,805
2031 : 211,970
2032 : 149,738,1000
2033 : 15,303
2034 : 389,690
2035 : 357,439,685
2036 : 522,711,787
2037 : 348,544
2038 : 188,421
2039 : 296,603
2040 : 391,849
2041 : 249,975
2042 : 20,321
2043 : 294,332
2044 : 490,516,703
2045 : 531,947
2046 : 248,422,610
2047 : 143,424
2048 : 622,752
2049 : 72,816
2050 : 78,394
2051 : 139,155,192
2052 : 33,187
2053 : 380,500
2054 : 343,998
2055 : 80,319,586
2056 : 171,235,241,768
2057 : 895,913
2058 : 590,947
2059 : 428,884
2060 : 140,156
2061 : 142,314
2062 : 489,806
2063 : 86,456,767
2064 : 125,748
2065 : 114,550
2066 : 228,794
2067 : 11,683
2068 : 92,725
2069 : 496,522
2070 : 70,637,710
2071 : 191,412
2072 : 75,345
2073 : 185,944,992
2074 : 145,961
2075 : 340,440
2076 : 31,237,502,743
2077 : 130,530
2078 : 108,322,738,764
2079 : 67,242,347
2080 : 217,268,549,826
2081 : 491,956
2082 : 68,747
2083 : 15,566,695,731
2084 : 252,319,579
2085 : 150,678
2086 : 236,430
2087 : 801,863
2088 : 325,327
2089 : 82,173,202,374
2090 : 22,346
2091 : 226,591,934
2092 : 149,530,566,874
2093 : 251,343
2094 : 171,877
2095 : 772,838
2096 : 4,296,526
2097 : 78,124
2098 : 89,223
2099 : 121,244,825
2100 : 492,576,694,985
2101 : 91,137,351
2102 : 189,308
2103 : 122,648
2104 : 382,392,512
2105 : 43,661
2106 : 414,474
2107 : 554,588
2108 : 321,352
2109 : 41,494,525,661
2110 : 644,701,834
2111 : 21,750
2112 : 29,378
2113 : 726,872,875,914
2114 : 14,33
2115 : 297,889
2116 : 696,968
2117 : 216,317
2118 : 514,535,598,759
2119 : 492,740
2120 : 89,90,613,839
2121 : 124,131
2122 : 292,502
2123 : 336,360
2124 : 57,274,922,954
2125 : 108,835,973
2126 : 79,143
2127 : 364,827
2128 : 487,788
2129 : 245,961
2130 : 37,391
2131 : 44,378
2132 : 116,143
2133 : 118,374
2134 : 112,137
2135 : 170,204,373
2136 : 26,960
2137 : 1,868
2138 : 64,102,298
2139 : 124,286
2140 : 81,308
2141 : 27,617
2142 : 441,981
2143 : 95,193,878
2144 : 356,788
2145 : 201,347,712,916
2146 : 162,480,912
2147 : 7,305,974
2148 : 187,242
2149 : 347,693
2150 : 434,852
2151 : 238,545
2152 : 9,42,61,658
2153 : 55,519,547
2154 : 573,697
2155 : 5,12,220
2156 : 81,905
2157 : 28,233,545,552
2158 : 183,330,919
2159 : 9,873
2160 : 4,57,151,451
2161 : 312,548,955
2162 : 308,764
2163 : 154,196
2164 : 124,196,425,996
2165 : 113,442
2166 : 81,393,679,728
2167 : 5,229
2168 : 88,507
2169 : 76,586
2170 : 159,421
2171 : 36,843
2172 : 405,621
2173 : 538,917
2174 : 28,422,537
2175 : 17,88,730
2176 : 537,709
2177 : 55,175
2178 : 371,700
2179 : 144,551
2180 : 142,443,471,791
2181 : 520,955
2182 : 129,496
2183 : 336,359
2184 : 531,843
2185 : 78,278,848
2186 : 100,497,658,696
2187 : 197,234
2188 : 130,335,372
2189 : 632,945,997
2190 : 217,390
2191 : 63,264,377,994
2192 : 572,788
2193 : 62,647
2194 : 152,267,560
2195 : 96,141
2196 : 460,648,826
2197 : 130,338,529
2198 : 135,401
2199 : 66,405
2200 : 79,261
2201 : 763,903
2202 : 252,410,790,937
2203 : 137,615,661
2204 : 426,533
2205 : 38,167,368,789
2206 : 99,582
2207 : 543,781
2208 : 19,459,544,910
2209 : 433,876
2210 : 432,472
2211 : 136,676
2212 : 34,750
2213 : 70,532,585
2214 : 155,789
2215 : 281,380
2216 : 759,890
2217 : 33,125,219,575
2218 : 346,573
2219 : 541,865
2220 : 59,261
2221 : 202,204,883
2222 : 156,272,413,713
2223 : 162,291,472,931
2224 : 151,409
2225 : 48,608
2226 : 183,390,452
2227 : 111,139,477
2228 : 170,989
2229 : 210,436,832,946
2230 : 40,60
2231 : 117,211
2232 : 479,541,570,848
2233 : 68,328
2234 : 213,245
2235 : 117,962
2236 : 71,81
2237 : 52,76,273,622
2238 : 250,317
2239 : 34,143,570
2240 : 246,627
2241 : 206,975
2242 : 100,959
2243 : 282,434,978
2244 : 89,357
2245 : 122,567
2246 : 191,441,506,737
2247 : 34,618,650,930
2248 : 774,851
2249 : 407,653,779
2250 : 460,709
2251 : 234,452
2252 : 125,200
2253 : 375,406,602
2254 : 26,363,375,656
2255 : 17,28,957
2256 : 121,288,299,739
2257 : 562,876
2258 : 251,463
2259 : 97,952
2260 : 188,880
2261 : 34,192
2262 : 396,596,782
2263 : 113,330,399,990
2264 : 119,860
2265 : 297,540
2266 : 523,760
2267 : 110,381,595
2268 : 313,551,837
2269 : 727,793
2270 : 23,234,324,372
2271 : 247,553,913
2272 : 513,744
2273 : 173,371
2274 : 239,757
2275 : 558,861,870
2276 : 33,506
2277 : 129,130,221,324
2278 : 63,198,480,515
2279 : 381,542
2280 : 92,557,597,906
2281 : 109,304
2282 : 378,678,830,972
2283 : 96,977
2284 : 52,527,600
2285 : 29,398,823,970
2286 : 235,350
2287 : 154,215
2288 : 44,126
2289 : 415,925
2290 : 73,143,405
2291 : 63,325,542
2292 : 55,569,932
2293 : 103,592
2294 : 323,675,699
2295 : 65,987
2296 : 46,213,888
2297 : 34,73
2298 : 220,274
2299 : 119,539,865
2300 : 140,379,855
2301 : 84,908
2302 : 413,611
2303 : 116,961
2304 : 175,654,852
2305 : 477,824
2306 : 99,895
2307 : 18,290,407
2308 : 192,418
2309 : 83,850
2310 : 158,708
2311 : 70,346,719
2312 : 277,362
2313 : 98,181
2314 : 229,703
2315 : 5,124,536
2316 : 56,949
2317 : 215,405
2318 : 856,912
2319 : 224,775
2320 : 121,721
2321 : 68,315
2322 : 48,99,170,245
2323 : 294,330,402,869
2324 : 26,45,127,565
2325 : 162,173,736
2326 : 126,766
2327 : 49,258
2328 : 60,139
2329 : 329,761,888
2330 : 559,883
2331 : 169,644
2332 : 20,390
2333 : 23,830
2334 : 900,910
2335 : 33,121,274,857
2336 : 79,226,443
2337 : 195,820
2338 : 236,838
2339 : 41,69,134,867
2340 : 332,770
2341 : 95,257,967
2342 : 196,722
2343 : 93,312
2344 : 7,250,260,589
2345 : 570,779
2346 : 353,744
2347 : 214,219,377
2348 : 51,112,570,863
2349 : 116,581
2350 : 561,807
2351 : 470,485
2352 : 107,242
2353 : 163,292
2354 : 448,920
2355 : 73,213
2356 : 16,530,570
2357 : 396,901
2358 : 159,188
2359 : 229,292
2360 : 29,63
2361 : 247,625,787
2362 : 518,566
2363 : 37,457,605,771
2364 : 285,600
2365 : 243,385,736,878
2366 : 906,988
2367 : 284,651
2368 : 88,675
2369 : 743,798,901
2370 : 1,396,922
2371 : 2,35,986
2372 : 867,935
2373 : 18,184,211,316
2374 : 203,340
2375 : 652,671,907
2376 : 515,549,902
2377 : 510,814
2378 : 59,460,638,838
2379 : 272,669,719
2380 : 87,604
2381 : 4,310,639
2382 : 191,554,999
2383 : 19,321,481,982
2384 : 7,126,372,639
2385 : 152,920
2386 : 33,275
2387 : 531,849
2388 : 142,796
2389 : 17,128,571,622
2390 : 169,283
2391 : 35,312
2392 : 392,574,987
2393 : 259,287
2394 : 141,326,833
2395 : 59,123,273,299
2396 : 208,407
2397 : 599,680
2398 : 417,695,742,825
2399 : 138,190,558
2400 : 34,270
2401 : 385,389,532,571
2402 : 575,706
2403 : 187,316
2404 : 76,206
2405 : 25,136,354
2406 : 96,575
2407 : 365,458,765
2408 : 12,301
2409 : 85,159
2410 : 115,118,256,973
2411 : 486,708
2412 : 3,13,723
2413 : 403,722
2414 : 30,438
2415 : 123,375
2416 : 179,341
2417 : 90,393
2418 : 351,379,895
2419 : 42,762
2420 : 464,615
2421 : 13,59,302,510
2422 : 537,777
2423 : 384,388,494
2424 : 251,268
2425 : 65,881
2426 : 89,111
2427 : 327,521
2428 : 9,521,810
2429 : 410,526,784
2430 : 138,528
2431 : 106,172,700
2432 : 593,907
2433 : 353,547,858
2434 : 180,445,687,716
2435 : 117,419
2436 : 254,477,829
2437 : 165,729,768,989
2438 : 584,882
2439 : 114,392,894
2440 : 113,474
2441 : 270,669,976
2442 : 2,816
2443 : 91,766,821
2444 : 424,536
2445 : 8,77,535,634
2446 : 83,482,673
2447 : 3,273
2448 : 17,75
2449 : 556,640
2450 : 169,353
2451 : 107,225,953
2452 : 105,603
2453 : 21,501
2454 : 352,836
2455 : 9,88
2456 : 36,334
2457 : 150,170
2458 : 120,449,766
2459 : 184,751
2460 : 320,945
2461 : 266,498,799
2462 : 24,385
2463 : 902,949
2464 : 93,854
2465 : 654,809,869
2466 : 98,232,604
2467 : 227,547,583
2468 : 153,553
2469 : 265,367
2470 : 39,54,422,457
2471 : 49,964
2472 : 147,166,633
2473 : 146,162,556,568
2474 : 249,501,555,686
2475 : 198,386,835,857
2476 : 274,967
2477 : 520,676,706,732
2478 : 63,265,527
2479 : 262,336
2480 : 100,389
2481 : 281,379
2482 : 148,627
2483 : 813,906
2484 : 301,583
2485 : 103,598
2486 : 60,363,473
2487 : 508,527
2488 : 575,577
2489 : 150,911
2490 : 125,524,717
2491 : 200,387,691
2492 : 57,220,579
2493 : 327,354
2494 : 53,161
2495 : 147,632
2496 : 328,684
2497 : 167,900
2498 : 349,931
2499 : 265,356
2500 : 370,740
2501 : 306,334,1000
2502 : 89,107,334,495
2503 : 32,107,220,478
2504 : 217,858
2505 : 48,55,127
2506 : 158,275,423
2507 : 624,921
2508 : 350,611,811,817
2509 : 326,662
2510 : 14,133,442
2511 : 1,964
2512 : 8,10,86,411
2513 : 230,588
2514 : 642,952
2515 : 20,672,842
2516 : 11,85
2517 : 42,331,766
2518 : 233,619
2519 : 66,918
2520 : 67,452
2521 : 186,463
2522 : 77,450
2523 : 236,753
2524 : 7,291
2525 : 27,30,201,272
2526 : 388,421,866
2527 : 289,820,871
2528 : 257,357
2529 : 74,376
2530 : 175,548
2531 : 51,135,149
2532 : 186,864
2533 : 296,519,624
2534 : 199,286,747
2535 : 453,492,512
2536 : 22,490
2537 : 65,615
2538 : 328,456
2539 : 76,356,897
2540 : 31,42,780,884
2541 : 403,845
2542 : 3,262
2543 : 201,529,584
2544 : 657,683,778,812
2545 : 47,741
2546 : 583,694
2547 : 345,574,669,924
2548 : 358,488,692
2549 : 106,567,629,936
2550 : 282,688
2551 : 440,562
2552 : 73,96
2553 : 256,514
2554 : 271,703
2555 : 605,929
2556 : 481,652
2557 : 55,140,644
2558 : 159,639,690
2559 : 585,637,728
2560 : 373,423
2561 : 5,531
2562 : 66,370,395,914
2563 : 313,470
2564 : 120,794,862,902
2565 : 217,788,885,942
2566 : 435,846
2567 : 62,553
2568 : 479,844
2569 : 127,134,492,773
2570 : 364,612,618
2571 : 65,160
2572 : 940,966,993
2573 : 356,529,731
2574 : 613,615
2575 : 163,636
2576 : 84,975
2577 : 5,81,894
2578 : 93,589,783,815
2579 : 53,137,302,565
2580 : 139,250,473
2581 : 221,705
2582 : 469,891,989
2583 : 299,307
2584 : 18,86
2585 : 233,337
2586 : 578,681,728
2587 : 534,740
2588 : 840,887
2589 : 168,773
2590 : 184,524
2591 : 24,168
2592 : 447,610,664
2593 : 89,173,956
2594 : 10,132,346,809
2595 : 44,535
2596 : 87,138,281,608
2597 : 53,568
2598 : 606,712
2599 : 26,36
2600 : 265,592
2601 : 142,968
2602 : 475,603,689
2603 : 6,139
2604 : 266,612,999
2605 : 459,664
2606 : 355,723
2607 : 34,921
2608 : 72,119
2609 : 225,685,781,859
2610 : 3,381,543
2611 : 2,149,410,417
2612 : 11,35,938
2613 : 255,310,950
2614 : 555,667
2615 : 354,872
2616 : 152,763
2617 : 157,709,954
2618 : 86,397
2619 : 45,355
2620 : 132,329
2621 : 612,889
2622 : 39,136,349
2623 : 282,384
2624 : 210,899
2625 : 231,276,699,724
2626 : 108,286,380
2627 : 91,144,629
2628 : 483,605,614,990
2629 : 168,514,533
2630 : 614,643
2631 : 289,593
2632 : 9,518,558
2633 : 45,76
2634 : 93,230
2635 : 133,200
2636 : 56,219,413
2637 : 355,517,934
2638 : 91,795
2639 : 8,774,904
2640 : 666,901
2641 : 60,623,976
2642 : 132,198,482,984
2643 : 25,685
2644 : 216,564,805
2645 : 30,525,724
2646 : 139,545
2647 : 690,996
2648 : 2,21,500
2649 : 128,615
2650 : 39,371
2651 : 117,203,216
2652 : 50,289,653
2653 : 95,358
2654 : 104,450,726
2655 : 414,928
2656 : 124,259
2657 : 157,579
2658 : 374,908
2659 : 29,821
2660 : 164,466
2661 : 345,913
2662 : 182,466
2663 : 237,386
2664 : 16,127,508,511
2665 : 187,734
2666 : 8,175,850
2667 : 324,421
2668 : 56,773
2669 : 147,288
2670 : 78,116,649
2671 : 125,176,279
2672 : 218,294,528
2673 : 77,317,830
2674 : 69,318
2675 : 35,149,379
2676 : 6,360,466
2677 : 35,958
2678 : 5,53,462,482
2679 : 3,183,919,990
2680 : 305,331,850,886
2681 : 87,461
2682 : 17,107,171,676
2683 : 49,257,285,331
2684 : 379,976
2685 : 385,512
2686 : 71,360
2687 : 92,752
2688 : 41,582
2689 : 172,230,950
2690 : 411,521,597
2691 : 50,447
2692 : 6,8
2693 : 24,733,870
2694 : 80,284,791
2695 : 150,171
2696 : 24,368,387
2697 : 445,519,569,952
2698 : 203,990
2699 : 114,177,337,491
2700 : 325,440
2701 : 568,645
2702 : 30,528,870
2703 : 502,721
2704 : 489,779
2705 : 198,359
2706 : 250,311
2707 : 100,139
2708 : 402,509,663
2709 : 358,871
2710 : 82,781
2711 : 22,505
2712 : 182,476,488
2713 : 64,262
2714 : 158,343
2715 : 255,385
2716 : 47,74,167,508
2717 : 118,237
2718 : 372,427
2719 : 61,132,665
2720 : 76,352,418
2721 : 471,763
2722 : 53,717,904
2723 : 200,607
2724 : 39,65
2725 : 715,964
2726 : 44,303,452,749
2727 : 44,184,343,499
2728 : 82,246
2729 : 24,977
2730 : 79,420,802
2731 : 204,225,791
2732 : 119,559,729
2733 : 18,590
2734 : 126,319
2735 : 19,217
2736 : 332,499
2737 : 217,785
2738 : 119,425
2739 : 14,157
2740 : 822,904
2741 : 32,64
2742 : 3,160,382,401
2743 : 179,870
2744 : 228,538
2745 : 52,135,166
2746 : 236,374,686,955
2747 : 52,947
2748 : 35,794
2749 : 585,819,891
2750 : 326,366,684,721
2751 : 11,56
2752 : 45,224
2753 : 155,275,609
2754 : 290,362,422,706
2755 : 333,671,953,979
2756 : 415,708
2757 : 411,791,943
2758 : 7,821
2759 : 344,738,756
2760 : 131,224
2761 : 212,938,960
2762 : 156,802
2763 : 94,642
2764 : 20,54,174,505
2765 : 189,307,772
2766 : 540,921
2767 : 314,960
2768 : 90,653
2769 : 43,823
2770 : 218,268,682,883
2771 : 50,552,631
2772 : 72,169
2773 : 44,667
2774 : 113,425
2775 : 28,136
2776 : 223,352
2777 : 503,699
2778 : 42,521,572,617
2779 : 140,581
2780 : 309,665
2781 : 8,61
2782 : 447,552
2783 : 539,676
2784 : 116,260
2785 : 423,702
2786 : 31,325,474
2787 : 39,103
2788 : 187,426,635,927
2789 : 14,585
2790 : 166,593
2791 : 178,516
2792 : 315,486
2793 : 305,646
2794 : 178,180,380,527
2795 : 318,350
2796 : 403,405
2797 : 464,552
2798 : 25,349
2799 : 323,368
2800 : 1,944
2801 : 50,981
2802 : 24,283,601
2803 : 459,519
2804 : 87,546
2805 : 310,953
2806 : 208,297
2807 : 5,773
2808 : 54,700
2809 : 111,146,559
2810 : 181,457
2811 : 145,164,186,940
2812 : 316,506
2813 : 15,256
2814 : 356,810
2815 : 495,555
2816 : 86,291,413
2817 : 92,232,359,573
2818 : 435,700,884
2819 : 4,67
2820 : 136,354,846
2821 : 256,318
2822 : 400,607
2823 : 129,347
2824 : 67,151,714
2825 : 100,101,493
2826 : 629,734
2827 : 484,485,628,859
2828 : 355,693
2829 : 91,231,592
2830 : 185,493
2831 : 48,549
2832 : 826,900
2833 : 164,594
2834 : 21,142,464
2835 : 123,161
2836 : 52,609,963
2837 : 14,46,77,404
2838 : 443,707
2839 : 351,431,479,581
2840 : 233,334
2841 : 70,238
2842 : 408,434,662,816
2843 : 314,932
2844 : 291,365,430,746
2845 : 15,278,283,921
2846 : 9,296
2847 : 29,342,667
2848 : 108,909
2849 : 422,478
2850 : 181,307,651,979
2851 : 316,799
2852 : 223,792
2853 : 259,809
2854 : 214,854
2855 : 395,864
2856 : 125,554
2857 : 649,867
2858 : 83,925
2859 : 2,73,121,214
2860 : 153,185
2861 : 670,674,696,874
2862 : 193,273,415
2863 : 416,438
2864 : 195,907
2865 : 45,660
2866 : 58,94
2867 : 87,578,831,994
2868 : 174,872
2869 : 26,150
2870 : 202,523
2871 : 87,231,308,807
2872 : 129,711
2873 : 844,980
2874 : 611,906
2875 : 172,320
2876 : 2,267,462
2877 : 115,640
2878 : 653,663
2879 : 74,545
2880 : 239,243
2881 : 126,324,751
2882 : 110,797
2883 : 110,429
2884 : 128,289,698
2885 : 16,38,251,563
2886 : 181,371,839
2887 : 897,995
2888 : 678,798
2889 : 218,335
2890 : 163,255,464
2891 : 86,111,382,394
2892 : 323,356
2893 : 251,342,823
2894 : 70,704
2895 : 386,958,998
2896 : 73,443
2897 : 288,974
2898 : 207,258,455,987
2899 : 83,329
2900 : 104,132,544
2901 : 74,198,303,499
2902 : 12,242,277,625
2903 : 41,559
2904 : 475,506
2905 : 90,141,592,915
2906 : 165,444
2907 : 149,960
2908 : 634,792
2909 : 33,670,805
2910 : 12,37,437,675
2911 : 16,209
2912 : 113,525,551,937
2913 : 93,200
2914 : 348,537,588
2915 : 40,265,683,770
2916 : 451,640
2917 : 7,201,311,909
2918 : 364,601
2919 : 294,378,460,589
2920 : 635,670
2921 : 436,578
2922 : 304,453
2923 : 38,353
2924 : 95,836
2925 : 7,533
2926 : 115,204,520,959
2927 : 815,829
2928 : 41,866
2929 : 44,926
2930 : 367,389
2931 : 317,438
2932 : 280,995
2933 : 152,651,752
2934 : 64,461,542
2935 : 320,820
2936 : 72,129
2937 : 935,976
2938 : 70,240
2939 : 254,428,430
2940 : 287,608
2941 : 5,757,818
2942 : 154,237
2943 : 4,309
2944 : 90,354
2945 : 12,199
2946 : 6,305,844
2947 : 39,342,601,946
2948 : 8,190
2949 : 126,412
2950 : 313,516
2951 : 264,384
2952 : 11,973
2953 : 131,876
2954 : 162,213
2955 : 238,541
2956 : 79,536,804
2957 : 279,316,688,881
2958 : 187,394
2959 : 144,361,782
2960 : 13,444
2961 : 30,555
2962 : 27,246
2963 : 346,682,714,780
2964 : 219,454
2965 : 3,267
2966 : 55,445,778
2967 : 216,463
2968 : 16,53,858
2969 : 446,744
2970 : 117,335
2971 : 106,849,967
2972 : 454,731
2973 : 113,240
2974 : 54,551
2975 : 219,363,423
2976 : 215,543
2977 : 245,287
2978 : 60,988
2979 : 122,211
2980 : 26,314,733,923
2981 : 95,172,389,571
2982 : 122,735,847,915
2983 : 23,94
2984 : 269,332
2985 : 79,651
2986 : 267,758
2987 : 508,885,927
2988 : 129,342,467,815
2989 : 97,138
2990 : 22,185,914
2991 : 2,182
2992 : 152,789
2993 : 205,427,498,812
2994 : 511,588
2995 : 595,999
2996 : 126,284
2997 : 46,663
2998 : 77,263,289
2999 : 132,218
3000 : 238,306,727,908
3001 : 213,426,789
3002 : 459,932
3003 : 128,441,754
3004 : 69,271
3005 : 326,393,808
3006 : 327,962
3007 : 228,611
3008 : 328,339,710
3009 : 617,760
3010 : 111,210,715,795
3011 : 44,631
3012 : 67,94,248,529
3013 : 419,855
3014 : 240,305,895
3015 : 606,751,900
3016 : 71,80,333,613
3017 : 149,891
3018 : 68,141,393
3019 : 180,518,750
3020 : 798,864
3021 : 165,389,798
3022 : 397,493,871
3023 : 793,887
3024 : 253,623
3025 : 162,681
3026 : 119,228,373,776
3027 : 17,94,323,437
3028 : 491,632
3029 : 84,980
3030 : 398,498
3031 : 103,264
3032 : 202,349
3033 : 229,359
3034 : 276,616
3035 : 337,439
3036 : 67,74,959
3037 : 97,309
3038 : 49,341,505
3039 : 214,247
3040 : 51,78
3041 : 531,757
3042 : 104,285
3043 : 43,186
3044 : 26,280,286
3045 : 257,409
3046 : 266,760,892
3047 : 130,183
3048 : 223,280,669,867
3049 : 504,830
3050 : 767,967
3051 : 32,671
3052 : 206,486,547
3053 : 38,171
3054 : 242,306
3055 : 374,509
3056 : 18,842
3057 : 153,349
3058 : 67,318
3059 : 315,518
3060 : 211,774
3061 : 46,74,463
3062 : 13,134,282
3063 : 296,503
3064 : 80,604
3065 : 165,180,276
3066 : 489,877,894
3067 : 4,214
3068 : 270,795
3069 : 510,742
3070 : 59,222
3071 : 197,515,650
3072 : 241,384
3073 : 18,981
3074 : 11,171
3075 : 386,446
3076 : 64,502,833,915
3077 : 614,749
3078 : 235,353
3079 : 481,596
3080 : 20,183,242,504
3081 : 620,779,936
3082 : 101,107
3083 : 67,133,260,573
3084 : 534,880
3085 : 406,704,762
3086 : 103,772
3087 : 544,734
3088 : 109,697
3089 : 394,618
3090 : 339,839
3091 : 939,984
3092 : 109,854
3093 : 168,808
3094 : 207,687
3095 : 307,636
3096 : 124,433
3097 : 189,480,767
3098 : 69,612,891
3099 : 164,577
3100 : 495,759
3101 : 284,370
3102 : 447,715
3103 : 232,472
3104 : 6,240,254
3105 : 8,48,923
3106 : 18,66,277
3107 : 111,278
3108 : 382,868
3109 : 581,988
3110 : 320,362,383
3111 : 190,420
3112 : 102,401
3113 : 432,743,996
3114 : 61,969
3115 : 81,739
3116 : 21,256,641
3117 : 340,580,998
3118 : 391,575
3119 : 197,828
3120 : 101,257,559
3121 : 373,877
3122 : 707,819
3123 : 31,754
3124 : 24,115
3125 : 80,553
3126 : 45,123
3127 : 221,666,836
3128 : 209,446
3129 : 454,758,814
3130 : 24,213,267,889
3131 : 31,138
3132 : 800,973
3133 : 31,555
3134 : 105,214,275
3135 : 20,104,458
3136 : 218,439,455
3137 : 22,410
3138 : 35,986
3139 : 189,428
3140 : 51,392
3141 : 361,536,863
3142 : 1,599
3143 : 431,742
3144 : 193,778
3145 : 534,887
3146 : 75,391
3147 : 339,457
3148 : 144,714,741
3149 : 215,866,918
3150 : 98,402
3151 : 141,298,344
3152 : 496,573
3153 : 157,358
3154 : 591,645
3155 : 163,239
3156 : 36,429
3157 : 190,279
3158 : 231,688
3159 : 21,201,768
3160 : 259,510
3161 : 590,594
3162 : 643,866
3163 : 37,57,279
3164 : 5,233
3165 : 135,577
3166 : 145,297,524
3167 : 244,479,923,934
3168 : 40,480
3169 : 348,969
3170 : 117,266,777
3171 : 455,735
3172 : 126,321
3173 : 709,910
3174 : 396,596
3175 : 148,905
3176 : 234,283,657
3177 : 141,894
3178 : 9,248,269
3179 : 11,614,898
3180 : 22,107,195,831
3181 : 39,122,177
3182 : 551,778
3183 : 330,818
3184 : 827,880
3185 : 77,783
3186 : 133,294
3187 : 93,720,808
3188 : 271,360
3189 : 193,769
3190 : 160,846,991
3191 : 120,358,532
3192 : 113,175,633
3193 : 261,583,847,893
3194 : 239,246
3195 : 122,147,174,328
3196 : 177,207,484,847
3197 : 13,608
3198 : 293,488,876
3199 : 159,314,841
3200 : 212,796
3201 : 348,579
3202 : 154,433
3203 : 786,810
3204 : 49,54
3205 : 662,802
3206 : 274,991
3207 : 288,765
3208 : 52,907
3209 : 84,381
3210 : 814,901,903
3211 : 478,753
3212 : 176,319,970
3213 : 225,566,657
