1001 : 183,626,868,884
1002 : 24,549,633,802
1003 : 237,505
1004 : 143,385,506,747
1005 : 353,740,761
1006 : 55,440
1007 : 439,771
1008 : 17,272
1009 : 650,869
1010 : 943,980
1011 : 237,682
1012 : 329,844
1013 : 117,982
1014 : 72,178,516
1015 : 431,776
1016 : 271,629
1017 : 35,72
1018 : 176,457,655
1019 : 85,195,675,703
1020 : 240,530
1021 : 154,191
1022 : 672,711
1023 : 358,359
1024 : 131,324,694
1025 : 704,790
1026 : 113,313,812,866
1027 : 423,786,911
1028 : 73,672
1029 : 8,413,786
1030 : 130,490
1031 : 593,752,861
1032 : 13,449,919
1033 : 25,519
1034 : 363,526
1035 : 109,805
1036 : 733,885
1037 : 17,630
1038 : 419,700
1039 : 262,640
1040 : 314,339,442
1041 : 313,907
1042 : 772,926
1043 : 307,715
1044 : 97,257,512,590
1045 : 308,445,612
1046 : 56,285,317,708
1047 : 284,491
1048 : 79,394,654
1049 : 135,916
1050 : 83,353
1051 : 87,903
1052 : 137,270,725
1053 : 285,849
1054 : 434,554
1055 : 438,848
1056 : 52,613
1057 : 11,115,425
1058 : 64,398,408,543
1059 : 26,837
1060 : 327,649
1061 : 63,249
1062 : 27,693,791
1063 : 256,269
1064 : 52,149
1065 : 91,971
1066 : 101,390,490
1067 : 198,481
1068 : 75,373,398,555
1069 : 126,718
1070 : 603,922
1071 : 147,287
1072 : 85,365
1073 : 188,985
1074 : 2,799
1075 : 168,306,640,655
1076 : 957,989
1077 : 66,932
1078 : 137,664
1079 : 108,810
1080 : 101,475,635
1081 : 169,375
1082 : 14,223
1083 : 209,252,406,918
1084 : 314,454,724,967
1085 : 69,207
1086 : 248,396
1087 : 144,381
1088 : 817,915
1089 : 41,991
1090 : 95,292
1091 : 282,302,832
1092 : 322,524
1093 : 107,244
1094 : 318,664
1095 : 101,721
1096 : 194,515,799
1097 : 336,656,838
1098 : 644,787
1099 : 128,362,682
1100 : 298,437
1101 : 83,85,109
1102 : 2,57
1103 : 499,936
1104 : 161,322,341,958
1105 : 221,247
1106 : 290,354
1107 : 245,535,807,983
1108 : 166,543
1109 : 471,917
1110 : 39,60,105,772
1111 : 22,362
1112 : 182,379
1113 : 210,500,615
1114 : 170,281,385,464
1115 : 78,814
1116 : 508,946
1117 : 119,958
1118 : 232,429,665
1119 : 54,123
1120 : 495,520,556
1121 : 305,784,933,992
1122 : 472,762
1123 : 313,641
1124 : 162,338,551
1125 : 221,789
1126 : 638,648
1127 : 190,908
1128 : 147,175,854,913
1129 : 860,888
1130 : 25,380
1131 : 70,435,477,749
1132 : 353,360
1133 : 167,825
1134 : 412,837
1135 : 39,107
1136 : 115,331
1137 : 33,364
1138 : 54,953,961
1139 : 360,896,977
1140 : 13,905
1141 : 393,622,963
1142 : 316,417,783
1143 : 87,797
1144 : 29,312
1145 : 324,574
1146 : 272,472
1147 : 514,859,947
1148 : 11,425,715
1149 : 15,596,690
1150 : 100,196
1151 : 720,775
1152 : 126,391
1153 : 309,388
1154 : 325,878
1155 : 533,937
1156 : 55,247
1157 : 73,330
1158 : 127,865
1159 : 819,862
1160 : 58,924
1161 : 102,448
1162 : 35,238,266,410
1163 : 461,721
1164 : 210,512,604
1165 : 84,520
1166 : 445,818,919
1167 : 58,126,765
1168 : 295,326
1169 : 129,641
1170 : 594,889,931
1171 : 215,689
1172 : 1,544
1173 : 32,104,414
1174 : 624,707
1175 : 52,732
1176 : 6,826
1177 : 172,830
1178 : 287,382
1179 : 72,525
1180 : 45,117
1181 : 136,731
1182 : 245,994
1183 : 10,351
1184 : 166,463,482,530
1185 : 27,41,589,992
1186 : 417,955
1187 : 121,441
1188 : 239,411
1189 : 545,886
1190 : 108,636,656
1191 : 106,448
1192 : 271,361
1193 : 328,997
1194 : 107,387
1195 : 315,433
1196 : 151,568
1197 : 201,216
1198 : 776,803,822
1199 : 182,488,887
1200 : 56,756,898,968
1201 : 92,220,744,984
1202 : 495,556
1203 : 192,460
1204 : 216,275
1205 : 244,567,724
1206 : 5,283
1207 : 248,280
1208 : 357,988
1209 : 75,636
1210 : 234,733
1211 : 586,985
1212 : 80,452
1213 : 194,844
1214 : 333,346
1215 : 36,941
1216 : 285,384
1217 : 70,358,585
1218 : 583,984
1219 : 486,624
1220 : 22,230
1221 : 194,211
1222 : 118,365,949
1223 : 20,34,84
1224 : 88,104
1225 : 48,986
1226 : 72,526
1227 : 168,211,770
1228 : 286,380
1229 : 665,891
1230 : 24,144
1231 : 201,291,592
1232 : 8,81
1233 : 46,657
1234 : 288,302,416
1235 : 225,261,536,843
1236 : 239,670
1237 : 46,348
1238 : 638,938
1239 : 36,163,677
1240 : 243,492,544,902
1241 : 95,478
1242 : 4,293,552
1243 : 17,753
1244 : 279,820
1245 : 91,306
1246 : 358,542
1247 : 170,945
1248 : 704,781
1249 : 400,778
1250 : 443,576,770
1251 : 257,360
1252 : 756,892
1253 : 21,494
1254 : 279,947
1255 : 199,254,593,604
1256 : 177,567
1257 : 166,181
1258 : 42,184
1259 : 270,283
1260 : 110,659,769
1261 : 25,76,131
1262 : 125,317
1263 : 1,609
1264 : 70,476
1265 : 750,889
1266 : 84,280,465,662
1267 : 432,896
1268 : 40,863
1269 : 538,801
1270 : 439,893
1271 : 65,853
1272 : 118,220,800
1273 : 240,959
1274 : 123,221,308,611
1275 : 273,668
1276 : 101,379
1277 : 347,582
1278 : 153,990
1279 : 4,91,831,933
1280 : 110,639
1281 : 331,699
1282 : 308,915
1283 : 174,730,935
1284 : 419,528
1285 : 500,745
1286 : 78,610
1287 : 4,418
1288 : 580,910,940
1289 : 269,503,689
1290 : 273,538
1291 : 445,698,861,983
1292 : 3,505,529
1293 : 66,139,612,911
1294 : 492,589,599
1295 : 14,877
1296 : 205,372,463,482
1297 : 268,332
1298 : 339,492
1299 : 612,910
1300 : 181,300
1301 : 61,183,376
1302 : 173,958
1303 : 34,40
1304 : 17,35
1305 : 92,344
1306 : 215,620
1307 : 245,392
1308 : 422,639,795
1309 : 400,662,893
1310 : 119,270,716,798
1311 : 26,831
1312 : 49,84
1313 : 497,601,952
1314 : 108,668
1315 : 354,936
1316 : 39,389,727
1317 : 519,999
1318 : 71,149,473,884
1319 : 504,544,851
1320 : 202,557
1321 : 44,159,291,739
1322 : 319,830
1323 : 122,742
1324 : 103,407,867
1325 : 84,308,473
1326 : 15,135
1327 : 19,728
1328 : 22,54,997
1329 : 61,225
1330 : 23,581
1331 : 78,325
1332 : 285,411,571
1333 : 571,692
1334 : 502,511
1335 : 508,535
1336 : 21,99,876
1337 : 16,180,432,764
1338 : 310,855
1339 : 67,141,176,585
1340 : 209,253,945
1341 : 104,415
1342 : 218,227
1343 : 493,511
1344 : 280,584
1345 : 246,258,953
1346 : 775,877
1347 : 542,964
1348 : 255,341
1349 : 259,527,730
1350 : 58,568,756,957
1351 : 468,801
1352 : 346,372
1353 : 483,541
1354 : 110,816,926
1355 : 99,116,260,885
1356 : 347,867
1357 : 379,723
1358 : 263,362,687
1359 : 206,370
1360 : 265,648
1361 : 5,134
1362 : 448,488,977
1363 : 168,746
1364 : 183,820
1365 : 482,493
1366 : 199,354
1367 : 347,846
1368 : 239,435,932,988
1369 : 403,583,707,804
1370 : 37,605
1371 : 18,318,387
1372 : 120,361,406,479
1373 : 326,497,875
1374 : 558,895
1375 : 351,545
1376 : 371,840
1377 : 166,541
1378 : 20,139,227
1379 : 64,392
1380 : 453,471
1381 : 304,740,761,865
1382 : 209,277
1383 : 653,875
1384 : 145,156
1385 : 151,528
1386 : 33,577
1387 : 19,45,386,539
1388 : 170,173,646
1389 : 94,272
1390 : 87,139,231,915
1391 : 2,46,332,764
1392 : 95,377
1393 : 158,237,653,856
1394 : 177,372,592,628
1395 : 389,616
1396 : 112,693
1397 : 872,914
1398 : 137,424
1399 : 469,483
1400 : 43,575
1401 : 50,899
1402 : 262,739,969
1403 : 191,384,403,524
1404 : 96,602
1405 : 333,546
1406 : 69,106,161,835
1407 : 527,816
1408 : 190,563
1409 : 126,259,802
1410 : 42,463
1411 : 584,617
1412 : 145,344
1413 : 251,631
1414 : 28,548,734
1415 : 212,802
1416 : 21,207,850
1417 : 666,729
1418 : 100,288
1419 : 35,880
1420 : 385,906
1421 : 88,652
1422 : 134,553
1423 : 88,125,259
1424 : 334,430
1425 : 626,787
1426 : 131,627,916
1427 : 218,661
1428 : 20,24,206
1429 : 137,714
1430 : 188,783
1431 : 260,939
1432 : 82,860
1433 : 117,297
1434 : 43,290
1435 : 210,254
1436 : 480,845
1437 : 96,341,588
1438 : 140,413
1439 : 897,898
1440 : 51,457
1441 : 34,51
1442 : 1,121,898,901
1443 : 60,102
1444 : 602,669
1445 : 637,767
1446 : 845,918
1447 : 148,295,921,950
1448 : 203,222,839,931
1449 : 10,597
1450 : 5,891
1451 : 205,294,402
1452 : 150,553
1453 : 337,608
1454 : 20,303,793
1455 : 10,165,831
1456 : 13,759,939
1457 : 565,591,662,741
1458 : 406,738
1459 : 129,198
1460 : 53,141,372
1461 : 71,436,872,950
1462 : 362,698
1463 : 69,917
1464 : 139,816
1465 : 221,412,925
1466 : 157,940
1467 : 185,394,397
1468 : 288,838
1469 : 410,774,994
1470 : 494,887
1471 : 65,90,313,455
1472 : 426,453,620
1473 : 62,301,990
1474 : 289,312
1475 : 257,851,968
1476 : 123,328,366,790
1477 : 30,388,959
1478 : 43,190,597
1479 : 49,221,425,730
1480 : 11,761
1481 : 539,777
1482 : 288,512,842
1483 : 175,621
1484 : 81,85,155
1485 : 57,74,925
1486 : 534,617
1487 : 316,534
1488 : 45,151
1489 : 226,275
1490 : 367,523,576
1491 : 622,754
1492 : 202,233,973
1493 : 140,189,642
1494 : 21,233
1495 : 15,96,303,588
1496 : 86,211,606
1497 : 42,307
1498 : 110,614
1499 : 118,823
1500 : 361,867
1501 : 177,354
1502 : 53,458
1503 : 270,395
1504 : 56,274,417,426
1505 : 322,616
1506 : 144,180
1507 : 268,378
1508 : 133,643
1509 : 111,142,149
1510 : 117,851
1511 : 222,438,543,619
1512 : 99,399,652
1513 : 38,199
1514 : 309,547,890
1515 : 7,264
1516 : 193,210,335
1517 : 198,619,778,863
1518 : 226,751
1519 : 105,906
1520 : 477,626,849
1521 : 59,131,197,214
1522 : 35,242
1523 : 262,349
1524 : 28,193,469
1525 : 128,326,477,927
1526 : 295,316
1527 : 92,638
1528 : 355,429,922
1529 : 343,424
1530 : 14,246,459
1531 : 229,883
1532 : 298,603
1533 : 62,552
1534 : 113,338,403
1535 : 22,263,490,518
1536 : 441,458
1537 : 28,333
1538 : 169,423,793,948
1539 : 595,952
1540 : 1,260
1541 : 245,946
1542 : 118,844
1543 : 75,574,849
1544 : 484,923
1545 : 125,150,294,933
1546 : 24,417,598,973
1547 : 246,596,876,996
1548 : 304,436
1549 : 30,51,108,975
1550 : 486,883
1551 : 121,828
1552 : 271,601,676
1553 : 172,580
1554 : 160,579,760
1555 : 303,318,384
1556 : 133,735
1557 : 209,325,498
1558 : 52,110,390
1559 : 320,420,558,564
1560 : 67,254,356
1561 : 24,604
1562 : 761,855
1563 : 111,323,987
1564 : 113,848
1565 : 203,956
1566 : 223,248,249
1567 : 49,244
1568 : 31,148
1569 : 47,56
1570 : 300,442
1571 : 153,441,671
1572 : 72,548
1573 : 509,792
1574 : 760,919
1575 : 57,321,636,695
1576 : 174,324,877,947
1577 : 194,305
1578 : 95,141,309,942
1579 : 505,834
1580 : 346,862
1581 : 312,525
1582 : 68,380
1583 : 294,468
1584 : 74,216,309
1585 : 142,953
1586 : 1,765
1587 : 567,640
1588 : 317,980
1589 : 107,120
1590 : 31,164,517
1591 : 53,86
1592 : 82,332,523
1593 : 240,363
1594 : 155,742
1595 : 119,230,276
1596 : 17,104
1597 : 235,433
1598 : 568,868
1599 : 8,93,94,517
1600 : 653,835
1601 : 66,164
1602 : 176,555
1603 : 550,908
1604 : 106,131
1605 : 286,287,339,646
1606 : 707,883
1607 : 52,581
1608 : 28,303,800
1609 : 281,304
1610 : 465,893
1611 : 37,92
1612 : 10,75
1613 : 379,797
1614 : 54,153,614
1615 : 151,261,887,922
1616 : 13,646,982
1617 : 301,641,731
1618 : 759,970
1619 : 634,795
1620 : 15,223,517
1621 : 433,489
1622 : 26,440,591
1623 : 479,702,815
1624 : 242,282,960
1625 : 169,191,231,428
1626 : 209,674
1627 : 135,442,759,788
1628 : 277,424,467
1629 : 129,327
1630 : 163,183
1631 : 159,192,579
1632 : 54,916
1633 : 14,337,921
1634 : 741,846
1635 : 217,228,243
1636 : 537,786
1637 : 33,47
1638 : 306,564
1639 : 348,365,638
1640 : 519,603
1641 : 481,747
1642 : 368,908
1643 : 220,228,358,398
1644 : 547,847
1645 : 13,189,794,991
1646 : 4,443,887,974
1647 : 418,752
1648 : 674,789
1649 : 80,412,595
1650 : 74,569
1651 : 475,596
1652 : 368,723
1653 : 18,212
1654 : 530,805
1655 : 136,232,824
1656 : 243,290,930
1657 : 283,506
1658 : 20,206
1659 : 221,295
1660 : 38,521
1661 : 368,650
1662 : 23,942
1663 : 620,684
1664 : 61,136,301,430
1665 : 279,554
1666 : 134,355
1667 : 226,344
1668 : 198,884
1669 : 65,176
1670 : 55,521
1671 : 229,388,901
1672 : 223,236
1673 : 518,871
1674 : 548,763
1675 : 250,271,472
1676 : 394,641
1677 : 198,478,481,666
1678 : 68,711,763
1679 : 159,752,829
1680 : 333,419
1681 : 191,817
1682 : 99,402
1683 : 64,713
1684 : 109,112,960
1685 : 297,399
1686 : 64,701
1687 : 111,307
1688 : 60,169,310
1689 : 133,447,480
1690 : 145,154
1691 : 58,549
1692 : 157,170,678
1693 : 18,167,837
1694 : 97,203,570
1695 : 315,346
1696 : 111,214,295,791
1697 : 23,449,964
1698 : 205,226,494
1699 : 106,729
1700 : 668,854
1701 : 681,700
1702 : 44,145,853
1703 : 76,247,848,858
1704 : 3,896
1705 : 113,484,715
1706 : 206,263
1707 : 264,891
1708 : 36,59,227
1709 : 159,184,860
1710 : 227,622
1711 : 114,238
1712 : 50,220
1713 : 116,963
1714 : 281,369
1715 : 107,375
1716 : 169,224
1717 : 50,808
1718 : 8,267
1719 : 385,931
1720 : 132,228,792
1721 : 18,256,477,568
1722 : 67,501
1723 : 40,485
1724 : 16,292,781,863
1725 : 79,355
1726 : 322,735
1727 : 61,156,724
1728 : 567,942,976
1729 : 44,64,240,298
1730 : 2,970
1731 : 318,584
1732 : 139,208,961
1733 : 25,501
1734 : 58,259
1735 : 84,538
1736 : 101,471
1737 : 449,898
1738 : 26,369,404
1739 : 59,63
1740 : 197,262
1741 : 222,478,592
1742 : 166,788
1743 : 685,963
1744 : 77,510
1745 : 146,323
1746 : 182,253,624,978
1747 : 345,555
1748 : 349,582,673
1749 : 2,37,306
1750 : 101,191
1751 : 252,517
1752 : 129,151,430,594
1753 : 70,592,840
1754 : 128,827
1755 : 400,579
1756 : 197,244
1757 : 269,608
1758 : 236,856
1759 : 273,392,981
1760 : 13,222
1761 : 112,852
1762 : 127,178,892,941
1763 : 144,157
1764 : 22,565
1765 : 611,793
1766 : 127,170,882
1767 : 480,491
1768 : 13,774
1769 : 196,750
1770 : 5,748
1771 : 5,282
1772 : 130,980
1773 : 37,83,516
1774 : 49,137
1775 : 109,307,392
1776 : 89,835
1777 : 311,645
1778 : 347,460
1779 : 360,882
1780 : 165,449
1781 : 381,518
1782 : 55,378
1783 : 355,671,967
1784 : 48,298
1785 : 59,140
1786 : 376,543
1787 : 72,112,705
1788 : 570,783
1789 : 102,706
1790 : 89,187,237
1791 : 6,336
1792 : 266,334,873
1793 : 109,829,935
1794 : 8,26,153
1795 : 190,837,951
1796 : 317,772
1797 : 9,341,817
1798 : 31,87,236,551
1799 : 148,186,366
1800 : 65,153
1801 : 201,297
1802 : 118,232,667
1803 : 147,336,703,739
1804 : 431,480
1805 : 788,974
1806 : 241,443,686
1807 : 167,374,676
1808 : 42,266,585,785
1809 : 32,310,815,876
1810 : 405,412,698
1811 : 23,697
1812 : 387,689
1813 : 253,610
1814 : 192,498,659
1815 : 193,397,404,1000
1816 : 310,531,615
1817 : 36,127,696
1818 : 631,680
1819 : 121,305
1820 : 12,390,962
1821 : 184,909
1822 : 299,426,670
1823 : 3,186
1824 : 233,407
1825 : 429,647
1826 : 150,177
1827 : 349,883,895
1828 : 14,66,342,779
1829 : 137,527
1830 : 1,165
1831 : 712,854
1832 : 290,367
1833 : 73,390,687,764
1834 : 90,136
1835 : 4,74,176,770
1836 : 416,440,920
1837 : 191,694
1838 : 454,715,890,979
1839 : 683,798
1840 : 3,316
1841 : 47,78,139
1842 : 154,544,591
1843 : 85,928
1844 : 139,276,532
1845 : 202,674
1846 : 56,498
1847 : 98,448
1848 : 18,676,723
1849 : 808,933
1850 : 248,393
1851 : 14,277
1852 : 7,314
1853 : 143,656
1854 : 44,46,559,586
1855 : 52,75,832,987
1856 : 569,828
1857 : 181,352
1858 : 18,965
1859 : 591,680
1860 : 632,658,718
1861 : 39,246
1862 : 40,217
1863 : 133,754,794
1864 : 866,972
1865 : 107,258
1866 : 615,806
1867 : 416,864
1868 : 86,243
1869 : 15,172,811,971
1870 : 380,546
1871 : 913,979
1872 : 555,843
1873 : 77,699
1874 : 151,801
1875 : 128,488,735
1876 : 10,171
1877 : 40,223
1878 : 157,337,571
1879 : 66,79,368,969
1880 : 196,790
1881 : 224,944
1882 : 746,960
1883 : 149,545
1884 : 70,153
1885 : 70,74,600,998
1886 : 214,502
1887 : 32,692
1888 : 577,732
1889 : 335,860
1890 : 87,341
1891 : 363,402,552
1892 : 196,339
1893 : 48,504,745
1894 : 224,459
1895 : 27,264,294,912
1896 : 158,738
1897 : 7,86,842,981
1898 : 175,539,621
1899 : 97,114
1900 : 338,645
1901 : 184,287
1902 : 256,855
1903 : 19,691
1904 : 47,207,616
1905 : 77,584,975
1906 : 51,609
1907 : 510,521
1908 : 152,896
1909 : 122,416
1910 : 296,753
1911 : 118,324,333,702
1912 : 326,460,754
1913 : 493,672
1914 : 437,566
1915 : 31,253,924,986
1916 : 112,746
1917 : 66,93,813
1918 : 14,892
1919 : 94,234,780,881
1920 : 130,253,529,917
1921 : 109,210
1922 : 23,86
1923 : 535,821
1924 : 905,981
1925 : 56,361
1926 : 237,425,882
1927 : 129,240
1928 : 474,857
1929 : 182,793
1930 : 36,393,635,718
1931 : 8,163
1932 : 155,431,873
1933 : 356,410
1934 : 865,967
1935 : 458,577
1936 : 16,509,617
1937 : 53,321,429,864
1938 : 200,869
1939 : 49,164
1940 : 343,789
1941 : 9,626,989
1942 : 737,792
1943 : 318,360
1944 : 130,230
1945 : 147,546
1946 : 178,550
1947 : 343,529
1948 : 281,771
1949 : 115,316,809
1950 : 146,437,671
1951 : 35,78,129,363
1952 : 117,352,686
1953 : 48,399,597
1954 : 224,551
1955 : 510,809
1956 : 260,373
1957 : 38,539,843
1958 : 89,342
1959 : 38,231,578
1960 : 36,284,342
1961 : 78,214
1962 : 378,383,637,985
1963 : 70,168,273,315
1964 : 97,157
1965 : 9,281,755
1966 : 148,976
1967 : 11,481
1968 : 41,222
1969 : 136,386
1970 : 2,650,914
1971 : 116,294,372
1972 : 15,867,870
1973 : 147,329,523,589
1974 : 460,511,859
1975 : 185,538,752,974
1976 : 141,572,607,618
1977 : 178,277
1978 : 22,93,790
1979 : 573,654
1980 : 115,377,571
1981 : 38,241,648
1982 : 233,553,842
1983 : 16,87,224
1984 : 45,117,516
1985 : 104,948
1986 : 304,456,731
1987 : 38,96,117,329
1988 : 158,160
1989 : 12,296,766
1990 : 528,540
1991 : 103,342
1992 : 432,916
1993 : 296,324,563
1994 : 216,879
1995 : 225,688
1996 : 2,606
1997 : 27,122
1998 : 146,152
1999 : 152,330
2000 : 44,138,765
2001 : 133,391,471
2002 : 4,777,833
2003 : 611,652
2004 : 23,33
2005 : 9,570
2006 : 364,389
2007 : 515,934
2008 : 80,146
2009 : 77,169,661,938
2010 : 31,258
2011 : 631,741
2012 : 73,669
2013 : 71,218
2014 : 4,43,458,869
2015 : 100,323,597,613
2016 : 154,601,628,903
2017 : 61,522
2018 : 282,367,808
2019 : 40,601
2020 : 71,119,510
2021 : 286,773,895
2022 : 76,302
2023 : 149,561
2024 : 268,376,616
2025 : 260,364,696
2026 : 41,465,489
2027 : 32,132,249,811
2028 : 14,197,421,558
2029 : 400,602
2030 : 39,104,142
2031 : 135,512,874
2032 : 112,755
2033 : 347,698
2034 : 251,336
2035 : 455,562
2036 : 224,716
2037 : 384,849
2038 : 104,524,639,944
2039 : 145,275,751
2040 : 162,645,722
2041 : 9,529,683
2042 : 234,443
2043 : 6,25,451
2044 : 118,315,450
2045 : 97,846
2046 : 88,140,795
2047 : 69,91
2048 : 219,257
2049 : 120,155,278,531
2050 : 15,561,900
2051 : 190,322,461,732
2052 : 120,414
2053 : 196,230,779
2054 : 22,323
2055 : 11,173
2056 : 256,659,944
2057 : 208,513
2058 : 68,998
2059 : 163,589
2060 : 547,759
2061 : 81,923
2062 : 108,289
2063 : 352,546
2064 : 57,567,829
2065 : 35,37,430
2066 : 204,330,428
2067 : 8,122,138
2068 : 468,737,897
2069 : 453,730
2070 : 103,389,684
2071 : 719,962
2072 : 384,531
2073 : 100,578,751
2074 : 266,378
2075 : 42,386
2076 : 45,332
2077 : 299,320
2078 : 526,765,807
2079 : 86,175,928
2080 : 20,425
2081 : 140,334
2082 : 472,584
2083 : 239,474,485
2084 : 18,98,283
2085 : 171,204,218
2086 : 6,562
2087 : 97,441
2088 : 32,86,524,658
2089 : 289,780
2090 : 27,594
2091 : 215,252
2092 : 26,493
2093 : 157,284,972
2094 : 357,623
2095 : 260,609
2096 : 209,957
2097 : 508,852
2098 : 185,828
2099 : 911,989
2100 : 9,857
2101 : 543,623
2102 : 59,182,213
2103 : 80,375,582,669
2104 : 76,386
2105 : 443,562,609,840
2106 : 67,313
2107 : 465,769
2108 : 157,954
2109 : 90,262
2110 : 34,174
2111 : 723,822,900
2112 : 118,189,346,504
2113 : 393,506
2114 : 81,940
2115 : 2,67
2116 : 219,566
2117 : 73,401,424,818
2118 : 457,614,771
2119 : 401,588
2120 : 105,234
2121 : 251,748
2122 : 749,993
2123 : 145,220
2124 : 6,37,394
2125 : 225,951
2126 : 435,780
2127 : 12,94,743,945
2128 : 319,444
2129 : 77,330
2130 : 180,903
2131 : 32,630,798
2132 : 509,866
2133 : 375,923
2134 : 33,722
2135 : 75,450,788
2136 : 60,206,209
2137 : 183,349
2138 : 708,841
2139 : 72,79,334
2140 : 377,496
2141 : 94,212,374,740
2142 : 146,212
2143 : 45,657
2144 : 67,74,138
2145 : 114,232,396,685
2146 : 17,179
2147 : 863,963,980
2148 : 96,754
2149 : 411,926
2150 : 40,396
2151 : 504,990
2152 : 182,328,857
2153 : 165,345,852
2154 : 150,534
2155 : 59,456
2156 : 263,987
2157 : 38,437,593
2158 : 446,678,760
2159 : 949,959
2160 : 53,810
2161 : 42,371
2162 : 246,727
2163 : 427,722
2164 : 33,428
2165 : 94,149
2166 : 190,927
2167 : 218,610
2168 : 76,195,907
2169 : 501,656,975
2170 : 60,649,912
2171 : 9,28,758
2172 : 350,687
2173 : 74,800
2174 : 112,382,959
2175 : 744,833
2176 : 70,823
2177 : 86,576
2178 : 328,613
2179 : 92,438,635
2180 : 684,787
2181 : 212,473
2182 : 470,552,572
2183 : 876,941
2184 : 621,705
2185 : 120,786
2186 : 200,528
2187 : 168,964
2188 : 647,686
2189 : 401,766
2190 : 517,850
2191 : 85,733
2192 : 245,308
2193 : 538,888
2194 : 127,249
2195 : 73,623,725
2196 : 215,582
2197 : 199,792,799
2198 : 9,214,320
2199 : 186,613,796
2200 : 30,907
2201 : 362,772
2202 : 62,178,813
2203 : 83,964
2204 : 270,444,586,629
2205 : 25,291,888
2206 : 300,607
2207 : 318,332
2208 : 127,311
2209 : 199,205
2210 : 40,105,143
2211 : 81,113
2212 : 64,563
2213 : 196,212,213,417
2214 : 206,310,583,598
2215 : 467,598,902
2216 : 156,619
2217 : 48,606
2218 : 307,783,946
2219 : 82,675
2220 : 63,627
2221 : 809,892
2222 : 147,711,923
2223 : 167,276,326
2224 : 456,518
2225 : 128,279
2226 : 12,171
2227 : 175,188,784,853
2228 : 81,154,677
2229 : 531,796
2230 : 282,733,982
2231 : 467,653,998
2232 : 251,800
2233 : 47,172,202,841
2234 : 263,375,487
2235 : 735,762,881,962
2236 : 61,124
2237 : 363,530
2238 : 225,889
2239 : 73,462
2240 : 297,503,739
2241 : 454,826
2242 : 187,587
2243 : 235,359,380
2244 : 68,536,678
2245 : 90,251
2246 : 239,877
2247 : 74,307
2248 : 401,475,720
2249 : 362,747
2250 : 418,573
2251 : 493,589
2252 : 179,468
2253 : 132,420
2254 : 385,679
2255 : 79,135,200
2256 : 561,937
2257 : 102,806
2258 : 204,951
2259 : 111,531
2260 : 377,387
2261 : 114,147,179,956
2262 : 825,927
2263 : 275,418
2264 : 452,502
2265 : 350,707
2266 : 33,115,137,148
2267 : 116,354,693
2268 : 54,244,630
2269 : 578,976
2270 : 482,994
2271 : 75,329,836
2272 : 115,164
2273 : 291,373,732
2274 : 71,550
2275 : 12,158,729,894
2276 : 90,430
2277 : 3,288,996
2278 : 22,177
2279 : 156,302,388,575
2280 : 29,371,416
2281 : 365,406
2282 : 499,756
2283 : 124,218
2284 : 103,965
2285 : 65,540
2286 : 138,326
2287 : 63,824
2288 : 119,427,613,719
2289 : 33,485,710
2290 : 230,491,993
2291 : 11,40
2292 : 373,553
2293 : 183,542,874
2294 : 102,142
2295 : 10,85,744
2296 : 186,669
2297 : 208,434
2298 : 48,72,744
2299 : 33,972
2300 : 2,46,109,523
2301 : 279,377,965
2302 : 21,125,331,487
2303 : 165,356,440
2304 : 15,58,274
2305 : 607,683
2306 : 58,691
2307 : 191,632
2308 : 374,381,498,564
2309 : 123,497
2310 : 185,643
2311 : 3,198,250,272
2312 : 395,473
2313 : 60,456,602,796
2314 : 252,755
2315 : 16,227
2316 : 78,945
2317 : 176,282,585,928
2318 : 454,742
2319 : 130,269,813
2320 : 174,269
2321 : 227,667
2322 : 433,649
2323 : 6,46,805,833
2324 : 219,810
2325 : 44,354,547
2326 : 102,126,387
2327 : 469,728,823
2328 : 44,273,586
2329 : 113,265,801
2330 : 36,323,950
2331 : 236,462,620
2332 : 367,468
2333 : 187,622,848
2334 : 112,647
2335 : 90,321,774
2336 : 95,126
2337 : 637,736
2338 : 255,500
2339 : 197,722
2340 : 143,231,750
2341 : 16,84,115,337
2342 : 470,918
2343 : 24,534
2344 : 230,947
2345 : 347,776
2346 : 280,452
2347 : 107,676
2348 : 298,515
2349 : 316,954
2350 : 709,821
2351 : 94,444,488,856
2352 : 43,124,688,922
2353 : 181,219
2354 : 708,965
2355 : 46,455,891
2356 : 125,169
2357 : 503,766
2358 : 248,299
2359 : 243,904,1000
2360 : 89,797
2361 : 668,966
2362 : 83,869
2363 : 311,550
2364 : 16,545,564
2365 : 239,797
2366 : 45,134,348,603
2367 : 203,645
2368 : 178,186,474
2369 : 31,173
2370 : 42,463,734
2371 : 267,548,605
2372 : 62,376
2373 : 363,828,872,920
2374 : 132,325
2375 : 30,151,873,920
2376 : 235,805,991
2377 : 283,514
2378 : 551,710
2379 : 350,740,791,925
2380 : 279,894,989
2381 : 395,409
2382 : 261,413
2383 : 138,211
2384 : 611,925
2385 : 687,884
2386 : 99,210
2387 : 494,984
2388 : 21,360
2389 : 134,138
2390 : 19,188
2391 : 99,121,351
2392 : 83,559
2393 : 7,201
2394 : 159,350
2395 : 527,712
2396 : 253,423,755
2397 : 300,513
2398 : 45,949
2399 : 18,262
2400 : 148,161
2401 : 124,240,774
2402 : 30,500
2403 : 60,554
2404 : 9,276,328,870
2405 : 257,515
2406 : 5,62,124,179
2407 : 133,556
2408 : 298,649
2409 : 242,317
2410 : 546,599
2411 : 36,414,420,558
2412 : 92,984
2413 : 483,969
2414 : 103,239,420
2415 : 189,409
2416 : 414,664,674,937
2417 : 19,442
2418 : 175,302,695
2419 : 219,275
2420 : 132,936
2421 : 192,272
2422 : 391,537
2423 : 343,782,903
2424 : 268,642
2425 : 232,736
2426 : 59,431
2427 : 391,514,743
2428 : 135,535
2429 : 549,748
2430 : 26,41
2431 : 156,405
2432 : 395,421,459
2433 : 266,402,853
2434 : 155,709,819
2435 : 181,530,705,785
2436 : 46,50,348,376
2437 : 533,921
2438 : 51,904
2439 : 476,907
2440 : 325,871
2441 : 236,340,802,878
2442 : 23,124,203,442
2443 : 174,190,565
2444 : 52,462
2445 : 254,949
2446 : 96,128,208,284
2447 : 51,247
2448 : 541,660
2449 : 359,412
2450 : 103,171,678
2451 : 63,143,814
2452 : 56,817
2453 : 79,655
2454 : 366,374
2455 : 24,317
2456 : 240,455
2457 : 419,590
2458 : 337,370,706
2459 : 596,855
2460 : 17,374
2461 : 335,644
2462 : 47,227
2463 : 255,413,522
2464 : 622,929,952
2465 : 244,529
2466 : 382,852
2467 : 7,174,464,663
2468 : 230,511
2469 : 88,697
2470 : 95,204
2471 : 58,323,899
2472 : 54,579
2473 : 150,522
2474 : 143,254
2475 : 97,672
2476 : 67,371
2477 : 37,195,634,737
2478 : 632,818
2479 : 643,948
2480 : 310,906
2481 : 163,382
2482 : 164,726
2483 : 34,49,445
2484 : 108,607,942
2485 : 306,329,451,695
2486 : 130,935
2487 : 75,76,720,820
2488 : 39,447,658
2489 : 31,319
2490 : 181,700
2491 : 600,838
2492 : 703,836
2493 : 62,114
2494 : 127,303,629,929
2495 : 62,827
2496 : 136,329
2497 : 295,321,383,573
2498 : 95,696
2499 : 350,702
2500 : 69,434,444,717
2501 : 681,990
2502 : 247,905,970
2503 : 83,200,286,312
2504 : 366,377,574,624
2505 : 3,269
2506 : 599,838
2507 : 305,507,675
2508 : 123,208
2509 : 219,228
2510 : 5,126
2511 : 105,957
2512 : 642,829
2513 : 23,82
2514 : 436,926,977
2515 : 779,870
2516 : 17,391
2517 : 114,628,688
2518 : 119,881
2519 : 525,642
2520 : 22,143
2521 : 505,625,710,768
2522 : 98,415
2523 : 19,525
2524 : 25,225
2525 : 218,682
2526 : 241,842
2527 : 306,681
2528 : 79,619,644
2529 : 205,378
2530 : 67,150,365
2531 : 19,340,560,695
2532 : 466,743
2533 : 411,648,859
2534 : 69,335,746
2535 : 162,217,508,575
2536 : 680,701
2537 : 222,228,339,773
2538 : 334,599,847
2539 : 533,633
2540 : 91,158
2541 : 93,472
2542 : 171,398
2543 : 16,49,374,771
2544 : 474,997
2545 : 31,77
2546 : 29,962
2547 : 196,231
2548 : 93,102,583,651
2549 : 174,639
2550 : 58,248,692
2551 : 132,781,803,971
2552 : 762,910
2553 : 272,330
2554 : 79,758
2555 : 224,280
2556 : 11,534
2557 : 221,299,338
2558 : 189,194
2559 : 121,210,705
2560 : 89,706
2561 : 75,889
2562 : 67,604,758
2563 : 105,114
2564 : 154,763
2565 : 201,422
2566 : 19,526
2567 : 96,549
2568 : 116,356,429,441
2569 : 95,237,338,411
2570 : 436,886
2571 : 466,870
2572 : 48,628
2573 : 292,490,666
2574 : 47,179,296,522
2575 : 483,712
2576 : 565,791
2577 : 215,523,680,900
2578 : 133,142,841,934
2579 : 24,479
2580 : 85,130,461,913
2581 : 147,607
2582 : 536,824
2583 : 179,195,578
2584 : 352,507,847
2585 : 53,235
2586 : 366,890
2587 : 238,547
2588 : 349,904
2589 : 250,886
2590 : 7,185
2591 : 62,64,909
2592 : 172,996
2593 : 63,319,497
2594 : 104,161
2595 : 200,202
2596 : 28,536
2597 : 497,704
2598 : 433,655
2599 : 152,473
2600 : 170,186
2601 : 434,520
2602 : 84,461,719
2603 : 87,106,406,445
2604 : 476,844
2605 : 235,367
2606 : 121,388
2607 : 83,116
2608 : 27,50
2609 : 540,590
2610 : 128,233
2611 : 21,87,94,999
2612 : 166,320,810
2613 : 10,28,397,408
2614 : 89,396,470
2615 : 309,720
2616 : 144,160
2617 : 339,469
2618 : 38,216,476
2619 : 35,51,176
2620 : 3,440
2621 : 452,608
2622 : 167,881
2623 : 131,278,415,721
2624 : 73,208
2625 : 289,386
2626 : 125,133,768
2627 : 375,434
2628 : 79,193
2629 : 167,187,207
2630 : 55,62
2631 : 330,614
2632 : 61,556
2633 : 16,60,162,496
2634 : 200,570
2635 : 807,901,992
2636 : 21,98
2637 : 65,195,274
2638 : 557,617
2639 : 116,226
2640 : 874,888
2641 : 25,211
2642 : 178,822
2643 : 132,988
2644 : 63,511,608,753
2645 : 156,291
2646 : 5,188
2647 : 15,818
2648 : 236,565
2649 : 123,901
2650 : 106,283,850
2651 : 120,278
2652 : 103,459,561
2653 : 450,929
2654 : 631,880
2655 : 110,612,879,956
2656 : 116,229,775
2657 : 152,721
2658 : 12,73,421
2659 : 18,361,364,435
2660 : 2,345,535
2661 : 226,390
2662 : 59,271
2663 : 796,878
2664 : 46,675
2665 : 92,100,904,976
2666 : 513,590,745
2667 : 91,144,213
2668 : 276,762,785
2669 : 267,305
2670 : 612,616
2671 : 69,160
2672 : 439,611
2673 : 258,447
2674 : 162,381
2675 : 162,630,690,857
2676 : 7,250
2677 : 379,428
2678 : 168,351
2679 : 48,484,486
2680 : 88,663
2681 : 96,651
2682 : 271,569
2683 : 264,712
2684 : 71,520
2685 : 516,914
2686 : 98,345,507
2687 : 108,609,644,819
2688 : 50,741
2689 : 415,557
2690 : 299,361
2691 : 345,621
2692 : 3,465
2693 : 172,894
2694 : 383,839
2695 : 34,49,80,393
2696 : 594,773
2697 : 804,966
2698 : 41,228
2699 : 5,38
2700 : 27,673
2701 : 39,409,934
2702 : 220,454
2703 : 173,662
2704 : 56,448
2705 : 421,461,978
2706 : 353,364,610,811
2707 : 713,873
2708 : 357,370
2709 : 439,689,920
2710 : 23,228
2711 : 72,290,484,686
2712 : 39,149
2713 : 78,830
2714 : 340,521
2715 : 122,344
2716 : 193,493
2717 : 12,576
2718 : 101,657,943,995
2719 : 77,134
2720 : 229,293
2721 : 71,234
2722 : 242,542,770
2723 : 80,812,908
2724 : 223,629
2725 : 215,342
2726 : 408,640
2727 : 13,42
2728 : 314,690
2729 : 424,714
2730 : 30,57,183
2731 : 121,476
2732 : 268,569
2733 : 189,663
2734 : 103,284,395
2735 : 143,859
2736 : 11,446
2737 : 580,875
2738 : 33,814
2739 : 422,749
2740 : 68,205,831,866
2741 : 847,939
2742 : 171,499
2743 : 8,581,647
2744 : 200,450
2745 : 13,544,885
2746 : 304,769
2747 : 392,489
2748 : 64,194
2749 : 55,379,571,988
2750 : 80,938
2751 : 551,582,633
2752 : 325,651
2753 : 93,769
2754 : 409,778
2755 : 29,352,382,404
2756 : 4,520,915
2757 : 32,478
2758 : 320,409,466,953
2759 : 905,993
2760 : 235,327
2761 : 514,782
2762 : 503,719
2763 : 1,124,909
2764 : 129,621
2765 : 43,365
2766 : 302,525
2767 : 88,404,509
2768 : 487,506
2769 : 146,270,827
2770 : 20,806
2771 : 15,127,843
2772 : 216,252,386,587
2773 : 153,327,824
2774 : 160,526,834
2775 : 359,373,742
2776 : 137,301,505,880
2777 : 6,140
2778 : 117,729
2779 : 13,237,397,457
2780 : 539,637
2781 : 122,559
2782 : 1,821,998
2783 : 226,290
2784 : 77,233,331,696
2785 : 451,469
2786 : 150,910
2787 : 105,161
2788 : 351,794
2789 : 575,858
2790 : 403,405
2791 : 28,572,660,864
2792 : 257,507
2793 : 467,944,999
2794 : 82,399,413,566
2795 : 111,364,464
2796 : 91,197
2797 : 144,495,577
2798 : 122,946
2799 : 155,745
2800 : 76,241,599
2801 : 460,482
2802 : 63,757
2803 : 189,376,955
2804 : 68,217,688
2805 : 709,784,864
2806 : 258,691
2807 : 131,152
2808 : 410,671
2809 : 242,575
2810 : 259,389,426
2811 : 192,234,580
2812 : 197,202,446
2813 : 8,667
2814 : 97,145,397,522
2815 : 393,444
2816 : 787,868
2817 : 587,670,911,940
2818 : 646,839
2819 : 60,474
2820 : 125,401
2821 : 78,558,893
2822 : 19,369
2823 : 29,484
2824 : 188,289
2825 : 714,750
2826 : 44,618,994
2827 : 198,204,466
2828 : 229,560
2829 : 250,423,625
2830 : 68,141,507,836
2831 : 370,405
2832 : 205,235
2833 : 627,738
2834 : 26,591,619,836
2835 : 70,280,348,713
2836 : 47,583,670
2837 : 6,979
2838 : 146,312
2839 : 267,665
2840 : 81,618,833
2841 : 105,344,557
2842 : 50,241,777,970
2843 : 524,685
2844 : 478,532
2845 : 142,250
2846 : 305,768
2847 : 113,138
2848 : 552,600
2849 : 14,71,716
2850 : 54,491,977
2851 : 145,418
2852 : 61,562
2853 : 194,220,895
2854 : 132,324,924
2855 : 256,563
2856 : 18,819
2857 : 91,278,341,453
2858 : 100,184,455,967
2859 : 219,420
2860 : 265,709
2861 : 245,560
2862 : 111,658,906
2863 : 113,238
2864 : 50,603
2865 : 265,309
2866 : 130,487,936
2867 : 41,968
2868 : 12,24
2869 : 208,353,577
2870 : 76,217,652
2871 : 195,597,795
2872 : 261,553
2873 : 90,521
2874 : 184,618,665
2875 : 292,337,682,717
2876 : 4,135
2877 : 462,503
2878 : 141,995
2879 : 701,928
2880 : 604,969
2881 : 1,43,166,340
2882 : 320,464,856
2883 : 114,385,453
2884 : 80,123,274
2885 : 369,573
2886 : 399,880
2887 : 29,508,812
2888 : 160,623,900
2889 : 588,972
2890 : 435,464,496
2891 : 807,917
2892 : 12,43,367
2893 : 489,968
2894 : 10,664,894,979
2895 : 142,660
2896 : 595,747
2897 : 868,934
2898 : 52,432
2899 : 450,492
2900 : 242,327,751
2901 : 64,195
2902 : 135,287,449
2903 : 65,88,540,995
2904 : 30,82,414
2905 : 479,548
2906 : 679,927
2907 : 32,308,850
2908 : 150,369,854,930
2909 : 134,344,798
2910 : 244,624,679
2911 : 4,812
2912 : 21,431,955,987
2913 : 12,32
2914 : 77,514,684,865
2915 : 407,815
2916 : 158,311,897
2917 : 560,576,826
2918 : 110,328,495,815
2919 : 297,398,663
2920 : 6,41,422
2921 : 29,606
2922 : 371,912
2923 : 82,914
2924 : 42,264,693
2925 : 585,701
2926 : 50,956
2927 : 394,789
2928 : 355,598
2929 : 259,694,841
2930 : 255,519
2931 : 180,286,782
2932 : 14,405,620
2933 : 160,803,997
2934 : 69,353
2935 : 32,213,717
2936 : 30,141
2937 : 214,322,410
2938 : 69,973
2939 : 731,993
2940 : 204,685,804
2941 : 164,564
2942 : 238,541
2943 : 102,173,491
2944 : 627,902
2945 : 34,252
2946 : 19,736
2947 : 30,44,217,267
2948 : 356,572,931
2949 : 212,743
2950 : 17,488,496,614
2951 : 172,192
2952 : 446,643
2953 : 594,874
2954 : 81,140,402
2955 : 861,913
2956 : 311,471
2957 : 56,278,951
2958 : 357,568
2959 : 346,763,890
2960 : 10,163,327
2961 : 53,650
2962 : 11,296,390
2963 : 423,495,875
2964 : 358,673
2965 : 37,784
2966 : 89,98,902
2967 : 34,827
2968 : 213,932
2969 : 569,677
2970 : 313,378
2971 : 55,163,232,566
2972 : 369,489
2973 : 6,245
2974 : 213,459,636
2975 : 48,388
2976 : 27,267
2977 : 251,559
2978 : 274,554,714
2979 : 92,605,794
2980 : 154,437
2981 : 11,17
2982 : 352,486
2983 : 106,427,845
2984 : 201,596
2985 : 236,249,490
2986 : 82,288,960
2987 : 299,392
2988 : 49,899
2989 : 187,357,764,871
2990 : 5,51
2991 : 141,570,1000
2992 : 301,451
2993 : 304,574,760
2994 : 498,595,799,882
2995 : 211,301,560
2996 : 389,878
2997 : 232,458,861
2998 : 421,659,826
2999 : 146,331,706,961
3000 : 222,292,537,954
3001 : 657,851
3002 : 311,803
3003 : 349,504,767
3004 : 74,300,983,986
3005 : 479,563
3006 : 728,930
3007 : 207,350
3008 : 199,909
3009 : 300,501
3010 : 170,996
3011 : 486,724
3012 : 513,858
3013 : 515,992
3014 : 108,331,466
3015 : 370,814
3016 : 319,557,871,961
3017 : 264,699
3018 : 43,533,804
3019 : 39,456
3020 : 384,725,982
3021 : 29,734
3022 : 20,480,921,999
3023 : 159,168
3024 : 510,598
3025 : 255,335
3026 : 294,879
3027 : 633,858
3028 : 343,502
3029 : 499,654,991
3030 : 243,775,785,872
3031 : 55,109,185,203
3032 : 30,57,340
3033 : 256,704
3034 : 241,355
3035 : 162,447,780
3036 : 436,811
3037 : 187,263,343
3038 : 217,711
3039 : 606,716
3040 : 207,247,550
3041 : 485,556
3042 : 261,277,446,501
3043 : 368,457,966
3044 : 275,286,438,897
3045 : 404,825,840
3046 : 180,415,452
3047 : 115,496,601
3048 : 373,559,832
3049 : 16,258,396
3050 : 148,161,439,692
3051 : 408,839
3052 : 101,296,753
3053 : 23,177
3054 : 277,470,924
3055 : 68,265,268
3056 : 554,919
3057 : 475,779
3058 : 100,500
3059 : 366,427
3060 : 47,593
3061 : 149,635
3062 : 161,710
3063 : 156,241
3064 : 180,587,757
3065 : 7,345,737
3066 : 359,483,703
3067 : 438,463
3068 : 71,358,532
3069 : 536,618,667
3070 : 211,540,983
3071 : 382,562
3072 : 273,333,351
3073 : 185,387
3074 : 381,899
3075 : 192,545
3076 : 527,533
3077 : 165,261
3078 : 27,314
3079 : 25,348,634
3080 : 26,55,134
3081 : 359,394
3082 : 293,605
3083 : 57,293,516,879
3084 : 65,243
3085 : 90,846
3086 : 368,935
3087 : 537,625
3088 : 31,66
3089 : 276,726
3090 : 718,806,938
3091 : 61,767
3092 : 623,632
3093 : 123,152
3094 : 7,492
3095 : 8,734
3096 : 321,820,981
3097 : 615,726
3098 : 20,512,958
3099 : 53,408
3100 : 470,941
3101 : 99,175,821
3102 : 278,776
3103 : 679,830
3104 : 128,971
3105 : 625,681
3106 : 110,111,182
3107 : 292,499
3108 : 53,736
3109 : 35,184,513
3110 : 124,159,713,974
3111 : 144,428,610,717
3112 : 138,749
3113 : 136,199,383,451
3114 : 54,119,303
3115 : 422,862
3116 : 203,293
3117 : 215,462,694
3118 : 52,481
3119 : 164,781,782
3120 : 238,289,572
3121 : 29,238
3122 : 3,171,602,929
3123 : 65,600
3124 : 407,952
3125 : 757,937
3126 : 28,315,593,654
3127 : 25,297,541,1000
3128 : 98,246
3129 : 581,592
3130 : 126,549,778,813
3131 : 188,335
3132 : 36,181
3133 : 66,131,561,574
3134 : 274,726
3135 : 136,372,634,939
3136 : 139,702
3137 : 165,426,518
3138 : 487,532,579
3139 : 180,187
3140 : 223,766
3141 : 9,234,948
3142 : 7,293,315
3143 : 233,587
3144 : 120,207
3145 : 975,995
3146 : 142,608
3147 : 120,651
3148 : 148,725
3149 : 31,202,625
3150 : 229,555,966
3151 : 179,242,617
3152 : 93,403,537,727
3153 : 167,186,666,834
3154 : 129,140,581
3155 : 204,886
3156 : 68,193,216,586
3157 : 201,912
3158 : 475,506,943
3159 : 312,542
3160 : 206,336,407,773
3161 : 738,918
3162 : 10,371,660,748
3163 : 27,89,213,600
3164 : 28,37,767
3165 : 231,281,400,588
3166 : 285,370
3167 : 158,822
3168 : 125,231,615
3169 : 22,338,357,955
3170 : 336,885
3171 : 106,427,580
3172 : 1,57,528,986
3173 : 578,832
3174 : 57,122,605
3175 : 76,229,823
3176 : 285,566,757,978
3177 : 284,391,477
3178 : 173,834
3179 : 63,214
3180 : 595,661
3181 : 265,697
3182 : 29,758
3183 : 340,383,573
3184 : 485,943
3185 : 708,954
3186 : 98,119
3187 : 249,845
3188 : 255,334,677
3189 : 380,419,661
3190 : 26,51,930
3191 : 319,381
3192 : 509,777
3193 : 41,494
3194 : 24,700,808
3195 : 287,519
3196 : 727,809,950
3197 : 59,502,699,978
3198 : 225,728
3199 : 45,314,985
3200 : 107,932
3201 : 193,266
3202 : 683,973
3203 : 93,690,691,816
3204 : 342,467
3205 : 34,768
3206 : 100,321,332,862
3207 : 254,356,383,673
3208 : 155,177
3209 : 20,532,825
3210 : 66,99,432
3211 : 447,590
3212 : 21,835
3213 : 291,697
