1001 : 143,955
1002 : 209,564
1003 : 239,943
1004 : 214,384,661,725
1005 : 278,471,918
1006 : 65,245,842
1007 : 181,517
1008 : 301,559
1009 : 465,910,926
1010 : 252,452,919
1011 : 263,623
1012 : 13,122
1013 : 159,928
1014 : 127,139
1015 : 14,587
1016 : 114,147,243,736
1017 : 67,176,201,547
1018 : 312,376
1019 : 9,716,951
1020 : 75,628
1021 : 447,927
1022 : 230,740,946
1023 : 396,626
1024 : 215,249,953
1025 : 304,337,662
1026 : 48,155,872
1027 : 109,247
1028 : 529,710
1029 : 292,418
1030 : 104,924
1031 : 239,464,754
1032 : 624,771,989
1033 : 181,912
1034 : 53,75
1035 : 291,959,967
1036 : 81,604,873
1037 : 621,868
1038 : 38,499
1039 : 243,245,669
1040 : 32,614
1041 : 449,665
1042 : 24,137,198
1043 : 315,618
1044 : 29,214
1045 : 163,348
1046 : 293,706,889
1047 : 471,921
1048 : 73,381,814,948
1049 : 382,448,672
1050 : 5,425
1051 : 49,131
1052 : 380,613,890
1053 : 113,306
1054 : 277,465,814
1055 : 308,758
1056 : 498,527,574
1057 : 31,577
1058 : 39,431
1059 : 95,218
1060 : 173,174
1061 : 336,608,708
1062 : 13,995
1063 : 130,248,825
1064 : 62,775
1065 : 203,590
1066 : 190,217
1067 : 582,726
1068 : 807,922
1069 : 359,885,993
1070 : 512,606,968
1071 : 75,312,440,546
1072 : 53,135
1073 : 87,847
1074 : 561,755
1075 : 78,588,969
1076 : 118,176
1077 : 118,194,357
1078 : 53,555
1079 : 43,175,854
1080 : 754,971
1081 : 218,518,614,896
1082 : 20,22,310,834
1083 : 92,265,711
1084 : 398,573
1085 : 160,383,681,843
1086 : 200,806
1087 : 144,152,581,952
1088 : 335,562
1089 : 8,109,693
1090 : 397,880
1091 : 97,135,221,643
1092 : 14,331
1093 : 375,935
1094 : 231,420
1095 : 366,498
1096 : 7,147
1097 : 27,129
1098 : 160,797
1099 : 435,563
1100 : 368,531,915
1101 : 209,337,467
1102 : 370,490
1103 : 270,919
1104 : 164,201,671,734
1105 : 145,351,543
1106 : 132,387
1107 : 140,306
1108 : 477,787
1109 : 58,682
1110 : 88,352,966
1111 : 486,810
1112 : 200,716,795,904
1113 : 146,328
1114 : 13,68,85
1115 : 30,124,153,593
1116 : 27,615,909
1117 : 2,117,640
1118 : 326,532
1119 : 37,99,118,577
1120 : 402,607,623,649
1121 : 491,834
1122 : 64,986
1123 : 329,351
1124 : 288,352,494,862
1125 : 92,582
1126 : 40,845
1127 : 156,255,552
1128 : 199,411
1129 : 71,115,196,423
1130 : 109,296
1131 : 556,911
1132 : 491,630,717
1133 : 137,425
1134 : 59,729,988
1135 : 687,721,740
1136 : 292,462
1137 : 3,22,111,474
1138 : 28,476
1139 : 101,121
1140 : 82,114,542,633
1141 : 345,637
1142 : 233,295,385
1143 : 234,387
1144 : 73,414,428,556
1145 : 51,53,251,639
1146 : 138,585,998
1147 : 387,626,818
1148 : 121,640
1149 : 52,84,283
1150 : 477,549
1151 : 118,166
1152 : 56,623,786
1153 : 529,718
1154 : 428,651,747
1155 : 183,200
1156 : 45,437,536,622
1157 : 151,866
1158 : 69,137
1159 : 189,793
1160 : 37,184,261,887
1161 : 149,403,698
1162 : 258,319,425,479
1163 : 227,782
1164 : 224,226,339
1165 : 34,91,940
1166 : 618,744,789,979
1167 : 285,952
1168 : 151,258,652
1169 : 473,506
1170 : 215,816
1171 : 15,495,780
1172 : 174,554
1173 : 89,803
1174 : 182,669
1175 : 475,699
1176 : 249,867
1177 : 202,319,527,659
1178 : 790,884
1179 : 25,763
1180 : 613,811
1181 : 623,689
1182 : 53,240
1183 : 167,343
1184 : 128,747
1185 : 331,814
1186 : 614,790
1187 : 206,389
1188 : 133,424,480,934
1189 : 119,393
1190 : 288,774
1191 : 535,711
1192 : 186,844
1193 : 221,296
1194 : 2,217,838,897
1195 : 92,846
1196 : 10,106,144
1197 : 121,761,843
1198 : 314,930,939
1199 : 79,332
1200 : 214,679
1201 : 708,741
1202 : 379,587
1203 : 39,776
1204 : 197,248
1205 : 588,707
1206 : 34,170,520,767
1207 : 23,57,688,888
1208 : 508,566,840
1209 : 107,551,610
1210 : 211,440,546,985
1211 : 133,485
1212 : 495,769
1213 : 18,130,426
1214 : 802,813,954
1215 : 385,598
1216 : 107,276,950
1217 : 30,336
1218 : 274,276,281
1219 : 36,146,971
1220 : 337,511,950
1221 : 157,601
1222 : 321,609,782
1223 : 4,23,552,959
1224 : 261,275,681
1225 : 456,762
1226 : 1,609
1227 : 171,231,472
1228 : 112,775
1229 : 36,932
1230 : 253,284,527
1231 : 212,384
1232 : 478,779
1233 : 6,452,819
1234 : 229,286,294,960
1235 : 105,131
1236 : 215,372
1237 : 314,397,949
1238 : 60,696,857
1239 : 53,287,743,905
1240 : 390,717,750,822
1241 : 131,390
1242 : 148,216
1243 : 310,511
1244 : 4,418
1245 : 365,792
1246 : 21,841
1247 : 850,973
1248 : 90,480,572
1249 : 120,859
1250 : 50,500
1251 : 459,629
1252 : 262,701
1253 : 174,643,735
1254 : 256,639
1255 : 659,940
1256 : 496,824
1257 : 23,455
1258 : 11,811
1259 : 6,95,192
1260 : 42,45
1261 : 368,371
1262 : 493,799
1263 : 16,54
1264 : 127,148,335
1265 : 54,101,120
1266 : 16,133,204,772
1267 : 76,416
1268 : 383,759
1269 : 236,357
1270 : 234,317,359
1271 : 260,700
1272 : 85,198
1273 : 60,620
1274 : 773,861
1275 : 278,343
1276 : 121,235
1277 : 186,460
1278 : 13,163,185,262
1279 : 199,956
1280 : 837,856
1281 : 502,878
1282 : 303,387
1283 : 383,777
1284 : 212,611
1285 : 107,237
1286 : 30,266,287,300
1287 : 140,998
1288 : 344,395
1289 : 84,259,511,698
1290 : 48,377,661
1291 : 48,138,226,482
1292 : 102,510,645
1293 : 98,432
1294 : 33,146
1295 : 195,742
1296 : 291,869,888
1297 : 4,19
1298 : 86,847
1299 : 289,424
1300 : 103,125,611
1301 : 56,377,511
1302 : 108,640
1303 : 126,816
1304 : 27,202,741
1305 : 193,254,749,914
1306 : 208,308,423,520
1307 : 135,1000
1308 : 118,210
1309 : 18,503,545,598
1310 : 57,165,289
1311 : 191,250,278,634
1312 : 36,635
1313 : 160,426
1314 : 409,520,972
1315 : 773,799
1316 : 60,434
1317 : 91,270
1318 : 197,598
1319 : 50,344,693
1320 : 581,647,737
1321 : 408,504,992,995
1322 : 16,570
1323 : 514,561
1324 : 81,523,970
1325 : 385,776
1326 : 408,684,703,881
1327 : 86,975
1328 : 332,646
1329 : 9,111,378,940
1330 : 115,460,973
1331 : 274,309
1332 : 299,537,722,961
1333 : 166,288
1334 : 76,348,610,985
1335 : 259,406
1336 : 663,749
1337 : 34,212
1338 : 224,285,867
1339 : 187,192,324
1340 : 17,78
1341 : 339,709,866,928
1342 : 131,194,229,473
1343 : 81,119,271,415
1344 : 10,649
1345 : 156,891
1346 : 47,738
1347 : 134,382,715
1348 : 177,194,869
1349 : 114,702
1350 : 357,611,676
1351 : 43,852
1352 : 371,576
1353 : 477,556
1354 : 89,547,764
1355 : 31,207
1356 : 522,819
1357 : 111,366,893
1358 : 498,552,868,955
1359 : 112,373
1360 : 340,408
1361 : 363,879
1362 : 136,513,646
1363 : 137,894
1364 : 270,473
1365 : 45,88
1366 : 340,705
1367 : 27,688
1368 : 117,872
1369 : 42,504,631
1370 : 261,738
1371 : 186,678
1372 : 599,836
1373 : 32,309,675
1374 : 18,149
1375 : 405,834
1376 : 155,714,731,827
1377 : 269,328,741
1378 : 563,620
1379 : 52,406
1380 : 252,330
1381 : 104,167,215,466
1382 : 616,727
1383 : 83,858
1384 : 16,108,462,760
1385 : 121,823
1386 : 97,346,901
1387 : 241,581
1388 : 200,212,373,520
1389 : 364,415,894
1390 : 220,592,701
1391 : 277,899
1392 : 187,204,328
1393 : 167,234
1394 : 736,758
1395 : 51,143,420
1396 : 32,588
1397 : 136,552,824
1398 : 312,946
1399 : 518,857
1400 : 89,129,133
1401 : 311,551
1402 : 238,618
1403 : 50,419
1404 : 181,728
1405 : 38,433
1406 : 63,318,461,470
1407 : 497,551,687,948
1408 : 149,175,375
1409 : 892,961
1410 : 126,496
1411 : 193,573
1412 : 381,577
1413 : 8,86
1414 : 85,112,649,860
1415 : 353,403,645,678
1416 : 313,356
1417 : 586,909
1418 : 217,228,763
1419 : 233,263,638
1420 : 195,232
1421 : 189,302,792
1422 : 55,447
1423 : 28,116,451
1424 : 16,66
1425 : 142,311
1426 : 87,95,130
1427 : 11,26,291,301
1428 : 286,788
1429 : 370,865,989
1430 : 34,658
1431 : 169,439
1432 : 8,41
1433 : 86,450
1434 : 55,560,663
1435 : 35,364,657
1436 : 46,97,455
1437 : 25,387,481
1438 : 17,349,711
1439 : 506,528
1440 : 109,392,920
1441 : 143,223
1442 : 94,447
1443 : 178,664
1444 : 213,394,439,596
1445 : 677,759
1446 : 273,605
1447 : 45,208,946
1448 : 543,812
1449 : 9,944
1450 : 164,320,689
1451 : 34,362,420
1452 : 70,745,960
1453 : 161,293
1454 : 120,206,489
1455 : 198,726
1456 : 252,533
1457 : 515,548
1458 : 42,352
1459 : 165,209,550
1460 : 292,845
1461 : 537,694
1462 : 268,378
1463 : 46,219
1464 : 230,690
1465 : 354,988
1466 : 409,719
1467 : 78,89,213
1468 : 575,593
1469 : 29,45
1470 : 29,748
1471 : 112,742
1472 : 20,38
1473 : 358,489
1474 : 179,879
1475 : 644,724
1476 : 50,126,826
1477 : 174,558
1478 : 128,162,601
1479 : 303,737
1480 : 295,316
1481 : 263,299
1482 : 182,187
1483 : 54,310,896
1484 : 178,617
1485 : 686,688
1486 : 7,140,179,851
1487 : 58,871
1488 : 288,433
1489 : 355,838
1490 : 127,209,379
1491 : 654,891,928
1492 : 585,637,823
1493 : 350,411
1494 : 377,533
1495 : 109,603
1496 : 124,194,430
1497 : 169,364,558
1498 : 418,600
1499 : 99,232,354,677
1500 : 155,905
1501 : 322,537
1502 : 110,231,772
1503 : 152,435,676
1504 : 624,924
1505 : 137,280,470
1506 : 122,785,870
1507 : 294,430
1508 : 168,449
1509 : 76,859
1510 : 32,815
1511 : 66,360
1512 : 442,606,648
1513 : 67,262,354,854
1514 : 93,707
1515 : 410,907
1516 : 554,556
1517 : 233,426
1518 : 804,919
1519 : 47,771
1520 : 222,852
1521 : 152,368,917
1522 : 33,244
1523 : 416,572
1524 : 244,456
1525 : 275,725
1526 : 384,464
1527 : 381,916
1528 : 382,887
1529 : 333,351
1530 : 42,784
1531 : 451,974
1532 : 506,936
1533 : 264,628
1534 : 373,673
1535 : 61,525,846
1536 : 118,438
1537 : 448,461
1538 : 49,750
1539 : 88,154
1540 : 127,717
1541 : 126,632,841,981
1542 : 205,216
1543 : 13,334,398,946
1544 : 258,757
1545 : 24,485,514,704
1546 : 470,830
1547 : 20,120,239,632
1548 : 654,831
1549 : 544,998
1550 : 175,367,544
1551 : 509,677,752,895
1552 : 419,543
1553 : 302,655,998
1554 : 53,86
1555 : 79,539
1556 : 17,104
1557 : 63,361,708
1558 : 173,917
1559 : 397,458,572,745
1560 : 293,812
1561 : 409,568,768
1562 : 636,885
1563 : 344,997
1564 : 40,128
1565 : 103,139
1566 : 418,540,641,752
1567 : 878,965
1568 : 150,361,821,962
1569 : 184,300,523
1570 : 228,493
1571 : 15,307,537,900
1572 : 88,145
1573 : 813,952
1574 : 201,476
1575 : 238,567
1576 : 26,484,594
1577 : 60,747
1578 : 155,238
1579 : 114,220
1580 : 267,898,957
1581 : 533,873
1582 : 604,847
1583 : 47,729
1584 : 497,524
1585 : 664,892
1586 : 56,390,608,906
1587 : 27,526
1588 : 177,668
1589 : 41,100,150
1590 : 168,785
1591 : 175,969
1592 : 241,376,530
1593 : 330,608
1594 : 191,545
1595 : 676,875
1596 : 166,290,995
1597 : 368,908
1598 : 16,472,868
1599 : 71,760
1600 : 43,365,521
1601 : 33,825
1602 : 31,84,445,714
1603 : 289,682,721
1604 : 809,902
1605 : 12,182,972
1606 : 340,522
1607 : 77,439
1608 : 193,443
1609 : 8,576
1610 : 34,503
1611 : 228,486
1612 : 39,81,151,744
1613 : 271,545
1614 : 59,531
1615 : 195,236,374,531
1616 : 203,392
1617 : 148,437
1618 : 548,569
1619 : 421,971
1620 : 149,855
1621 : 193,340,541,555
1622 : 158,565,791,918
1623 : 162,514
1624 : 71,139,342,932
1625 : 5,862
1626 : 319,815
1627 : 159,307
1628 : 47,254,899
1629 : 212,643
1630 : 819,861
1631 : 447,542,964
1632 : 659,910
1633 : 24,421
1634 : 3,325
1635 : 21,141
1636 : 63,268
1637 : 240,585
1638 : 604,826
1639 : 206,474,699,743
1640 : 412,702
1641 : 467,616
1642 : 182,947
1643 : 577,627
1644 : 182,518,761
1645 : 41,73,469,924
1646 : 234,557,782,908
1647 : 41,47,90,729
1648 : 636,658
1649 : 402,842
1650 : 527,629,868
1651 : 100,210,405
1652 : 431,550,935
1653 : 512,516,594,928
1654 : 630,935
1655 : 14,207,417
1656 : 102,106,237,778
1657 : 528,788,992
1658 : 20,224,903
1659 : 196,269
1660 : 170,870
1661 : 42,657
1662 : 82,83,647
1663 : 359,383,641,649
1664 : 372,540
1665 : 106,477
1666 : 21,22
1667 : 28,712
1668 : 303,938
1669 : 576,917
1670 : 150,194,327,648
1671 : 28,74
1672 : 115,473
1673 : 77,968
1674 : 14,171
1675 : 129,241,597
1676 : 151,205
1677 : 151,327
1678 : 93,929
1679 : 57,373
1680 : 5,543,824,848
1681 : 78,311,740,908
1682 : 5,181,251
1683 : 201,328
1684 : 282,418
1685 : 12,466
1686 : 72,404
1687 : 101,497
1688 : 591,752
1689 : 134,158,313,660
1690 : 64,320,627,721
1691 : 369,974
1692 : 164,417
1693 : 15,21
1694 : 260,676,987
1695 : 503,772
1696 : 248,945
1697 : 516,655
1698 : 80,202
1699 : 245,438
1700 : 16,142,148,338
1701 : 66,239
1702 : 32,218,338,408
1703 : 242,294
1704 : 2,92
1705 : 100,728
1706 : 136,469,546,912
1707 : 60,234
1708 : 72,607
1709 : 11,96,479
1710 : 300,346,358
1711 : 70,280,449,559
1712 : 42,417,934
1713 : 58,407
1714 : 8,593,703
1715 : 90,547,583,982
1716 : 121,329
1717 : 322,597
1718 : 109,137,343
1719 : 9,678
1720 : 144,622
1721 : 103,204
1722 : 249,929
1723 : 31,464
1724 : 57,656,898
1725 : 19,223,231
1726 : 338,900
1727 : 780,951
1728 : 157,189
1729 : 403,496
1730 : 66,411
1731 : 172,568
1732 : 553,942
1733 : 77,256
1734 : 519,863
1735 : 221,622
1736 : 237,247
1737 : 321,800,994
1738 : 122,632,765,828
1739 : 150,275,641
1740 : 148,480,761
1741 : 169,208,653
1742 : 671,697
1743 : 12,197
1744 : 98,692
1745 : 97,303,970
1746 : 360,743
1747 : 52,117
1748 : 400,413,696
1749 : 265,451
1750 : 304,534
1751 : 44,792
1752 : 181,501
1753 : 472,689
1754 : 226,824
1755 : 202,435
1756 : 414,561
1757 : 393,462
1758 : 361,730
1759 : 90,509
1760 : 119,132,865
1761 : 535,637
1762 : 668,858
1763 : 333,403
1764 : 126,148,945
1765 : 236,915
1766 : 88,248,443,628
1767 : 160,449
1768 : 132,299
1769 : 46,465,716
1770 : 22,299
1771 : 165,475,596
1772 : 64,219,457
1773 : 40,52,565
1774 : 129,334,336
1775 : 605,705,805,990
1776 : 411,918
1777 : 44,150
1778 : 9,52
1779 : 470,588
1780 : 6,805
1781 : 35,345,656,702
1782 : 35,176,488,608
1783 : 400,462,568
1784 : 579,978
1785 : 4,232,330,345
1786 : 108,329,376
1787 : 129,238
1788 : 125,259
1789 : 10,623,734
1790 : 610,686
1791 : 269,664
1792 : 111,180
1793 : 192,577
1794 : 34,978
1795 : 232,869
1796 : 291,553
1797 : 343,409,436,687
1798 : 69,793
1799 : 474,532,927
1800 : 80,479
1801 : 79,525
1802 : 645,916
1803 : 263,753,817
1804 : 420,510
1805 : 358,429,744,990
1806 : 434,754
1807 : 633,696
1808 : 69,93,390
1809 : 514,682
1810 : 196,223,755,925
1811 : 115,524,718,967
1812 : 36,938
1813 : 242,829
1814 : 363,410
1815 : 60,71,173
1816 : 142,436,944
1817 : 37,705
1818 : 387,478
1819 : 3,487
1820 : 549,911
1821 : 142,453,779
1822 : 63,409,769
1823 : 215,246,472,474
1824 : 38,668
1825 : 116,369,454
1826 : 29,347
1827 : 495,949
1828 : 59,185
1829 : 32,502,957
1830 : 477,565
1831 : 219,748
1832 : 65,383
1833 : 170,432
1834 : 89,236,908
1835 : 141,799
1836 : 161,735,926
1837 : 282,294,336
1838 : 110,231
1839 : 235,398,858
1840 : 54,639
1841 : 67,113,576,631
1842 : 51,135
1843 : 28,201
1844 : 49,303
1845 : 112,697
1846 : 69,131,252
1847 : 9,775
1848 : 40,46,584
1849 : 748,819
1850 : 5,402
1851 : 30,119,385
1852 : 322,725
1853 : 505,958
1854 : 35,720
1855 : 39,127,421,487
1856 : 38,367,458
1857 : 15,270
1858 : 389,391
1859 : 73,277
1860 : 450,994
1861 : 138,354
1862 : 190,583,662,965
1863 : 59,212,835
1864 : 516,538,801
1865 : 483,1000
1866 : 74,79,378,746
1867 : 321,590
1868 : 102,230,233
1869 : 100,388
1870 : 2,10
1871 : 111,304,762,944
1872 : 107,855
1873 : 41,983
1874 : 504,592
1875 : 422,939
1876 : 142,272
1877 : 401,661
1878 : 51,380,453,703
1879 : 49,237,393
1880 : 24,696
1881 : 213,491
1882 : 183,713
1883 : 560,680
1884 : 310,359,411,561
1885 : 295,996
1886 : 59,962
1887 : 178,494,861
1888 : 36,183,722
1889 : 336,388
1890 : 171,210,240,518
1891 : 183,979
1892 : 358,528
1893 : 440,852
1894 : 94,412,719,809
1895 : 322,431
1896 : 77,685
1897 : 471,732
1898 : 210,397
1899 : 31,250,297
1900 : 25,315,321,853
1901 : 174,612
1902 : 188,654,833
1903 : 55,267,656,869
1904 : 602,711
1905 : 36,615,881,882
1906 : 96,884
1907 : 123,125
1908 : 8,820
1909 : 468,1000
1910 : 229,261
1911 : 70,156
1912 : 67,394,994
1913 : 69,859,877,996
1914 : 427,756
1915 : 195,560,969
1916 : 126,187
1917 : 221,323
1918 : 335,686
1919 : 17,102,198
1920 : 558,738,815
1921 : 26,609
1922 : 246,804
1923 : 352,461
1924 : 21,28,31
1925 : 226,528
1926 : 298,880
1927 : 299,871
1928 : 196,490,789
1929 : 236,310,317,357
1930 : 149,341,565
1931 : 257,334
1932 : 115,727,925
1933 : 308,753
1934 : 10,121
1935 : 27,114,504
1936 : 21,915
1937 : 309,320,437,440
1938 : 59,475,620,725
1939 : 4,6
1940 : 163,312,393
1941 : 484,519,746
1942 : 242,638
1943 : 48,92
1944 : 67,225,783
1945 : 138,522,873
1946 : 463,843
1947 : 375,551,778,921
1948 : 255,306,314
1949 : 125,774
1950 : 66,579
1951 : 693,838
1952 : 478,571,803
1953 : 64,667
1954 : 429,542
1955 : 67,177,851
1956 : 600,724,733
1957 : 594,621
1958 : 720,805
1959 : 29,349,765,896
1960 : 286,567
1961 : 321,800
1962 : 9,903
1963 : 316,932
1964 : 794,872
1965 : 41,774
1966 : 171,466
1967 : 448,818,879
1968 : 15,180,517
1969 : 179,312
1970 : 482,538,752
1971 : 142,598,730,899
1972 : 97,515,799
1973 : 157,584
1974 : 239,460
1975 : 119,768
1976 : 224,279
1977 : 295,325,844
1978 : 15,428,899,943
1979 : 444,574
1980 : 68,560
1981 : 205,785,880
1982 : 35,419,783
1983 : 180,406
1984 : 59,444
1985 : 166,791
1986 : 75,619
1987 : 421,551,919
1988 : 53,739
1989 : 264,560
1990 : 325,357
1991 : 67,70,271,733
1992 : 333,873
1993 : 146,502
1994 : 428,601
1995 : 71,111,956
1996 : 537,797
1997 : 460,467,666
1998 : 130,223,341
1999 : 291,344
2000 : 163,305
2001 : 521,557
2002 : 651,724,903
2003 : 4,83,638
2004 : 372,515,933,984
2005 : 314,732
2006 : 88,220
2007 : 444,505
2008 : 298,546
2009 : 15,101
2010 : 242,485
2011 : 107,274
2012 : 287,767
2013 : 564,850
2014 : 185,523
2015 : 74,222,334
2016 : 57,624,920
2017 : 8,691,949
2018 : 21,787
2019 : 281,456,481,934
2020 : 108,742,847
2021 : 38,194,578
2022 : 362,728
2023 : 113,266,979
2024 : 193,457
2025 : 1,948
2026 : 415,485
2027 : 65,979
2028 : 143,377,754
2029 : 338,632
2030 : 338,902
2031 : 57,394
2032 : 109,113,455,736
2033 : 196,296
2034 : 70,897
2035 : 264,282
2036 : 232,526
2037 : 217,522
2038 : 284,871
2039 : 94,510
2040 : 218,297,707
2041 : 848,991
2042 : 180,190
2043 : 364,389,561
2044 : 419,852
2045 : 650,654
2046 : 385,921
2047 : 43,783,807,1000
2048 : 38,371
2049 : 355,539
2050 : 145,591
2051 : 73,904
2052 : 21,202,508,764
2053 : 548,778
2054 : 327,950
2055 : 95,206,538
2056 : 81,522,905
2057 : 177,457
2058 : 55,880
2059 : 539,914
2060 : 389,856
2061 : 247,307
2062 : 153,498
2063 : 15,536,846
2064 : 368,704
2065 : 3,797
2066 : 17,167,630
2067 : 106,161,750
2068 : 567,832
2069 : 314,457
2070 : 81,642
2071 : 117,225
2072 : 165,525,939
2073 : 289,567
2074 : 22,117,771
2075 : 529,830
2076 : 25,172,809
2077 : 90,257,333
2078 : 65,108,492
2079 : 25,63,216,346
2080 : 376,706
2081 : 6,200,599,913
2082 : 616,631
2083 : 11,98,977
2084 : 352,831
2085 : 72,273,619,621
2086 : 168,363
2087 : 185,245
2088 : 107,191,524,629
2089 : 28,116
2090 : 316,377
2091 : 407,983
2092 : 427,471
2093 : 79,179,484
2094 : 384,554
2095 : 217,332,519
2096 : 187,269,570,694
2097 : 229,286,744
2098 : 461,582
2099 : 69,835
2100 : 75,712
2101 : 150,836
2102 : 254,798
2103 : 492,530,680
2104 : 332,531,592
2105 : 459,802
2106 : 98,283,674
2107 : 174,390
2108 : 51,382
2109 : 116,179
2110 : 68,275,843
2111 : 14,156,284
2112 : 70,255,678
2113 : 20,857
2114 : 49,180
2115 : 432,478,602
2116 : 104,169
2117 : 66,219
2118 : 123,393,651,955
2119 : 135,294
2120 : 298,454
2121 : 168,281,897
2122 : 58,66,163,297
2123 : 194,571,988
2124 : 315,795
2125 : 530,845
2126 : 49,842
2127 : 158,655
2128 : 4,140
2129 : 93,977
2130 : 26,486
2131 : 308,827
2132 : 245,563
2133 : 2,75
2134 : 42,140,492,794
2135 : 358,487
2136 : 430,857,877
2137 : 58,160,925,941
2138 : 306,904
2139 : 189,812
2140 : 44,226,363,585
2141 : 52,86,240,888
2142 : 160,347
2143 : 78,516,555
2144 : 499,778
2145 : 136,692
2146 : 326,802
2147 : 293,482
2148 : 168,801,982
2149 : 13,620,628
2150 : 278,323
2151 : 86,235,400
2152 : 189,507,975
2153 : 488,760
2154 : 524,870
2155 : 98,324
2156 : 427,798
2157 : 6,621
2158 : 267,396,415,578
2159 : 265,422
2160 : 96,139,172
2161 : 70,242
2162 : 5,35,586,851
2163 : 770,828
2164 : 14,360
2165 : 74,402
2166 : 644,695
2167 : 1,3,48,657
2168 : 208,272,378,626
2169 : 350,692
2170 : 279,403,432,786
2171 : 36,863
2172 : 425,766
2173 : 132,192,295
2174 : 375,718
2175 : 701,828
2176 : 22,128
2177 : 30,355
2178 : 48,720
2179 : 335,486,829
2180 : 87,375
2181 : 221,732
2182 : 62,933
2183 : 386,668
2184 : 85,264
2185 : 94,822,892
2186 : 26,372
2187 : 529,947
2188 : 253,503
2189 : 45,139,159
2190 : 105,227
2191 : 450,683
2192 : 227,762
2193 : 334,532,990
2194 : 624,666
2195 : 82,216
2196 : 115,130,616
2197 : 453,936
2198 : 9,164,272,579
2199 : 91,139,533
2200 : 629,713
2201 : 190,520
2202 : 44,383,759
2203 : 20,978
2204 : 72,185,290,305
2205 : 114,833
2206 : 180,308
2207 : 508,737,739
2208 : 199,365,540,820
2209 : 31,104
2210 : 250,902
2211 : 40,444,617,881
2212 : 56,582
2213 : 71,916
2214 : 422,547
2215 : 134,589
2216 : 42,65
2217 : 112,462
2218 : 455,657
2219 : 209,580
2220 : 512,553
2221 : 54,123,553
2222 : 185,508
2223 : 449,604
2224 : 63,963
2225 : 54,191
2226 : 7,399
2227 : 360,491
2228 : 219,986
2229 : 84,101,160,822
2230 : 848,995
2231 : 144,342
2232 : 25,166
2233 : 773,879
2234 : 63,173
2235 : 39,63,370
2236 : 7,585
2237 : 117,483,751
2238 : 691,977
2239 : 165,956
2240 : 280,627
2241 : 625,704
2242 : 586,688
2243 : 79,301,961
2244 : 285,980
2245 : 115,362,374,853
2246 : 495,595
2247 : 85,769,997
2248 : 231,381
2249 : 39,259,320
2250 : 377,499
2251 : 42,730
2252 : 83,302
2253 : 133,290,650
2254 : 99,441
2255 : 141,442
2256 : 124,770
2257 : 218,412
2258 : 459,514
2259 : 77,96,480,666
2260 : 332,634,745
2261 : 119,937
2262 : 26,347,801
2263 : 392,593,920
2264 : 61,934
2265 : 416,573
2266 : 24,599
2267 : 4,860
2268 : 228,315
2269 : 446,510,787,889
2270 : 50,141,492,664
2271 : 208,277
2272 : 600,794
2273 : 140,211
2274 : 73,131,517,850
2275 : 300,309
2276 : 130,784
2277 : 124,203
2278 : 40,63,707,913
2279 : 414,422,867
2280 : 325,481,940
2281 : 249,288,544
2282 : 80,364,370
2283 : 255,839
2284 : 419,733
2285 : 54,347
2286 : 14,445
2287 : 50,862
2288 : 454,675,922
2289 : 48,154,209
2290 : 542,709
2291 : 198,953
2292 : 85,530
2293 : 266,352,469,912
2294 : 77,606
2295 : 475,584
2296 : 288,535
2297 : 311,395
2298 : 72,203,968
2299 : 1,19,468,476
2300 : 235,766,989
2301 : 28,279,902
2302 : 7,43
2303 : 45,930
2304 : 91,280,569
2305 : 353,702
2306 : 24,204,253,396
2307 : 890,991
2308 : 359,764,947,966
2309 : 861,891
2310 : 134,153,260,371
2311 : 111,817
2312 : 197,244,625
2313 : 367,958
2314 : 74,268
2315 : 125,361
2316 : 7,443
2317 : 380,606
2318 : 378,800
2319 : 84,643
2320 : 694,757
2321 : 137,957
2322 : 296,652,882
2323 : 368,517,610
2324 : 202,252
2325 : 284,651
2326 : 240,386,469
2327 : 224,233
2328 : 79,225,810
2329 : 21,296
2330 : 456,556
2331 : 91,719
2332 : 146,505
2333 : 237,653,727,761
2334 : 369,737
2335 : 72,247
2336 : 19,700
2337 : 307,344,795,890
2338 : 325,906
2339 : 340,501
2340 : 30,79
2341 : 798,977
2342 : 446,941,962
2343 : 98,280
2344 : 369,590
2345 : 20,22,960
2346 : 65,874
2347 : 39,95,588
2348 : 92,496,813,951
2349 : 6,129
2350 : 174,549
2351 : 214,215
2352 : 329,559,715
2353 : 773,975
2354 : 35,264,442,535
2355 : 153,345
2356 : 72,677
2357 : 441,922
2358 : 106,769
2359 : 203,763,905
2360 : 6,222,930
2361 : 167,524,993
2362 : 580,670
2363 : 101,611
2364 : 110,809,837
2365 : 10,402
2366 : 526,594
2367 : 2,134
2368 : 430,641,890,954
2369 : 23,976
2370 : 347,893
2371 : 224,318
2372 : 208,499
2373 : 22,110,791,972
2374 : 248,745
2375 : 84,190
2376 : 37,320
2377 : 323,461
2378 : 625,834
2379 : 65,329
2380 : 414,612
2381 : 149,760
2382 : 574,947
2383 : 81,171,562
2384 : 435,863
2385 : 505,574,925,999
2386 : 544,889,895
2387 : 244,468
2388 : 139,971,980
2389 : 119,490
2390 : 113,412
2391 : 51,833
2392 : 390,563
2393 : 463,878,937
2394 : 220,334
2395 : 128,795
2396 : 110,716
2397 : 105,417
2398 : 433,589
2399 : 43,166
2400 : 450,860
2401 : 230,532,730
2402 : 148,768
2403 : 13,135,335,366
2404 : 901,913
2405 : 276,572,739
2406 : 149,534
2407 : 57,165
2408 : 75,175
2409 : 25,210
2410 : 652,807
2411 : 28,244,276
2412 : 19,225
2413 : 78,356,984
2414 : 729,962
2415 : 728,840
2416 : 22,304
2417 : 12,178
2418 : 658,781
2419 : 680,829
2420 : 236,246,831,999
2421 : 283,849,937
2422 : 25,265,348,949
2423 : 24,903
2424 : 431,835
2425 : 128,929
2426 : 3,601,786,923
2427 : 146,626
2428 : 667,909
2429 : 177,594
2430 : 305,966
2431 : 176,339,541
2432 : 76,494
2433 : 47,213
2434 : 681,920
2435 : 441,776,970
2436 : 37,68,456,619
2437 : 71,203,483
2438 : 9,130,279
2439 : 355,457
2440 : 116,138
2441 : 229,261,733,931
2442 : 592,966
2443 : 5,70,526,844
2444 : 93,602,816,878
2445 : 289,315,581
2446 : 407,445
2447 : 258,341
2448 : 266,273,298
2449 : 292,424,574
2450 : 225,991
2451 : 184,712
2452 : 613,735
2453 : 61,251
2454 : 335,422,695
2455 : 220,243,509
2456 : 32,66
2457 : 513,665
2458 : 33,54,521
2459 : 513,530,578,840
2460 : 393,401
2461 : 87,580
2462 : 40,432,936
2463 : 313,362,620
2464 : 207,283,304,323
2465 : 642,897
2466 : 145,290
2467 : 214,391
2468 : 246,595
2469 : 243,724,992
2470 : 575,746,900
2471 : 1,37,858
2472 : 120,317
2473 : 283,300,310,482
2474 : 527,586,751,967
2475 : 276,766
2476 : 91,756,788
2477 : 191,400
2478 : 97,597,599
2479 : 123,158,753
2480 : 583,699
2481 : 68,82
2482 : 434,674
2483 : 205,429,832
2484 : 806,849,989
2485 : 523,801
2486 : 453,710
2487 : 124,260
2488 : 246,342
2489 : 96,328,568,691
2490 : 26,184
2491 : 6,74
2492 : 163,398
2493 : 29,305,765,931
2494 : 515,853
2495 : 388,410,663
2496 : 133,781
2497 : 10,88,660
2498 : 32,293,549
2499 : 96,910
2500 : 466,763,833,965
2501 : 231,407,941
2502 : 201,250,944
2503 : 94,406
2504 : 44,242
2505 : 192,938
2506 : 78,157,435
2507 : 34,274,379,571
2508 : 59,64,885
2509 : 154,493
2510 : 270,470,900
2511 : 188,304
2512 : 80,954
2513 : 163,372
2514 : 186,473,487
2515 : 297,373
2516 : 30,562,794
2517 : 82,578
2518 : 55,61,113,145
2519 : 125,144,722,835
2520 : 550,997
2521 : 71,258,756
2522 : 108,312,855
2523 : 181,188
2524 : 230,337
2525 : 64,134
2526 : 213,596
2527 : 181,355
2528 : 150,311,340
2529 : 101,396,488,616
2530 : 103,911
2531 : 818,901,986
2532 : 32,155,263,875
2533 : 722,886
2534 : 327,553
2535 : 131,491
2536 : 61,578
2537 : 281,465
2538 : 660,777
2539 : 41,619
2540 : 698,766
2541 : 44,116
2542 : 82,184
2543 : 636,862
2544 : 47,191
2545 : 12,56,154
2546 : 366,557
2547 : 17,996
2548 : 313,501,846
2549 : 322,806
2550 : 120,642
2551 : 25,298
2552 : 603,755
2553 : 12,381
2554 : 69,190
2555 : 62,622
2556 : 214,353
2557 : 80,347,893
2558 : 73,285,331,614
2559 : 319,612
2560 : 17,391,421
2561 : 123,573
2562 : 266,535
2563 : 168,345,607
2564 : 222,229,282
2565 : 4,18,129,942
2566 : 156,176,887,982
2567 : 41,148,374
2568 : 182,658
2569 : 32,77,342
2570 : 234,717
2571 : 254,386
2572 : 104,290,765
2573 : 360,970
2574 : 19,46
2575 : 141,283,583
2576 : 16,223,256
2577 : 271,353
2578 : 1,376,731
2579 : 27,197,241
2580 : 373,459,909,967
2581 : 69,608
2582 : 273,458
2583 : 55,720
2584 : 104,250,391,723
2585 : 7,287,820
2586 : 100,392
2587 : 266,290,500
2588 : 227,617
2589 : 152,209,811
2590 : 39,131,779
2591 : 2,44,486
2592 : 153,441
2593 : 156,609,637
2594 : 217,603,648
2595 : 566,703
2596 : 511,532,625
2597 : 56,436,684
2598 : 56,420
2599 : 500,984
2600 : 90,175,695,736
2601 : 155,691
2602 : 20,197,487
2603 : 14,994
2604 : 397,853
2605 : 92,251
2606 : 170,316
2607 : 362,653
2608 : 689,942
2609 : 85,647,849
2610 : 52,230,237
2611 : 337,803
2612 : 330,614
2613 : 469,603
2614 : 596,818
2615 : 513,758
2616 : 100,324,454
2617 : 326,468,525,983
2618 : 116,193
2619 : 50,647
2620 : 101,780,922
2621 : 17,690
2622 : 841,898
2623 : 3,178
2624 : 19,245
2625 : 107,316
2626 : 427,498,635,793
2627 : 189,673
2628 : 463,885
2629 : 99,154
2630 : 317,545
2631 : 309,483
2632 : 416,866
2633 : 87,545
2634 : 337,428
2635 : 169,692,863
2636 : 562,742
2637 : 282,380,516,975
2638 : 518,624
2639 : 188,369
2640 : 297,644
2641 : 5,235
2642 : 597,751
2643 : 27,600
2644 : 18,381
2645 : 463,993
2646 : 74,363
2647 : 152,207,932
2648 : 591,700
2649 : 108,446,575
2650 : 49,412,789
2651 : 316,446,798
2652 : 235,836
2653 : 297,541
2654 : 693,963
2655 : 162,195
2656 : 12,172,249
2657 : 284,921
2658 : 192,670
2659 : 36,103
2660 : 49,210
2661 : 74,136,430,758
2662 : 33,210
2663 : 123,370
2664 : 76,286,509
2665 : 44,136,155,301
2666 : 164,555,927,955
2667 : 747,951
2668 : 584,855
2669 : 529,627
2670 : 147,709
2671 : 158,465
2672 : 175,429
2673 : 127,232,808
2674 : 15,126
2675 : 652,705
2676 : 488,714
2677 : 605,757
2678 : 493,570,618
2679 : 212,568,615
2680 : 186,318,743
2681 : 323,454
2682 : 145,892
2683 : 124,293
2684 : 90,805,933
2685 : 56,502
2686 : 168,821
2687 : 79,122,296
2688 : 839,864,914
2689 : 1,700
2690 : 353,507
2691 : 60,252,478
2692 : 86,117,159
2693 : 327,895
2694 : 287,587
2695 : 78,271,278,565
2696 : 72,268
2697 : 29,225,713,993
2698 : 109,235,775
2699 : 149,280
2700 : 189,195
2701 : 269,782
2702 : 13,74,187,188
2703 : 99,896
2704 : 66,143,341,751
2705 : 448,452,796,859
2706 : 65,138
2707 : 48,287,976
2708 : 26,359
2709 : 820,982
2710 : 350,617
2711 : 142,326
2712 : 584,650,828
2713 : 102,338
2714 : 437,860
2715 : 258,382,974
2716 : 275,333
2717 : 318,963
2718 : 23,399
2719 : 198,253,886
2720 : 67,672
2721 : 52,375
2722 : 75,540
2723 : 35,451,844
2724 : 374,484
2725 : 26,115,972
2726 : 804,845
2727 : 675,715
2728 : 726,797,929
2729 : 78,239
2730 : 106,740
2731 : 71,204,684,714
2732 : 95,246,399
2733 : 211,223,380
2734 : 772,817
2735 : 275,484,569
2736 : 325,673
2737 : 68,538
2738 : 1,37,112,220
2739 : 344,438
2740 : 67,351
2741 : 426,953,985
2742 : 43,110,534,679
2743 : 205,727
2744 : 81,388
2745 : 19,147,695
2746 : 53,358
2747 : 207,256,997
2748 : 596,683
2749 : 633,894
2750 : 176,313
2751 : 186,234,613
2752 : 105,849
2753 : 217,268,301
2754 : 227,911
2755 : 211,273
2756 : 19,68,427,604
2757 : 110,505
2758 : 219,907
2759 : 687,973
2760 : 95,587
2761 : 22,256,269,755
2762 : 61,413
2763 : 180,192
2764 : 360,406
2765 : 165,831
2766 : 75,262,321
2767 : 277,328,474,927
2768 : 105,285,405
2769 : 315,394
2770 : 281,336,398,986
2771 : 49,96,144,638
2772 : 229,243,540
2773 : 204,682
2774 : 25,494
2775 : 54,83
2776 : 876,943
2777 : 90,332
2778 : 173,196
2779 : 138,197
2780 : 88,840
2781 : 103,598,850
2782 : 141,226,731,964
2783 : 51,177,564
2784 : 211,891
2785 : 603,618
2786 : 129,166,504
2787 : 187,978
2788 : 494,757,876
2789 : 124,774
2790 : 62,85,386
2791 : 102,271,351
2792 : 76,591
2793 : 228,302
2794 : 30,367,372,542
2795 : 152,549
2796 : 592,675,796
2797 : 89,158,771
2798 : 125,837
2799 : 16,587,601,706
2800 : 201,331
2801 : 452,479
2802 : 215,876
2803 : 105,401
2804 : 123,439
2805 : 423,883,981
2806 : 62,333,969
2807 : 30,289
2808 : 292,893
2809 : 607,836
2810 : 554,612,625
2811 : 222,829
2812 : 147,552
2813 : 7,291,883
2814 : 11,40,566
2815 : 92,241,673,866
2816 : 515,810
2817 : 501,631
2818 : 913,915
2819 : 69,213,472
2820 : 227,365,718,973
2821 : 544,548,983
2822 : 103,281
2823 : 436,825
2824 : 55,555
2825 : 429,876
2826 : 123,161
2827 : 89,980
2828 : 426,787
2829 : 143,882
2830 : 481,485,615
2831 : 369,571
2832 : 2,5
2833 : 276,361,791
2834 : 18,128,635
2835 : 303,534
2836 : 15,94,259,401
2837 : 51,238,329
2838 : 8,404,767
2839 : 10,35,599,731
2840 : 52,253,877
2841 : 301,348
2842 : 55,238
2843 : 18,164
2844 : 451,964
2845 : 29,122,339
2846 : 446,726
2847 : 56,84,186,875
2848 : 140,225,482
2849 : 424,536,875
2850 : 662,670,681,933
2851 : 265,507
2852 : 447,721
2853 : 392,539
2854 : 70,265,434
2855 : 521,888
2856 : 405,685
2857 : 80,244,838
2858 : 413,536
2859 : 233,865
2860 : 62,255
2861 : 666,683
2862 : 206,295,790,999
2863 : 76,255,590
2864 : 26,199
2865 : 199,440
2866 : 214,571,942
2867 : 302,573,848
2868 : 224,395
2869 : 153,864,923
2870 : 144,776
2871 : 172,502,563
2872 : 58,827,963
2873 : 77,167,279
2874 : 87,105,814,827
2875 : 80,803
2876 : 320,361
2877 : 581,672
2878 : 137,172
2879 : 171,817,950
2880 : 233,952
2881 : 364,466
2882 : 87,366
2883 : 20,31
2884 : 886,958
2885 : 203,575
2886 : 521,914
2887 : 50,810
2888 : 58,132,916
2889 : 21,223,550,786
2890 : 268,576,907
2891 : 270,856,958
2892 : 169,756,870
2893 : 579,685,690,884
2894 : 458,764,904
2895 : 62,546
2896 : 128,557
2897 : 273,392,617
2898 : 121,156,589
2899 : 10,126,433
2900 : 11,16,162
2901 : 127,161,162
2902 : 613,685,945
2903 : 198,679
2904 : 93,213
2905 : 11,33,341,611
2906 : 80,467
2907 : 43,351
2908 : 309,348,569,931
2909 : 354,476,646
2910 : 376,741
2911 : 62,254,570
2912 : 31,350,531
2913 : 61,143,821,959
2914 : 127,517,645
2915 : 579,957
2916 : 644,665
2917 : 423,589
2918 : 29,122
2919 : 259,669,781
2920 : 183,985
2921 : 497,582,633
2922 : 326,424
2923 : 184,793,939
2924 : 557,941
2925 : 595,619,877
2926 : 55,147
2927 : 28,483,605,956
2928 : 311,550,768,988
2929 : 648,767,936
2930 : 120,395
2931 : 24,684,830
2932 : 136,193
2933 : 76,812
2934 : 133,227,343,384
2935 : 13,145
2936 : 11,554,595,610
2937 : 158,630
2938 : 346,356
2939 : 41,442
2940 : 190,423
2941 : 314,854
2942 : 528,634,640,800
2943 : 48,339
2944 : 11,146
2945 : 73,602
2946 : 24,496
2947 : 324,719
2948 : 10,538
2949 : 371,507
2950 : 199,539,981
2951 : 242,697
2952 : 154,748
2953 : 94,343,357
2954 : 389,590,839
2955 : 11,513
2956 : 95,738
2957 : 83,408
2958 : 122,211
2959 : 753,783
2960 : 43,277,851
2961 : 140,222,990
2962 : 559,826
2963 : 170,670,683
2964 : 7,543
2965 : 279,324,661
2966 : 306,441
2967 : 34,61,264
2968 : 208,350,415
2969 : 44,410,597
2970 : 464,750
2971 : 33,93,120
2972 : 710,735,918
2973 : 463,734
2974 : 159,230,789
2975 : 116,204,349,541
2976 : 76,113,307
2977 : 39,167,317
2978 : 112,240,709,960
2979 : 200,216
2980 : 612,710
2981 : 12,98,144,723
2982 : 319,980
2983 : 272,706,732,802
2984 : 65,759
2985 : 68,701
2986 : 104,987
2987 : 355,439,453,476
2988 : 147,417,864
2989 : 241,586
2990 : 240,854
2991 : 345,489
2992 : 363,883,992
2993 : 443,547
2994 : 322,481,690,777
2995 : 566,931
2996 : 18,391,825
2997 : 247,388,650
2998 : 138,609
2999 : 64,349,808
3000 : 374,912
3001 : 282,874
3002 : 211,339
3003 : 371,770
3004 : 33,58,59
3005 : 106,124,292
3006 : 2,416,458
3007 : 4,749
3008 : 134,257,525
3009 : 147,788
3010 : 12,162,506
3011 : 479,784,943,948
3012 : 173,400
3013 : 723,804
3014 : 13,61
3015 : 177,306
3016 : 45,356
3017 : 51,68,83
3018 : 113,493
3019 : 29,108,327
3020 : 7,961
3021 : 262,386,399,448
3022 : 94,226,780
3023 : 2,257
3024 : 20,468,708
3025 : 89,331,953
3026 : 207,221
3027 : 196,298,917
3028 : 178,278,790,841
3029 : 105,414
3030 : 77,945
3031 : 37,842
3032 : 23,823
3033 : 191,898,930
3034 : 161,965
3035 : 437,492,559
3036 : 72,712
3037 : 308,385
3038 : 139,499,907
3039 : 378,386
3040 : 157,326
3041 : 47,323
3042 : 313,964
3043 : 135,136
3044 : 57,901
3045 : 205,241,832
3046 : 370,459
3047 : 172,218,926
3048 : 331,431,674,906
3049 : 467,480
3050 : 38,46,976
3051 : 40,404,497
3052 : 60,924
3053 : 151,354
3054 : 220,455
3055 : 24,362
3056 : 438,781
3057 : 17,33
3058 : 162,583,653,883
3059 : 261,968
3060 : 501,749
3061 : 23,526
3062 : 248,284
3063 : 396,662
3064 : 399,686
3065 : 159,450
3066 : 564,894
3067 : 118,294,342,874
3068 : 12,935
3069 : 330,796
3070 : 206,272
3071 : 38,746,889
3072 : 9,31,122,324
3073 : 382,959
3074 : 6,832,837
3075 : 318,523,674
3076 : 216,247,251,607
3077 : 639,762
3078 : 183,715
3079 : 404,826
3080 : 569,864
3081 : 157,319
3082 : 159,541
3083 : 199,228,562
3084 : 141,286,536,807
3085 : 64,413
3086 : 245,257
3087 : 374,770
3088 : 110,285,533
3089 : 37,114,356,697
3090 : 1,367
3091 : 170,488
3092 : 464,669
3093 : 221,910
3094 : 184,367
3095 : 244,796
3096 : 3,91,142,263
3097 : 330,580
3098 : 151,179,307,413
3099 : 672,792
3100 : 926,937
3101 : 207,366
3102 : 106,401
3103 : 460,882
3104 : 103,954
3105 : 27,739
3106 : 46,254,621,660
3107 : 1,874
3108 : 249,822
3109 : 635,886,999
3110 : 143,239,379
3111 : 135,380
3112 : 512,570
3113 : 145,567
3114 : 642,923
3115 : 23,154,671,823
3116 : 218,379
3117 : 243,302
3118 : 46,97
3119 : 23,257,260,665
3120 : 433,490,500,704
3121 : 317,495,506,615
3122 : 150,365,605,872
3123 : 45,260,267
3124 : 236,365
3125 : 125,342
3126 : 36,60
3127 : 47,132
3128 : 99,141
3129 : 97,232,388,923
3130 : 183,663
3131 : 87,405,884
3132 : 100,349
3133 : 57,153
3134 : 98,164
3135 : 202,881
3136 : 161,425
3137 : 8,132,595
3138 : 379,865,887
3139 : 636,777,895
3140 : 8,195,348
3141 : 30,575
3142 : 300,784
3143 : 46,182
3144 : 117,179,500
3145 : 58,237,391
3146 : 200,600
3147 : 50,646,713
3148 : 299,659,779
3149 : 132,503,558,698
3150 : 99,974
3151 : 134,267
3152 : 119,434
3153 : 507,984
3154 : 130,206,510
3155 : 170,410
3156 : 82,176
3157 : 188,394
3158 : 18,389
3159 : 274,490
3160 : 173,871
3161 : 5,62
3162 : 512,808
3163 : 3,96,152
3164 : 93,99,272,867
3165 : 205,667
3166 : 107,816
3167 : 262,489
3168 : 606,667
3169 : 83,238
3170 : 18,475
3171 : 346,808
3172 : 436,445
3173 : 318,534
3174 : 19,519
3175 : 471,785
3176 : 274,723
3177 : 27,981
3178 : 33,305
3179 : 228,341,680
3180 : 346,404
3181 : 146,395,811
3182 : 102,384
3183 : 169,987,996
3184 : 564,622,906
3185 : 251,839
3186 : 253,938
3187 : 443,519,655,734
3188 : 185,350,656,991
3189 : 445,671
3190 : 23,118
3191 : 73,250
3192 : 188,216
3193 : 82,219,438,442
3194 : 100,508
3195 : 178,699
3196 : 171,813
3197 : 356,394,572,603
3198 : 509,634
3199 : 815,987
3200 : 353,806
3201 : 14,444
3202 : 243,593
3203 : 548,821
3204 : 3,91,830
3205 : 111,452,694
3206 : 102,580,679,856
3207 : 114,267,349
3208 : 133,602
3209 : 14,17,84,407
3210 : 64,566
3211 : 256,305,591,976
3212 : 157,558
3213 : 222,489,589
