1001 : 176,198,312
1002 : 216,282,950
1003 : 161,278
1004 : 59,386,811,899
1005 : 67,507
1006 : 374,509,585
1007 : 165,351,471
1008 : 243,362,956
1009 : 216,467
1010 : 403,885
1011 : 160,271,782
1012 : 687,794
1013 : 902,995
1014 : 39,103,166,663
1015 : 42,151
1016 : 39,374,477
1017 : 45,54,422
1018 : 30,770,922
1019 : 89,310,894
1020 : 72,286,500
1021 : 395,717,745,985
1022 : 176,279
1023 : 440,701
1024 : 302,488,789
1025 : 23,474
1026 : 546,669
1027 : 511,554
1028 : 230,296,606,954
1029 : 98,258,276
1030 : 63,852
1031 : 5,373
1032 : 151,221,623,867
1033 : 33,317
1034 : 708,862,989
1035 : 214,580,834,857
1036 : 20,810
1037 : 32,399,419,626
1038 : 143,161
1039 : 97,260
1040 : 39,797
1041 : 3,565
1042 : 164,244
1043 : 41,795
1044 : 301,568
1045 : 571,955
1046 : 105,658
1047 : 498,530
1048 : 49,768,911
1049 : 43,318,832
1050 : 64,103,173,512
1051 : 197,925
1052 : 48,150,601,645
1053 : 347,711
1054 : 378,572,712,904
1055 : 416,919
1056 : 912,984
1057 : 26,535,862,877
1058 : 287,690
1059 : 20,420,737,927
1060 : 156,607
1061 : 81,389
1062 : 262,955
1063 : 269,339,402,849
1064 : 55,324,519
1065 : 263,782
1066 : 49,318,543
1067 : 596,879
1068 : 492,742
1069 : 37,392
1070 : 282,857
1071 : 157,217
1072 : 25,28
1073 : 74,113,855
1074 : 123,186
1075 : 50,172,174
1076 : 686,820
1077 : 221,958
1078 : 619,963
1079 : 137,185,756
1080 : 774,926
1081 : 460,511
1082 : 29,669,933
1083 : 78,371
1084 : 202,632
1085 : 20,23,910
1086 : 310,914
1087 : 69,209,293
1088 : 258,652
1089 : 292,680
1090 : 25,84
1091 : 113,190,191,624
1092 : 10,485
1093 : 381,615
1094 : 27,972
1095 : 659,783,790
1096 : 203,296
1097 : 113,115
1098 : 157,223
1099 : 223,346
1100 : 433,618
1101 : 250,312,335
1102 : 5,111
1103 : 93,105,770
1104 : 227,530
1105 : 131,656
1106 : 367,452
1107 : 22,163,473,853
1108 : 240,781
1109 : 316,420
1110 : 156,345,585
1111 : 104,686,842
1112 : 107,141,843
1113 : 94,790
1114 : 179,183
1115 : 28,590
1116 : 247,589
1117 : 221,395,582,816
1118 : 334,396,489
1119 : 27,190,533,822
1120 : 301,611
1121 : 19,834
1122 : 73,540
1123 : 94,130
1124 : 134,813
1125 : 482,873
1126 : 22,80,710
1127 : 255,447,992
1128 : 378,558
1129 : 358,447
1130 : 89,276,512,542
1131 : 19,147,248
1132 : 61,358,691
1133 : 210,464,537
1134 : 400,715
1135 : 769,960
1136 : 695,708,775
1137 : 339,437,598,878
1138 : 132,190,942
1139 : 82,289,974
1140 : 549,799,861
1141 : 414,741
1142 : 203,999
1143 : 134,803
1144 : 671,843,905
1145 : 674,758
1146 : 320,461
1147 : 134,976
1148 : 255,571,735
1149 : 240,257,628,893
1150 : 11,388
1151 : 20,274,465
1152 : 318,405,540,717
1153 : 403,643
1154 : 762,827
1155 : 963,980
1156 : 41,128,553
1157 : 6,81,310,615
1158 : 26,462,891
1159 : 9,517,830
1160 : 231,358
1161 : 163,646,868
1162 : 24,134,267
1163 : 499,900
1164 : 408,574
1165 : 167,251
1166 : 258,719
1167 : 354,802
1168 : 274,321
1169 : 81,107,648,725
1170 : 17,681
1171 : 536,776
1172 : 107,109,225,432
1173 : 33,598
1174 : 85,154
1175 : 213,476
1176 : 14,487
1177 : 84,246
1178 : 55,137
1179 : 19,27
1180 : 34,687
1181 : 762,863
1182 : 118,901,977
1183 : 2,154,498,985
1184 : 4,125
1185 : 8,63,332,576
1186 : 133,792,953
1187 : 64,337,340,550
1188 : 49,374
1189 : 120,501
1190 : 608,738
1191 : 431,562,563
1192 : 101,262
1193 : 925,962
1194 : 99,108
1195 : 113,268,443,751
1196 : 13,237,281,479
1197 : 245,388,702,771
1198 : 32,681
1199 : 61,157,535,644
1200 : 105,483
1201 : 16,78,575
1202 : 32,239
1203 : 26,384,746
1204 : 369,686
1205 : 192,581,586
1206 : 389,437,594
1207 : 68,123
1208 : 132,343
1209 : 87,229,779
1210 : 242,250,312,327
1211 : 273,392
1212 : 64,71
1213 : 230,455
1214 : 166,664
1215 : 83,312
1216 : 427,450
1217 : 8,675
1218 : 54,781,943
1219 : 444,901
1220 : 59,725,841
1221 : 105,321
1222 : 868,959
1223 : 181,577
1224 : 16,534
1225 : 90,625,782
1226 : 293,723
1227 : 366,392,875
1228 : 24,144
1229 : 43,723,968
1230 : 57,673,701
1231 : 283,449
1232 : 73,261
1233 : 106,616
1234 : 166,570
1235 : 8,9
1236 : 533,668,751
1237 : 76,468
1238 : 29,635
1239 : 326,341
1240 : 18,481
1241 : 610,767
1242 : 18,401
1243 : 26,38
1244 : 207,884
1245 : 213,413
1246 : 49,408,505
1247 : 18,177,199,277
1248 : 351,538
1249 : 256,563,739,796
1250 : 552,603
1251 : 437,875,907,943
1252 : 440,885
1253 : 206,516
1254 : 841,866
1255 : 469,606,670
1256 : 49,288,336
1257 : 30,230
1258 : 177,456,769,831
1259 : 169,516
1260 : 364,433,812
1261 : 225,236,704
1262 : 322,829
1263 : 57,211
1264 : 140,548,820,947
1265 : 187,470
1266 : 292,872
1267 : 747,928
1268 : 168,985
1269 : 16,244,423,476
1270 : 43,459,560
1271 : 67,916
1272 : 500,745
1273 : 201,634
1274 : 57,962
1275 : 63,983
1276 : 116,149,353
1277 : 412,467,688
1278 : 11,377,538,865
1279 : 222,517
1280 : 76,137
1281 : 659,665
1282 : 318,796,903
1283 : 511,528
1284 : 335,711
1285 : 495,782
1286 : 306,991
1287 : 157,926
1288 : 158,302
1289 : 334,728
1290 : 851,969
1291 : 65,307
1292 : 51,694
1293 : 228,683,966
1294 : 30,31,475
1295 : 62,801
1296 : 180,406,811
1297 : 165,690
1298 : 76,142
1299 : 5,207,908
1300 : 109,769,985
1301 : 197,527,583
1302 : 24,784
1303 : 458,970
1304 : 96,646
1305 : 333,355
1306 : 19,194
1307 : 572,777,851
1308 : 120,315
1309 : 316,368
1310 : 578,655
1311 : 374,755
1312 : 153,704
1313 : 533,925
1314 : 138,247
1315 : 5,18,107,509
1316 : 188,1000
1317 : 120,497
1318 : 132,998
1319 : 84,121,481
1320 : 106,223
1321 : 220,550
1322 : 92,292,461
1323 : 46,573
1324 : 296,826,885
1325 : 192,538,768
1326 : 298,447
1327 : 116,410,794
1328 : 57,338,711
1329 : 532,647,739
1330 : 246,629,979
1331 : 124,895
1332 : 41,518,666
1333 : 521,523
1334 : 13,708
1335 : 96,481
1336 : 28,217,396,967
1337 : 33,572,821
1338 : 551,645,829,949
1339 : 13,690
1340 : 137,906
1341 : 3,243,575
1342 : 535,624
1343 : 391,612,798
1344 : 55,164
1345 : 163,640
1346 : 13,424
1347 : 614,998
1348 : 12,65
1349 : 383,959,980
1350 : 310,491,559,957
1351 : 43,380,498
1352 : 232,310
1353 : 71,802
1354 : 320,366
1355 : 305,646,917
1356 : 9,869
1357 : 16,795,934
1358 : 32,449,744
1359 : 152,264,622
1360 : 352,357,703
1361 : 21,149,996
1362 : 349,428,430,633
1363 : 40,376,635
1364 : 117,377,483
1365 : 117,125,197,945
1366 : 275,340
1367 : 287,517,717
1368 : 160,658,807
1369 : 184,273,348,806
1370 : 133,329,330,482
1371 : 434,558
1372 : 114,369
1373 : 395,866
1374 : 129,356,568
1375 : 185,670
1376 : 150,827
1377 : 7,83,323,335
1378 : 307,872
1379 : 225,921
1380 : 18,103,700
1381 : 32,767
1382 : 391,520
1383 : 551,657
1384 : 92,177,979
1385 : 82,103
1386 : 2,48,53,271
1387 : 193,236,944
1388 : 162,402,619
1389 : 594,980
1390 : 136,453
1391 : 36,50
1392 : 18,232,879,896
1393 : 415,449,723,938
1394 : 234,303
1395 : 40,133,527
1396 : 141,556
1397 : 373,777
1398 : 325,344
1399 : 844,967
1400 : 187,191
1401 : 61,316,390,495
1402 : 57,234,434
1403 : 1,87,273,632
1404 : 423,805
1405 : 50,490
1406 : 139,473
1407 : 379,466
1408 : 828,837
1409 : 134,562,906
1410 : 445,976
1411 : 192,601
1412 : 172,313
1413 : 233,400
1414 : 58,650,826
1415 : 35,835
1416 : 517,1000
1417 : 965,996
1418 : 87,354,662
1419 : 588,658
1420 : 529,856
1421 : 726,962
1422 : 501,864
1423 : 78,284
1424 : 92,128
1425 : 14,718
1426 : 112,353,460,611
1427 : 242,336,692,843
1428 : 20,369,746
1429 : 86,89,174,824
1430 : 119,433
1431 : 400,647
1432 : 60,306
1433 : 382,627
1434 : 194,991
1435 : 174,839
1436 : 54,232
1437 : 459,813
1438 : 106,397,601,894
1439 : 486,768
1440 : 758,914
1441 : 358,561,590,619
1442 : 102,543
1443 : 58,126,437
1444 : 70,933
1445 : 261,961
1446 : 137,171
1447 : 100,166,247,609
1448 : 1,478
1449 : 161,178
1450 : 3,255
1451 : 348,469,654
1452 : 458,912,960
1453 : 706,820
1454 : 448,524
1455 : 45,244
1456 : 140,307
1457 : 408,776
1458 : 366,846,876
1459 : 439,697
1460 : 155,570
1461 : 80,99,249,597
1462 : 294,306
1463 : 162,365
1464 : 84,333
1465 : 78,196,259,708
1466 : 86,974
1467 : 13,249
1468 : 135,520
1469 : 510,840
1470 : 451,905
1471 : 344,472
1472 : 305,704
1473 : 49,121
1474 : 110,359
1475 : 53,519,639
1476 : 69,602,743
1477 : 532,721
1478 : 51,539,890,919
1479 : 383,584
1480 : 225,290,593,914
1481 : 149,986
1482 : 162,637
1483 : 456,493,600,732
1484 : 576,674
1485 : 190,541
1486 : 110,630
1487 : 422,604
1488 : 29,954
1489 : 15,212,961
1490 : 724,838
1491 : 138,234
1492 : 28,391,859
1493 : 2,379,789
1494 : 243,604,907
1495 : 215,468
1496 : 493,846
1497 : 362,396
1498 : 329,642
1499 : 88,529,950
1500 : 104,496
1501 : 106,736
1502 : 787,900
1503 : 83,162,872
1504 : 95,100
1505 : 71,141,246
1506 : 245,897
1507 : 502,640
1508 : 446,570,591
1509 : 77,157
1510 : 327,689
1511 : 58,886
1512 : 314,518,702
1513 : 294,584
1514 : 67,799,809
1515 : 122,130,379
1516 : 89,992
1517 : 6,110,407,679
1518 : 364,794
1519 : 212,494
1520 : 191,489,597,939
1521 : 82,304
1522 : 42,761
1523 : 81,102,833
1524 : 612,677
1525 : 484,725
1526 : 75,791
1527 : 37,110,299
1528 : 206,683
1529 : 28,82
1530 : 583,674
1531 : 548,557
1532 : 239,875
1533 : 45,192
1534 : 130,309,480,862
1535 : 461,791
1536 : 7,805
1537 : 106,125,839
1538 : 280,462
1539 : 272,761
1540 : 79,219
1541 : 58,216
1542 : 9,425,573
1543 : 33,203,845
1544 : 173,630,936
1545 : 537,617,851
1546 : 596,664,737
1547 : 66,462
1548 : 47,67
1549 : 205,394,841
1550 : 312,322,409
1551 : 319,573
1552 : 64,100,344
1553 : 370,996
1554 : 79,329,384
1555 : 477,838
1556 : 775,858,976
1557 : 304,616
1558 : 515,589
1559 : 19,120,580,751
1560 : 739,849
1561 : 264,513
1562 : 818,980
1563 : 379,563
1564 : 200,376
1565 : 294,659
1566 : 500,880
1567 : 84,354
1568 : 132,191
1569 : 212,540
1570 : 198,860,930
1571 : 482,496,860
1572 : 199,531
1573 : 13,410,639,705
1574 : 393,671
1575 : 221,433,683
1576 : 73,118,259
1577 : 46,201
1578 : 494,516,864,936
1579 : 520,948
1580 : 5,123,656
1581 : 107,464
1582 : 142,178
1583 : 254,407
1584 : 294,327,569,881
1585 : 394,612,876
1586 : 21,60
1587 : 81,358
1588 : 46,869
1589 : 53,415,733,937
1590 : 166,290
1591 : 354,664
1592 : 127,228,977
1593 : 778,983
1594 : 331,340
1595 : 91,179,495
1596 : 205,249
1597 : 16,415
1598 : 284,424,947
1599 : 343,382
1600 : 57,426,693,939
1601 : 455,746
1602 : 597,941
1603 : 123,569
1604 : 48,99
1605 : 100,451,733
1606 : 85,789,832
1607 : 112,353
1608 : 806,854
1609 : 345,570
1610 : 442,670
1611 : 113,184,535,722
1612 : 471,582,762
1613 : 194,325,972
1614 : 145,206,509,750
1615 : 22,753
1616 : 2,79
1617 : 355,551,903
1618 : 672,844
1619 : 313,995
1620 : 295,407,456
1621 : 107,567
1622 : 158,245
1623 : 144,182,252
1624 : 106,153,291,454
1625 : 270,892
1626 : 483,496
1627 : 266,620,780
1628 : 210,556,613
1629 : 446,954
1630 : 93,215,861
1631 : 6,32,371
1632 : 22,163
1633 : 327,634
1634 : 16,271
1635 : 258,631
1636 : 40,823
1637 : 151,735
1638 : 295,385
1639 : 73,513
1640 : 73,380
1641 : 227,363
1642 : 134,568
1643 : 297,793
1644 : 64,561
1645 : 42,399,830
1646 : 32,344
1647 : 149,542,585,908
1648 : 239,461
1649 : 224,405
1650 : 56,216,861
1651 : 454,459
1652 : 128,526,821
1653 : 547,923
1654 : 85,742
1655 : 97,411
1656 : 46,605
1657 : 197,971
1658 : 514,650
1659 : 107,246,464,663
1660 : 634,836
1661 : 305,915
1662 : 68,398
1663 : 190,605,925
1664 : 590,680
1665 : 57,503
1666 : 703,957
1667 : 414,629,788
1668 : 38,764
1669 : 148,287
1670 : 106,407,420
1671 : 265,269,572,597
1672 : 361,601,641
1673 : 87,97,338
1674 : 131,270
1675 : 42,348
1676 : 137,251
1677 : 386,921
1678 : 3,936
1679 : 27,211,335,652
1680 : 123,265,786
1681 : 251,573,888
1682 : 199,291
1683 : 89,188
1684 : 49,755
1685 : 297,398,568,623
1686 : 363,890
1687 : 603,836
1688 : 506,643
1689 : 190,942
1690 : 8,514,764
1691 : 610,831
1692 : 504,900
1693 : 231,655
1694 : 5,435
1695 : 135,298,451,931
1696 : 153,502,637
1697 : 357,915
1698 : 79,355
1699 : 118,143
1700 : 59,621,803
1701 : 12,87,672,847
1702 : 1,430
1703 : 72,364
1704 : 221,284,483,816
1705 : 116,235
1706 : 265,411,760
1707 : 521,584,941
1708 : 199,230,288,915
1709 : 40,250,564,709
1710 : 409,698,851
1711 : 405,800,848
1712 : 552,944
1713 : 112,410
1714 : 136,153,192,218
1715 : 297,524
1716 : 764,940
1717 : 159,913
1718 : 34,360,387
1719 : 52,609
1720 : 89,109,532
1721 : 61,548
1722 : 298,949
1723 : 95,359
1724 : 103,308,570,721
1725 : 108,776,808
1726 : 155,224,244
1727 : 114,136
1728 : 74,311
1729 : 1,752
1730 : 96,277,663
1731 : 148,288,752
1732 : 273,987
1733 : 301,920
1734 : 330,642
1735 : 359,475
1736 : 263,545
1737 : 127,169,611
1738 : 14,916
1739 : 332,821
1740 : 168,297
1741 : 504,684
1742 : 138,139,317,338
1743 : 22,389
1744 : 93,279,487
1745 : 430,550
1746 : 137,222
1747 : 130,434
1748 : 349,430,772
1749 : 479,566
1750 : 750,789,928
1751 : 36,328
1752 : 35,82,352,794
1753 : 67,200
1754 : 97,323,414
1755 : 87,136,437,685
1756 : 86,620
1757 : 690,897
1758 : 551,818,871
1759 : 88,582,762,902
1760 : 18,241
1761 : 22,878
1762 : 369,604,713
1763 : 9,929
1764 : 128,553
1765 : 225,284,934
1766 : 148,328
1767 : 153,736,752
1768 : 636,720
1769 : 110,208
1770 : 75,199
1771 : 377,742
1772 : 617,950
1773 : 56,76,651
1774 : 741,829
1775 : 10,260,741,888
1776 : 607,882
1777 : 270,778
1778 : 72,90,94,748
1779 : 297,727
1780 : 554,792
1781 : 60,144,180,380
1782 : 304,397,478,956
1783 : 278,966
1784 : 59,161,569
1785 : 586,803
1786 : 121,720
1787 : 75,310
1788 : 349,698
1789 : 881,942
1790 : 208,254,556
1791 : 24,804,920
1792 : 365,559
1793 : 47,460,643,873
1794 : 724,956
1795 : 152,918
1796 : 342,667
1797 : 357,648,684
1798 : 18,160,981
1799 : 124,284
1800 : 159,303,431,951
1801 : 83,792
1802 : 300,899
1803 : 56,445
1804 : 199,366
1805 : 11,213,388,486
1806 : 215,314
1807 : 660,678
1808 : 9,347,514,991
1809 : 397,609
1810 : 170,252
1811 : 16,244
1812 : 108,143
1813 : 450,810
1814 : 427,737
1815 : 10,253
1816 : 650,709
1817 : 455,791
1818 : 174,713,907
1819 : 63,845
1820 : 39,85,425
1821 : 216,667
1822 : 214,411,691
1823 : 130,387
1824 : 219,731
1825 : 4,523,828,858
1826 : 71,220
1827 : 6,263,685
1828 : 1,257,383
1829 : 308,633
1830 : 26,940
1831 : 254,615,953
1832 : 89,685
1833 : 131,234
1834 : 15,363,388
1835 : 67,888
1836 : 33,266
1837 : 121,318
1838 : 103,232,401,820
1839 : 11,15
1840 : 156,853
1841 : 192,458,829
1842 : 173,299
1843 : 973,989
1844 : 181,484,599,627
1845 : 786,884
1846 : 565,920
1847 : 528,771,911
1848 : 69,112,501
1849 : 279,860
1850 : 588,749
1851 : 74,306
1852 : 635,805,997
1853 : 83,347,810
1854 : 52,147,616,729
1855 : 193,263
1856 : 465,472
1857 : 487,834
1858 : 488,773
1859 : 369,552
1860 : 13,159
1861 : 182,796
1862 : 306,759
1863 : 408,833
1864 : 1,128,638,721
1865 : 263,561
1866 : 11,41,120
1867 : 145,406
1868 : 98,457
1869 : 141,225,391
1870 : 198,515,606,810
1871 : 60,327,431
1872 : 33,94,815
1873 : 34,415
1874 : 4,580,598,917
1875 : 4,922
1876 : 555,855
1877 : 348,693
1878 : 176,322
1879 : 86,359,503
1880 : 29,861
1881 : 207,931
1882 : 138,275
1883 : 231,871
1884 : 77,526
1885 : 439,647
1886 : 33,46,77,528
1887 : 228,264
1888 : 56,361
1889 : 333,626
1890 : 27,452,631
1891 : 111,239,303
1892 : 121,255,298
1893 : 296,332
1894 : 319,452
1895 : 116,454
1896 : 34,424
1897 : 24,38
1898 : 402,553
1899 : 135,337
1900 : 126,187
1901 : 8,211,780
1902 : 133,203,506
1903 : 557,626,679
1904 : 121,181
1905 : 576,935
1906 : 35,274,389
1907 : 185,561
1908 : 76,228
1909 : 493,896
1910 : 4,23,506
1911 : 75,82
1912 : 258,271
1913 : 164,421
1914 : 24,546
1915 : 59,454
1916 : 537,631
1917 : 226,839
1918 : 115,892
1919 : 70,344
1920 : 136,328,692
1921 : 467,554,869,969
1922 : 34,413,566,890
1923 : 614,922
1924 : 243,894
1925 : 436,449,903
1926 : 267,418,707,755
1927 : 147,341,948
1928 : 163,236
1929 : 129,192,278,519
1930 : 250,285
1931 : 562,944
1932 : 10,280,852
1933 : 23,356,882
1934 : 623,798
1935 : 536,661
1936 : 138,198,296,846
1937 : 76,145,259
1938 : 53,621,683
1939 : 103,277,494
1940 : 140,217,222
1941 : 213,355
1942 : 641,880
1943 : 268,438
1944 : 269,372,857
1945 : 481,753
1946 : 668,998
1947 : 231,290
1948 : 289,594,933
1949 : 20,606
1950 : 27,926
1951 : 109,359,396,797
1952 : 23,74,160,171
1953 : 120,641
1954 : 31,799
1955 : 175,946
1956 : 349,715,838
1957 : 579,886
1958 : 348,544,688
1959 : 38,968
1960 : 62,680
1961 : 305,435
1962 : 171,222,730
1963 : 833,898
1964 : 525,730
1965 : 526,558
1966 : 457,710
1967 : 100,148
1968 : 412,434,654
1969 : 477,622
1970 : 65,70
1971 : 144,256
1972 : 661,899
1973 : 36,96
1974 : 69,386
1975 : 109,146,152
1976 : 276,756
1977 : 378,458
1978 : 2,45,46
1979 : 240,637
1980 : 334,878
1981 : 316,882,975,982
1982 : 412,507
1983 : 30,41,68,877
1984 : 28,39,100,114
1985 : 526,970
1986 : 5,633
1987 : 44,475
1988 : 123,165
1989 : 247,501
1990 : 74,184
1991 : 99,565
1992 : 221,355
1993 : 375,719,932
1994 : 50,478
1995 : 788,852
1996 : 543,663
1997 : 162,404
1998 : 587,617
1999 : 432,636
2000 : 143,235,350,423
2001 : 124,903
2002 : 723,763
2003 : 8,214,250,324
2004 : 331,390
2005 : 48,51
2006 : 102,765
2007 : 285,292,613
2008 : 426,801,945
2009 : 16,78,443,813
2010 : 112,256,949,993
2011 : 351,492
2012 : 243,649,709
2013 : 286,375
2014 : 911,968
2015 : 145,394,417,448
2016 : 204,317,490,780
2017 : 62,520
2018 : 356,787
2019 : 9,93,184
2020 : 576,863
2021 : 206,649
2022 : 58,200,795
2023 : 486,965
2024 : 201,994
2025 : 205,618
2026 : 189,220
2027 : 122,226,299,807
2028 : 51,960
2029 : 3,336,439
2030 : 327,469,714,854
2031 : 975,986
2032 : 45,169
2033 : 93,138
2034 : 16,123,235
2035 : 60,935
2036 : 237,959
2037 : 388,724
2038 : 596,853
2039 : 204,441
2040 : 57,216
2041 : 55,880
2042 : 81,594
2043 : 126,535,802
2044 : 71,628
2045 : 422,616
2046 : 36,71
2047 : 153,859
2048 : 47,387
2049 : 14,482
2050 : 487,788
2051 : 88,450
2052 : 82,672,905
2053 : 346,417
2054 : 11,16,798
2055 : 555,850
2056 : 79,330
2057 : 70,652
2058 : 49,239
2059 : 17,80
2060 : 579,777
2061 : 190,426,584
2062 : 189,607
2063 : 650,971
2064 : 441,453,883,999
2065 : 7,129
2066 : 155,977,997
2067 : 168,863
2068 : 93,522
2069 : 812,968
2070 : 74,296
2071 : 402,531
2072 : 58,376,667,984
2073 : 646,679
2074 : 36,956
2075 : 144,182,694
2076 : 401,967
2077 : 291,371
2078 : 196,413
2079 : 435,681
2080 : 119,951
2081 : 78,187,350,865
2082 : 74,274,442
2083 : 367,390,487,693
2084 : 151,184,376,712
2085 : 342,808
2086 : 212,893
2087 : 443,695,740
2088 : 45,144,159,562
2089 : 151,856
2090 : 187,526
2091 : 62,122,381,859
2092 : 101,875
2093 : 218,279
2094 : 718,815
2095 : 127,470,473,946
2096 : 108,771
2097 : 193,625,685
2098 : 236,254
2099 : 76,510
2100 : 218,860
2101 : 88,115,845
2102 : 263,304
2103 : 351,729
2104 : 462,941,999
2105 : 355,386
2106 : 242,885
2107 : 165,740
2108 : 414,515
2109 : 73,413,513
2110 : 44,74
2111 : 217,390
2112 : 155,228,719,899
2113 : 115,131,241
2114 : 284,934
2115 : 31,815
2116 : 176,247
2117 : 104,275,825
2118 : 200,211
2119 : 590,912,938
2120 : 245,286
2121 : 387,904
2122 : 130,614
2123 : 135,545
2124 : 308,337
2125 : 59,68,72,539
2126 : 338,450
2127 : 19,69,248,260
2128 : 141,383
2129 : 337,671
2130 : 67,766
2131 : 250,606
2132 : 173,553,559
2133 : 156,177,397,692
2134 : 619,765
2135 : 281,525,924
2136 : 52,472
2137 : 196,219,228,890
2138 : 262,382
2139 : 3,6,185
2140 : 164,384
2141 : 256,586
2142 : 88,624,848
2143 : 31,579,610
2144 : 822,990
2145 : 12,552
2146 : 139,653
2147 : 98,324
2148 : 227,245
2149 : 488,534,541
2150 : 68,267
2151 : 142,361,395,858
2152 : 233,307
2153 : 222,913
2154 : 104,691
2155 : 155,909
2156 : 29,378,474
2157 : 170,226,379
2158 : 111,291,532
2159 : 124,483,665,978
2160 : 158,283
2161 : 222,226,656
2162 : 161,363
2163 : 206,373
2164 : 309,447,564
2165 : 140,320,509,673
2166 : 99,421
2167 : 202,679
2168 : 274,741
2169 : 185,652,849
2170 : 70,77
2171 : 188,425,534,560
2172 : 149,268,548
2173 : 18,893
2174 : 54,676,732,804
2175 : 23,317,528
2176 : 150,196
2177 : 38,79
2178 : 193,484
2179 : 77,675,716
2180 : 77,340
2181 : 188,235
2182 : 480,991
2183 : 136,677,707,735
2184 : 492,524,840
2185 : 161,901
2186 : 36,50,385
2187 : 133,784,880
2188 : 302,771,966
2189 : 15,66,436
2190 : 204,824
2191 : 91,210
2192 : 469,927
2193 : 111,441
2194 : 8,125,265
2195 : 457,703
2196 : 160,333
2197 : 468,560,695
2198 : 122,140,456
2199 : 426,548,749,870
2200 : 50,931
2201 : 86,629
2202 : 394,425
2203 : 78,892
2204 : 304,371,599
2205 : 26,212,478,935
2206 : 79,408
2207 : 185,596,648
2208 : 445,843,953
2209 : 188,444,560,928
2210 : 191,682
2211 : 299,430
2212 : 814,889
2213 : 538,798
2214 : 21,560
2215 : 588,774,788
2216 : 315,534
2217 : 155,867,905
2218 : 248,352,399,438
2219 : 481,489
2220 : 946,952
2221 : 128,153,181,338
2222 : 66,142,656
2223 : 109,987
2224 : 101,334
2225 : 238,457,630
2226 : 215,949
2227 : 914,923
2228 : 33,592,630
2229 : 166,289,883
2230 : 186,983
2231 : 211,442,603,796
2232 : 42,422
2233 : 7,15
2234 : 702,747
2235 : 17,75,707,802
2236 : 360,700
2237 : 288,590,987
2238 : 531,678,965
2239 : 205,255,592
2240 : 531,964
2241 : 208,733,943
2242 : 335,615
2243 : 3,232
2244 : 172,757
2245 : 162,552
2246 : 215,219
2247 : 146,466
2248 : 264,518,866
2249 : 236,648
2250 : 189,232,285,383
2251 : 21,26,431,517
2252 : 76,365
2253 : 482,754,850
2254 : 154,857
2255 : 119,186,227
2256 : 490,600
2257 : 61,311
2258 : 32,505
2259 : 118,784,891
2260 : 58,83,485
2261 : 178,811
2262 : 146,285,912
2263 : 150,444,814
2264 : 223,749,881
2265 : 618,951
2266 : 14,453
2267 : 143,178
2268 : 512,992
2269 : 240,484
2270 : 293,413
2271 : 287,727
2272 : 32,615
2273 : 60,405
2274 : 170,224
2275 : 133,343
2276 : 80,164,256
2277 : 661,975
2278 : 300,704
2279 : 48,425
2280 : 47,303
2281 : 343,507,665
2282 : 221,368
2283 : 135,298
2284 : 374,611
2285 : 393,681,839
2286 : 21,840
2287 : 12,28,54
2288 : 228,375,618
2289 : 314,361,412
2290 : 15,966
2291 : 233,842
2292 : 581,930
2293 : 1,75,255
2294 : 29,712,919
2295 : 61,787,904
2296 : 132,435,595
2297 : 8,209
2298 : 170,773
2299 : 52,393
2300 : 372,852
2301 : 566,961
2302 : 23,352,916
2303 : 125,766,837
2304 : 237,345
2305 : 2,226
2306 : 162,273
2307 : 460,714
2308 : 177,697,906
2309 : 699,881
2310 : 372,491,760
2311 : 697,790
2312 : 13,432
2313 : 85,315,386,841
2314 : 574,743
2315 : 64,609
2316 : 353,645
2317 : 108,513
2318 : 46,303,614,726
2319 : 38,72,377,446
2320 : 277,339
2321 : 419,774
2322 : 51,112
2323 : 66,72,152
2324 : 42,218,223,732
2325 : 127,293
2326 : 133,427
2327 : 113,197,554
2328 : 295,422,448
2329 : 151,275,282
2330 : 112,314
2331 : 127,858
2332 : 141,299,439,464
2333 : 29,605
2334 : 84,107,202,257
2335 : 150,245,546
2336 : 17,797
2337 : 365,505
2338 : 564,595
2339 : 2,689
2340 : 201,431,470,474
2341 : 928,975
2342 : 313,530
2343 : 24,26,863,924
2344 : 533,614
2345 : 393,640
2346 : 426,544
2347 : 99,384,913
2348 : 508,659
2349 : 235,436
2350 : 156,257,791,947
2351 : 4,303,503
2352 : 353,811,955
2353 : 322,440
2354 : 342,834
2355 : 620,728
2356 : 42,970
2357 : 82,158,273,531
2358 : 96,382
2359 : 362,819
2360 : 22,545,710
2361 : 410,424
2362 : 276,967
2363 : 424,492
2364 : 24,398,519
2365 : 35,608,989
2366 : 580,691
2367 : 600,756
2368 : 47,853
2369 : 31,94
2370 : 167,587
2371 : 25,700
2372 : 79,85,569,581
2373 : 297,705
2374 : 106,360
2375 : 54,366,765
2376 : 315,923
2377 : 197,348
2378 : 101,365
2379 : 44,682,689
2380 : 95,229,457
2381 : 216,253
2382 : 54,139,183
2383 : 15,252
2384 : 660,763
2385 : 176,186,474
2386 : 3,189
2387 : 266,951
2388 : 416,538
2389 : 37,50
2390 : 360,676
2391 : 727,897
2392 : 45,551,814,830
2393 : 729,889
2394 : 547,616,662
2395 : 149,563,602
2396 : 115,583,932
2397 : 213,738
2398 : 64,326,868
2399 : 38,874
2400 : 31,979
2401 : 167,368
2402 : 171,763
2403 : 229,300
2404 : 12,542,765
2405 : 80,193,257,362
2406 : 330,748
2407 : 673,722
2408 : 537,549
2409 : 285,578
2410 : 24,664
2411 : 240,632
2412 : 163,706,898
2413 : 168,611
2414 : 120,318
2415 : 32,37,396
2416 : 90,360
2417 : 381,451
2418 : 70,706,973
2419 : 672,808,832,931
2420 : 272,993
2421 : 132,223
2422 : 63,716
2423 : 264,401,612
2424 : 28,54
2425 : 394,488
2426 : 12,36,243,728
2427 : 682,855
2428 : 44,319
2429 : 280,466,608
2430 : 103,655
2431 : 31,673,978
2432 : 27,984
2433 : 91,181,193
2434 : 514,982
2435 : 268,515,721
2436 : 244,282
2437 : 71,276
2438 : 145,407,448
2439 : 313,342,608
2440 : 98,147
2441 : 300,382
2442 : 213,705
2443 : 108,249
2444 : 50,144,824
2445 : 486,546,781
2446 : 30,726
2447 : 385,489
2448 : 534,722
2449 : 508,998
2450 : 286,510
2451 : 280,781,958
2452 : 565,778
2453 : 85,227
2454 : 230,855
2455 : 102,122,387
2456 : 78,332,924
2457 : 29,211
2458 : 96,516,817
2459 : 195,238,728,842
2460 : 55,466
2461 : 127,747
2462 : 188,224,370,582
2463 : 44,77
2464 : 48,283,878
2465 : 210,444
2466 : 86,195,305
2467 : 12,238,543
2468 : 817,937
2469 : 524,539
2470 : 25,613
2471 : 142,161
2472 : 28,289
2473 : 743,763
2474 : 445,902
2475 : 47,91,302,386
2476 : 417,651
2477 : 185,808
2478 : 203,617
2479 : 183,598
2480 : 65,289
2481 : 27,910
2482 : 97,129,175
2483 : 48,66,257,678
2484 : 593,637
2485 : 449,586
2486 : 251,529,978
2487 : 13,539
2488 : 306,411
2489 : 315,812
2490 : 225,365,636
2491 : 116,675,982,990
2492 : 523,990
2493 : 219,676,906
2494 : 76,143,895
2495 : 545,831
2496 : 207,208
2497 : 532,818
2498 : 93,139,382,477
2499 : 41,784,864
2500 : 670,971
2501 : 74,527,617
2502 : 227,503
2503 : 52,453
2504 : 506,752
2505 : 8,242
2506 : 295,756
2507 : 22,490,585
2508 : 356,429,917
2509 : 152,169,345,870
2510 : 19,72,563
2511 : 472,753
2512 : 52,872
2513 : 465,994
2514 : 128,357
2515 : 377,480,508
2516 : 87,397,838
2517 : 265,323,340
2518 : 452,558,564,598
2519 : 61,643,657
2520 : 49,236,542
2521 : 337,848
2522 : 139,295,339,944
2523 : 3,109,381
2524 : 178,279,895
2525 : 44,88,157,416
2526 : 2,750
2527 : 423,666,669,867
2528 : 15,120,486
2529 : 504,825
2530 : 212,731
2531 : 29,105,191,734
2532 : 356,644,754,972
2533 : 199,493
2534 : 319,873
2535 : 201,485
2536 : 4,7,404
2537 : 231,933
2538 : 642,657,665
2539 : 253,654
2540 : 119,131,876
2541 : 115,127
2542 : 157,972
2543 : 512,898,981
2544 : 432,593,625
2545 : 220,676
2546 : 621,816
2547 : 30,356
2548 : 165,865
2549 : 20,131,311,378
2550 : 154,159,287
2551 : 401,647,866
2552 : 326,388,402,509
2553 : 2,361,375
2554 : 14,579
2555 : 126,247,342,718
2556 : 92,95,404
2557 : 421,793
2558 : 102,111,428
2559 : 391,418,539,816
2560 : 7,10,759
2561 : 90,148,309,613
2562 : 51,618
2563 : 35,264
2564 : 14,588
2565 : 583,937
2566 : 101,349
2567 : 196,793
2568 : 363,986
2569 : 416,529,712
2570 : 311,837,900
2571 : 167,988
2572 : 54,435,987
2573 : 187,826
2574 : 52,567
2575 : 31,342
2576 : 311,499,850
2577 : 268,886,926
2578 : 321,346
2579 : 131,136,212
2580 : 557,797
2581 : 219,506,800
2582 : 43,142,364,418
2583 : 129,187
2584 : 171,750
2585 : 90,868
2586 : 499,828,869
2587 : 21,803
2588 : 1,491
2589 : 70,455
2590 : 305,392
2591 : 624,718,822
2592 : 380,973
2593 : 25,371,432,607
2594 : 156,884,888
2595 : 5,71,715
2596 : 918,932
2597 : 455,559
2598 : 451,767
2599 : 51,66,116
2600 : 98,189
2601 : 102,653
2602 : 571,724
2603 : 12,533,827
2604 : 124,415,453
2605 : 373,719
2606 : 202,599,981
2607 : 240,703
2608 : 941,984
2609 : 127,182
2610 : 540,800
2611 : 113,248
2612 : 210,226,804
2613 : 280,832
2614 : 417,674
2615 : 217,783
2616 : 331,819
2617 : 687,695,883,974
2618 : 238,458,638
2619 : 77,214
2620 : 338,527,644
2621 : 497,894
2622 : 63,292,870
2623 : 205,955
2624 : 51,119
2625 : 288,596
2626 : 490,948
2627 : 266,514
2628 : 94,631
2629 : 119,214,997
2630 : 17,122,208,371
2631 : 261,417
2632 : 13,568
2633 : 101,367,403
2634 : 39,887
2635 : 288,385
2636 : 172,262,420,575
2637 : 350,536
2638 : 427,952
2639 : 206,433,779
2640 : 326,489,883
2641 : 373,694
2642 : 98,680,859
2643 : 179,428
2644 : 525,776
2645 : 73,745
2646 : 182,965
2647 : 67,558
2648 : 98,620
2649 : 499,588
2650 : 33,442
2651 : 109,170
2652 : 38,56
2653 : 117,891,917
2654 : 202,349,785
2655 : 178,565
2656 : 754,760
2657 : 110,592
2658 : 283,536
2659 : 290,468
2660 : 118,731
2661 : 292,328,329
2662 : 117,544
2663 : 498,758
2664 : 183,266,403,734
2665 : 329,511
2666 : 237,696
2667 : 34,361
2668 : 233,254,281,466
2669 : 299,428
2670 : 177,577
2671 : 381,559
2672 : 25,465,484,577
2673 : 25,447,707
2674 : 282,465,653
2675 : 567,915
2676 : 418,730
2677 : 167,317
2678 : 208,336,686,807
2679 : 508,761
2680 : 14,46,183,324
2681 : 249,418
2682 : 196,443
2683 : 699,770
2684 : 42,193,200
2685 : 11,215
2686 : 11,195,242,253
2687 : 184,605
2688 : 22,111,300
2689 : 564,589
2690 : 130,521,668,916
2691 : 496,572,865,896
2692 : 143,314
2693 : 33,175
2694 : 294,595
2695 : 510,702
2696 : 7,117,419,587
2697 : 142,215,525
2698 : 57,322,953
2699 : 479,696,804
2700 : 116,395
2701 : 8,368
2702 : 325,335,508,805
2703 : 294,325
2704 : 92,393
2705 : 392,964
2706 : 186,976
2707 : 504,748
2708 : 715,818
2709 : 354,593,622
2710 : 114,625,736
2711 : 591,641
2712 : 118,623
2713 : 293,525,793
2714 : 6,145,476
2715 : 485,910
2716 : 234,248
2717 : 545,732,908
2718 : 332,498,870
2719 : 229,339
2720 : 89,121
2721 : 202,326
2722 : 180,495,603
2723 : 125,176,786
2724 : 4,286
2725 : 40,445,520,599
2726 : 90,195,497
2727 : 210,775
2728 : 237,546
2729 : 272,503
2730 : 36,92
2731 : 114,147,177
2732 : 15,181,505
2733 : 171,224,252
2734 : 12,69,547,889
2735 : 749,856
2736 : 174,328
2737 : 23,850
2738 : 129,180
2739 : 179,603
2740 : 202,713
2741 : 3,5
2742 : 595,847,934
2743 : 387,624
2744 : 154,178
2745 : 530,576,835
2746 : 313,986
2747 : 124,1000
2748 : 260,785
2749 : 37,141,147
2750 : 209,993
2751 : 137,149,302,996
2752 : 80,697,819
2753 : 136,287,429
2754 : 759,785
2755 : 58,675,830
2756 : 420,577
2757 : 124,237
2758 : 316,376
2759 : 35,278,677,876
2760 : 337,604
2761 : 66,988
2762 : 21,608,1000
2763 : 211,291,436,441
2764 : 229,276
2765 : 66,314,330,398
2766 : 77,372
2767 : 10,63,759,927
2768 : 328,607
2769 : 254,366
2770 : 92,341
2771 : 737,970
2772 : 666,727
2773 : 17,80,189
2774 : 259,524,938
2775 : 169,224,837
2776 : 198,527,605
2777 : 90,204,613
2778 : 368,495
2779 : 166,963
2780 : 277,753
2781 : 319,714
2782 : 450,475,515
2783 : 274,325,347,475
2784 : 201,399,440,854
2785 : 37,229,239
2786 : 105,835,862
2787 : 101,543
2788 : 62,204
2789 : 11,541
2790 : 336,700
2791 : 34,502,940
2792 : 51,848
2793 : 42,68,574
2794 : 479,744
2795 : 158,476
2796 : 154,350,406,740
2797 : 170,561,921
2798 : 523,701,929
2799 : 405,523
2800 : 95,238,627
2801 : 143,261,813
2802 : 25,812,873,947
2803 : 238,725
2804 : 172,600,806
2805 : 293,823,867
2806 : 19,760
2807 : 75,464,550,736
2808 : 360,720
2809 : 375,778,891,921
2810 : 135,160
2811 : 62,140
2812 : 331,411
2813 : 461,662
2814 : 62,346,404
2815 : 169,315,602
2816 : 230,952
2817 : 83,179
2818 : 635,780
2819 : 238,308
2820 : 227,267,280
2821 : 470,544
2822 : 4,809,831
2823 : 111,898,943
2824 : 9,176,198
2825 : 48,259
2826 : 242,409,854
2827 : 427,439,786
2828 : 346,474
2829 : 575,578
2830 : 94,194,946
2831 : 7,172,658
2832 : 283,507
2833 : 53,471,644
2834 : 454,666
2835 : 319,942
2836 : 112,302
2837 : 9,463
2838 : 204,220
2839 : 69,123,301,895
2840 : 179,809
2841 : 390,566,995
2842 : 165,581,887
2843 : 65,577
2844 : 195,291
2845 : 43,235,245,259
2846 : 757,963
2847 : 94,522
2848 : 98,779,825
2849 : 602,649
2850 : 140,234,463,595
2851 : 574,817
2852 : 501,621,930
2853 : 35,53,55
2854 : 118,267
2855 : 64,833
2856 : 357,491
2857 : 56,186
2858 : 145,410,768
2859 : 104,223,329,642
2860 : 125,332,429,500
2861 : 364,649
2862 : 150,363,983
2863 : 39,896
2864 : 70,557
2865 : 78,935
2866 : 65,172,243
2867 : 298,871
2868 : 316,573
2869 : 35,574,988
2870 : 158,256,639
2871 : 146,290,502,959
2872 : 6,844
2873 : 27,44
2874 : 17,173,174,404
2875 : 23,55,164
2876 : 10,74
2877 : 321,414
2878 : 10,253,419
2879 : 110,183,823,954
2880 : 336,814
2881 : 165,351
2882 : 856,909
2883 : 282,368
2884 : 593,710,819
2885 : 81,146,300,354
2886 : 146,262
2887 : 384,742
2888 : 47,105
2889 : 62,95,265
2890 : 129,251,330,438
2891 : 21,779
2892 : 591,937
2893 : 479,540,978
2894 : 171,394,847,938
2895 : 59,379
2896 : 206,677
2897 : 38,901,918
2898 : 151,467
2899 : 96,110
2900 : 218,886
2901 : 119,169,547,961
2902 : 622,825,826
2903 : 367,994
2904 : 378,636,923
2905 : 128,240
2906 : 502,945
2907 : 384,541
2908 : 836,922
2909 : 217,309,372
2910 : 370,586
2911 : 150,733
2912 : 180,747
2913 : 73,270,892
2914 : 252,345
2915 : 26,64,591,610
2916 : 50,604
2917 : 115,241,977
2918 : 4,40,579,668
2919 : 91,168
2920 : 90,114
2921 : 2,516,569,909
2922 : 34,60,226,261
2923 : 209,241
2924 : 184,716
2925 : 460,463,806
2926 : 20,272
2927 : 19,682
2928 : 313,827
2929 : 23,175,761
2930 : 324,390,529,748
2931 : 660,999
2932 : 29,248
2933 : 17,164,692
2934 : 55,628
2935 : 61,722
2936 : 41,209,459,904
2937 : 209,988
2938 : 518,989
2939 : 121,567
2940 : 189,204,626,844
2941 : 717,745
2942 : 53,186
2943 : 492,547
2944 : 21,421
2945 : 521,711
2946 : 242,549
2947 : 132,440,929
2948 : 99,205
2949 : 234,522
2950 : 10,846
2951 : 207,907
2952 : 286,874
2953 : 150,468
2954 : 374,801
2955 : 126,209,909,982
2956 : 270,494
2957 : 43,235,924
2958 : 393,599
2959 : 88,480
2960 : 575,927
2961 : 783,877
2962 : 241,602
2963 : 146,746
2964 : 406,597,950
2965 : 63,72,446
2966 : 130,701
2967 : 30,522
2968 : 191,343
2969 : 350,714
2970 : 278,353,488,958
2971 : 147,277
2972 : 37,61,139
2973 : 473,494,594
2974 : 108,182
2975 : 41,459
2976 : 86,91,119
2977 : 389,957
2978 : 278,549,581
2979 : 68,446,638,913
2980 : 34,72,351,398
2981 : 272,537,939
2982 : 290,307
2983 : 30,31,416
2984 : 661,997
2985 : 188,911
2986 : 224,322,375,518
2987 : 359,428,585
2988 : 196,730
2989 : 279,485,536
2990 : 11,134
2991 : 262,845
2992 : 87,304
2993 : 125,133,403,522
2994 : 60,118,510,566
2995 : 205,448
2996 : 423,940
2997 : 126,275,521
2998 : 95,122
2999 : 116,213,775,995
3000 : 182,232
3001 : 320,571
3002 : 45,406
3003 : 75,220
3004 : 69,377,887
3005 : 14,83,352,555
3006 : 40,97
3007 : 141,609
3008 : 334,429
3009 : 233,633,981
3010 : 323,331,910,939
3011 : 37,203,463
3012 : 114,640
3013 : 138,734,783
3014 : 367,392
3015 : 339,358
3016 : 148,698
3017 : 320,389
3018 : 68,694
3019 : 30,203
3020 : 696,960
3021 : 22,334,578,645
3022 : 622,713
3023 : 542,629
3024 : 17,59,170,612
3025 : 40,470
3026 : 5,308,369,720
3027 : 7,589
3028 : 6,807
3029 : 52,139
3030 : 513,669
3031 : 68,210,438,958
3032 : 370,887
3033 : 20,194,200,785
3034 : 40,504,687,882
3035 : 174,383,801
3036 : 104,419
3037 : 344,698
3038 : 252,421
3039 : 114,198,301
3040 : 146,207
3041 : 53,601
3042 : 69,108
3043 : 295,530,773
3044 : 21,63,952
3045 : 587,654,688
3046 : 438,463
3047 : 341,429
3048 : 35,743
3049 : 589,667
3050 : 71,957
3051 : 195,207,757
3052 : 100,341,391,625
3053 : 66,246,308,362
3054 : 81,497
3055 : 131,241
3056 : 175,496
3057 : 467,792
3058 : 102,105,323,766
3059 : 47,167,897
3060 : 97,201,317,442
3061 : 73,175
3062 : 281,657
3063 : 380,639
3064 : 142,261
3065 : 20,268
3066 : 91,758
3067 : 45,244,471
3068 : 93,822
3069 : 309,312
3070 : 219,678
3071 : 511,815
3072 : 70,289,399,512
3073 : 140,473
3074 : 159,180,241
3075 : 15,24,159,874
3076 : 183,790
3077 : 96,307,706,979
3078 : 55,249
3079 : 138,584,699,716
3080 : 271,556
3081 : 168,578,739
3082 : 101,400
3083 : 693,744
3084 : 214,260,311
3085 : 154,267
3086 : 230,821
3087 : 556,879
3088 : 373,877
3089 : 59,731
3090 : 173,628
3091 : 86,550,662
3092 : 117,634
3093 : 56,152,799,840
3094 : 14,122,194
3095 : 217,969
3096 : 7,270,370
3097 : 28,102
3098 : 47,331,409
3099 : 285,320,619
3100 : 41,436
3101 : 26,43,152,835
3102 : 472,824
3103 : 325,480
3104 : 67,734
3105 : 381,795
3106 : 412,809
3107 : 281,283,772
3108 : 44,555
3109 : 6,367
3110 : 729,766,971
3111 : 195,655,932,964
3112 : 163,497
3113 : 30,689
3114 : 684,992
3115 : 181,632
3116 : 84,148,757
3117 : 580,828
3118 : 19,555
3119 : 237,744
3120 : 233,323,553,557
3121 : 135,893
3122 : 75,148,173,333
3123 : 155,350
3124 : 301,443
3125 : 91,380
3126 : 218,554,709
3127 : 175,194
3128 : 99,920
3129 : 208,362,842,948
3130 : 214,266
3131 : 44,990
3132 : 179,688
3133 : 79,583
3134 : 48,800
3135 : 197,587
3136 : 864,973
3137 : 31,507
3138 : 156,385
3139 : 400,620
3140 : 39,62
3141 : 145,621
3142 : 222,764,773
3143 : 25,111
3144 : 269,275
3145 : 638,772
3146 : 231,571,772
3147 : 347,567
3148 : 80,964
3149 : 9,27,158,462
3150 : 117,549
3151 : 43,623,738
3152 : 260,962,969
3153 : 343,726
3154 : 372,376
3155 : 126,321
3156 : 671,936
3157 : 17,879,994
3158 : 321,836
3159 : 246,493
3160 : 52,95,696
3161 : 39,385
3162 : 97,253
3163 : 65,271,477,478
3164 : 65,347,610,871
3165 : 10,452
3166 : 281,500,541,582
3167 : 104,544,754
3168 : 346,352,528,740
3169 : 1,236
3170 : 115,918
3171 : 444,476,902,993
3172 : 126,309,770
3173 : 58,220,341,627
3174 : 769,974
3175 : 6,25,147
3176 : 651,660
3177 : 272,409
3178 : 218,251
3179 : 684,849
3180 : 56,117,705
3181 : 239,326,333,735
3182 : 441,847
3183 : 364,370,874,930
3184 : 269,751
3185 : 56,134,144,168
3186 : 132,777
3187 : 85,124,519,884
3188 : 46,84,456
3189 : 562,591,929
3190 : 12,100,592
3191 : 340,823
3192 : 113,434
3193 : 699,774
3194 : 229,592,600
3195 : 200,499
3196 : 104,324
3197 : 65,945
3198 : 160,505
3199 : 1,357
3200 : 180,471
3201 : 18,345
3202 : 149,651
3203 : 258,491
3204 : 37,231
3205 : 755,908
3206 : 233,653,817
3207 : 167,269
3208 : 88,129
3209 : 92,767
3210 : 36,135
3211 : 738,787,919
3212 : 469,889
3213 : 53,60
