1001 : 414,648
1002 : 550,815
1003 : 6,738
1004 : 48,55,198
1005 : 71,80,207,690
1006 : 31,353
1007 : 384,620
1008 : 643,701
1009 : 521,875
1010 : 76,91,888
1011 : 106,255
1012 : 420,747
1013 : 440,546
1014 : 82,95,220,286
1015 : 194,817
1016 : 119,334,701,887
1017 : 47,365
1018 : 450,710,998
1019 : 6,403
1020 : 221,673
1021 : 240,898
1022 : 596,645
1023 : 268,462
1024 : 135,312
1025 : 215,703
1026 : 181,656
1027 : 8,224,826
1028 : 527,570
1029 : 47,343,503,535
1030 : 440,742,860
1031 : 40,542
1032 : 239,427,465,714
1033 : 298,748,975
1034 : 96,127
1035 : 41,422,524
1036 : 628,781
1037 : 25,371,925
1038 : 236,430,789
1039 : 201,808,866
1040 : 168,690,847
1041 : 86,122,639
1042 : 161,507
1043 : 78,162,618
1044 : 349,489
1045 : 456,727,773
1046 : 539,642
1047 : 86,217
1048 : 378,485
1049 : 427,924
1050 : 62,241
1051 : 601,987
1052 : 149,560
1053 : 433,576
1054 : 46,830
1055 : 72,76
1056 : 64,342,911
1057 : 538,757
1058 : 65,646,678,723
1059 : 511,897
1060 : 347,369,654
1061 : 22,229,566,1000
1062 : 475,897
1063 : 127,595,621
1064 : 254,734
1065 : 243,605
1066 : 35,363
1067 : 51,768
1068 : 209,890
1069 : 52,175,373
1070 : 361,460,675
1071 : 291,345,596
1072 : 25,203
1073 : 865,891
1074 : 543,908
1075 : 376,949
1076 : 27,170,331,778
1077 : 147,576
1078 : 168,355,660
1079 : 244,285,627,814
1080 : 19,92,376,495
1081 : 130,169,420
1082 : 573,619,917
1083 : 173,200,545
1084 : 177,470
1085 : 11,154,206,349
1086 : 10,152
1087 : 53,812
1088 : 211,498
1089 : 311,668
1090 : 189,804
1091 : 212,539
1092 : 507,982
1093 : 39,113,932
1094 : 823,999
1095 : 70,358,363
1096 : 188,854
1097 : 90,613
1098 : 311,693,886
1099 : 697,907
1100 : 248,975
1101 : 46,310
1102 : 21,128,151,387
1103 : 235,458
1104 : 153,563
1105 : 269,439
1106 : 18,155,503
1107 : 125,340
1108 : 225,343
1109 : 322,439
1110 : 272,416,898
1111 : 606,877
1112 : 520,985
1113 : 112,487,910
1114 : 195,197
1115 : 252,641
1116 : 83,364,526
1117 : 212,709,755,998
1118 : 31,300
1119 : 1,919
1120 : 336,357
1121 : 497,859
1122 : 25,470,700,907
1123 : 638,943
1124 : 133,155,241,296
1125 : 108,252
1126 : 94,100
1127 : 77,120
1128 : 172,478,904
1129 : 10,38,925
1130 : 36,749
1131 : 28,36,146
1132 : 100,233
1133 : 663,923
1134 : 666,988
1135 : 200,898
1136 : 569,947
1137 : 181,803,805
1138 : 129,221
1139 : 78,149
1140 : 42,203,398,507
1141 : 51,952
1142 : 281,690,767
1143 : 567,661
1144 : 139,432,839
1145 : 213,577,625
1146 : 258,282,343,773
1147 : 297,402
1148 : 4,790
1149 : 23,353,554
1150 : 72,687
1151 : 87,431
1152 : 81,614,624
1153 : 89,98
1154 : 63,549
1155 : 13,81,378
1156 : 99,486
1157 : 190,369
1158 : 155,349
1159 : 1,479
1160 : 234,290,599
1161 : 182,235,348,741
1162 : 8,816
1163 : 56,159,388,727
1164 : 410,994
1165 : 203,501
1166 : 510,765
1167 : 578,902
1168 : 471,739
1169 : 254,399,489,695
1170 : 186,558,947,988
1171 : 14,533
1172 : 72,150,651
1173 : 355,982
1174 : 242,318,484,545
1175 : 760,936
1176 : 412,554
1177 : 588,600,604
1178 : 191,466,972
1179 : 421,436,912,914
1180 : 331,919,931,942
1181 : 333,401,982
1182 : 138,347,769,979
1183 : 111,295,450,719
1184 : 22,862
1185 : 156,218
1186 : 17,103,395
1187 : 205,208,357,687
1188 : 34,350,893
1189 : 120,359
1190 : 241,367
1191 : 148,393,494
1192 : 144,561,647
1193 : 61,602
1194 : 75,315,385,739
1195 : 23,403
1196 : 80,94
1197 : 55,449
1198 : 57,687
1199 : 778,996
1200 : 77,209,497,697
1201 : 453,724
1202 : 6,111
1203 : 650,730
1204 : 290,434,978
1205 : 25,288,570
1206 : 11,282
1207 : 780,870
1208 : 287,314,541
1209 : 626,691,921
1210 : 179,245
1211 : 237,541
1212 : 205,407,612
1213 : 71,197,596
1214 : 33,609
1215 : 19,934
1216 : 21,896
1217 : 43,47,177
1218 : 69,184,980
1219 : 414,842
1220 : 7,300
1221 : 91,469,560
1222 : 110,130,772
1223 : 32,98
1224 : 56,816
1225 : 170,173,188,289
1226 : 959,979,983
1227 : 805,873
1228 : 553,880,939
1229 : 240,372,957
1230 : 16,236,755
1231 : 49,309
1232 : 165,168,893
1233 : 12,265,401,566
1234 : 111,244
1235 : 64,511
1236 : 528,603
1237 : 260,346
1238 : 6,477
1239 : 472,650
1240 : 25,398
1241 : 27,105
1242 : 220,396,831,845
1243 : 256,264
1244 : 418,424
1245 : 612,777
1246 : 27,96,589
1247 : 325,622
1248 : 400,737
1249 : 284,311,336,368
1250 : 822,846
1251 : 48,71,107,817
1252 : 38,708,847,970
1253 : 62,346,522,606
1254 : 67,96,254
1255 : 260,627,948
1256 : 73,988
1257 : 203,445
1258 : 231,786
1259 : 332,712
1260 : 45,513,998
1261 : 36,290
1262 : 64,345
1263 : 102,807
1264 : 274,940
1265 : 16,197
1266 : 561,756
1267 : 660,677,882
1268 : 299,351
1269 : 717,732,774
1270 : 310,313
1271 : 601,705
1272 : 152,619
1273 : 393,886
1274 : 668,718
1275 : 129,206,838
1276 : 753,930
1277 : 129,391,486
1278 : 145,473,862,889
1279 : 630,783
1280 : 104,151,385,948
1281 : 427,758
1282 : 163,367,635
1283 : 837,941
1284 : 86,232,436
1285 : 356,391,797
1286 : 452,583
1287 : 11,785
1288 : 242,452,635
1289 : 29,106
1290 : 111,476,979
1291 : 102,194,653
1292 : 757,923
1293 : 523,820
1294 : 5,928
1295 : 71,116,289,394
1296 : 185,471
1297 : 341,697
1298 : 12,140,341,815
1299 : 804,991
1300 : 17,88,132,824
1301 : 35,360,803
1302 : 160,172,634,925
1303 : 371,731
1304 : 133,342
1305 : 117,252,324
1306 : 357,361,367
1307 : 32,711
1308 : 440,684
1309 : 15,67,446,448
1310 : 238,778
1311 : 550,641
1312 : 261,316
1313 : 31,218,536
1314 : 446,759
1315 : 309,726,744
1316 : 101,112
1317 : 234,449
1318 : 67,262
1319 : 23,53
1320 : 364,572
1321 : 760,874
1322 : 169,796
1323 : 8,167,230,545
1324 : 480,981
1325 : 304,767,879
1326 : 319,780
1327 : 355,482
1328 : 42,95
1329 : 10,15,434,625
1330 : 327,354,612
1331 : 714,878
1332 : 702,874
1333 : 121,442
1334 : 170,556
1335 : 98,308,918
1336 : 365,803
1337 : 276,309
1338 : 207,336,614
1339 : 2,126
1340 : 27,631,722
1341 : 131,575
1342 : 461,892
1343 : 69,223,592
1344 : 293,403
1345 : 628,874,968
1346 : 20,512
1347 : 187,297
1348 : 113,246
1349 : 23,771
1350 : 325,405
1351 : 387,645
1352 : 23,797
1353 : 146,274,391,756
1354 : 139,213,314
1355 : 125,168
1356 : 124,199,261
1357 : 296,310,313,523
1358 : 672,849
1359 : 207,563
1360 : 382,441
1361 : 281,287,323,448
1362 : 24,169
1363 : 15,452,657
1364 : 85,925
1365 : 127,159,243
1366 : 760,881
1367 : 12,719
1368 : 280,958
1369 : 29,673
1370 : 199,827
1371 : 386,407
1372 : 24,216,345
1373 : 29,112
1374 : 148,578,686
1375 : 118,188
1376 : 257,498
1377 : 518,594
1378 : 586,715
1379 : 43,177,297
1380 : 88,384
1381 : 49,87,557
1382 : 236,516,954
1383 : 280,578
1384 : 169,421
1385 : 37,537,794,953
1386 : 257,716,897
1387 : 482,816
1388 : 166,507
1389 : 712,808
1390 : 48,72,467
1391 : 196,449,630
1392 : 116,180,530
1393 : 304,368,585,612
1394 : 162,605
1395 : 142,584,693,770
1396 : 314,348
1397 : 88,652
1398 : 641,681
1399 : 156,395
1400 : 238,811
1401 : 237,314,329,488
1402 : 56,788
1403 : 425,458
1404 : 748,916
1405 : 286,308,742
1406 : 68,163,205
1407 : 179,356
1408 : 74,111
1409 : 327,996
1410 : 555,840
1411 : 307,868
1412 : 228,374
1413 : 133,198
1414 : 659,704
1415 : 209,379
1416 : 574,644
1417 : 167,346,428
1418 : 136,208,738
1419 : 222,292
1420 : 50,490
1421 : 92,158,559,750
1422 : 287,584
1423 : 123,644
1424 : 331,457
1425 : 636,692
1426 : 54,557
1427 : 30,74,159
1428 : 168,733
1429 : 49,171
1430 : 105,522
1431 : 121,525
1432 : 394,846
1433 : 293,343,469,812
1434 : 35,70
1435 : 162,221
1436 : 549,703,931
1437 : 117,447
1438 : 19,671
1439 : 460,646,679
1440 : 176,318
1441 : 108,461
1442 : 593,669
1443 : 214,799,966
1444 : 93,699
1445 : 560,689
1446 : 139,220,370,655
1447 : 136,315
1448 : 203,450,508,676
1449 : 397,490
1450 : 320,762
1451 : 267,819
1452 : 57,198
1453 : 20,381,464
1454 : 391,921
1455 : 388,436,440,583
1456 : 279,751
1457 : 144,851
1458 : 177,189,252
1459 : 469,626
1460 : 352,914
1461 : 48,55,422,426
1462 : 30,110
1463 : 123,522
1464 : 119,913
1465 : 318,916,918
1466 : 73,544
1467 : 394,849
1468 : 131,635
1469 : 708,878
1470 : 88,92,408
1471 : 263,468,705
1472 : 183,994
1473 : 122,159,420,455
1474 : 477,785
1475 : 285,494
1476 : 177,457,956
1477 : 173,246
1478 : 619,677,940
1479 : 136,150
1480 : 96,579,980
1481 : 658,735
1482 : 63,303
1483 : 264,574,639,762
1484 : 125,237,447
1485 : 28,504
1486 : 74,250,903
1487 : 545,730,892
1488 : 680,752
1489 : 449,467,779
1490 : 13,88
1491 : 210,811
1492 : 4,651,806
1493 : 82,821
1494 : 311,448
1495 : 75,124,195
1496 : 22,445
1497 : 454,531
1498 : 285,899
1499 : 429,430
1500 : 136,813
1501 : 52,926
1502 : 133,340
1503 : 66,304,562,619
1504 : 102,664,807
1505 : 13,281
1506 : 128,361
1507 : 459,986
1508 : 188,278,796,897
1509 : 224,420,950
1510 : 138,229,415
1511 : 147,843
1512 : 24,346,409
1513 : 138,359
1514 : 542,946
1515 : 552,568,801
1516 : 51,146,769,865
1517 : 307,681,946
1518 : 499,801
1519 : 428,880
1520 : 236,450
1521 : 561,598,621
1522 : 330,369
1523 : 91,182
1524 : 705,894
1525 : 651,758
1526 : 17,289,440,942
1527 : 638,827
1528 : 456,606
1529 : 88,485
1530 : 443,953
1531 : 102,317
1532 : 31,423,610,844
1533 : 157,283
1534 : 189,676
1535 : 388,575
1536 : 321,971
1537 : 11,603,605,724
1538 : 36,91,271
1539 : 113,118,148,362
1540 : 218,328,332
1541 : 480,553
1542 : 71,285
1543 : 88,197,416
1544 : 171,255
1545 : 210,413
1546 : 260,421,435
1547 : 473,768
1548 : 154,695
1549 : 225,415,835
1550 : 179,321
1551 : 699,967
1552 : 381,409
1553 : 195,348,805,960
1554 : 173,257
1555 : 292,354
1556 : 197,577
1557 : 185,387,551,831
1558 : 42,784
1559 : 56,381
1560 : 29,44
1561 : 563,675,718,842
1562 : 8,556
1563 : 51,307,959
1564 : 99,437
1565 : 271,665,912
1566 : 291,431,579
1567 : 33,37,160,523
1568 : 362,364
1569 : 254,259
1570 : 58,99,813
1571 : 125,517,640
1572 : 78,720
1573 : 126,499
1574 : 472,729
1575 : 129,884
1576 : 33,301
1577 : 51,310,964
1578 : 633,793
1579 : 834,963
1580 : 50,334,410
1581 : 259,975
1582 : 293,812
1583 : 70,94,139
1584 : 141,200
1585 : 55,986
1586 : 50,54
1587 : 405,776,967
1588 : 22,851
1589 : 229,263,570
1590 : 43,178
1591 : 119,135,665,818
1592 : 49,746
1593 : 743,829
1594 : 45,47,334,401
1595 : 738,973
1596 : 233,667,675
1597 : 125,134,682
1598 : 66,338,671
1599 : 49,102
1600 : 74,164,773
1601 : 248,728
1602 : 84,188,943
1603 : 110,308,492,772
1604 : 187,956
1605 : 126,263,670
1606 : 66,630
1607 : 90,589
1608 : 59,269,327,781
1609 : 167,813
1610 : 90,93,622
1611 : 22,45,647,736
1612 : 61,713,793
1613 : 231,923
1614 : 515,614,932
1615 : 67,148
1616 : 122,518,588,931
1617 : 474,547
1618 : 333,744,932
1619 : 551,585
1620 : 14,193
1621 : 140,542
1622 : 592,834
1623 : 273,528
1624 : 353,355,676,935
1625 : 18,546,865
1626 : 351,423,602
1627 : 117,521
1628 : 288,740
1629 : 69,75,706,710
1630 : 452,657
1631 : 133,182,733
1632 : 303,741,934
1633 : 200,428,786
1634 : 58,985
1635 : 18,300,534
1636 : 478,637
1637 : 19,481,519,686
1638 : 189,444
1639 : 56,623
1640 : 170,231,769
1641 : 141,169,312
1642 : 152,384
1643 : 159,495
1644 : 69,227,944
1645 : 322,356
1646 : 20,698,769,877
1647 : 258,536,749
1648 : 23,191,617
1649 : 186,570
1650 : 179,384,984
1651 : 68,382
1652 : 301,851,981
1653 : 75,692,980
1654 : 162,349
1655 : 14,146,761,968
1656 : 124,454
1657 : 10,609
1658 : 261,288
1659 : 2,12,160,875
1660 : 497,531
1661 : 348,678
1662 : 120,580
1663 : 39,750,795
1664 : 177,850
1665 : 97,212,833
1666 : 20,325
1667 : 29,202,332,411
1668 : 592,654
1669 : 56,186,883
1670 : 302,752
1671 : 161,199,567
1672 : 80,408
1673 : 432,517
1674 : 334,537,740,846
1675 : 467,601,830
1676 : 212,236,780,785
1677 : 16,178,312,804
1678 : 206,326,509
1679 : 645,708
1680 : 145,454
1681 : 33,733
1682 : 85,138
1683 : 145,707
1684 : 347,528
1685 : 50,227,614
1686 : 330,455
1687 : 105,174
1688 : 43,186,480,801
1689 : 456,475,510
1690 : 7,126,642
1691 : 137,251
1692 : 268,487,595
1693 : 1,112
1694 : 192,522
1695 : 571,965
1696 : 231,278
1697 : 32,869
1698 : 278,914
1699 : 41,219,397
1700 : 717,747,996
1701 : 13,41
1702 : 20,257,663,824
1703 : 300,466,548,829
1704 : 35,223
1705 : 279,619,688
1706 : 89,103,707,732
1707 : 136,149,225,956
1708 : 11,764
1709 : 22,568,823
1710 : 193,968
1711 : 39,677
1712 : 56,232,665,820
1713 : 375,488,906
1714 : 163,245
1715 : 20,118
1716 : 99,921
1717 : 467,494
1718 : 63,100,153
1719 : 95,402
1720 : 828,839
1721 : 278,782,876
1722 : 64,242
1723 : 9,332,977
1724 : 51,330,501,505
1725 : 23,37
1726 : 144,352,383
1727 : 44,453
1728 : 164,546,929
1729 : 293,426
1730 : 66,239
1731 : 370,675
1732 : 108,762
1733 : 37,487
1734 : 95,267,799,981
1735 : 285,596
1736 : 26,109,860,971
1737 : 473,638
1738 : 266,917
1739 : 159,913
1740 : 475,498,976
1741 : 307,553
1742 : 78,106,474
1743 : 289,381
1744 : 245,686
1745 : 354,389,824
1746 : 34,302,860,922
1747 : 139,195
1748 : 122,362
1749 : 564,935
1750 : 784,952
1751 : 222,306
1752 : 113,604
1753 : 217,351,548,604
1754 : 118,130,382,828
1755 : 115,216
1756 : 238,747,895
1757 : 53,174,676
1758 : 157,915
1759 : 270,463,679,989
1760 : 5,954
1761 : 142,418
1762 : 461,480
1763 : 46,108,497
1764 : 443,840
1765 : 472,960
1766 : 462,870
1767 : 347,821
1768 : 117,466,983
1769 : 518,636
1770 : 529,663
1771 : 178,341,503
1772 : 107,506
1773 : 83,156,373
1774 : 527,674
1775 : 84,955
1776 : 353,610,883
1777 : 42,429,531
1778 : 10,241,459
1779 : 277,479
1780 : 773,814
1781 : 44,792
1782 : 147,323
1783 : 124,474
1784 : 156,266
1785 : 34,555
1786 : 95,172,564,956
1787 : 247,804,980
1788 : 58,629,695
1789 : 607,848
1790 : 20,127,789
1791 : 444,526,663,669
1792 : 547,564
1793 : 798,970
1794 : 128,779
1795 : 200,992
1796 : 236,491,547
1797 : 18,36,299
1798 : 434,613,861
1799 : 367,990
1800 : 76,107,158
1801 : 234,994
1802 : 76,133
1803 : 41,194
1804 : 106,776
1805 : 538,752
1806 : 329,575
1807 : 419,974
1808 : 30,765,898
1809 : 27,908
1810 : 167,604,680
1811 : 53,300,688
1812 : 483,945
1813 : 83,268
1814 : 475,918,992
1815 : 15,336
1816 : 57,107
1817 : 322,847
1818 : 887,895
1819 : 829,967
1820 : 398,599
1821 : 74,250,689,814
1822 : 482,583
1823 : 187,539
1824 : 219,338,879
1825 : 268,561
1826 : 189,261
1827 : 718,798
1828 : 377,609
1829 : 19,882
1830 : 359,473,509
1831 : 700,848,909
1832 : 60,513,830
1833 : 246,382,722,748
1834 : 284,308,474,868
1835 : 124,186
1836 : 270,840
1837 : 541,764
1838 : 10,134,235,384
1839 : 88,357
1840 : 509,766
1841 : 63,682,989
1842 : 465,746
1843 : 93,192,381
1844 : 7,270,754
1845 : 168,458,627
1846 : 198,667,693
1847 : 97,291,455
1848 : 335,730
1849 : 223,404
1850 : 58,997
1851 : 89,409,580
1852 : 696,742,802
1853 : 502,610
1854 : 6,282
1855 : 217,631
1856 : 162,597
1857 : 397,519
1858 : 262,326,421
1859 : 211,637
1860 : 204,238,306,502
1861 : 248,250,858,974
1862 : 25,228,608
1863 : 338,414,422,494
1864 : 174,492
1865 : 364,976
1866 : 75,251,263
1867 : 49,96,419
1868 : 791,933
1869 : 190,243
1870 : 151,280
1871 : 174,286
1872 : 51,138
1873 : 554,753
1874 : 199,707
1875 : 506,902
1876 : 140,410,569
1877 : 332,929
1878 : 368,563
1879 : 34,890
1880 : 62,772
1881 : 283,949
1882 : 444,599
1883 : 734,780
1884 : 4,9,353,901
1885 : 214,495,699,941
1886 : 9,14
1887 : 52,100,185,915
1888 : 575,775,869
1889 : 146,149
1890 : 230,774
1891 : 307,390,514
1892 : 159,417,966
1893 : 537,961
1894 : 44,206,913
1895 : 48,260,328,572
1896 : 605,793
1897 : 59,366
1898 : 327,529
1899 : 352,383
1900 : 484,916
1901 : 189,592
1902 : 190,259
1903 : 296,753
1904 : 86,211,382
1905 : 427,683,845
1906 : 376,446
1907 : 79,610
1908 : 157,198,933
1909 : 284,758
1910 : 234,429,694
1911 : 222,564,835
1912 : 101,589,726
1913 : 96,97,255,633
1914 : 423,810
1915 : 140,964
1916 : 284,557
1917 : 16,216,272,496
1918 : 404,820
1919 : 249,961
1920 : 191,716
1921 : 794,838
1922 : 52,281,750,882
1923 : 158,926
1924 : 61,157,306,835
1925 : 43,69
1926 : 474,873
1927 : 179,185,761
1928 : 167,922
1929 : 173,176
1930 : 227,963
1931 : 29,129,156
1932 : 81,357
1933 : 17,436
1934 : 542,658
1935 : 195,350,494
1936 : 556,938
1937 : 213,559
1938 : 41,671
1939 : 322,857
1940 : 2,181,502
1941 : 245,456
1942 : 80,519
1943 : 39,841,853,864
1944 : 48,158
1945 : 747,872
1946 : 514,642
1947 : 408,532
1948 : 222,273,519
1949 : 110,622
1950 : 78,226
1951 : 16,140,310,674
1952 : 78,685,712
1953 : 63,207,461
1954 : 70,212,636
1955 : 34,426
1956 : 119,199,322,432
1957 : 183,377,705
1958 : 180,228,328,500
1959 : 323,655,671
1960 : 197,532
1961 : 74,82,463
1962 : 15,368,932
1963 : 717,941
1964 : 501,580
1965 : 115,825
1966 : 244,295,404
1967 : 70,383
1968 : 271,325
1969 : 92,203,455
1970 : 137,501
1971 : 305,997
1972 : 11,294
1973 : 107,712
1974 : 275,496
1975 : 31,602,628
1976 : 47,69,306
1977 : 61,903,959
1978 : 139,182,532,581
1979 : 71,330,906
1980 : 93,131,392
1981 : 74,248,866
1982 : 324,607,719
1983 : 500,617,884
1984 : 317,629
1985 : 54,791
1986 : 79,158
1987 : 464,802
1988 : 123,435
1989 : 15,242,340
1990 : 276,781
1991 : 2,505
1992 : 73,364,736
1993 : 74,222
1994 : 63,81,336,817
1995 : 230,623
1996 : 117,700
1997 : 593,810
1998 : 553,649,907
1999 : 126,145,558
2000 : 58,424,608
2001 : 482,660,827,894
2002 : 224,732
2003 : 249,536
2004 : 2,483
2005 : 93,431
2006 : 410,988
2007 : 23,789
2008 : 3,202
2009 : 368,576,640
2010 : 130,142
2011 : 166,189,275,982
2012 : 108,324
2013 : 260,600,864
2014 : 323,861
2015 : 34,132,497
2016 : 98,832
2017 : 43,480
2018 : 82,554,624
2019 : 42,955
2020 : 258,486
2021 : 27,385
2022 : 154,702
2023 : 213,350
2024 : 64,406
2025 : 89,305,453,794
2026 : 42,290,892
2027 : 146,154
2028 : 299,395
2029 : 479,843
2030 : 684,941
2031 : 6,819
2032 : 191,217,246,431
2033 : 709,869
2034 : 170,818
2035 : 488,543,857
2036 : 265,327,417
2037 : 441,565,600,993
2038 : 190,374,617
2039 : 372,905
2040 : 37,920
2041 : 511,856
2042 : 243,654
2043 : 18,920
2044 : 598,930
2045 : 141,421
2046 : 37,477
2047 : 138,875
2048 : 530,542
2049 : 344,504
2050 : 523,647,969
2051 : 38,235
2052 : 122,950
2053 : 12,117
2054 : 904,950
2055 : 62,233,657
2056 : 26,424
2057 : 30,406,475
2058 : 27,631
2059 : 319,889
2060 : 562,962
2061 : 500,884
2062 : 73,144,312
2063 : 175,584,614
2064 : 103,217
2065 : 13,314
2066 : 145,945,963
2067 : 26,226
2068 : 30,62,188
2069 : 126,184,806
2070 : 15,427,432
2071 : 417,911
2072 : 183,558
2073 : 508,856
2074 : 161,334,670,850
2075 : 180,597
2076 : 256,302
2077 : 320,337,697
2078 : 96,797
2079 : 624,728
2080 : 540,690
2081 : 499,862
2082 : 9,309,632
2083 : 425,571
2084 : 51,297,371
2085 : 50,984
2086 : 364,855
2087 : 18,391
2088 : 438,775
2089 : 149,248,411
2090 : 86,351,464,811
2091 : 115,1000
2092 : 244,763
2093 : 307,616,703
2094 : 39,653
2095 : 231,277
2096 : 206,597
2097 : 321,872
2098 : 163,303,902
2099 : 54,182
2100 : 48,356
2101 : 395,754
2102 : 141,818
2103 : 396,798
2104 : 230,413
2105 : 73,108,144
2106 : 335,684
2107 : 389,478
2108 : 689,881
2109 : 429,673,940
2110 : 124,181
2111 : 78,112,928
2112 : 415,444
2113 : 202,268
2114 : 19,363
2115 : 752,919,951
2116 : 259,746
2117 : 56,102,698
2118 : 387,584
2119 : 299,420,972
2120 : 71,426
2121 : 536,603
2122 : 81,544
2123 : 85,247,661,999
2124 : 218,685
2125 : 76,148,375,915
2126 : 171,995
2127 : 4,866
2128 : 135,837
2129 : 70,140,833,935
2130 : 425,764
2131 : 126,358,823
2132 : 35,73,199,215
2133 : 178,669
2134 : 85,313,900
2135 : 496,513
2136 : 133,174,179
2137 : 682,948
2138 : 153,448,693
2139 : 99,766
2140 : 190,437
2141 : 558,734
2142 : 658,862,973
2143 : 556,657
2144 : 1,191
2145 : 75,580
2146 : 36,258
2147 : 3,62,188
2148 : 24,457
2149 : 140,178,295,339
2150 : 871,877
2151 : 389,848,937
2152 : 9,555
2153 : 114,306
2154 : 51,238,468,659
2155 : 17,609,872
2156 : 386,582
2157 : 120,145
2158 : 134,219,269,627
2159 : 369,403,516,595
2160 : 109,130,260,593
2161 : 438,606
2162 : 616,734
2163 : 167,388,683
2164 : 380,490
2165 : 6,180,920
2166 : 101,183,287
2167 : 156,173,315,536
2168 : 219,661
2169 : 77,547
2170 : 98,123
2171 : 192,518
2172 : 208,486
2173 : 95,247,856
2174 : 60,337
2175 : 358,377,634,852
2176 : 17,836
2177 : 154,202
2178 : 85,115
2179 : 132,442
2180 : 328,613
2181 : 43,584,790
2182 : 84,351
2183 : 40,137,550,856
2184 : 7,218,504
2185 : 759,890
2186 : 106,201,276
2187 : 430,672,927
2188 : 53,79,114,502
2189 : 505,545,860
2190 : 133,301
2191 : 185,885
2192 : 731,845
2193 : 338,990
2194 : 103,130,871
2195 : 532,653
2196 : 544,585
2197 : 180,617
2198 : 180,626
2199 : 54,433
2200 : 125,384,492
2201 : 19,949
2202 : 355,952
2203 : 37,44,255,728
2204 : 33,120,219,444
2205 : 245,612
2206 : 341,888,972
2207 : 92,770
2208 : 643,659
2209 : 226,484
2210 : 303,458,844
2211 : 21,52,533
2212 : 500,585,881
2213 : 132,152,459,574
2214 : 60,70,681,755
2215 : 754,869
2216 : 155,282
2217 : 100,761
2218 : 358,735
2219 : 68,495
2220 : 15,739
2221 : 21,100
2222 : 80,471,987
2223 : 20,978
2224 : 201,274
2225 : 528,615
2226 : 1,691
2227 : 393,432
2228 : 193,343,910
2229 : 164,326
2230 : 396,767
2231 : 120,412
2232 : 213,295,499
2233 : 5,26
2234 : 181,363
2235 : 128,279
2236 : 275,789
2237 : 166,830
2238 : 326,438
2239 : 164,664,757,936
2240 : 347,374
2241 : 269,376,777
2242 : 11,79
2243 : 41,232,253,864
2244 : 221,500
2245 : 293,296
2246 : 90,399,910
2247 : 258,362,749
2248 : 587,664,685
2249 : 55,485
2250 : 143,194,581,591
2251 : 254,590,771,874
2252 : 283,962
2253 : 148,370
2254 : 253,594
2255 : 27,64,680
2256 : 62,224,911
2257 : 241,576
2258 : 233,314
2259 : 71,121
2260 : 68,109
2261 : 244,714,908
2262 : 316,666
2263 : 82,249
2264 : 21,806
2265 : 485,924
2266 : 239,269,540
2267 : 272,298
2268 : 111,294
2269 : 143,194
2270 : 77,101,784
2271 : 12,398
2272 : 79,323,416
2273 : 28,726
2274 : 556,855
2275 : 56,105
2276 : 2,166,447,819
2277 : 656,952
2278 : 451,864
2279 : 418,624
2280 : 75,383
2281 : 30,887
2282 : 271,417,876
2283 : 112,306,537,844
2284 : 209,949
2285 : 8,405
2286 : 488,965
2287 : 470,577,825
2288 : 118,329,345
2289 : 29,662,881
2290 : 315,738
2291 : 540,764,983
2292 : 204,979
2293 : 713,885
2294 : 193,305
2295 : 152,446
2296 : 3,14,486,841
2297 : 150,790,977
2298 : 89,98,593
2299 : 100,348,783
2300 : 109,372,552
2301 : 100,393,586,931
2302 : 319,731,947
2303 : 164,177
2304 : 557,899
2305 : 46,50,539,795
2306 : 27,776
2307 : 206,374
2308 : 271,318
2309 : 346,922
2310 : 386,481
2311 : 402,719
2312 : 16,187
2313 : 228,792
2314 : 245,400
2315 : 340,463
2316 : 44,99
2317 : 53,118,317
2318 : 185,409,729
2319 : 164,844
2320 : 46,215
2321 : 560,935
2322 : 16,445
2323 : 312,513
2324 : 298,428,911
2325 : 147,275,407
2326 : 810,854
2327 : 430,566
2328 : 3,226
2329 : 524,809
2330 : 1,264,743
2331 : 123,135,272,481
2332 : 15,134,281,442
2333 : 215,229,365
2334 : 491,768
2335 : 111,865
2336 : 219,571
2337 : 237,878
2338 : 579,774
2339 : 241,838
2340 : 84,109,276,594
2341 : 203,702
2342 : 442,686
2343 : 191,594
2344 : 26,379
2345 : 504,793,946
2346 : 270,516
2347 : 5,790,800
2348 : 166,822
2349 : 3,858,866
2350 : 295,666
2351 : 272,854,855
2352 : 84,87,711
2353 : 58,546,808
2354 : 83,171,418,959
2355 : 215,481
2356 : 157,431,704
2357 : 21,767,933,958
2358 : 337,360
2359 : 81,493
2360 : 132,273,332,615
2361 : 380,582,685,794
2362 : 216,255,375,376
2363 : 115,297
2364 : 85,927
2365 : 48,422,459,721
2366 : 34,806
2367 : 220,234,241,543
2368 : 12,312,601,991
2369 : 419,589,891,920
2370 : 77,503
2371 : 95,161
2372 : 114,349,412
2373 : 3,82,720,884
2374 : 175,284
2375 : 588,748
2376 : 32,336,472
2377 : 40,565,955,969
2378 : 22,54,567,907
2379 : 264,743
2380 : 175,723
2381 : 277,639
2382 : 320,825
2383 : 664,702,954
2384 : 41,107,770
2385 : 413,918
2386 : 52,195,241,899
2387 : 47,234
2388 : 13,378
2389 : 12,301
2390 : 18,550
2391 : 183,710
2392 : 129,435
2393 : 388,810
2394 : 98,135,286,451
2395 : 131,184,681
2396 : 524,751
2397 : 32,594
2398 : 40,504,514,566
2399 : 867,967
2400 : 301,674
2401 : 508,578
2402 : 118,141,335,575
2403 : 19,132
2404 : 495,832
2405 : 184,363
2406 : 87,176
2407 : 553,868
2408 : 259,756
2409 : 9,26,127
2410 : 86,405,606
2411 : 94,540
2412 : 269,407
2413 : 38,284
2414 : 22,25,455,937
2415 : 129,142
2416 : 45,846
2417 : 116,190,222,891
2418 : 210,342,392
2419 : 201,204
2420 : 135,732
2421 : 142,298,349
2422 : 196,489,989
2423 : 41,338
2424 : 50,737
2425 : 224,631
2426 : 25,272,342,510
2427 : 65,534
2428 : 32,464,696
2429 : 430,514,571
2430 : 30,325
2431 : 360,525
2432 : 360,365
2433 : 97,454
2434 : 66,76,311,648
2435 : 204,595
2436 : 139,779
2437 : 32,905
2438 : 904,957
2439 : 227,235,762
2440 : 574,711
2441 : 119,650
2442 : 283,490
2443 : 94,795
2444 : 123,298,788
2445 : 97,402,634
2446 : 74,386,812
2447 : 825,859
2448 : 62,511
2449 : 1,130,150,796
2450 : 205,397
2451 : 31,944
2452 : 886,906
2453 : 47,352
2454 : 4,61
2455 : 89,122,232,943
2456 : 244,408,933
2457 : 20,214,265,321
2458 : 249,910
2459 : 39,104
2460 : 3,150,326,632
2461 : 410,552
2462 : 17,729
2463 : 31,253,313,820
2464 : 87,385,392
2465 : 26,84,534
2466 : 437,443,498
2467 : 47,145,390,591
2468 : 292,321
2469 : 201,814
2470 : 53,344
2471 : 217,231,635,996
2472 : 170,587
2473 : 34,739,885
2474 : 16,229
2475 : 19,148,153,723
2476 : 202,228
2477 : 97,145
2478 : 7,883
2479 : 577,990
2480 : 526,742
2481 : 14,379,766,954
2482 : 339,565
2483 : 237,543,586,741
2484 : 369,605,809
2485 : 401,880
2486 : 363,447
2487 : 132,285
2488 : 193,292,389,774
2489 : 193,273,720
2490 : 37,218,623,668
2491 : 169,214
2492 : 257,479,821
2493 : 422,425
2494 : 223,247
2495 : 186,999
2496 : 279,400
2497 : 220,652
2498 : 93,192
2499 : 7,154,595
2500 : 858,976
2501 : 279,283
2502 : 471,509
2503 : 559,610
2504 : 457,725,796,867
2505 : 618,821
2506 : 261,447
2507 : 7,225
2508 : 457,498,772
2509 : 4,929
2510 : 72,246
2511 : 406,872
2512 : 67,175
2513 : 76,795
2514 : 423,438
2515 : 569,716,745,799
2516 : 334,358
2517 : 424,555
2518 : 58,206,945
2519 : 13,104
2520 : 491,551
2521 : 392,417
2522 : 565,715,981
2523 : 62,451
2524 : 289,895
2525 : 383,399,565,568
2526 : 9,243
2527 : 826,923,938
2528 : 171,249
2529 : 463,828
2530 : 64,871
2531 : 373,557,839
2532 : 186,234
2533 : 31,79
2534 : 113,329
2535 : 240,905
2536 : 423,538,960
2537 : 103,265
2538 : 95,227,383
2539 : 263,873
2540 : 33,441
2541 : 58,251,672,969
2542 : 462,537
2543 : 44,262,744
2544 : 10,239
2545 : 445,570
2546 : 123,451,523
2547 : 5,83
2548 : 11,399,944
2549 : 224,644
2550 : 91,885
2551 : 330,360
2552 : 253,816
2553 : 25,319
2554 : 77,216,483
2555 : 356,433
2556 : 105,176
2557 : 14,136,250,870
2558 : 81,460,571
2559 : 190,208
2560 : 101,201,274,415
2561 : 520,807
2562 : 646,934,984
2563 : 843,853
2564 : 244,303
2565 : 361,493
2566 : 386,485
2567 : 161,641
2568 : 121,195
2569 : 160,531
2570 : 33,531
2571 : 35,70,288,326
2572 : 92,237,515
2573 : 225,305
2574 : 127,476
2575 : 379,792
2576 : 291,775
2577 : 28,617
2578 : 184,895
2579 : 8,526
2580 : 83,116
2581 : 127,562,924
2582 : 212,731
2583 : 183,580,647
2584 : 77,692,937
2585 : 109,725
2586 : 28,156,204
2587 : 350,965
2588 : 283,879
2589 : 87,366,426
2590 : 135,331
2591 : 304,958
2592 : 246,683,802,887
2593 : 465,516
2594 : 437,613
2595 : 340,625
2596 : 171,555,997
2597 : 122,992
2598 : 2,86,461,803
2599 : 535,871
2600 : 73,521
2601 : 626,951
2602 : 26,262,516,841
2603 : 219,439
2604 : 38,596
2605 : 87,512
2606 : 46,394
2607 : 227,771
2608 : 290,379
2609 : 65,220
2610 : 92,151,930
2611 : 141,331
2612 : 126,137,972
2613 : 113,757
2614 : 99,250
2615 : 115,969
2616 : 835,961
2617 : 488,552,706,889
2618 : 12,449
2619 : 90,917
2620 : 214,335
2621 : 644,929
2622 : 54,414,715,906
2623 : 527,946
2624 : 16,313
2625 : 611,975
2626 : 701,826
2627 : 30,643
2628 : 42,649
2629 : 433,586,817
2630 : 316,530,670,892
2631 : 102,621
2632 : 7,116
2633 : 689,852
2634 : 50,121,147
2635 : 200,286
2636 : 32,131,149,385
2637 : 324,964
2638 : 583,660
2639 : 119,372,938
2640 : 548,855
2641 : 209,962
2642 : 101,841
2643 : 120,912
2644 : 2,31,424,589
2645 : 210,240,308,441
2646 : 507,592
2647 : 225,903
2648 : 84,141
2649 : 46,852
2650 : 141,204,530
2651 : 104,559
2652 : 232,238
2653 : 221,222,296,632
2654 : 242,292,406,765
2655 : 200,919
2656 : 26,462
2657 : 4,143,153
2658 : 128,924
2659 : 621,628,688
2660 : 282,951
2661 : 600,713,727
2662 : 328,615
2663 : 39,128
2664 : 386,460
2665 : 33,355,991
2666 : 419,917
2667 : 65,66
2668 : 6,214,262
2669 : 221,228,782,985
2670 : 143,322,558,926
2671 : 91,515
2672 : 511,938
2673 : 506,590
2674 : 162,560
2675 : 29,807
2676 : 573,914
2677 : 231,743
2678 : 359,483
2679 : 163,407
2680 : 71,89,960,971
2681 : 128,373,662
2682 : 39,175
2683 : 61,266
2684 : 165,434,998
2685 : 21,625
2686 : 23,416,487,587
2687 : 208,724
2688 : 208,294,443,533
2689 : 473,496
2690 : 373,525
2691 : 165,350
2692 : 57,125,751,867
2693 : 106,271,351
2694 : 5,96,721,891
2695 : 46,359,827
2696 : 256,370,387,763
2697 : 396,459
2698 : 121,148
2699 : 4,425,974
2700 : 280,367
2701 : 124,787,945,991
2702 : 4,112,300,858
2703 : 310,550
2704 : 86,901
2705 : 28,974
2706 : 293,632,953
2707 : 38,187,198,463
2708 : 57,515,737
2709 : 75,223
2710 : 333,476
2711 : 320,819
2712 : 87,335,372
2713 : 79,309,968
2714 : 505,955
2715 : 8,92
2716 : 13,652
2717 : 172,707,903
2718 : 60,616
2719 : 184,359,429
2720 : 215,670,735
2721 : 134,634
2722 : 197,541,590,831
2723 : 341,987
2724 : 146,316,527
2725 : 12,756
2726 : 151,192,722
2727 : 7,53,753
2728 : 35,45
2729 : 258,411
2730 : 163,207
2731 : 144,656
2732 : 745,799
2733 : 58,602
2734 : 102,419,782,977
2735 : 117,607
2736 : 73,252,658
2737 : 1,696
2738 : 24,240
2739 : 129,290,337,568
2740 : 365,390
2741 : 149,509
2742 : 442,581
2743 : 14,253,469
2744 : 61,82,462,928
2745 : 8,256,392
2746 : 927,987
2747 : 7,936
2748 : 287,376,777,965
2749 : 65,519
2750 : 361,517,878,986
2751 : 122,683
2752 : 291,446,729
2753 : 672,833
2754 : 514,999
2755 : 439,962
2756 : 196,315,800
2757 : 525,549,721,937
2758 : 466,863
2759 : 93,583
2760 : 226,654
2761 : 547,815,859
2762 : 59,915
2763 : 84,651,863
2764 : 371,377,692
2765 : 137,164,288,579
2766 : 13,397,586,890
2767 : 93,811
2768 : 149,309
2769 : 134,434
2770 : 815,849
2771 : 551,569
2772 : 90,870
2773 : 136,344,597
2774 : 38,41,366
2775 : 286,465,792
2776 : 378,433,751,886
2777 : 239,281
2778 : 223,445
2779 : 60,142,196,250
2780 : 10,843
2781 : 75,607,851
2782 : 353,380
2783 : 503,512,730
2784 : 10,38,682,853
2785 : 44,304,877
2786 : 526,916
2787 : 520,597
2788 : 662,766
2789 : 117,538,786
2790 : 608,695,787
2791 : 127,181,305,329
2792 : 239,630,989
2793 : 308,993
2794 : 15,235
2795 : 709,801
2796 : 115,166
2797 : 21,59,107,708
2798 : 389,848
2799 : 199,377
2800 : 718,744
2801 : 196,491
2802 : 330,648,900
2803 : 110,389,492,665
2804 : 401,412
2805 : 73,438,512
2806 : 229,247
2807 : 11,374
2808 : 59,620
2809 : 60,212
2810 : 160,551
2811 : 68,346
2812 : 530,616
2813 : 109,240
2814 : 23,369,936
2815 : 273,282
2816 : 323,678
2817 : 55,107
2818 : 380,484,800
2819 : 409,548,788,888
2820 : 939,978
2821 : 6,611
2822 : 256,278,510,901
2823 : 21,304,857
2824 : 706,973
2825 : 28,66,373,646
2826 : 381,939
2827 : 725,993
2828 : 280,879
2829 : 1,68,321,529
2830 : 33,172
2831 : 109,232,569
2832 : 171,344,403,603
2833 : 49,116
2834 : 69,137,601
2835 : 30,103,210,278
2836 : 333,379,643,985
2837 : 104,414
2838 : 765,888
2839 : 54,76
2840 : 52,264,618
2841 : 687,763
2842 : 119,522
2843 : 243,333
2844 : 170,173,778
2845 : 230,880
2846 : 72,506
2847 : 32,105,191
2848 : 214,320,834
2849 : 17,68,299,479
2850 : 134,165,393,578
2851 : 91,847
2852 : 160,889
2853 : 182,524,770
2854 : 118,413
2855 : 17,854
2856 : 63,591
2857 : 14,428,554
2858 : 121,853,984
2859 : 174,408,637
2860 : 481,490
2861 : 55,265
2862 : 394,833
2863 : 19,645
2864 : 230,824
2865 : 22,406,437,598
2866 : 46,499
2867 : 274,759,809
2868 : 210,317
2869 : 20,266
2870 : 251,267,567
2871 : 725,908
2872 : 61,161,357
2873 : 653,677
2874 : 28,116,270,896
2875 : 211,478,754
2876 : 340,964
2877 : 112,114,995
2878 : 131,587
2879 : 412,483,528
2880 : 65,493
2881 : 740,927
2882 : 79,106
2883 : 57,861
2884 : 533,582
2885 : 90,785,883
2886 : 3,782
2887 : 679,783
2888 : 174,913
2889 : 703,706
2890 : 9,618
2891 : 198,375
2892 : 150,411,534
2893 : 36,90
2894 : 262,520,961
2895 : 9,254,458,771
2896 : 2,47,345,868
2897 : 604,957
2898 : 9,276,598
2899 : 29,37,317
2900 : 370,727
2901 : 175,344,698
2902 : 549,845
2903 : 53,61
2904 : 187,894
2905 : 181,508
2906 : 832,966
2907 : 72,233,348
2908 : 80,209,970
2909 : 3,520
2910 : 94,758
2911 : 3,501,674
2912 : 68,256
2913 : 66,591
2914 : 24,395
2915 : 142,896
2916 : 34,59,625,990
2917 : 227,394
2918 : 94,239,562
2919 : 267,564
2920 : 35,510,787
2921 : 69,352,468
2922 : 240,971
2923 : 18,859
2924 : 266,418,633
2925 : 5,162
2926 : 180,416
2927 : 79,155
2928 : 182,294,620
2929 : 66,902
2930 : 839,958
2931 : 289,342
2932 : 535,912,992
2933 : 295,521
2934 : 176,405
2935 : 184,454
2936 : 735,768
2937 : 33,138,205,994
2938 : 259,582
2939 : 390,750
2940 : 64,110,298,362
2941 : 65,568,655
2942 : 153,448,791
2943 : 168,233
2944 : 211,472
2945 : 196,546
2946 : 57,496,667,950
2947 : 83,305
2948 : 114,489
2949 : 52,493,591
2950 : 388,637
2951 : 83,720
2952 : 5,726
2953 : 5,993
2954 : 341,736
2955 : 230,823
2956 : 8,123
2957 : 588,863
2958 : 380,746
2959 : 337,875
2960 : 166,242
2961 : 299,451
2962 : 55,893
2963 : 303,581
2964 : 783,926
2965 : 354,901
2966 : 167,704
2967 : 16,567,850
2968 : 105,699
2969 : 561,694,737
2970 : 441,832
2971 : 311,361
2972 : 114,221,808,921
2973 : 124,267
2974 : 192,573,788
2975 : 44,49
2976 : 205,279
2977 : 40,45,261,740
2978 : 319,320
2979 : 358,800,951
2980 : 347,618
2981 : 98,909
2982 : 435,786
2983 : 163,648
2984 : 55,714
2985 : 372,436,957
2986 : 721,948
2987 : 97,609
2988 : 374,450
2989 : 535,909
2990 : 471,715
2991 : 24,277
2992 : 318,587
2993 : 43,508
2994 : 275,850
2995 : 216,470
2996 : 215,267,694
2997 : 296,615
2998 : 48,532
2999 : 316,588,909
3000 : 25,505
3001 : 147,549
3002 : 134,165
3003 : 391,415
3004 : 818,876,966
3005 : 140,529,928
3006 : 515,585
3007 : 18,266,328,745
3008 : 103,669
3009 : 65,777
3010 : 94,493
3011 : 352,398
3012 : 60,178,402
3013 : 517,544
3014 : 512,548
3015 : 524,540
3016 : 466,650,942,978
3017 : 132,387,543
3018 : 724,977
3019 : 211,639
3020 : 411,590
3021 : 467,791,983
3022 : 652,893
3023 : 640,678
3024 : 338,382,829
3025 : 238,776
3026 : 32,130
3027 : 40,97
3028 : 155,225,294
3029 : 22,390
3030 : 620,822
3031 : 226,339
3032 : 27,452,976
3033 : 68,242
3034 : 131,573,711
3035 : 57,144,544
3036 : 119,478
3037 : 161,736
3038 : 236,371
3039 : 172,755
3040 : 35,160,973
3041 : 108,144
3042 : 78,456,761
3043 : 527,680,836
3044 : 172,468
3045 : 158,857,1000
3046 : 476,995
3047 : 399,502
3048 : 30,292
3049 : 600,837,863
3050 : 380,465
3051 : 45,263,513,900
3052 : 80,152,207
3053 : 63,400
3054 : 137,223
3055 : 268,343
3056 : 114,443
3057 : 150,291,366
3058 : 288,552
3059 : 36,728,840
3060 : 113,942
3061 : 211,435
3062 : 143,378
3063 : 18,691
3064 : 59,842,894
3065 : 40,42,337
3066 : 620,861
3067 : 302,836
3068 : 24,104,354,572
3069 : 45,649
3070 : 115,229,339,468
3071 : 99,826
3072 : 17,110,176,362
3073 : 273,315
3074 : 193,276
3075 : 40,69
3076 : 602,940
3077 : 204,749
3078 : 72,668
3079 : 103,529
3080 : 153,667
3081 : 616,775,834
3082 : 213,375,661
3083 : 111,477
3084 : 77,137
3085 : 29,477
3086 : 158,882
3087 : 235,581,733
3088 : 152,831,896
3089 : 143,779
3090 : 253,413
3091 : 13,52
3092 : 72,339,370
3093 : 67,213,356
3094 : 11,106,582,997
3095 : 196,228,603,621
3096 : 143,157
3097 : 151,396,723
3098 : 251,694,963
3099 : 139,922,970
3100 : 89,623
3101 : 85,104,345
3102 : 251,319
3103 : 147,207
3104 : 638,666
3105 : 469,944
3106 : 67,220
3107 : 700,722,836
3108 : 138,390
3109 : 179,209,559
3110 : 257,277
3111 : 838,934
3112 : 101,136
3113 : 110,201,506,842
3114 : 178,482,521,636
3115 : 5,14
3116 : 26,176
3117 : 371,709,798
3118 : 313,656,900
3119 : 375,741
3120 : 385,684
3121 : 342,691,828
3122 : 105,237,763
3123 : 218,255,453,611
3124 : 42,216
3125 : 121,165,400
3126 : 404,873
3127 : 82,624
3128 : 54,368
3129 : 157,366
3130 : 116,476
3131 : 39,67,80,205
3132 : 183,805
3133 : 38,151
3134 : 317,760
3135 : 202,484
3136 : 135,344,943
3137 : 533,613,813,905
3138 : 492,518,538
3139 : 572,623,701
3140 : 131,327
3141 : 10,76
3142 : 301,316,324,745
3143 : 28,155
3144 : 45,350,491,649
3145 : 642,797
3146 : 24,696,704
3147 : 264,325
3148 : 608,953,995
3149 : 4,249
3150 : 210,265,837
3151 : 217,335,464
3152 : 21,91
3153 : 573,593
3154 : 114,453,662
3155 : 2,169
3156 : 302,365,377
3157 : 367,439
3158 : 1,329
3159 : 822,947
3160 : 63,146,147,759
3161 : 165,233
3162 : 64,187
3163 : 108,470,599,787
3164 : 28,40,566
3165 : 57,640
3166 : 59,287
3167 : 60,339,579
3168 : 208,629,852
3169 : 60,607
3170 : 366,576
3171 : 243,294
3172 : 224,535,572
3173 : 232,904
3174 : 31,270,333
3175 : 539,710
3176 : 541,563,590
3177 : 59,104,143,185
3178 : 622,716
3179 : 142,615
3180 : 277,302
3181 : 67,655
3182 : 78,274,392,599
3183 : 36,598
3184 : 331,867
3185 : 150,629
3186 : 128,194
3187 : 6,534
3188 : 24,1000
3189 : 49,698
3190 : 125,899
3191 : 101,226
3192 : 70,120,784
3193 : 154,633
3194 : 194,460,517,562
3195 : 611,673
3196 : 202,608
3197 : 245,781,809
3198 : 659,717
3199 : 50,688
3200 : 192,939
3201 : 65,393,404
3202 : 280,577
3203 : 252,324,849
3204 : 43,81,297
3205 : 8,113
3206 : 318,354,622,802
3207 : 378,525
3208 : 489,713,930
3209 : 679,986
3210 : 574,876
3211 : 85,247,275
3212 : 77,360
3213 : 248,487,611
