1001 : 36,655
1002 : 763,784
1003 : 44,203
1004 : 95,609
1005 : 25,509
1006 : 939,982
1007 : 70,447,679
1008 : 406,944
1009 : 140,239,441
1010 : 206,661
1011 : 57,323
1012 : 54,599
1013 : 9,403,496,780
1014 : 134,314,408
1015 : 8,319,711,885
1016 : 21,546
1017 : 226,384,803,841
1018 : 198,850
1019 : 6,389,824
1020 : 231,366,908,992
1021 : 796,937
1022 : 148,974
1023 : 282,734
1024 : 176,223,852
1025 : 193,246
1026 : 384,525,768,800
1027 : 373,431
1028 : 96,111,307
1029 : 475,688
1030 : 113,275,682
1031 : 185,393
1032 : 5,257,636
1033 : 309,339,391
1034 : 14,537
1035 : 470,506,684
1036 : 66,473
1037 : 67,136
1038 : 82,96,258,472
1039 : 67,117
1040 : 125,330
1041 : 357,428,457
1042 : 176,598,786,828
1043 : 201,487,614
1044 : 180,466,997
1045 : 524,693
1046 : 64,98
1047 : 337,637
1048 : 72,256
1049 : 521,850
1050 : 471,921
1051 : 3,220,246
1052 : 35,140,630,971
1053 : 324,643
1054 : 56,519
1055 : 173,620
1056 : 41,284
1057 : 205,241
1058 : 232,509,575
1059 : 158,764
1060 : 19,191,325,442
1061 : 43,178,256
1062 : 32,819
1063 : 157,885
1064 : 556,619,967
1065 : 94,499
1066 : 79,109
1067 : 6,55,282
1068 : 84,437
1069 : 326,339
1070 : 847,923
1071 : 23,117,378
1072 : 123,717
1073 : 60,977
1074 : 188,222,560
1075 : 81,956
1076 : 286,974
1077 : 92,337
1078 : 570,608,719
1079 : 503,726,855
1080 : 222,270,351,740
1081 : 631,665
1082 : 18,489
1083 : 237,570
1084 : 721,967
1085 : 491,577
1086 : 116,938
1087 : 18,100,704
1088 : 97,200,323
1089 : 215,415
1090 : 95,232
1091 : 80,491
1092 : 165,364
1093 : 10,535
1094 : 231,393,979
1095 : 250,265,494
1096 : 65,898
1097 : 486,723,763
1098 : 82,849
1099 : 153,396
1100 : 14,508
1101 : 130,533
1102 : 41,142,149,423
1103 : 793,874
1104 : 69,666
1105 : 236,987
1106 : 39,291,478
1107 : 348,922
1108 : 247,589
1109 : 269,515,716
1110 : 25,88,540,552
1111 : 342,809
1112 : 890,927
1113 : 15,961
1114 : 36,240
1115 : 858,899
1116 : 122,339,400
1117 : 168,169,928
1118 : 352,416
1119 : 138,854
1120 : 91,812,895
1121 : 406,918
1122 : 881,970
1123 : 70,140,402,756
1124 : 347,969
1125 : 226,462,705
1126 : 198,605,634
1127 : 144,165
1128 : 33,544
1129 : 108,159,164,563
1130 : 18,303,416
1131 : 50,713
1132 : 241,876
1133 : 127,695
1134 : 51,897
1135 : 367,613
1136 : 34,149
1137 : 387,460
1138 : 98,542
1139 : 36,146
1140 : 41,51,123,388
1141 : 183,218,312,495
1142 : 263,328
1143 : 38,560
1144 : 209,488
1145 : 299,676
1146 : 76,559,981
1147 : 87,808
1148 : 17,497
1149 : 194,699
1150 : 328,336
1151 : 293,993
1152 : 181,292
1153 : 244,880
1154 : 61,294
1155 : 291,833
1156 : 39,288
1157 : 66,353,678
1158 : 150,540,623
1159 : 238,246,341,720
1160 : 229,354
1161 : 322,658,970
1162 : 15,215,983
1163 : 438,554,654,925
1164 : 322,323
1165 : 339,879
1166 : 79,361
1167 : 15,995
1168 : 171,252
1169 : 673,929
1170 : 8,856
1171 : 416,564
1172 : 179,535
1173 : 5,65,465
1174 : 281,443
1175 : 458,523
1176 : 47,786
1177 : 71,559
1178 : 545,593,896
1179 : 31,372
1180 : 128,233,893
1181 : 552,625
1182 : 522,805
1183 : 30,132,138,514
1184 : 200,783
1185 : 10,190,822
1186 : 263,647
1187 : 61,201
1188 : 406,444
1189 : 14,555,815
1190 : 10,355,727,729
1191 : 642,714
1192 : 392,484
1193 : 108,363
1194 : 206,226,965
1195 : 332,855
1196 : 58,274,426
1197 : 90,358
1198 : 13,417,443
1199 : 118,219
1200 : 137,586,750
1201 : 134,492,817
1202 : 58,373
1203 : 440,460
1204 : 563,776
1205 : 231,339,646
1206 : 4,67,470
1207 : 72,95,319,709
1208 : 171,827
1209 : 35,219
1210 : 40,129,414,790
1211 : 9,585
1212 : 230,348,514
1213 : 50,103
1214 : 526,914
1215 : 21,351
1216 : 134,657
1217 : 124,582
1218 : 1,122,366,367
1219 : 528,711
1220 : 33,564
1221 : 279,332
1222 : 274,617
1223 : 17,239,320
1224 : 111,262
1225 : 614,675,760
1226 : 235,583,935
1227 : 72,154,161,538
1228 : 336,664
1229 : 785,854
1230 : 358,428
1231 : 355,669
1232 : 493,531,676
1233 : 140,663
1234 : 233,847
1235 : 513,661
1236 : 55,152,386
1237 : 51,224,864
1238 : 432,457
1239 : 141,812,866
1240 : 434,783,990
1241 : 114,162
1242 : 12,107,300,557
1243 : 207,592
1244 : 66,227,723
1245 : 335,691
1246 : 7,234,419,927
1247 : 24,498
1248 : 367,381,457
1249 : 11,840
1250 : 113,737
1251 : 77,803
1252 : 112,988
1253 : 272,429,478,687
1254 : 196,570
1255 : 179,416,962
1256 : 177,199
1257 : 126,380
1258 : 81,875
1259 : 371,772
1260 : 110,195
1261 : 131,424,459,795
1262 : 239,277,722
1263 : 255,686,703,753
1264 : 274,348,537
1265 : 38,292,432
1266 : 29,63,133,515
1267 : 102,349
1268 : 163,391,963
1269 : 273,875
1270 : 550,671,797
1271 : 78,436
1272 : 76,137
1273 : 489,710
1274 : 269,442
1275 : 63,191,323,760
1276 : 113,504,777,946
1277 : 111,257,543
1278 : 232,464
1279 : 158,302
1280 : 8,21,861
1281 : 47,419
1282 : 109,948
1283 : 94,287
1284 : 68,902
1285 : 435,509,680
1286 : 698,838,843
1287 : 825,836
1288 : 160,232
1289 : 94,303
1290 : 281,355
1291 : 152,293,657
1292 : 521,823
1293 : 574,975
1294 : 41,563
1295 : 84,567,753
1296 : 58,198,881
1297 : 388,912
1298 : 210,264
1299 : 800,958
1300 : 209,985
1301 : 695,890,903
1302 : 75,407
1303 : 149,445
1304 : 99,297,395,911
1305 : 294,984
1306 : 275,759,806
1307 : 44,217,371,563
1308 : 35,586
1309 : 132,296
1310 : 261,301,959
1311 : 4,266
1312 : 48,313
1313 : 213,498
1314 : 520,559,963
1315 : 342,422,821
1316 : 147,320,545
1317 : 22,341
1318 : 630,756
1319 : 273,333,609
1320 : 407,429,473,484
1321 : 44,130,438,792
1322 : 97,416
1323 : 37,145,448
1324 : 11,164
1325 : 381,557
1326 : 62,391
1327 : 273,481
1328 : 30,327,470
1329 : 437,636
1330 : 61,63,411,916
1331 : 143,479,816
1332 : 116,249,864,887
1333 : 337,620,680
1334 : 576,733
1335 : 11,152,194,336
1336 : 34,302,601
1337 : 67,788
1338 : 358,575,590
1339 : 316,673,688
1340 : 49,52,181,254
1341 : 54,288
1342 : 223,409,688
1343 : 465,808
1344 : 204,791
1345 : 37,128
1346 : 21,406
1347 : 32,106,139
1348 : 320,502
1349 : 41,940
1350 : 127,448
1351 : 214,588
1352 : 78,242,789
1353 : 229,439
1354 : 82,135,357,441
1355 : 345,433,562,986
1356 : 621,901
1357 : 105,754,969
1358 : 190,378,535,909
1359 : 129,390,783
1360 : 34,212
1361 : 187,830
1362 : 3,334
1363 : 168,293
1364 : 217,420
1365 : 88,605
1366 : 23,572,984
1367 : 112,131
1368 : 68,517
1369 : 147,625
1370 : 49,225,585,955
1371 : 47,190
1372 : 321,749
1373 : 31,511,917
1374 : 201,265,912
1375 : 94,340,554,766
1376 : 64,135,455,715
1377 : 141,177,543
1378 : 155,705
1379 : 386,858
1380 : 96,700
1381 : 115,570
1382 : 261,586,795
1383 : 25,136,220,489
1384 : 693,942
1385 : 260,368,926
1386 : 26,178,261
1387 : 16,56
1388 : 60,611,651,666
1389 : 30,583,746,786
1390 : 229,481
1391 : 310,359,879
1392 : 526,579
1393 : 37,86,290
1394 : 19,133,718,922
1395 : 308,600
1396 : 49,92,695
1397 : 541,583
1398 : 50,490
1399 : 278,546,744,973
1400 : 462,674
1401 : 174,358
1402 : 50,305,896
1403 : 20,46,329
1404 : 103,299
1405 : 8,499
1406 : 269,485
1407 : 186,284
1408 : 23,737,861
1409 : 47,324
1410 : 84,947
1411 : 575,849
1412 : 166,706
1413 : 68,170
1414 : 23,138
1415 : 75,578
1416 : 227,976
1417 : 83,176,399
1418 : 17,208,571
1419 : 333,802
1420 : 54,185,304,542
1421 : 495,933
1422 : 664,915
1423 : 80,153,172,290
1424 : 156,455,622,638
1425 : 170,618
1426 : 161,192
1427 : 8,584
1428 : 13,108
1429 : 718,806
1430 : 5,36,100,257
1431 : 23,67,529,673
1432 : 333,685
1433 : 9,926,998
1434 : 4,113,316,605
1435 : 732,964
1436 : 18,177
1437 : 517,794
1438 : 108,817
1439 : 194,356
1440 : 215,241,386
1441 : 202,382
1442 : 334,532
1443 : 100,232
1444 : 209,210,278
1445 : 200,482,982
1446 : 340,995
1447 : 375,510
1448 : 60,73
1449 : 430,911
1450 : 28,185,208
1451 : 318,932
1452 : 59,930
1453 : 250,452,919
1454 : 52,357
1455 : 295,334,721
1456 : 87,207,703
1457 : 269,558
1458 : 17,392
1459 : 79,793
1460 : 24,417,468,494
1461 : 508,667
1462 : 238,255,561
1463 : 348,414
1464 : 113,480
1465 : 83,659
1466 : 63,999
1467 : 14,57,247,549
1468 : 127,968,983
1469 : 631,635
1470 : 641,986
1471 : 234,317,558,886
1472 : 1,915
1473 : 143,297,498
1474 : 260,526
1475 : 321,852
1476 : 225,567
1477 : 488,779
1478 : 257,375
1479 : 309,888
1480 : 131,190,649
1481 : 351,813,877
1482 : 51,198
1483 : 343,690
1484 : 26,841
1485 : 125,129,916
1486 : 268,553
1487 : 122,160,240,868
1488 : 99,228,235
1489 : 234,726,941
1490 : 762,835
1491 : 114,615
1492 : 143,278,651
1493 : 413,921
1494 : 578,871
1495 : 193,220,592,896
1496 : 203,799
1497 : 496,587
1498 : 857,927
1499 : 483,834
1500 : 30,200
1501 : 84,767
1502 : 21,55,226
1503 : 324,335
1504 : 9,234,869
1505 : 573,877
1506 : 110,128,453,594
1507 : 262,285
1508 : 481,671
1509 : 817,858,966
1510 : 193,489
1511 : 54,622,632,853
1512 : 240,299
1513 : 40,138,248,511
1514 : 45,192
1515 : 101,255,305
1516 : 158,694
1517 : 377,534
1518 : 47,56
1519 : 356,589
1520 : 1,633,964
1521 : 83,295,588
1522 : 14,83,869
1523 : 258,357
1524 : 212,899
1525 : 89,139
1526 : 280,618
1527 : 28,571
1528 : 296,482
1529 : 699,809
1530 : 382,713
1531 : 6,121
1532 : 131,160,180,501
1533 : 1,84,337
1534 : 272,480
1535 : 189,305,354,366
1536 : 145,574,976
1537 : 19,998
1538 : 81,422
1539 : 317,390,668
1540 : 109,139,980
1541 : 188,445
1542 : 17,37,767
1543 : 118,449,621
1544 : 37,166,276
1545 : 422,553
1546 : 18,50,359,493
1547 : 142,259
1548 : 29,303
1549 : 298,994
1550 : 17,139
1551 : 178,517
1552 : 66,501
1553 : 20,523
1554 : 20,216,522
1555 : 210,283,597
1556 : 145,219,516
1557 : 221,449,811
1558 : 334,357,383
1559 : 8,737
1560 : 427,854
1561 : 183,184,597,606
1562 : 294,675,810
1563 : 159,205,586
1564 : 75,360
1565 : 79,280,566,576
1566 : 93,460
1567 : 46,554
1568 : 326,333
1569 : 57,83,311
1570 : 16,973
1571 : 57,403
1572 : 376,900
1573 : 658,780,950
1574 : 317,377
1575 : 54,111,596,956
1576 : 237,301
1577 : 192,384,719,811
1578 : 196,410
1579 : 118,660
1580 : 482,825
1581 : 115,119,241
1582 : 16,116,729
1583 : 187,511
1584 : 40,450,667
1585 : 305,473
1586 : 223,487
1587 : 312,589,969
1588 : 192,702,730,989
1589 : 369,594
1590 : 712,829,962
1591 : 77,332,378,822
1592 : 39,86
1593 : 125,460,978
1594 : 303,499,815
1595 : 15,79,152
1596 : 353,901
1597 : 74,714
1598 : 82,90
1599 : 289,407
1600 : 28,114
1601 : 473,883
1602 : 89,393,847
1603 : 379,431
1604 : 34,53,977
1605 : 112,415
1606 : 32,943,953
1607 : 425,702,887
1608 : 675,860
1609 : 106,220
1610 : 16,55,155,938
1611 : 11,417
1612 : 704,957
1613 : 116,227,518
1614 : 8,31
1615 : 147,263,333
1616 : 300,365
1617 : 25,37,397
1618 : 69,364,565
1619 : 269,925
1620 : 326,767
1621 : 293,758
1622 : 22,229
1623 : 192,574,817,891
1624 : 93,217
1625 : 541,858,913
1626 : 904,910
1627 : 600,607
1628 : 149,612,853
1629 : 120,370
1630 : 129,253,809
1631 : 95,148,801
1632 : 126,659
1633 : 52,633,791
1634 : 376,929
1635 : 187,855
1636 : 59,727
1637 : 514,667
1638 : 277,710
1639 : 315,443
1640 : 209,583
1641 : 12,52
1642 : 379,729
1643 : 16,210,379,510
1644 : 73,928
1645 : 354,808
1646 : 124,154
1647 : 75,207,700
1648 : 298,304,357,545
1649 : 371,981
1650 : 361,742,764,988
1651 : 452,845
1652 : 110,262,430
1653 : 344,652,735,853
1654 : 99,171,212,730
1655 : 412,836
1656 : 235,315,771
1657 : 80,505
1658 : 61,533
1659 : 27,828
1660 : 935,988
1661 : 452,521
1662 : 107,404,557,820
1663 : 31,119
1664 : 7,463
1665 : 192,212,565
1666 : 179,598
1667 : 161,287
1668 : 234,691
1669 : 16,62,197,475
1670 : 88,327,352
1671 : 497,571,963
1672 : 530,747
1673 : 8,30
1674 : 579,734
1675 : 6,931
1676 : 127,877
1677 : 112,373,794,892
1678 : 139,207
1679 : 203,274
1680 : 467,587
1681 : 670,839
1682 : 49,336
1683 : 346,850,978
1684 : 309,427,792
1685 : 166,341,478,980
1686 : 543,721
1687 : 367,808
1688 : 143,862,890
1689 : 45,731
1690 : 86,365,905
1691 : 177,531
1692 : 42,711,856
1693 : 23,759
1694 : 520,882
1695 : 262,698
1696 : 382,441,491
1697 : 45,418
1698 : 345,920
1699 : 572,598
1700 : 142,789
1701 : 186,431
1702 : 40,46
1703 : 48,91,928
1704 : 664,997
1705 : 552,561
1706 : 610,707,898
1707 : 16,932
1708 : 414,952
1709 : 264,281
1710 : 72,479
1711 : 184,272,850,885
1712 : 147,646
1713 : 78,168
1714 : 106,609
1715 : 41,386,866
1716 : 57,324,470,799
1717 : 155,270,436,966
1718 : 328,349,894
1719 : 74,343,399,485
1720 : 329,549,972
1721 : 286,287
1722 : 190,675
1723 : 78,576,892
1724 : 56,413
1725 : 120,405
1726 : 124,494
1727 : 380,683
1728 : 263,383
1729 : 174,543
1730 : 102,136
1731 : 423,569,666
1732 : 364,370,730
1733 : 22,105,366,981
1734 : 534,569
1735 : 231,400
1736 : 322,926
1737 : 42,187,309,941
1738 : 148,724
1739 : 45,840
1740 : 259,866,932
1741 : 62,362
1742 : 197,248,799
1743 : 404,647
1744 : 396,437
1745 : 55,363
1746 : 47,628
1747 : 288,878
1748 : 119,182,388,566
1749 : 167,972
1750 : 283,804
1751 : 234,521
1752 : 123,261,267
1753 : 63,691
1754 : 248,381
1755 : 109,153
1756 : 162,243,663,839
1757 : 59,145,804
1758 : 78,142,259,601
1759 : 19,480
1760 : 163,232,291,344
1761 : 429,838
1762 : 296,453
1763 : 2,155,270,763
1764 : 56,69
1765 : 221,228
1766 : 132,133
1767 : 523,952
1768 : 4,573
1769 : 331,668,777
1770 : 202,427
1771 : 94,766
1772 : 257,585
1773 : 538,945
1774 : 169,500
1775 : 69,178,222
1776 : 132,191,617,751
1777 : 310,451,755,756
1778 : 127,286
1779 : 45,227,657
1780 : 395,702
1781 : 105,440
1782 : 61,331,978
1783 : 103,106,258,285
1784 : 311,597
1785 : 7,403,643
1786 : 182,206,804,977
1787 : 237,794
1788 : 562,727
1789 : 306,343,460,528
1790 : 551,866
1791 : 365,627
1792 : 383,422,859
1793 : 92,271,396
1794 : 109,173,208
1795 : 7,917
1796 : 312,534,842
1797 : 172,257,724
1798 : 504,836
1799 : 182,345
1800 : 702,768,914,965
1801 : 158,599
1802 : 34,911
1803 : 221,949
1804 : 321,789
1805 : 35,539,745
1806 : 37,879
1807 : 463,467
1808 : 549,564
1809 : 64,616
1810 : 138,242,329,910
1811 : 497,611
1812 : 168,848
1813 : 88,282,378
1814 : 35,775
1815 : 301,313,345,832
1816 : 175,402,949
1817 : 95,456,732
1818 : 46,250
1819 : 104,783
1820 : 40,368
1821 : 282,614
1822 : 243,531,697
1823 : 251,635
1824 : 254,781
1825 : 401,633
1826 : 89,103
1827 : 24,91
1828 : 168,169
1829 : 209,449,890
1830 : 203,272,673,826
1831 : 342,515
1832 : 603,693
1833 : 19,372,830,861
1834 : 332,419
1835 : 792,823
1836 : 304,710
1837 : 2,536,687
1838 : 35,123
1839 : 16,865,921,997
1840 : 31,870
1841 : 285,857
1842 : 98,616
1843 : 556,838
1844 : 40,90,129
1845 : 374,400,477
1846 : 97,573
1847 : 71,135,957
1848 : 49,101
1849 : 76,135,362,373
1850 : 43,501
1851 : 144,188,228,384
1852 : 400,585
1853 : 75,491,655
1854 : 15,677
1855 : 6,590
1856 : 137,170,370
1857 : 76,384,518,995
1858 : 606,805
1859 : 505,578
1860 : 102,128,381
1861 : 96,304,465
1862 : 224,641
1863 : 4,27,852
1864 : 25,98
1865 : 202,310,807
1866 : 787,886,970
1867 : 240,291
1868 : 658,714
1869 : 496,658,984
1870 : 476,798
1871 : 78,906
1872 : 374,604
1873 : 751,854
1874 : 633,831
1875 : 870,881
1876 : 107,575,953
1877 : 315,551
1878 : 238,570,824
1879 : 87,153,246
1880 : 76,137,256,656
1881 : 123,264
1882 : 216,533
1883 : 213,683
1884 : 72,178,924
1885 : 186,548,782,993
1886 : 22,105
1887 : 11,43
1888 : 467,548
1889 : 157,387
1890 : 124,988
1891 : 285,609
1892 : 233,663
1893 : 233,240,271,341
1894 : 244,758
1895 : 61,91,846
1896 : 28,907
1897 : 899,940
1898 : 222,611,639,731
1899 : 121,734
1900 : 1,97
1901 : 249,565,659,884
1902 : 904,998
1903 : 134,227,731
1904 : 157,342,748
1905 : 62,489,933
1906 : 252,738,742
1907 : 73,472
1908 : 165,213
1909 : 3,271,894
1910 : 6,756
1911 : 300,662
1912 : 68,997
1913 : 2,205,530,744
1914 : 288,640
1915 : 572,942
1916 : 22,153
1917 : 189,262,295,875
1918 : 52,290
1919 : 370,733
1920 : 154,547
1921 : 39,959
1922 : 93,826
1923 : 314,773
1924 : 42,818
1925 : 590,653
1926 : 255,646
1927 : 125,529
1928 : 421,530
1929 : 52,193,620,655
1930 : 512,842
1931 : 201,376
1932 : 212,812
1933 : 58,266
1934 : 66,226,237
1935 : 513,740,887
1936 : 263,844
1937 : 48,993
1938 : 23,805
1939 : 669,805
1940 : 648,992
1941 : 365,802
1942 : 245,645
1943 : 80,292
1944 : 13,249,581
1945 : 2,143,784
1946 : 29,175,584
1947 : 162,725
1948 : 163,385,545,637
1949 : 26,355,398,525
1950 : 635,770
1951 : 75,878
1952 : 159,516
1953 : 14,74,346
1954 : 53,264,394
1955 : 120,196,518
1956 : 20,485,544,624
1957 : 9,58,414,504
1958 : 192,262
1959 : 150,876
1960 : 86,401,736,772
1961 : 144,568
1962 : 446,510,530
1963 : 179,971
1964 : 4,61,272,909
1965 : 687,811,914
1966 : 134,143
1967 : 590,947
1968 : 43,351,874
1969 : 126,191,322,741
1970 : 505,609,807
1971 : 677,938
1972 : 562,638
1973 : 450,580
1974 : 31,133
1975 : 314,723,924
1976 : 646,681
1977 : 310,456
1978 : 219,270,813
1979 : 780,826,916
1980 : 83,127
1981 : 129,856
1982 : 348,598
1983 : 151,415
1984 : 66,73,158,669
1985 : 178,259
1986 : 143,960
1987 : 159,804
1988 : 608,747
1989 : 380,444
1990 : 506,990
1991 : 98,456,685
1992 : 455,872
1993 : 490,577
1994 : 265,946
1995 : 302,471
1996 : 81,396
1997 : 368,522
1998 : 225,963
1999 : 32,162
2000 : 85,154,164,764
2001 : 214,223
2002 : 68,503,814
2003 : 38,235
2004 : 73,221,486
2005 : 87,453
2006 : 38,568
2007 : 549,852
2008 : 242,253,319
2009 : 11,91
2010 : 230,242,458,526
2011 : 183,828
2012 : 369,765
2013 : 90,273,430,700
2014 : 328,700
2015 : 288,295,629
2016 : 403,954
2017 : 478,596
2018 : 236,755
2019 : 519,568
2020 : 196,695,796,813
2021 : 157,184
2022 : 103,368
2023 : 349,458,755
2024 : 203,962
2025 : 92,177,400
2026 : 376,450,605
2027 : 115,719,985
2028 : 371,697,739
2029 : 3,288,307,647
2030 : 94,952
2031 : 28,676
2032 : 34,542,979
2033 : 180,182,290
2034 : 34,48,602
2035 : 1,464
2036 : 284,429,838
2037 : 75,451
2038 : 120,188,205,518
2039 : 307,613
2040 : 70,255
2041 : 268,368
2042 : 90,542,824
2043 : 101,964
2044 : 50,121
2045 : 433,762
2046 : 223,335
2047 : 69,696
2048 : 13,471
2049 : 532,868
2050 : 211,508
2051 : 65,172
2052 : 120,610
2053 : 19,766
2054 : 246,432,461,948
2055 : 13,235,651,656
2056 : 46,329
2057 : 78,281
2058 : 891,920
2059 : 54,359
2060 : 220,994
2061 : 347,749,825
2062 : 135,493,681,955
2063 : 85,131,410
2064 : 280,424,623
2065 : 184,268
2066 : 370,674
2067 : 99,444,538
2068 : 20,462,483
2069 : 547,985
2070 : 53,657
2071 : 135,439
2072 : 91,895
2073 : 119,951
2074 : 154,324
2075 : 1,84,457
2076 : 27,67
2077 : 77,331
2078 : 146,447,531
2079 : 121,706
2080 : 47,325,855
2081 : 38,459
2082 : 396,725,933
2083 : 13,848
2084 : 401,604
2085 : 155,958
2086 : 175,183
2087 : 770,860
2088 : 83,105,138,529
2089 : 513,902,958
2090 : 432,953
2091 : 69,149,705
2092 : 70,713
2093 : 137,863,1000
2094 : 481,878
2095 : 107,148,189,974
2096 : 140,308,457
2097 : 50,244
2098 : 147,202,571,686
2099 : 314,876
2100 : 150,466
2101 : 319,821
2102 : 191,881
2103 : 247,275,785
2104 : 199,735
2105 : 2,186,313
2106 : 474,689
2107 : 43,504
2108 : 135,199,393
2109 : 125,614
2110 : 65,707
2111 : 96,107
2112 : 315,488,586
2113 : 37,240
2114 : 6,199
2115 : 391,704,720,801
2116 : 53,565
2117 : 368,426
2118 : 628,908
2119 : 22,276,664,871
2120 : 122,746,943
2121 : 180,581
2122 : 252,301
2123 : 42,57,882
2124 : 239,662
2125 : 295,765
2126 : 60,363
2127 : 88,218
2128 : 661,738
2129 : 621,965
2130 : 298,672
2131 : 188,510
2132 : 142,398,566,951
2133 : 59,261
2134 : 294,343,916
2135 : 89,236
2136 : 211,329
2137 : 237,375
2138 : 361,705
2139 : 507,939
2140 : 104,338
2141 : 447,490
2142 : 474,942
2143 : 469,674
2144 : 643,833
2145 : 45,127
2146 : 254,490,577
2147 : 421,445
2148 : 68,446,540
2149 : 92,147,232
2150 : 354,782,943
2151 : 891,996
2152 : 30,829
2153 : 161,863
2154 : 132,325,420,485
2155 : 544,668
2156 : 159,539
2157 : 527,603
2158 : 596,739
2159 : 99,112,131
2160 : 340,482
2161 : 111,640
2162 : 428,607
2163 : 80,777
2164 : 81,227,871
2165 : 7,157
2166 : 595,771,919
2167 : 604,931
2168 : 176,275,325
2169 : 101,512
2170 : 149,444
2171 : 152,318
2172 : 124,433,459,591
2173 : 618,865
2174 : 679,685,945
2175 : 170,696
2176 : 298,402,616,638
2177 : 5,208
2178 : 156,994
2179 : 736,933
2180 : 148,553
2181 : 196,287,386,874
2182 : 223,759
2183 : 325,427,991
2184 : 505,653,728
2185 : 392,402
2186 : 180,215
2187 : 44,104
2188 : 296,554,904
2189 : 62,567
2190 : 118,182,965
2191 : 58,851
2192 : 389,435,752,871
2193 : 336,868
2194 : 137,185,456
2195 : 335,879
2196 : 39,619
2197 : 144,683,951
2198 : 25,964
2199 : 600,625,824
2200 : 12,307,640,713
2201 : 500,940
2202 : 265,528
2203 : 247,670
2204 : 280,968
2205 : 20,787,822
2206 : 78,306
2207 : 175,558
2208 : 354,465
2209 : 761,925
2210 : 27,97,317,322
2211 : 214,682
2212 : 175,331,390,682
2213 : 369,681,818
2214 : 923,930
2215 : 825,927
2216 : 87,333
2217 : 39,299
2218 : 179,194,201,294
2219 : 320,765
2220 : 254,619
2221 : 178,840
2222 : 13,278,415,727
2223 : 279,615
2224 : 71,550
2225 : 214,247,984
2226 : 122,798
2227 : 566,775
2228 : 189,628
2229 : 411,642
2230 : 209,538
2231 : 183,340
2232 : 73,267
2233 : 15,180,398
2234 : 286,796
2235 : 27,218
2236 : 251,712,786
2237 : 67,151,316
2238 : 86,90,818
2239 : 26,355,568
2240 : 144,494
2241 : 82,322
2242 : 42,77
2243 : 17,710
2244 : 249,345,486,784
2245 : 16,213,259
2246 : 90,833
2247 : 22,103
2248 : 440,558,829
2249 : 28,80
2250 : 243,945
2251 : 369,435,451,512
2252 : 361,446
2253 : 92,552
2254 : 19,511,900
2255 : 108,172,346,378
2256 : 49,957
2257 : 54,65,121,847
2258 : 4,485
2259 : 150,563
2260 : 66,215,394
2261 : 366,561,619
2262 : 309,316,317,990
2263 : 49,843
2264 : 66,256
2265 : 476,934,937
2266 : 53,278,827
2267 : 493,594
2268 : 121,429,430,628
2269 : 107,831
2270 : 495,587
2271 : 274,390,749
2272 : 283,660
2273 : 141,944
2274 : 107,185
2275 : 512,875
2276 : 111,559
2277 : 33,251,272
2278 : 660,776
2279 : 18,915
2280 : 128,170,189,954
2281 : 16,562
2282 : 47,303
2283 : 42,535
2284 : 14,97,474,716
2285 : 454,541
2286 : 100,981
2287 : 726,910
2288 : 179,418
2289 : 386,418,524,601
2290 : 29,33,214
2291 : 146,233
2292 : 199,905
2293 : 130,882
2294 : 111,553,632,907
2295 : 581,796
2296 : 115,445
2297 : 129,343
2298 : 117,487,851
2299 : 33,827
2300 : 189,481,484
2301 : 71,746
2302 : 136,374,404,703
2303 : 113,821
2304 : 211,251,409,823
2305 : 43,118,758
2306 : 889,914,968
2307 : 7,346
2308 : 126,228,769
2309 : 146,352,865
2310 : 213,547
2311 : 6,956
2312 : 880,918
2313 : 204,207,271,383
2314 : 1,12,102
2315 : 51,115
2316 : 138,523
2317 : 296,688
2318 : 434,790
2319 : 63,319
2320 : 254,365,490
2321 : 29,883
2322 : 270,745
2323 : 220,531
2324 : 398,816
2325 : 245,353
2326 : 370,784
2327 : 318,345
2328 : 210,678,880
2329 : 412,458
2330 : 431,897
2331 : 201,423
2332 : 206,379,876
2333 : 3,70,273
2334 : 92,177,980
2335 : 76,500
2336 : 548,851
2337 : 712,882
2338 : 67,554
2339 : 181,391,615,839
2340 : 694,903
2341 : 167,230,962
2342 : 671,679
2343 : 302,793
2344 : 142,206,283,649
2345 : 2,264,762
2346 : 231,238,630,948
2347 : 122,571
2348 : 36,401
2349 : 140,358,715
2350 : 604,797,894,936
2351 : 43,228
2352 : 656,694
2353 : 281,546,612
2354 : 187,387,761
2355 : 57,74,716,788
2356 : 139,238,616
2357 : 517,611
2358 : 394,996
2359 : 10,589,718,806
2360 : 592,820
2361 : 7,869
2362 : 919,922,982
2363 : 501,686
2364 : 28,139,536,626
2365 : 43,314,350,388
2366 : 71,326,684
2367 : 70,172,239,441
2368 : 63,77
2369 : 64,704
2370 : 849,992
2371 : 119,795
2372 : 57,248,306,458
2373 : 14,411
2374 : 577,801
2375 : 99,166,390,668
2376 : 162,174
2377 : 582,848
2378 : 642,768
2379 : 89,280
2380 : 361,576,811
2381 : 95,627
2382 : 26,34,222
2383 : 85,424,895
2384 : 5,62,567
2385 : 200,316,917
2386 : 84,757
2387 : 124,410
2388 : 101,365
2389 : 13,622
2390 : 220,627
2391 : 195,277,947
2392 : 39,846
2393 : 377,418
2394 : 50,308,820
2395 : 394,973
2396 : 27,216
2397 : 769,907
2398 : 56,108,155,903
2399 : 528,709
2400 : 252,476
2401 : 4,900
2402 : 427,527,617,643
2403 : 163,575
2404 : 20,412,442,529
2405 : 803,928
2406 : 5,846
2407 : 166,299,397
2408 : 116,690,897
2409 : 342,654
2410 : 62,289,802
2411 : 230,480,634
2412 : 452,908
2413 : 25,173
2414 : 150,408,934
2415 : 221,744
2416 : 33,279,515,722
2417 : 594,602
2418 : 349,362
2419 : 110,289,615
2420 : 96,229,497
2421 : 224,446
2422 : 689,770
2423 : 585,967
2424 : 59,742
2425 : 45,507,835
2426 : 114,853
2427 : 622,625
2428 : 436,641,976
2429 : 164,807
2430 : 389,502,596
2431 : 3,121
2432 : 635,774
2433 : 86,461,577
2434 : 295,385,480
2435 : 222,275
2436 : 407,859
2437 : 401,883
2438 : 58,523,654
2439 : 226,729
2440 : 53,145,536
2441 : 118,750
2442 : 282,346
2443 : 110,162
2444 : 55,85
2445 : 544,701
2446 : 781,889
2447 : 221,241
2448 : 154,488
2449 : 127,1000
2450 : 226,374
2451 : 867,930
2452 : 119,744
2453 : 60,410,899
2454 : 33,469,741
2455 : 292,632
2456 : 337,938
2457 : 136,662
2458 : 313,800
2459 : 297,902
2460 : 110,304
2461 : 87,166
2462 : 467,634
2463 : 148,204
2464 : 279,709
2465 : 224,364
2466 : 150,996
2467 : 271,289,680
2468 : 311,499
2469 : 31,242
2470 : 439,545
2471 : 375,398
2472 : 650,785
2473 : 81,550
2474 : 45,142,150,814
2475 : 305,767
2476 : 53,264,494,864
2477 : 267,832
2478 : 339,843
2479 : 506,584
2480 : 44,197,886
2481 : 287,394,546
2482 : 134,527,584
2483 : 117,190
2484 : 82,276
2485 : 120,373
2486 : 353,536
2487 : 579,950
2488 : 236,625
2489 : 52,307
2490 : 437,883
2491 : 65,202
2492 : 15,582
2493 : 167,929
2494 : 144,408
2495 : 229,652,752
2496 : 498,975
2497 : 40,133,970
2498 : 569,960
2499 : 312,589,606
2500 : 64,147,389
2501 : 116,996
2502 : 473,552
2503 : 30,198
2504 : 32,622,672,818
2505 : 551,920
2506 : 131,334
2507 : 28,632
2508 : 774,815
2509 : 225,735
2510 : 109,307,698
2511 : 79,249,601
2512 : 175,483
2513 : 136,305
2514 : 26,674
2515 : 115,966
2516 : 670,971
2517 : 260,332,463
2518 : 30,266,335
2519 : 138,167,790
2520 : 613,626,637
2521 : 130,299
2522 : 359,455,653,692
2523 : 8,125,549
2524 : 211,218
2525 : 111,123,893
2526 : 64,188,328
2527 : 715,967
2528 : 217,774
2529 : 36,156,859
2530 : 532,640
2531 : 468,901
2532 : 243,819
2533 : 81,243
2534 : 157,810
2535 : 388,793
2536 : 282,946
2537 : 298,374,936
2538 : 104,344
2539 : 34,169,196
2540 : 23,184,266,293
2541 : 259,913
2542 : 88,251
2543 : 447,974
2544 : 40,343,644
2545 : 376,597,837
2546 : 195,267,533,603
2547 : 103,148,163
2548 : 318,539
2549 : 188,210,244
2550 : 392,484,987
2551 : 89,146
2552 : 377,448,733,961
2553 : 74,588
2554 : 69,500,998
2555 : 3,953
2556 : 24,66
2557 : 26,476
2558 : 207,397
2559 : 7,242
2560 : 666,863
2561 : 113,250,469,558
2562 : 136,615
2563 : 176,338
2564 : 68,186,423
2565 : 132,340
2566 : 58,670,737
2567 : 105,748,926
2568 : 165,547,623
2569 : 80,782
2570 : 100,497,755
2571 : 24,59,813,986
2572 : 117,347,556
2573 : 300,765
2574 : 156,371
2575 : 159,228,380
2576 : 185,477
2577 : 215,773
2578 : 277,943
2579 : 82,791,839
2580 : 41,863
2581 : 47,312,751,830
2582 : 241,845
2583 : 376,482
2584 : 12,556
2585 : 53,350
2586 : 324,580
2587 : 4,738
2588 : 128,596
2589 : 25,136,344
2590 : 137,363,421,433
2591 : 106,239
2592 : 183,265
2593 : 40,787
2594 : 148,183
2595 : 215,889
2596 : 94,483
2597 : 68,380,618
2598 : 235,723,742,940
2599 : 52,82,374
2600 : 260,774
2601 : 203,450
2602 : 459,803,892
2603 : 125,197,330
2604 : 161,802
2605 : 39,50,254
2606 : 857,885
2607 : 195,225,360,686
2608 : 791,844
2609 : 302,384
2610 : 156,502,905
2611 : 119,591
2612 : 10,644,870
2613 : 217,411,595,650
2614 : 15,302
2615 : 191,834
2616 : 363,649,708
2617 : 251,327,507
2618 : 330,495
2619 : 313,377,471,492
2620 : 205,405
2621 : 71,101
2622 : 70,453,620
2623 : 279,941
2624 : 101,285
2625 : 514,954
2626 : 5,426,541
2627 : 453,477
2628 : 418,611
2629 : 216,399,734
2630 : 405,897
2631 : 413,466
2632 : 51,79,165,492
2633 : 683,993
2634 : 266,650,665
2635 : 216,218,352
2636 : 754,991
2637 : 11,462,911
2638 : 55,581
2639 : 74,582
2640 : 689,759
2641 : 90,239
2642 : 23,194,372,504
2643 : 26,182
2644 : 557,607
2645 : 17,64
2646 : 128,392,561
2647 : 2,73
2648 : 85,486,717
2649 : 289,630,757
2650 : 224,256,677,775
2651 : 72,284,471,924
2652 : 118,237
2653 : 426,942
2654 : 37,393
2655 : 438,910
2656 : 12,18,70,336
2657 : 77,714
2658 : 19,93
2659 : 906,977
2660 : 36,48,748,764
2661 : 86,102,505,843
2662 : 106,428
2663 : 3,110,160,947
2664 : 69,492
2665 : 21,158,602,935
2666 : 7,595
2667 : 509,728,907
2668 : 162,379,539,960
2669 : 540,835,975
2670 : 56,500
2671 : 202,204
2672 : 128,181
2673 : 152,373,747,891
2674 : 231,820
2675 : 437,732
2676 : 38,60
2677 : 21,56,661
2678 : 292,797,944
2679 : 243,385,653
2680 : 5,65
2681 : 283,536
2682 : 89,721
2683 : 14,125,446
2684 : 355,574
2685 : 55,425
2686 : 364,719,768
2687 : 74,93,837
2688 : 593,987
2689 : 39,823
2690 : 389,648,936
2691 : 217,242,269
2692 : 6,556,936
2693 : 610,697
2694 : 212,421,510
2695 : 200,450
2696 : 12,246
2697 : 75,908
2698 : 167,317
2699 : 306,475
2700 : 14,438,766
2701 : 96,772
2702 : 532,607,757,872
2703 : 318,816,862
2704 : 5,114,859
2705 : 566,569
2706 : 404,725,779,944
2707 : 131,454,690
2708 : 390,834
2709 : 63,660,724,921
2710 : 44,508
2711 : 12,648
2712 : 211,495,939
2713 : 286,448
2714 : 190,580
2715 : 33,117,555,722
2716 : 205,602
2717 : 144,541
2718 : 235,961
2719 : 106,107,172,844
2720 : 572,691
2721 : 3,331,350
2722 : 141,349,354,461
2723 : 13,165,687
2724 : 198,761
2725 : 104,274,414,939
2726 : 54,461
2727 : 54,238,300
2728 : 18,782
2729 : 42,316,978,982
2730 : 451,520,948
2731 : 588,799,971
2732 : 469,751
2733 : 743,892
2734 : 287,832
2735 : 159,244,591
2736 : 46,126,130,564
2737 : 145,170,840
2738 : 353,413,874
2739 : 135,736
2740 : 112,205,690
2741 : 15,424,639
2742 : 97,356,487
2743 : 835,920
2744 : 21,35,314,525
2745 : 195,240,532
2746 : 397,542
2747 : 93,372,506
2748 : 565,913
2749 : 253,387
2750 : 233,593
2751 : 258,327,639,821
2752 : 425,841
2753 : 74,126
2754 : 297,960
2755 : 170,408,479
2756 : 88,999
2757 : 78,986
2758 : 22,535,822
2759 : 62,204
2760 : 164,771
2761 : 77,311
2762 : 129,338
2763 : 747,937
2764 : 421,516,641
2765 : 283,444,677,877
2766 : 276,385,987
2767 : 930,949
2768 : 149,906
2769 : 338,623
2770 : 524,773
2771 : 53,351
2772 : 515,595,617
2773 : 117,133,420,760
2774 : 44,323,411
2775 : 442,873
2776 : 10,378
2777 : 98,385,680
2778 : 174,872
2779 : 395,462
2780 : 260,470
2781 : 356,579
2782 : 15,38
2783 : 200,214,230
2784 : 383,795
2785 : 245,560
2786 : 276,613
2787 : 360,455,671
2788 : 717,935
2789 : 186,436,743,918
2790 : 174,959
2791 : 56,284
2792 : 256,923
2793 : 117,346,631
2794 : 9,999
2795 : 91,995
2796 : 234,544
2797 : 329,330,801
2798 : 18,122,456
2799 : 466,538
2800 : 309,709
2801 : 59,169,794,976
2802 : 828,909
2803 : 621,983
2804 : 49,65,102,308
2805 : 194,521
2806 : 101,225,231
2807 : 59,377
2808 : 249,361,798
2809 : 435,629,732,844
2810 : 28,493
2811 : 350,517,574,906
2812 : 168,241
2813 : 114,337
2814 : 146,636
2815 : 185,478,746
2816 : 174,189,464
2817 : 276,344,629,672
2818 : 21,363
2819 : 2,645,902
2820 : 452,522
2821 : 35,228,534
2822 : 184,211
2823 : 8,10
2824 : 555,642
2825 : 4,94,529
2826 : 12,358,578
2827 : 862,880
2828 : 95,599
2829 : 173,308
2830 : 255,308,893,994
2831 : 43,762
2832 : 268,434
2833 : 105,132
2834 : 60,243,310,790
2835 : 164,656
2836 : 13,436
2837 : 417,562
2838 : 180,789
2839 : 20,463
2840 : 142,382,867,946
2841 : 151,347
2842 : 323,836
2843 : 172,728
2844 : 419,810
2845 : 202,298,349,652
2846 : 9,151,321,584
2847 : 466,524
2848 : 38,486,560,569
2849 : 27,507,650,770
2850 : 76,204,360,887
2851 : 612,775
2852 : 153,502
2853 : 26,375
2854 : 197,306,331
2855 : 124,212,454
2856 : 141,725
2857 : 73,406,431
2858 : 219,889
2859 : 206,270
2860 : 41,989
2861 : 451,849
2862 : 258,397
2863 : 364,608
2864 : 99,171,903
2865 : 100,613
2866 : 191,499
2867 : 71,81,520
2868 : 341,884
2869 : 46,130
2870 : 245,717,923
2871 : 492,678
2872 : 9,475,508,929
2873 : 10,922
2874 : 119,415
2875 : 42,507
2876 : 19,275,527,693
2877 : 95,662
2878 : 48,108,286
2879 : 108,576
2880 : 352,412,573,699
2881 : 366,931
2882 : 87,233,831
2883 : 11,38,651
2884 : 76,425,932,966
2885 : 17,931
2886 : 204,477
2887 : 114,218,678,991
2888 : 133,588
2889 : 74,829
2890 : 55,708
2891 : 45,546,771
2892 : 420,496
2893 : 77,440
2894 : 290,561,868
2895 : 19,58
2896 : 326,894
2897 : 79,112
2898 : 268,440
2899 : 402,655
2900 : 32,362
2901 : 116,227,812,1000
2902 : 616,781
2903 : 11,513
2904 : 166,422
2905 : 303,631
2906 : 22,141,578
2907 : 193,362
2908 : 330,969
2909 : 236,491
2910 : 347,463
2911 : 381,610
2912 : 176,837
2913 : 605,699,830
2914 : 475,809
2915 : 48,72,267,388
2916 : 195,637
2917 : 776,934
2918 : 179,712
2919 : 330,972
2920 : 834,954
2921 : 601,989
2922 : 543,652
2923 : 459,525,983
2924 : 83,327
2925 : 51,448,583,708
2926 : 31,57,253
2927 : 151,340,815
2928 : 145,171,814
2929 : 731,832
2930 : 464,629,736
2931 : 750,827
2932 : 196,209,375,696
2933 : 6,672
2934 : 68,245,539
2935 : 141,236,893
2936 : 222,443,612
2937 : 160,359,600,945
2938 : 313,901
2939 : 42,126,216
2940 : 267,776
2941 : 199,663
2942 : 214,958
2943 : 310,898
2944 : 679,819
2945 : 18,98
2946 : 61,338
2947 : 247,325
2948 : 1,193,833
2949 : 293,602
2950 : 75,626
2951 : 207,878,884
2952 : 284,516
2953 : 96,109
2954 : 48,1000
2955 : 79,639
2956 : 156,369
2957 : 867,937
2958 : 20,187
2959 : 250,537,665
2960 : 24,750
2961 : 171,413
2962 : 203,417,445
2963 : 271,752
2964 : 134,778
2965 : 181,735
2966 : 334,594
2967 : 9,761
2968 : 141,238
2969 : 369,391,502
2970 : 17,100
2971 : 146,472
2972 : 483,860,888
2973 : 134,449
2974 : 86,109,258
2975 : 161,224,581
2976 : 265,279,792
2977 : 399,773
2978 : 715,831
2979 : 85,405
2980 : 30,31,77,787
2981 : 72,582
2982 : 115,496,645
2983 : 51,252
2984 : 153,514
2985 : 20,917
2986 : 548,701
2987 : 9,176,682
2988 : 32,862
2989 : 362,383
2990 : 387,467,503
2991 : 608,694
2992 : 22,193
2993 : 65,320
2994 : 32,752
2995 : 25,87
2996 : 469,952
2997 : 360,477
2998 : 230,707
2999 : 27,169,173
3000 : 201,338,519
3001 : 102,208,328,842
3002 : 85,468,740,975
3003 : 130,526
3004 : 52,593,627
3005 : 208,956
3006 : 132,426
3007 : 92,173,647,980
3008 : 175,311
3009 : 93,438,845
3010 : 320,447,600
3011 : 144,281
3012 : 197,528
3013 : 487,837
3014 : 211,503,580
3015 : 173,381,728
3016 : 1,80
3017 : 425,924
3018 : 739,898
3019 : 599,955
3020 : 244,745
3021 : 69,124
3022 : 60,245,424
3023 : 213,488,623
3024 : 857,912
3025 : 64,520
3026 : 151,573
3027 : 268,904
3028 : 711,741,870
3029 : 26,102,223,955
3030 : 171,948
3031 : 61,810
3032 : 29,598
3033 : 120,219,454
3034 : 506,749,950
3035 : 106,441
3036 : 534,696
3037 : 12,71
3038 : 36,289
3039 : 199,277,407,626
3040 : 116,778
3041 : 555,788,919
3042 : 27,321,434
3043 : 779,979
3044 : 344,385
3045 : 147,484,779
3046 : 350,395
3047 : 29,754
3048 : 208,432
3049 : 2,315
3050 : 312,321,476,888
3051 : 341,681,884
3052 : 194,356,372,409
3053 : 21,123,547,778
3054 : 32,89,706
3055 : 351,848
3056 : 399,595
3057 : 590,591
3058 : 900,972
3059 : 70,260
3060 : 29,644
3061 : 280,519
3062 : 30,335
3063 : 301,525,730,985
3064 : 24,479,608
3065 : 24,115
3066 : 474,579
3067 : 24,112
3068 : 290,435,620,720
3069 : 84,472
3070 : 550,604
3071 : 154,568,612,763
3072 : 177,648,720
3073 : 33,533
3074 : 296,606,667,941
3075 : 509,557,753
3076 : 23,250
3077 : 428,959
3078 : 36,229,430,769
3079 : 114,382,461,692
3080 : 85,968
3081 : 291,915
3082 : 186,405
3083 : 350,758,864
3084 : 439,698
3085 : 442,654
3086 : 332,718,888
3087 : 360,872,979
3088 : 146,181,707
3089 : 126,527,624,748
3090 : 567,769
3091 : 261,989
3092 : 692,772
3093 : 184,356
3094 : 253,819
3095 : 46,618
3096 : 91,210,743,961
3097 : 291,395
3098 : 25,905
3099 : 3,64,592,676
3100 : 151,187,777
3101 : 103,685,703
3102 : 319,342,614
3103 : 277,992
3104 : 213,379
3105 : 145,150
3106 : 252,443
3107 : 248,760
3108 : 133,701,873
3109 : 780,785
3110 : 44,990
3111 : 326,512,781,807
3112 : 160,181,739,957
3113 : 99,278
3114 : 665,912
3115 : 93,304,559
3116 : 412,624
3117 : 684,846
3118 : 524,649
3119 : 513,778
3120 : 105,537
3121 : 63,216,419
3122 : 62,285
3123 : 530,591
3124 : 498,669
3125 : 72,149,245,913
3126 : 27,722
3127 : 2,743
3128 : 380,449
3129 : 198,580
3130 : 409,634,716
3131 : 113,367,697,934
3132 : 157,409,925
3133 : 121,619
3134 : 292,371,404,599
3135 : 555,689
3136 : 67,873
3137 : 167,659,886
3138 : 44,603,856
3139 : 98,389,572
3140 : 387,951
3141 : 130,587
3142 : 24,501,814,816
3143 : 46,347,522
3144 : 123,158
3145 : 392,610
3146 : 740,798
3147 : 236,472,550
3148 : 76,164,621
3149 : 104,548
3150 : 169,297
3151 : 217,624
3152 : 5,122
3153 : 167,372
3154 : 10,266,511,860
3155 : 607,706
3156 : 468,540
3157 : 161,168
3158 : 479,519
3159 : 156,160
3160 : 306,701
3161 : 592,896
3162 : 48,182
3163 : 587,861
3164 : 237,353,551,745
3165 : 359,636
3166 : 104,403
3167 : 248,788,869
3168 : 382,753
3169 : 140,163,225
3170 : 244,867
3171 : 206,433
3172 : 33,597
3173 : 603,624
3174 : 7,754
3175 : 73,918
3176 : 348,352,474,845
3177 : 420,806
3178 : 88,197,564
3179 : 35,152,949
3180 : 32,439,465,638
3181 : 516,865
3182 : 100,140,724
3183 : 49,300,464
3184 : 143,224,301
3185 : 137,738
3186 : 219,645
3187 : 60,221,408
3188 : 51,120,315,841
3189 : 617,726,950
3190 : 59,999
3191 : 195,684
3192 : 163,842
3193 : 423,708
3194 : 28,110,273
3195 : 41,71,263,551
3196 : 31,218
3197 : 174,553
3198 : 393,797
3199 : 230,434,537
3200 : 253,294,311,644
3201 : 165,318
3202 : 468,873,909
3203 : 11,560,973
3204 : 410,518,733
3205 : 327,991
3206 : 10,29,741,851
3207 : 29,97,503,826
3208 : 155,692
3209 : 139,757
3210 : 104,606
3211 : 367,593
3212 : 118,454,895
3213 : 297,394,800
