1001 : 269,287,514,921
1002 : 347,428
1003 : 157,342
1004 : 49,710
1005 : 178,694
1006 : 196,259,310,951
1007 : 154,388,453
1008 : 198,524
1009 : 17,234
1010 : 254,847
1011 : 116,267
1012 : 500,621
1013 : 56,497,973
1014 : 109,904
1015 : 38,494,700
1016 : 27,657
1017 : 16,896
1018 : 590,644
1019 : 72,140,373
1020 : 138,915
1021 : 254,995
1022 : 156,826
1023 : 132,338,491,608
1024 : 186,587,674
1025 : 43,266,454,585
1026 : 16,786
1027 : 6,117,482
1028 : 211,359
1029 : 428,625
1030 : 649,937
1031 : 208,230,284
1032 : 57,99
1033 : 70,306
1034 : 108,711
1035 : 720,908
1036 : 33,387,719
1037 : 289,455
1038 : 75,928
1039 : 49,160
1040 : 54,56,102
1041 : 263,341
1042 : 409,579
1043 : 293,454
1044 : 222,281,442
1045 : 36,911
1046 : 234,635
1047 : 223,524
1048 : 15,170,282
1049 : 134,314
1050 : 149,997
1051 : 22,171,187,362
1052 : 221,790
1053 : 223,252,627
1054 : 84,414,611,753
1055 : 51,294
1056 : 121,392
1057 : 115,461,935
1058 : 23,508
1059 : 333,489
1060 : 195,214,622
1061 : 30,151
1062 : 789,924
1063 : 65,909
1064 : 20,39,674
1065 : 15,403
1066 : 547,652
1067 : 200,774
1068 : 151,346
1069 : 135,287,530,839
1070 : 187,427
1071 : 214,498
1072 : 16,554,870
1073 : 26,30,372
1074 : 519,733
1075 : 275,553,959
1076 : 131,531,965
1077 : 191,721,732,996
1078 : 46,567
1079 : 128,651
1080 : 558,571
1081 : 576,942
1082 : 335,917
1083 : 440,685
1084 : 212,376,481
1085 : 94,584
1086 : 52,687
1087 : 333,585
1088 : 246,550
1089 : 381,385
1090 : 18,65,842
1091 : 349,408,607
1092 : 180,315,929
1093 : 537,582
1094 : 176,654,703
1095 : 151,299,897
1096 : 18,173,303
1097 : 58,505
1098 : 572,979
1099 : 126,324,436
1100 : 501,788
1101 : 675,967
1102 : 39,154,724
1103 : 422,724
1104 : 321,418,749
1105 : 498,528,838
1106 : 121,225,422,822
1107 : 326,772
1108 : 600,773
1109 : 87,617
1110 : 166,194,715,739
1111 : 83,894
1112 : 309,494,535,976
1113 : 328,651
1114 : 68,744
1115 : 133,221
1116 : 817,934
1117 : 492,522
1118 : 5,42,99,923
1119 : 83,493
1120 : 504,751
1121 : 294,402,995
1122 : 272,362
1123 : 282,345,992
1124 : 12,111,301
1125 : 37,136,681
1126 : 433,943
1127 : 183,853
1128 : 23,744
1129 : 358,512,610
1130 : 443,812
1131 : 78,234,594,748
1132 : 236,540
1133 : 75,654
1134 : 85,376,795,891
1135 : 11,284,461,900
1136 : 510,934
1137 : 184,547,773
1138 : 217,646
1139 : 106,148,326,527
1140 : 29,312
1141 : 423,971
1142 : 4,286,794
1143 : 187,258,962
1144 : 682,710
1145 : 13,348,663,966
1146 : 537,677,728
1147 : 47,145
1148 : 297,618
1149 : 147,257,301
1150 : 20,33,148
1151 : 243,275,369,785
1152 : 21,436
1153 : 68,72,655
1154 : 93,867
1155 : 25,960
1156 : 14,52
1157 : 108,516
1158 : 270,607
1159 : 381,563
1160 : 276,471,579
1161 : 112,367
1162 : 229,354
1163 : 216,516
1164 : 269,323
1165 : 576,984
1166 : 664,742
1167 : 123,133,561,622
1168 : 198,989
1169 : 162,207,424
1170 : 157,323,417
1171 : 363,494
1172 : 28,68,206,486
1173 : 110,178
1174 : 160,309,582,670
1175 : 54,903
1176 : 2,363
1177 : 399,736
1178 : 343,483
1179 : 12,126,253
1180 : 10,217,251
1181 : 165,609
1182 : 344,380
1183 : 50,422
1184 : 69,120,878
1185 : 181,513
1186 : 533,786
1187 : 17,98
1188 : 25,64
1189 : 20,73,244
1190 : 450,953
1191 : 452,529
1192 : 660,745
1193 : 11,527
1194 : 6,168
1195 : 109,800
1196 : 490,561
1197 : 42,752
1198 : 62,81,369,693
1199 : 11,223,374,509
1200 : 24,284,653,754
1201 : 71,256
1202 : 192,936
1203 : 128,954
1204 : 70,898
1205 : 182,471,571,643
1206 : 228,243,283
1207 : 138,147,267,724
1208 : 103,411
1209 : 137,278
1210 : 912,931
1211 : 581,713,983
1212 : 32,98
1213 : 185,744,831
1214 : 491,984
1215 : 81,394,726
1216 : 4,663
1217 : 117,141,463
1218 : 313,535
1219 : 344,552
1220 : 21,132,403
1221 : 83,109,216,536
1222 : 886,972
1223 : 114,821
1224 : 165,700,763
1225 : 89,740
1226 : 337,899
1227 : 279,679
1228 : 197,248
1229 : 568,945
1230 : 682,771
1231 : 49,401,577
1232 : 236,307,448
1233 : 190,988
1234 : 389,670,882
1235 : 91,616,771
1236 : 148,456,588
1237 : 7,382
1238 : 32,722
1239 : 18,420,804
1240 : 634,897
1241 : 55,333,494
1242 : 110,125
1243 : 266,334,358
1244 : 13,166,543,820
1245 : 211,820
1246 : 232,597,843,895
1247 : 52,460
1248 : 16,30,208,651
1249 : 150,358,394
1250 : 35,441
1251 : 12,477,943,987
1252 : 112,649
1253 : 29,594,619,788
1254 : 583,635
1255 : 279,298,542,821
1256 : 94,623
1257 : 19,765
1258 : 94,133,632
1259 : 108,235,329,792
1260 : 64,220,586
1261 : 205,404
1262 : 229,712
1263 : 366,822
1264 : 274,612
1265 : 317,978
1266 : 688,985
1267 : 48,591,907
1268 : 205,290,315,640
1269 : 255,898
1270 : 182,237
1271 : 400,623
1272 : 681,880,905
1273 : 159,652,993
1274 : 267,794
1275 : 189,288,553
1276 : 3,771,882
1277 : 314,621
1278 : 138,336
1279 : 385,708,957
1280 : 313,672
1281 : 3,104
1282 : 684,918
1283 : 320,747,906
1284 : 37,700
1285 : 336,797
1286 : 178,316
1287 : 336,826
1288 : 95,202,224
1289 : 80,692
1290 : 48,113,211,552
1291 : 4,90,265
1292 : 56,916
1293 : 77,467
1294 : 237,689,809
1295 : 363,515
1296 : 952,997
1297 : 636,829
1298 : 10,367
1299 : 254,628
1300 : 127,638
1301 : 374,666
1302 : 323,496
1303 : 133,444
1304 : 283,409,514
1305 : 57,154
1306 : 787,798,863
1307 : 511,625,803
1308 : 2,48,526,784
1309 : 217,324,349,607
1310 : 35,688
1311 : 249,368,698
1312 : 456,726
1313 : 152,565,999
1314 : 201,562,977
1315 : 304,396,755
1316 : 17,82,228,301
1317 : 63,639
1318 : 60,139,610
1319 : 188,203,500
1320 : 439,816
1321 : 147,560,591
1322 : 691,837
1323 : 747,816
1324 : 389,610
1325 : 247,265
1326 : 169,446,461
1327 : 221,614,859
1328 : 644,1000
1329 : 348,355
1330 : 1,209,243
1331 : 618,805
1332 : 85,100,968
1333 : 199,200,346,386
1334 : 46,640,883
1335 : 469,597
1336 : 74,566,672
1337 : 207,902
1338 : 132,229,683,777
1339 : 2,76,449,641
1340 : 127,180,299
1341 : 581,763
1342 : 38,359
1343 : 189,386
1344 : 76,840
1345 : 262,844
1346 : 277,616
1347 : 33,488
1348 : 83,88,287
1349 : 150,354
1350 : 738,902
1351 : 34,432,531
1352 : 142,871
1353 : 315,966
1354 : 109,268
1355 : 21,133,625
1356 : 36,87,534,689
1357 : 127,225,769
1358 : 88,235
1359 : 603,713
1360 : 743,815
1361 : 101,343
1362 : 770,913
1363 : 501,998
1364 : 218,258,330
1365 : 141,909
1366 : 42,118,275,443
1367 : 76,287
1368 : 47,236
1369 : 172,565
1370 : 342,531
1371 : 577,723,845
1372 : 32,565
1373 : 22,101
1374 : 246,387,791
1375 : 28,100,990
1376 : 567,604
1377 : 193,721,784
1378 : 485,804
1379 : 627,958
1380 : 213,830
1381 : 432,925
1382 : 92,188
1383 : 96,683
1384 : 119,948
1385 : 109,150
1386 : 105,170
1387 : 335,345
1388 : 43,108
1389 : 86,220
1390 : 70,257
1391 : 541,681,836
1392 : 264,873
1393 : 285,368,457,910
1394 : 35,42
1395 : 195,519
1396 : 195,241,515,575
1397 : 309,482,833,889
1398 : 559,663
1399 : 313,508
1400 : 124,593
1401 : 614,999
1402 : 56,256,283
1403 : 225,352
1404 : 112,286
1405 : 51,68,606
1406 : 377,412
1407 : 70,255,336,759
1408 : 174,498,511
1409 : 450,737
1410 : 31,790
1411 : 214,337
1412 : 87,440,597
1413 : 54,419,438,982
1414 : 16,808
1415 : 22,218,224,977
1416 : 491,584
1417 : 529,871
1418 : 560,960
1419 : 11,98,224
1420 : 75,468
1421 : 14,112,462
1422 : 131,447,495
1423 : 107,212,338,425
1424 : 210,748
1425 : 11,445
1426 : 547,650
1427 : 350,562
1428 : 497,588
1429 : 174,791,997
1430 : 24,126,353
1431 : 103,789,908
1432 : 311,551
1433 : 25,931
1434 : 134,815
1435 : 58,608,620
1436 : 47,54
1437 : 430,912
1438 : 53,268,365,552
1439 : 170,520
1440 : 66,75,277,862
1441 : 263,872,877,918
1442 : 332,416,855
1443 : 354,643
1444 : 90,179
1445 : 675,897
1446 : 119,868
1447 : 77,128,322
1448 : 145,539,619
1449 : 458,599
1450 : 64,183,519
1451 : 14,598
1452 : 738,857
1453 : 177,956
1454 : 10,327
1455 : 35,171,618,792
1456 : 863,924
1457 : 114,543
1458 : 50,154,189,788
1459 : 22,921
1460 : 138,463
1461 : 611,743
1462 : 194,356
1463 : 122,193
1464 : 32,337
1465 : 66,393
1466 : 550,557,657,977
1467 : 459,803
1468 : 64,240,509
1469 : 4,605,824,833
1470 : 41,113
1471 : 86,135
1472 : 5,122,801
1473 : 279,370
1474 : 111,186,613,884
1475 : 371,819
1476 : 194,506,855
1477 : 121,268,467,784
1478 : 75,677
1479 : 151,516,649,697
1480 : 13,254,312,665
1481 : 173,692,735
1482 : 110,182
1483 : 799,807
1484 : 828,968
1485 : 451,808
1486 : 184,654
1487 : 281,918
1488 : 145,185,356
1489 : 62,488
1490 : 574,704
1491 : 251,364,371
1492 : 135,307,553,982
1493 : 221,722
1494 : 175,842
1495 : 208,304
1496 : 238,838
1497 : 365,956
1498 : 34,67,123,140
1499 : 3,761,987
1500 : 7,114,302
1501 : 316,403
1502 : 26,217
1503 : 459,947
1504 : 356,705
1505 : 146,172,445
1506 : 818,916
1507 : 441,728
1508 : 37,46
1509 : 381,478
1510 : 6,312
1511 : 472,771
1512 : 372,523
1513 : 352,543,834
1514 : 219,230,409
1515 : 62,134
1516 : 138,421,870
1517 : 189,226,646,861
1518 : 393,892
1519 : 9,687
1520 : 93,347,723
1521 : 256,328
1522 : 71,899
1523 : 322,786
1524 : 179,555,890
1525 : 173,630
1526 : 107,921
1527 : 118,211
1528 : 282,600
1529 : 391,447
1530 : 823,843
1531 : 244,929
1532 : 35,773
1533 : 391,633
1534 : 56,248,760
1535 : 642,862
1536 : 63,234
1537 : 84,389
1538 : 208,285
1539 : 35,118,215
1540 : 930,974
1541 : 376,668,746
1542 : 10,522,990
1543 : 125,708
1544 : 71,89,813,989
1545 : 675,701
1546 : 260,438
1547 : 2,701
1548 : 118,528
1549 : 936,962
1550 : 594,715
1551 : 38,981
1552 : 317,362,718
1553 : 877,941
1554 : 141,853
1555 : 42,792
1556 : 156,931
1557 : 265,332
1558 : 216,348,586,946
1559 : 116,153
1560 : 346,862
1561 : 706,935
1562 : 218,753,951
1563 : 126,178
1564 : 163,175
1565 : 219,552,883
1566 : 4,122,838
1567 : 92,528
1568 : 50,456,699
1569 : 343,357,427
1570 : 151,522,872
1571 : 355,562
1572 : 68,378,720,763
1573 : 340,517
1574 : 93,325
1575 : 118,154
1576 : 284,534
1577 : 241,509
1578 : 102,678,776,876
1579 : 199,346
1580 : 162,231,473,893
1581 : 41,226
1582 : 190,706
1583 : 283,375
1584 : 114,373
1585 : 662,796,804
1586 : 20,637
1587 : 139,319,470,602
1588 : 77,207,899
1589 : 457,523
1590 : 210,273,289,348
1591 : 111,782
1592 : 436,749,942
1593 : 9,28,595
1594 : 374,375,395
1595 : 318,980
1596 : 133,174,849
1597 : 53,430
1598 : 175,691,807
1599 : 66,215,601,867
1600 : 45,251
1601 : 206,384
1602 : 293,504,904
1603 : 521,991
1604 : 26,27,211,464
1605 : 155,242,603,888
1606 : 27,185,265,907
1607 : 109,541,868
1608 : 95,164,478
1609 : 259,446
1610 : 7,748
1611 : 136,861
1612 : 81,351,708
1613 : 256,464
1614 : 471,850
1615 : 115,191,996
1616 : 104,106
1617 : 19,29
1618 : 98,683
1619 : 213,295
1620 : 365,392
1621 : 45,442,783
1622 : 78,682
1623 : 111,246
1624 : 768,769
1625 : 542,546
1626 : 163,359,913,990
1627 : 40,951
1628 : 160,259
1629 : 109,588
1630 : 104,379
1631 : 258,385
1632 : 73,472,611,816
1633 : 239,480,827,973
1634 : 118,290,594
1635 : 410,641
1636 : 277,608
1637 : 378,541
1638 : 219,854
1639 : 138,314
1640 : 28,68,569
1641 : 8,476
1642 : 97,566
1643 : 80,126,311,659
1644 : 169,452
1645 : 71,487
1646 : 361,510
1647 : 60,281,827
1648 : 214,727
1649 : 334,376,566
1650 : 29,329,399
1651 : 409,444
1652 : 16,20,260
1653 : 18,33,209,322
1654 : 21,718
1655 : 107,239
1656 : 152,707,954
1657 : 382,484,609,904
1658 : 15,56,78,818
1659 : 551,875
1660 : 391,679
1661 : 247,854
1662 : 77,615,710
1663 : 450,933
1664 : 31,310,532
1665 : 355,851
1666 : 187,458,607
1667 : 367,847
1668 : 1,62,113,592
1669 : 179,905
1670 : 14,189,550
1671 : 10,238
1672 : 73,111,148,483
1673 : 200,345
1674 : 25,261,546
1675 : 91,497
1676 : 145,528
1677 : 285,988
1678 : 22,487,574,927
1679 : 9,460
1680 : 375,962
1681 : 574,596,679
1682 : 365,949
1683 : 43,339
1684 : 168,648
1685 : 147,245,314,442
1686 : 105,196,585,911
1687 : 5,9,175
1688 : 118,807
1689 : 244,624,926
1690 : 407,978
1691 : 346,373,758
1692 : 3,558
1693 : 58,277
1694 : 5,155,492
1695 : 68,353,406
1696 : 152,270,885
1697 : 709,810
1698 : 232,538,575
1699 : 131,215,387
1700 : 441,1000
1701 : 302,388
1702 : 48,371
1703 : 1,858
1704 : 131,435
1705 : 127,233
1706 : 323,462
1707 : 298,489
1708 : 91,848
1709 : 32,554
1710 : 143,318
1711 : 274,377
1712 : 10,138,268,922
1713 : 174,881
1714 : 188,228,799
1715 : 778,789
1716 : 555,976
1717 : 46,180,529,715
1718 : 200,378,852
1719 : 406,427,643
1720 : 378,890
1721 : 746,912
1722 : 271,963
1723 : 78,797
1724 : 838,843
1725 : 91,813
1726 : 511,617
1727 : 188,981
1728 : 30,986
1729 : 74,129,185,821
1730 : 323,413
1731 : 281,396,698,977
1732 : 226,695
1733 : 317,476,577,849
1734 : 223,877
1735 : 104,639
1736 : 59,551,630
1737 : 44,255,335
1738 : 396,596,834
1739 : 178,183,750
1740 : 17,622,679,943
1741 : 175,469
1742 : 100,361,608
1743 : 395,490
1744 : 322,601
1745 : 24,197,390
1746 : 136,275
1747 : 492,840
1748 : 566,688
1749 : 51,289
1750 : 320,601,941
1751 : 31,917
1752 : 515,564
1753 : 159,913
1754 : 18,237,480
1755 : 82,305
1756 : 4,59,319,631
1757 : 263,620,802
1758 : 192,632,738
1759 : 158,577,714,738
1760 : 92,369,578
1761 : 530,680
1762 : 364,445
1763 : 315,586
1764 : 130,320,653,772
1765 : 43,794
1766 : 96,212
1767 : 292,850
1768 : 208,360,633
1769 : 64,844
1770 : 56,95,196,704
1771 : 93,406
1772 : 100,572
1773 : 216,305,363
1774 : 89,94
1775 : 14,565,769
1776 : 150,175
1777 : 240,401,477,821
1778 : 7,853
1779 : 12,16,259
1780 : 304,407,858
1781 : 246,338
1782 : 237,276
1783 : 158,331
1784 : 840,841,849
1785 : 97,292,517
1786 : 437,800
1787 : 108,141,153,329
1788 : 203,383,437
1789 : 132,972
1790 : 86,526,770
1791 : 39,409,730
1792 : 87,518,980
1793 : 425,630
1794 : 186,278
1795 : 417,448,760
1796 : 32,33,911
1797 : 194,655
1798 : 830,952
1799 : 241,486
1800 : 383,819
1801 : 95,239,406,729
1802 : 132,957
1803 : 125,400,537
1804 : 26,320,879
1805 : 87,772
1806 : 42,129
1807 : 525,913,930
1808 : 228,697
1809 : 506,884
1810 : 365,593
1811 : 488,835
1812 : 105,120,316
1813 : 307,964
1814 : 51,642
1815 : 575,616
1816 : 57,234,272
1817 : 177,897
1818 : 158,186
1819 : 128,779
1820 : 12,58
1821 : 348,440,673
1822 : 31,191
1823 : 182,316,462
1824 : 203,512
1825 : 193,222,920
1826 : 24,104,139,487
1827 : 32,814
1828 : 457,885,983
1829 : 252,381,420,685
1830 : 142,296
1831 : 673,984
1832 : 23,72,159
1833 : 13,282
1834 : 244,431
1835 : 65,646
1836 : 61,382,546,654
1837 : 20,316,780,908
1838 : 120,323
1839 : 94,105,658,690
1840 : 77,171,580
1841 : 183,866
1842 : 85,333,883,912
1843 : 370,635
1844 : 237,954
1845 : 61,589
1846 : 155,300
1847 : 50,522
1848 : 306,575
1849 : 34,978
1850 : 105,170,212,965
1851 : 353,602
1852 : 554,661
1853 : 787,919
1854 : 135,472,511
1855 : 34,283
1856 : 388,671
1857 : 437,477,806
1858 : 72,135,416
1859 : 191,730
1860 : 331,718
1861 : 204,809
1862 : 143,754
1863 : 204,558,728
1864 : 375,678
1865 : 146,180,717,938
1866 : 3,521,677
1867 : 22,863
1868 : 127,144,779
1869 : 6,99,644,898
1870 : 214,802
1871 : 7,480
1872 : 141,293,553
1873 : 71,797
1874 : 79,140,264
1875 : 9,742,839
1876 : 97,703,923
1877 : 72,184,559,657
1878 : 168,483,599
1879 : 367,462,898
1880 : 384,725,814
1881 : 128,146,173,192
1882 : 5,454,546
1883 : 107,252
1884 : 262,602,888
1885 : 73,635
1886 : 4,29,64,286
1887 : 479,798
1888 : 88,597
1889 : 6,45
1890 : 219,220,455,600
1891 : 261,410
1892 : 160,583
1893 : 629,796
1894 : 76,363
1895 : 288,582
1896 : 27,599
1897 : 332,419
1898 : 44,163
1899 : 22,120,318
1900 : 147,210,562
1901 : 7,888
1902 : 149,401
1903 : 656,767
1904 : 337,478
1905 : 215,407,786
1906 : 298,334
1907 : 19,383,536,593
1908 : 307,441
1909 : 451,550
1910 : 567,860
1911 : 408,671
1912 : 502,716
1913 : 233,945
1914 : 209,448,521
1915 : 361,937
1916 : 31,691
1917 : 14,33,452
1918 : 144,341,814,927
1919 : 117,302
1920 : 215,220,569
1921 : 88,449,620,901
1922 : 69,222,798
1923 : 74,527,946
1924 : 321,840
1925 : 926,945
1926 : 44,85,255
1927 : 261,581,632
1928 : 177,253,344
1929 : 18,583,631,993
1930 : 142,470
1931 : 471,645,988
1932 : 78,973
1933 : 772,998
1934 : 65,86,345,438
1935 : 681,889
1936 : 117,156
1937 : 794,853
1938 : 79,448
1939 : 325,487
1940 : 14,47
1941 : 59,92,420,488
1942 : 46,351
1943 : 30,53,140,860
1944 : 517,935
1945 : 851,970
1946 : 284,381,420,432
1947 : 202,999
1948 : 32,166,391
1949 : 47,311,855
1950 : 228,715
1951 : 107,152,985
1952 : 460,601
1953 : 142,328
1954 : 202,390,685
1955 : 361,587
1956 : 333,923
1957 : 235,751
1958 : 24,835
1959 : 76,489
1960 : 119,439
1961 : 3,131,485,871
1962 : 197,388
1963 : 120,426,613
1964 : 26,812
1965 : 12,498,732
1966 : 569,807
1967 : 507,949
1968 : 82,334,619
1969 : 23,440,914
1970 : 624,932
1971 : 221,545
1972 : 702,750,952
1973 : 611,683
1974 : 305,833
1975 : 717,894
1976 : 393,633
1977 : 245,874
1978 : 412,857
1979 : 10,621,933
1980 : 406,915
1981 : 137,462
1982 : 153,864
1983 : 151,542,885
1984 : 40,52
1985 : 101,405,908
1986 : 260,618,699
1987 : 190,499
1988 : 76,199,394
1989 : 125,507,702
1990 : 43,200
1991 : 28,45,185,698
1992 : 1,97
1993 : 358,828
1994 : 185,887
1995 : 13,470
1996 : 346,848
1997 : 539,591,1000
1998 : 248,357,366,633
1999 : 568,877,955
2000 : 705,731
2001 : 161,803
2002 : 573,708,947
2003 : 54,393,949
2004 : 82,974
2005 : 194,569
2006 : 308,870
2007 : 389,906
2008 : 146,174,465,980
2009 : 114,176,289,468
2010 : 36,347
2011 : 119,364,481
2012 : 343,556
2013 : 38,201
2014 : 552,993
2015 : 156,741
2016 : 69,727
2017 : 61,555
2018 : 41,627,726
2019 : 136,334
2020 : 915,924
2021 : 90,443,765
2022 : 52,398
2023 : 14,23
2024 : 60,467
2025 : 242,773
2026 : 111,475
2027 : 60,234,623
2028 : 106,518,582,929
2029 : 80,191,224
2030 : 869,969
2031 : 47,434
2032 : 6,648
2033 : 339,731
2034 : 217,555
2035 : 88,327,957
2036 : 253,639,723
2037 : 35,97,245,589
2038 : 258,856
2039 : 3,317
2040 : 103,246,394,859
2041 : 165,544,824,970
2042 : 64,874
2043 : 57,493
2044 : 58,360
2045 : 222,864
2046 : 486,548
2047 : 25,966
2048 : 152,723
2049 : 891,923
2050 : 68,254
2051 : 347,574
2052 : 2,23,443
2053 : 33,445
2054 : 78,101,234
2055 : 490,893
2056 : 84,96,687,764
2057 : 218,357,400,669
2058 : 150,423,572
2059 : 66,766
2060 : 237,444,596
2061 : 197,638,920
2062 : 15,426,664
2063 : 28,641
2064 : 390,595
2065 : 591,872
2066 : 1,458,636
2067 : 174,232,242,795
2068 : 482,741
2069 : 240,812,878
2070 : 512,742,864
2071 : 473,599
2072 : 8,16,926
2073 : 73,666
2074 : 370,390,550
2075 : 264,731
2076 : 233,488,710,979
2077 : 154,340
2078 : 33,69,209
2079 : 1,559,572,649
2080 : 35,339,354
2081 : 82,273,808
2082 : 169,466
2083 : 338,396
2084 : 178,192
2085 : 272,837
2086 : 17,128,227
2087 : 505,583,719
2088 : 222,357,741
2089 : 344,504
2090 : 213,235,545
2091 : 115,473,778
2092 : 392,805
2093 : 229,273,618
2094 : 430,731
2095 : 199,419
2096 : 413,481,841
2097 : 69,277,435
2098 : 79,165,484,562
2099 : 26,380
2100 : 684,867,892
2101 : 879,998
2102 : 113,559
2103 : 53,229
2104 : 70,235
2105 : 711,801
2106 : 236,755
2107 : 197,341
2108 : 229,461,615
2109 : 58,164
2110 : 13,464
2111 : 295,579,627,721
2112 : 73,172,516,612
2113 : 398,429
2114 : 508,763
2115 : 436,645
2116 : 102,750
2117 : 114,124,163,201
2118 : 661,929
2119 : 124,147,486
2120 : 647,823
2121 : 44,124,736,805
2122 : 42,99
2123 : 238,317,611
2124 : 13,203,211
2125 : 171,903
2126 : 652,695
2127 : 76,218,309
2128 : 436,735
2129 : 301,777
2130 : 25,98,526,880
2131 : 405,497
2132 : 351,404
2133 : 57,290
2134 : 819,946
2135 : 172,696,830
2136 : 743,884
2137 : 242,457
2138 : 77,412
2139 : 50,75,413
2140 : 27,125,149,476
2141 : 209,295
2142 : 375,503
2143 : 227,802
2144 : 650,759
2145 : 351,544
2146 : 300,589
2147 : 69,101,103
2148 : 264,927
2149 : 96,364
2150 : 44,451
2151 : 213,676
2152 : 8,188,416
2153 : 62,74,156,401
2154 : 62,150,243,586
2155 : 128,814
2156 : 89,602,733
2157 : 139,471
2158 : 124,245,495,753
2159 : 91,850
2160 : 6,37,806,939
2161 : 479,762,779
2162 : 222,264,347
2163 : 45,79,831
2164 : 162,564
2165 : 98,362,412
2166 : 357,769
2167 : 15,172,919
2168 : 836,858
2169 : 492,861
2170 : 167,865
2171 : 30,201
2172 : 123,781
2173 : 160,310
2174 : 285,518,587,828
2175 : 2,38,640,836
2176 : 523,540
2177 : 10,27,74
2178 : 745,839,861
2179 : 67,780,901
2180 : 375,626
2181 : 54,495
2182 : 149,279
2183 : 847,976
2184 : 159,166
2185 : 355,688
2186 : 261,733
2187 : 340,468
2188 : 18,470,900
2189 : 44,489
2190 : 757,950
2191 : 52,379
2192 : 614,817
2193 : 389,395
2194 : 140,235
2195 : 15,120
2196 : 66,676,753,955
2197 : 67,745
2198 : 27,75
2199 : 288,605
2200 : 51,398
2201 : 143,916
2202 : 249,978
2203 : 143,415,561
2204 : 57,288,434,458
2205 : 213,379,659
2206 : 288,652
2207 : 112,150,437
2208 : 400,561
2209 : 43,504
2210 : 116,836
2211 : 106,892
2212 : 181,397
2213 : 28,404,930
2214 : 56,624
2215 : 139,169
2216 : 730,832
2217 : 186,549
2218 : 421,428,637,902
2219 : 76,267,386,909
2220 : 299,460,694
2221 : 294,345
2222 : 281,690
2223 : 310,615
2224 : 21,130,341,343
2225 : 610,707,948,995
2226 : 101,429,703
2227 : 423,466,896
2228 : 332,940
2229 : 493,592
2230 : 101,439
2231 : 190,303
2232 : 458,600
2233 : 702,958
2234 : 134,933,981
2235 : 131,935
2236 : 7,525,656,686
2237 : 315,991
2238 : 10,904
2239 : 7,155,734
2240 : 84,123,545,782
2241 : 595,940
2242 : 17,127,547
2243 : 52,239,604,934
2244 : 278,461
2245 : 668,933
2246 : 846,976
2247 : 168,668
2248 : 361,961
2249 : 326,502
2250 : 202,691
2251 : 34,102
2252 : 114,339
2253 : 126,271,825,939
2254 : 272,835
2255 : 112,360
2256 : 365,508
2257 : 518,614
2258 : 40,364
2259 : 60,87,318,568
2260 : 192,276
2261 : 381,722
2262 : 90,155
2263 : 525,622,673
2264 : 182,326
2265 : 551,925
2266 : 387,404,490,810
2267 : 64,286
2268 : 260,928
2269 : 27,507
2270 : 166,268
2271 : 83,992
2272 : 267,469,964
2273 : 250,396
2274 : 51,105,362,577
2275 : 53,231
2276 : 84,876
2277 : 19,70,267
2278 : 60,186,859,900
2279 : 254,481,845
2280 : 67,358,668
2281 : 514,871
2282 : 199,321
2283 : 314,356
2284 : 109,245,280
2285 : 195,888
2286 : 631,969
2287 : 355,593,631
2288 : 8,220,383,968
2289 : 134,179,211,312
2290 : 134,543,734
2291 : 120,331
2292 : 22,687
2293 : 529,645,781
2294 : 5,117,605
2295 : 617,690,829
2296 : 580,938
2297 : 59,244,477,730
2298 : 97,329,355
2299 : 674,766
2300 : 415,658
2301 : 79,606
2302 : 238,887
2303 : 113,382,983
2304 : 274,310
2305 : 28,993
2306 : 4,637
2307 : 136,245
2308 : 539,843
2309 : 63,568
2310 : 248,353,658
2311 : 96,209,534
2312 : 865,963
2313 : 92,226
2314 : 93,253
2315 : 270,495,684,887
2316 : 707,718
2317 : 76,168,606
2318 : 227,318,466,989
2319 : 6,16,361
2320 : 58,428
2321 : 452,498,511,596
2322 : 230,411
2323 : 848,975
2324 : 41,79,660,854
2325 : 39,624
2326 : 132,221,906
2327 : 30,184,349
2328 : 560,583,883
2329 : 61,153,352,450
2330 : 407,998
2331 : 59,107,263,453
2332 : 249,714
2333 : 228,266,606
2334 : 115,630
2335 : 235,354,398,410
2336 : 38,145
2337 : 675,890
2338 : 60,198,601
2339 : 187,876
2340 : 479,727
2341 : 8,895
2342 : 523,592
2343 : 206,374
2344 : 139,475,584
2345 : 106,270
2346 : 250,364
2347 : 783,895
2348 : 31,125,475,714
2349 : 412,496
2350 : 173,789,944,996
2351 : 49,764
2352 : 9,426
2353 : 181,922
2354 : 159,448,967
2355 : 41,413,609
2356 : 142,227,502
2357 : 130,239
2358 : 44,99
2359 : 489,519,564,805
2360 : 312,628
2361 : 212,324,417
2362 : 81,129,326,709
2363 : 65,240,372,576
2364 : 18,721
2365 : 145,359,398
2366 : 433,775
2367 : 236,664,797
2368 : 72,752
2369 : 130,174,411
2370 : 467,893
2371 : 81,193
2372 : 253,729
2373 : 8,108,459
2374 : 604,663
2375 : 569,873
2376 : 46,544
2377 : 48,241,656
2378 : 97,823
2379 : 78,230
2380 : 237,360,442
2381 : 72,578
2382 : 216,232
2383 : 809,997
2384 : 67,438,605
2385 : 895,901
2386 : 165,483,959
2387 : 107,224
2388 : 13,205,737,942
2389 : 331,557,610
2390 : 202,579
2391 : 322,434
2392 : 80,432,499
2393 : 7,67,303
2394 : 158,473
2395 : 5,901
2396 : 192,445,506
2397 : 592,795,994
2398 : 117,217
2399 : 865,944
2400 : 204,366
2401 : 34,667,735,945
2402 : 8,83
2403 : 264,914
2404 : 418,815
2405 : 210,713
2406 : 11,93
2407 : 758,832
2408 : 796,938
2409 : 282,964
2410 : 19,210
2411 : 23,914
2412 : 100,124,482
2413 : 112,262,302
2414 : 229,628
2415 : 74,851
2416 : 422,705
2417 : 233,947
2418 : 31,256
2419 : 65,153,734,873
2420 : 10,57,122,775
2421 : 300,307,774
2422 : 485,857
2423 : 100,711
2424 : 142,370
2425 : 129,247
2426 : 21,303
2427 : 213,379,629
2428 : 86,449,507,548
2429 : 110,127,157
2430 : 671,820
2431 : 152,626,953
2432 : 592,842
2433 : 241,872
2434 : 282,540,749
2435 : 14,780
2436 : 57,99,956
2437 : 373,846
2438 : 226,975
2439 : 150,598
2440 : 149,643
2441 : 36,130,549
2442 : 232,302,810
2443 : 638,705,950
2444 : 59,220
2445 : 155,342,491,716
2446 : 103,556,756
2447 : 117,183,484,697
2448 : 93,910
2449 : 43,130,248,447
2450 : 55,463,484
2451 : 33,70,496,502
2452 : 277,370,556
2453 : 328,987
2454 : 91,366
2455 : 287,371
2456 : 449,846
2457 : 414,479
2458 : 487,800
2459 : 231,303
2460 : 238,660
2461 : 622,813
2462 : 13,526,826
2463 : 927,952
2464 : 216,294,609
2465 : 662,859
2466 : 799,862
2467 : 200,744
2468 : 162,793,817
2469 : 44,369,736
2470 : 770,775
2471 : 184,751
2472 : 85,501
2473 : 88,159,327
2474 : 43,538
2475 : 32,431
2476 : 34,36
2477 : 330,909
2478 : 441,640
2479 : 116,344,413
2480 : 775,851
2481 : 190,803
2482 : 71,669
2483 : 567,655
2484 : 233,292,910
2485 : 709,832
2486 : 186,296
2487 : 54,397
2488 : 230,972
2489 : 311,600
2490 : 20,395
2491 : 195,397
2492 : 208,755
2493 : 405,964
2494 : 167,368
2495 : 391,474
2496 : 145,382
2497 : 184,378,739
2498 : 299,520
2499 : 421,549,579
2500 : 734,880
2501 : 491,613
2502 : 65,233
2503 : 206,271
2504 : 52,182
2505 : 70,85
2506 : 298,606
2507 : 172,729
2508 : 1,747,968
2509 : 29,183,541,680
2510 : 98,776
2511 : 158,910
2512 : 451,549,616
2513 : 689,878,879
2514 : 342,407,802
2515 : 303,725,892
2516 : 397,680
2517 : 299,950
2518 : 613,678,781
2519 : 526,538,748
2520 : 465,806,856,972
2521 : 144,190
2522 : 309,599
2523 : 665,701
2524 : 586,844
2525 : 130,306,829
2526 : 146,148,212,330
2527 : 126,481
2528 : 80,435,475
2529 : 153,399
2530 : 32,89,325
2531 : 78,223,258,790
2532 : 56,167
2533 : 527,955
2534 : 393,719,732
2535 : 167,505,725,761
2536 : 148,384
2537 : 222,469
2538 : 37,155
2539 : 53,500,589
2540 : 291,335,949,995
2541 : 189,854
2542 : 195,308,329
2543 : 161,167
2544 : 332,891
2545 : 308,350
2546 : 141,351
2547 : 129,240,712,774
2548 : 106,948
2549 : 415,665
2550 : 129,864
2551 : 16,130,221,453
2552 : 111,798,989
2553 : 337,504,672
2554 : 15,80,98
2555 : 179,352
2556 : 68,266,334,494
2557 : 228,994
2558 : 8,298,345,823
2559 : 575,852
2560 : 401,944
2561 : 26,72,476
2562 : 28,693
2563 : 73,250,295
2564 : 179,225,585
2565 : 262,438,690
2566 : 426,706
2567 : 46,928
2568 : 327,571,870
2569 : 159,707
2570 : 37,86
2571 : 278,304
2572 : 304,584
2573 : 581,869
2574 : 2,357,367
2575 : 166,751
2576 : 95,699,817
2577 : 143,725,875
2578 : 161,561
2579 : 444,787
2580 : 347,620
2581 : 258,359
2582 : 297,404
2583 : 79,203
2584 : 26,590
2585 : 454,959,994
2586 : 108,262
2587 : 86,799
2588 : 67,137,437
2589 : 119,123
2590 : 79,232
2591 : 271,459,554
2592 : 123,602,932,958
2593 : 144,903
2594 : 28,286
2595 : 300,634
2596 : 399,451
2597 : 634,737,860
2598 : 49,134,162,276
2599 : 1,138,418,576
2600 : 313,352
2601 : 372,983
2602 : 590,869,967
2603 : 105,469
2604 : 9,123,755,948
2605 : 373,697,869,947
2606 : 430,446,703
2607 : 39,91
2608 : 2,194
2609 : 22,513,623
2610 : 9,319,403,431
2611 : 53,291
2612 : 69,324
2613 : 296,962
2614 : 115,571
2615 : 38,961
2616 : 173,350,584,662
2617 : 839,942
2618 : 151,757,969
2619 : 433,509
2620 : 522,879
2621 : 336,712
2622 : 25,172
2623 : 48,104,113,296
2624 : 66,161,427,669
2625 : 69,682
2626 : 38,313,573
2627 : 143,241,453
2628 : 593,686
2629 : 74,275
2630 : 149,425
2631 : 146,270,360,423
2632 : 63,69,272
2633 : 309,483
2634 : 40,320
2635 : 112,956
2636 : 507,543
2637 : 385,439
2638 : 638,695,866
2639 : 257,536
2640 : 104,423
2641 : 92,108,621
2642 : 384,662
2643 : 62,219
2644 : 118,468
2645 : 590,692,970
2646 : 30,340
2647 : 34,149,157,252
2648 : 102,169
2649 : 71,377,563,881
2650 : 335,493
2651 : 123,370
2652 : 306,457,646,944
2653 : 499,571
2654 : 285,756
2655 : 647,940
2656 : 144,446
2657 : 3,115
2658 : 80,470
2659 : 135,179
2660 : 554,762
2661 : 857,900
2662 : 133,464
2663 : 717,830
2664 : 156,175
2665 : 758,808
2666 : 29,83,184,536
2667 : 207,863
2668 : 113,321
2669 : 40,377
2670 : 281,530
2671 : 125,815
2672 : 280,490
2673 : 59,714
2674 : 176,300,887
2675 : 3,207
2676 : 207,766
2677 : 170,236
2678 : 161,290,676,810
2679 : 414,473
2680 : 214,816
2681 : 5,225
2682 : 148,465,791
2683 : 85,981
2684 : 218,280
2685 : 131,292,782,822
2686 : 519,824,928
2687 : 298,890,920
2688 : 33,880
2689 : 9,230
2690 : 274,439
2691 : 193,960
2692 : 545,937
2693 : 61,177,290
2694 : 73,447,506
2695 : 431,537
2696 : 639,850
2697 : 266,885
2698 : 269,781
2699 : 603,783
2700 : 325,472
2701 : 48,189
2702 : 250,269
2703 : 247,386
2704 : 177,513
2705 : 156,319
2706 : 55,165,369
2707 : 82,96,168,629
2708 : 262,359
2709 : 104,696
2710 : 231,244,424
2711 : 542,623,931
2712 : 103,886
2713 : 9,276
2714 : 41,166
2715 : 55,181
2716 : 225,227,515,680
2717 : 207,743,855
2718 : 183,628
2719 : 65,812
2720 : 205,261,386
2721 : 568,608
2722 : 45,358,940
2723 : 305,538
2724 : 19,61
2725 : 77,253
2726 : 341,612,621
2727 : 301,914
2728 : 720,846
2729 : 119,285,295
2730 : 231,467
2731 : 24,238,540
2732 : 164,280,322
2733 : 11,308
2734 : 95,351
2735 : 144,754
2736 : 1,140
2737 : 204,324
2738 : 48,636
2739 : 294,349,960
2740 : 249,255,434
2741 : 241,363
2742 : 250,290,876
2743 : 402,408
2744 : 115,779
2745 : 140,693
2746 : 170,205
2747 : 15,403,831
2748 : 219,371
2749 : 39,676
2750 : 8,349
2751 : 116,891
2752 : 165,538,603,920
2753 : 415,893
2754 : 225,544
2755 : 25,63,274
2756 : 5,242
2757 : 296,510,778,875
2758 : 4,492
2759 : 460,532
2760 : 74,83,121
2761 : 152,236,934
2762 : 271,916
2763 : 24,424
2764 : 232,749
2765 : 50,325,328,520
2766 : 75,991
2767 : 279,311
2768 : 47,809
2769 : 121,200,820,1000
2770 : 531,587
2771 : 87,213,776
2772 : 191,331,580,702
2773 : 227,557
2774 : 531,936
2775 : 163,659
2776 : 324,768
2777 : 23,302
2778 : 89,496
2779 : 41,849
2780 : 51,792
2781 : 291,539,975
2782 : 257,560,686
2783 : 759,785
2784 : 297,572,761
2785 : 131,475,811
2786 : 578,866
2787 : 163,501,999
2788 : 17,620
2789 : 84,127,629
2790 : 247,372,480
2791 : 81,147,300,378
2792 : 12,119
2793 : 20,296,551,980
2794 : 122,256
2795 : 466,582
2796 : 99,419
2797 : 319,426
2798 : 193,559,657,874
2799 : 157,564,614
2800 : 63,965
2801 : 459,704
2802 : 71,366,517,847
2803 : 17,496
2804 : 162,230,297,729
2805 : 609,829,858
2806 : 204,902
2807 : 58,384
2808 : 249,811
2809 : 418,686
2810 : 97,251,286
2811 : 198,239
2812 : 251,992
2813 : 210,515,570
2814 : 48,373,739
2815 : 136,288
2816 : 224,377,405,868
2817 : 114,994
2818 : 95,198
2819 : 148,726
2820 : 194,603,984
2821 : 39,94,190
2822 : 257,480,953
2823 : 465,684,716
2824 : 289,369,966
2825 : 342,556
2826 : 90,376
2827 : 49,414
2828 : 434,653
2829 : 343,963
2830 : 882,982
2831 : 735,818
2832 : 31,191,379,558
2833 : 693,889
2834 : 573,969
2835 : 247,701
2836 : 699,941
2837 : 203,337,466,696
2838 : 14,837
2839 : 297,394
2840 : 251,349,970
2841 : 100,287,380
2842 : 356,604
2843 : 416,500
2844 : 21,827
2845 : 19,121,429
2846 : 126,192,389,595
2847 : 121,307
2848 : 615,713
2849 : 18,119
2850 : 72,440,463
2851 : 372,724
2852 : 113,402,765
2853 : 71,661
2854 : 474,497
2855 : 66,141,180
2856 : 87,664,762
2857 : 339,866
2858 : 510,596
2859 : 506,917
2860 : 279,534,556
2861 : 147,312
2862 : 54,835
2863 : 242,356,647
2864 : 719,856
2865 : 350,704
2866 : 23,260,946
2867 : 168,333,785,804
2868 : 49,517,988
2869 : 199,293
2870 : 140,644
2871 : 135,167,314
2872 : 75,720
2873 : 390,787
2874 : 257,513
2875 : 34,565
2876 : 51,371,637,758
2877 : 54,951
2878 : 394,774
2879 : 417,917
2880 : 11,996
2881 : 180,435
2882 : 477,626
2883 : 316,432
2884 : 137,502
2885 : 590,650
2886 : 220,874
2887 : 50,767
2888 : 122,249,521
2889 : 46,61,768,986
2890 : 563,987
2891 : 790,963
2892 : 736,939
2893 : 509,660,712
2894 : 301,619
2895 : 331,338
2896 : 158,402
2897 : 64,176,273
2898 : 40,227,244,625
2899 : 455,500
2900 : 446,717,806
2901 : 280,503
2902 : 153,528
2903 : 468,939
2904 : 292,915
2905 : 95,338,612,740
2906 : 340,380,979
2907 : 66,503
2908 : 110,598
2909 : 6,889
2910 : 63,919
2911 : 24,971
2912 : 88,776,788,825
2913 : 17,362
2914 : 137,670,782
2915 : 125,696
2916 : 37,959
2917 : 170,374
2918 : 196,326
2919 : 136,380
2920 : 269,310
2921 : 132,911
2922 : 940,965
2923 : 36,760
2924 : 107,598
2925 : 85,392
2926 : 121,315
2927 : 63,215
2928 : 133,252
2929 : 22,400
2930 : 240,777
2931 : 535,578,648
2932 : 53,667
2933 : 385,485
2934 : 94,353
2935 : 43,136,321,711
2936 : 91,431
2937 : 96,943
2938 : 1,245
2939 : 19,327
2940 : 82,842
2941 : 19,37,185,832
2942 : 529,558
2943 : 648,974
2944 : 549,878
2945 : 525,765
2946 : 51,424,486
2947 : 768,926
2948 : 250,259,395
2949 : 49,311,453
2950 : 766,955
2951 : 41,291
2952 : 188,450
2953 : 39,223
2954 : 740,950
2955 : 336,484,604,672
2956 : 57,129
2957 : 141,171,523
2958 : 21,116,533
2959 : 55,624,694
2960 : 518,907
2961 : 510,919
2962 : 129,354
2963 : 580,716,867
2964 : 89,252,527,534
2965 : 89,110,196,272
2966 : 548,605
2967 : 177,746
2968 : 818,896
2969 : 2,4
2970 : 21,31,544,698
2971 : 478,520
2972 : 31,103,537
2973 : 160,514
2974 : 12,391,932
2975 : 278,295,530,936
2976 : 216,420,553
2977 : 21,424,547
2978 : 171,756
2979 : 115,278,827,886
2980 : 163,501
2981 : 352,852
2982 : 103,493,656
2983 : 65,759
2984 : 45,90
2985 : 555,990
2986 : 110,259,903
2987 : 393,533
2988 : 137,747,881
2989 : 318,587
2990 : 414,666
2991 : 40,101
2992 : 485,532
2993 : 42,203
2994 : 102,875
2995 : 177,410,634
2996 : 29,617
2997 : 42,292
2998 : 417,612,906
2999 : 193,525,570
3000 : 383,557,991
3001 : 122,454
3002 : 299,580
3003 : 452,588,670,925
3004 : 67,90,339
3005 : 271,833
3006 : 269,615,841
3007 : 3,26,55,845
3008 : 578,706,778
3009 : 231,330,752,760
3010 : 208,825,837
3011 : 273,293,905
3012 : 408,844
3013 : 195,535
3014 : 30,275,581
3015 : 280,873
3016 : 197,224,740
3017 : 202,368
3018 : 73,770,793
3019 : 795,967
3020 : 196,294,455,465
3021 : 293,700
3022 : 11,886
3023 : 265,379,535
3024 : 29,67
3025 : 198,957
3026 : 50,392
3027 : 12,722,938
3028 : 35,739
3029 : 198,764
3030 : 2,647
3031 : 5,23,291,801
3032 : 636,986
3033 : 317,474
3034 : 539,658
3035 : 306,386
3036 : 20,24
3037 : 732,954
3038 : 94,215,410,841
3039 : 201,570
3040 : 80,588
3041 : 62,472,514
3042 : 38,852
3043 : 44,81,905
3044 : 144,971
3045 : 19,642
3046 : 162,813
3047 : 181,757
3048 : 116,137
3049 : 350,932
3050 : 169,520
3051 : 17,616,761,896
3052 : 173,218
3053 : 106,524
3054 : 545,632
3055 : 219,376,516
3056 : 27,388,433,907
3057 : 53,455,540,800
3058 : 52,524
3059 : 7,289
3060 : 92,463,671
3061 : 55,124
3062 : 342,669,894
3063 : 143,206,380,464
3064 : 45,84,240
3065 : 99,642
3066 : 40,283,793
3067 : 202,284
3068 : 425,591
3069 : 305,860
3070 : 429,585,767
3071 : 265,383,573,982
3072 : 60,503
3073 : 752,828
3074 : 146,201,223,974
3075 : 689,811
3076 : 651,692
3077 : 139,405,456
3078 : 61,521
3079 : 154,402
3080 : 25,570
3081 : 479,524,653
3082 : 13,90
3083 : 476,745,783
3084 : 11,164,659
3085 : 50,422,677,824
3086 : 353,387
3087 : 197,206
3088 : 261,695
3089 : 319,825
3090 : 79,530
3091 : 505,595,922
3092 : 149,377
3093 : 74,116
3094 : 164,196,390
3095 : 100,327,742
3096 : 924,925
3097 : 474,764
3098 : 12,158,427,532
3099 : 37,348
3100 : 143,350,937,953
3101 : 204,263,421
3102 : 40,421,666
3103 : 557,750
3104 : 36,77,374
3105 : 84,503,678
3106 : 226,416
3107 : 164,834
3108 : 25,513,546,733
3109 : 321,419
3110 : 206,495
3111 : 106,727
3112 : 55,777
3113 : 340,442
3114 : 36,617
3115 : 82,573
3116 : 641,746
3117 : 164,856
3118 : 59,674
3119 : 96,169
3120 : 330,533,754,921
3121 : 26,397,930
3122 : 8,366,563
3123 : 61,226,243,313
3124 : 124,199
3125 : 548,607,728,986
3126 : 456,574,845
3127 : 60,308
3128 : 563,961
3129 : 39,93,144
3130 : 167,325,384
3131 : 45,205
3132 : 70,81,992
3133 : 20,180
3134 : 6,41,667
3135 : 30,188,661
3136 : 182,478
3137 : 66,181,542
3138 : 137,533
3139 : 55,985
3140 : 626,811,899
3141 : 102,110,368,673
3142 : 242,560
3143 : 135,335
3144 : 482,597
3145 : 145,848
3146 : 176,243,266,399
3147 : 15,330
3148 : 536,570
3149 : 24,958
3150 : 320,328,564,685
3151 : 157,918
3152 : 567,785
3153 : 263,435
3154 : 201,541
3155 : 171,239
3156 : 49,132,178,447
3157 : 47,128
3158 : 418,589
3159 : 260,430,594
3160 : 270,308,360,971
3161 : 122,291,737
3162 : 29,210,344
3163 : 499,694
3164 : 387,613
3165 : 46,819
3166 : 105,368
3167 : 157,187,762,865
3168 : 160,411,444,780
3169 : 306,979
3170 : 36,111
3171 : 297,388
3172 : 176,831
3173 : 187,499
3174 : 102,204
3175 : 756,894
3176 : 27,332
3177 : 142,961
3178 : 214,246
3179 : 117,304,512
3180 : 15,392,884
3181 : 305,741,922
3182 : 18,78
3183 : 77,341
3184 : 425,598
3185 : 233,276,941
3186 : 205,273,443
3187 : 428,882
3188 : 47,645,791,973
3189 : 88,767
3190 : 142,385
3191 : 62,367
3192 : 212,796
3193 : 248,548
3194 : 505,667
3195 : 625,822
3196 : 146,161,415,881
3197 : 58,134,161,231
3198 : 382,619,801
3199 : 181,433,655,665
3200 : 59,63,274,411
3201 : 176,650,985
3202 : 86,429,576,709
3203 : 834,868
3204 : 139,757
3205 : 92,243,512,784
3206 : 255,329,826
3207 : 217,268,566
3208 : 474,793
3209 : 120,532
3210 : 408,508
3211 : 449,975
3212 : 209,238
