1001 : 129,347,789
1002 : 544,977
1003 : 576,690
1004 : 212,216,521
1005 : 5,995
1006 : 210,871
1007 : 12,161,513
1008 : 240,411,437
1009 : 8,34,783
1010 : 332,870
1011 : 481,644
1012 : 29,749
1013 : 108,261,473
1014 : 181,638,928
1015 : 157,970
1016 : 155,738,785
1017 : 115,672
1018 : 331,895
1019 : 685,724
1020 : 12,793
1021 : 128,407
1022 : 111,193
1023 : 6,597
1024 : 127,254,884
1025 : 159,224,291,436
1026 : 564,980
1027 : 136,858
1028 : 195,739,779
1029 : 155,712,724
1030 : 430,445,470,827
1031 : 501,859,955
1032 : 53,111
1033 : 847,902
1034 : 8,27,545,732
1035 : 266,424
1036 : 218,496,524
1037 : 2,359,827
1038 : 235,269
1039 : 33,503
1040 : 196,746,903
1041 : 189,497,539
1042 : 72,989
1043 : 121,370
1044 : 337,523
1045 : 12,394,799
1046 : 223,850
1047 : 353,437
1048 : 223,302
1049 : 36,296,595
1050 : 255,274,654
1051 : 216,297,371
1052 : 760,844
1053 : 54,591,721
1054 : 99,259,629
1055 : 314,361,583,972
1056 : 10,38,147,655
1057 : 2,40,592,846
1058 : 288,320,514,636
1059 : 615,720
1060 : 13,396
1061 : 460,619
1062 : 357,490
1063 : 50,132
1064 : 351,604
1065 : 53,129,419,618
1066 : 187,270
1067 : 233,338,366
1068 : 852,935
1069 : 38,125
1070 : 366,368,791
1071 : 17,109
1072 : 176,335,495,887
1073 : 269,640
1074 : 118,451
1075 : 27,972
1076 : 42,73,363,719
1077 : 15,408
1078 : 90,326
1079 : 58,196
1080 : 150,255,874
1081 : 334,394
1082 : 192,327,573
1083 : 77,144
1084 : 168,493
1085 : 295,355
1086 : 21,29,42,635
1087 : 108,969
1088 : 673,841
1089 : 198,488,576
1090 : 117,904
1091 : 37,399
1092 : 205,926
1093 : 50,220,367
1094 : 541,750
1095 : 75,692,705
1096 : 270,797
1097 : 491,689
1098 : 210,476,489,861
1099 : 173,854
1100 : 5,254,403
1101 : 38,578
1102 : 170,622,854
1103 : 455,734
1104 : 17,464
1105 : 50,951
1106 : 553,987
1107 : 68,860,939
1108 : 120,186,491
1109 : 116,315
1110 : 280,934
1111 : 100,340,857
1112 : 340,970
1113 : 48,54,408,571
1114 : 688,763
1115 : 76,387
1116 : 555,728
1117 : 125,241
1118 : 364,942
1119 : 60,253,434
1120 : 66,777
1121 : 46,542
1122 : 103,170,292,457
1123 : 51,952
1124 : 819,862
1125 : 153,220
1126 : 288,430
1127 : 11,391,761
1128 : 97,642,670
1129 : 268,959
1130 : 216,491,521
1131 : 33,873
1132 : 109,811
1133 : 393,770
1134 : 8,64
1135 : 168,338,442,890
1136 : 466,588,765,898
1137 : 70,137
1138 : 114,610
1139 : 67,213,517
1140 : 79,150
1141 : 78,218,300
1142 : 110,362
1143 : 84,246
1144 : 72,615,694
1145 : 139,408,682
1146 : 214,247,323
1147 : 171,258
1148 : 389,452
1149 : 35,166
1150 : 10,39,439
1151 : 283,885,896
1152 : 147,853
1153 : 238,510,691,722
1154 : 272,452,796
1155 : 577,882
1156 : 352,998
1157 : 22,252,656
1158 : 25,184,312,508
1159 : 227,576
1160 : 50,92,194,924
1161 : 132,715
1162 : 16,813,925
1163 : 11,270
1164 : 84,413
1165 : 245,878
1166 : 522,772
1167 : 18,90,738
1168 : 217,727
1169 : 92,132,861
1170 : 493,625
1171 : 82,695
1172 : 397,687
1173 : 149,353,917
1174 : 251,567,991
1175 : 194,269,882
1176 : 100,281,648,714
1177 : 43,310,868
1178 : 56,941
1179 : 116,169
1180 : 588,732
1181 : 87,122,905
1182 : 635,869,942
1183 : 51,70
1184 : 502,504
1185 : 425,886
1186 : 12,334
1187 : 153,280
1188 : 248,477
1189 : 41,197
1190 : 393,407,481
1191 : 501,651
1192 : 24,200
1193 : 138,274,618
1194 : 232,575,976
1195 : 151,407,686
1196 : 77,848
1197 : 4,560
1198 : 253,278,385,478
1199 : 133,279
1200 : 176,908
1201 : 503,703
1202 : 340,795
1203 : 80,175
1204 : 118,604,905
1205 : 131,232
1206 : 382,392
1207 : 388,725
1208 : 167,456,776
1209 : 26,225
1210 : 168,620
1211 : 175,463
1212 : 130,385
1213 : 132,806
1214 : 309,437
1215 : 165,770
1216 : 95,312
1217 : 114,921,975
1218 : 50,152
1219 : 301,401,523,550
1220 : 212,568
1221 : 86,592
1222 : 62,466,594,976
1223 : 277,802
1224 : 289,441,722,876
1225 : 515,562,893
1226 : 220,290
1227 : 29,248,399
1228 : 395,837
1229 : 470,558,658
1230 : 174,188
1231 : 508,694
1232 : 190,543
1233 : 131,600,696
1234 : 63,356,584
1235 : 58,114,632
1236 : 15,168,393
1237 : 47,430,969
1238 : 200,950
1239 : 268,789,821
1240 : 713,943
1241 : 311,348,370,519
1242 : 115,364,964
1243 : 365,497
1244 : 267,482
1245 : 69,341
1246 : 267,527
1247 : 87,573,993
1248 : 170,381
1249 : 78,206
1250 : 209,984
1251 : 15,314,779
1252 : 34,828
1253 : 195,198,233
1254 : 210,308,574,837
1255 : 238,529
1256 : 579,616
1257 : 300,489
1258 : 136,274,603,936
1259 : 86,122
1260 : 282,344,469,792
1261 : 215,347,388
1262 : 227,352
1263 : 142,380
1264 : 377,707
1265 : 321,522
1266 : 590,915
1267 : 39,577
1268 : 165,304,668
1269 : 56,971
1270 : 146,180
1271 : 52,899
1272 : 584,596
1273 : 4,36
1274 : 76,540,990
1275 : 148,449,795
1276 : 627,721,932
1277 : 51,172
1278 : 30,292,637
1279 : 344,520,555
1280 : 552,956
1281 : 342,818
1282 : 357,664
1283 : 441,941
1284 : 346,409
1285 : 31,953
1286 : 31,282,369,416
1287 : 289,604,828
1288 : 10,52
1289 : 381,709
1290 : 71,182,660,715
1291 : 663,996
1292 : 308,811,867,876
1293 : 328,785
1294 : 693,893
1295 : 227,297
1296 : 513,822
1297 : 274,702,812
1298 : 22,95
1299 : 195,754
1300 : 124,302
1301 : 66,207
1302 : 174,594,829,931
1303 : 255,294,462,554
1304 : 4,44
1305 : 582,589
1306 : 39,886
1307 : 36,149,326,469
1308 : 381,548,996
1309 : 143,449,655
1310 : 58,99,415,920
1311 : 250,766
1312 : 119,345,372,747
1313 : 130,364
1314 : 558,955
1315 : 293,720
1316 : 64,622
1317 : 201,953
1318 : 141,435
1319 : 207,373
1320 : 20,727
1321 : 312,401
1322 : 67,373,885
1323 : 130,214,342
1324 : 223,252,390,768
1325 : 11,146,766,793
1326 : 305,537,975
1327 : 620,701
1328 : 210,423,588,680
1329 : 185,798
1330 : 83,259
1331 : 50,899
1332 : 364,931
1333 : 80,686
1334 : 110,623
1335 : 140,360
1336 : 291,950
1337 : 135,173,696
1338 : 12,547,988
1339 : 281,459
1340 : 52,285,625
1341 : 10,241
1342 : 113,192,272,824
1343 : 801,833
1344 : 450,794
1345 : 88,132
1346 : 28,150
1347 : 345,650
1348 : 588,832
1349 : 89,214,472
1350 : 18,221
1351 : 306,720
1352 : 208,250
1353 : 259,533
1354 : 231,456
1355 : 171,443
1356 : 182,463
1357 : 450,523,592
1358 : 2,768
1359 : 159,230
1360 : 176,327
1361 : 169,240,725
1362 : 28,621
1363 : 608,611,835
1364 : 127,296,910
1365 : 3,343,782
1366 : 668,704
1367 : 57,885
1368 : 68,729
1369 : 96,817
1370 : 22,97
1371 : 101,560
1372 : 16,267,568,762
1373 : 116,624
1374 : 24,253,810
1375 : 61,773
1376 : 75,117,570
1377 : 69,187
1378 : 158,517,591,915
1379 : 645,902
1380 : 21,241
1381 : 66,237
1382 : 363,736
1383 : 313,527,649
1384 : 46,295,324,868
1385 : 290,402,531
1386 : 23,270,792
1387 : 485,779
1388 : 121,165,578
1389 : 224,810
1390 : 497,967
1391 : 37,44,206,928
1392 : 530,787
1393 : 22,45,567
1394 : 145,223,551,641
1395 : 207,718
1396 : 41,107
1397 : 203,822
1398 : 19,458,679
1399 : 178,398,579,987
1400 : 258,276,874
1401 : 781,794
1402 : 72,779,839
1403 : 479,639
1404 : 131,174
1405 : 32,308,594
1406 : 80,494
1407 : 441,472,730,860
1408 : 186,547
1409 : 304,525
1410 : 200,302,362
1411 : 637,742,816
1412 : 8,86
1413 : 408,758
1414 : 76,182
1415 : 100,414,886,906
1416 : 61,250
1417 : 188,864
1418 : 365,935
1419 : 77,473,819
1420 : 325,464,775
1421 : 57,143
1422 : 47,710
1423 : 212,355,514,998
1424 : 194,369
1425 : 96,202,633,771
1426 : 93,242
1427 : 417,526,897
1428 : 27,173
1429 : 124,251,999
1430 : 72,179
1431 : 397,427,581
1432 : 145,946
1433 : 60,530,988
1434 : 97,160,313,973
1435 : 99,343
1436 : 76,630
1437 : 544,578
1438 : 61,500
1439 : 174,339,444,749
1440 : 534,771
1441 : 23,78,101,516
1442 : 140,352
1443 : 378,902
1444 : 6,96,502
1445 : 289,971
1446 : 370,655
1447 : 492,572
1448 : 298,711
1449 : 894,964
1450 : 598,840
1451 : 603,610
1452 : 71,92
1453 : 73,412,892
1454 : 193,486,621
1455 : 230,457,775
1456 : 244,525,739
1457 : 224,231
1458 : 98,880,923
1459 : 700,998
1460 : 27,291
1461 : 143,284
1462 : 363,563
1463 : 687,767
1464 : 533,537,800
1465 : 477,618
1466 : 586,590
1467 : 141,246
1468 : 694,827
1469 : 144,229
1470 : 349,374,753
1471 : 226,582
1472 : 369,561,891
1473 : 28,333
1474 : 30,93,260,663
1475 : 60,339
1476 : 246,440,864,960
1477 : 70,75,542
1478 : 69,508,609
1479 : 129,484
1480 : 331,908
1481 : 9,306,465
1482 : 88,962
1483 : 118,211
1484 : 392,911
1485 : 39,65,233,414
1486 : 232,475
1487 : 60,69,313,1000
1488 : 38,180
1489 : 52,682
1490 : 219,490,677,958
1491 : 121,245
1492 : 232,957
1493 : 85,137,483,565
1494 : 462,724
1495 : 353,418,509,726
1496 : 329,665
1497 : 216,252,482
1498 : 930,974
1499 : 7,997
1500 : 15,490,718
1501 : 372,860
1502 : 826,904
1503 : 107,386,688
1504 : 477,509,807
1505 : 68,415
1506 : 680,909
1507 : 111,769
1508 : 42,566
1509 : 118,918
1510 : 246,278,535
1511 : 65,71
1512 : 272,464
1513 : 119,428
1514 : 122,420,897
1515 : 336,493
1516 : 352,658,873
1517 : 164,868
1518 : 119,375
1519 : 308,772
1520 : 1,550
1521 : 5,106
1522 : 13,285,678
1523 : 71,678
1524 : 540,678
1525 : 122,382
1526 : 228,380
1527 : 213,845
1528 : 110,872
1529 : 113,169
1530 : 34,197,340
1531 : 80,179
1532 : 137,320
1533 : 165,357,559,733
1534 : 393,651
1535 : 174,993
1536 : 415,766
1537 : 139,244
1538 : 230,631,967,992
1539 : 455,697
1540 : 216,641
1541 : 84,663,942
1542 : 179,847
1543 : 128,378,620
1544 : 492,518
1545 : 106,632
1546 : 609,780
1547 : 559,614
1548 : 127,128,619,624
1549 : 414,640
1550 : 68,271
1551 : 108,719
1552 : 231,631
1553 : 43,47
1554 : 111,296,419
1555 : 637,922
1556 : 28,29,101
1557 : 52,581
1558 : 454,952
1559 : 373,715
1560 : 134,386
1561 : 105,214,909,957
1562 : 74,193
1563 : 486,713
1564 : 665,680
1565 : 235,741
1566 : 94,338
1567 : 91,152,708
1568 : 70,561,568,761
1569 : 388,395
1570 : 136,333
1571 : 275,607
1572 : 36,416
1573 : 109,588
1574 : 541,741
1575 : 9,201,713,866
1576 : 18,537
1577 : 89,593,729
1578 : 4,102,150,305
1579 : 311,563,838
1580 : 30,159,829
1581 : 423,716,816,923
1582 : 164,411
1583 : 84,863
1584 : 21,544
1585 : 307,565
1586 : 59,439
1587 : 51,649
1588 : 235,239
1589 : 52,446
1590 : 335,512
1591 : 143,543
1592 : 324,398
1593 : 24,392
1594 : 273,528
1595 : 182,361,373
1596 : 122,174
1597 : 321,587,908
1598 : 180,951
1599 : 301,341,473
1600 : 49,771,774
1601 : 301,503
1602 : 82,369,374
1603 : 340,585,880
1604 : 348,368
1605 : 348,993
1606 : 13,92,660
1607 : 836,912
1608 : 178,288
1609 : 653,756,908
1610 : 253,362,901
1611 : 849,862
1612 : 325,440,938
1613 : 42,981
1614 : 375,397,463
1615 : 194,581
1616 : 403,865,944
1617 : 140,740
1618 : 590,674
1619 : 82,202,465
1620 : 167,224,836
1621 : 74,218,226,391
1622 : 157,426
1623 : 278,913
1624 : 196,249
1625 : 528,866
1626 : 53,789
1627 : 3,595
1628 : 23,486
1629 : 169,457,778
1630 : 468,636
1631 : 78,142,977
1632 : 134,384
1633 : 896,970
1634 : 10,184,587
1635 : 544,648
1636 : 139,216,221,825
1637 : 446,791
1638 : 89,176,420
1639 : 365,875
1640 : 150,218,746
1641 : 65,373,540,758
1642 : 185,314,878
1643 : 16,569
1644 : 243,536
1645 : 59,688
1646 : 334,580,641,822
1647 : 21,107
1648 : 407,519
1649 : 210,913
1650 : 80,965
1651 : 98,256,265
1652 : 153,163,279,532
1653 : 68,372,575
1654 : 99,164
1655 : 302,388
1656 : 52,280
1657 : 71,134,442
1658 : 173,743
1659 : 144,145,547
1660 : 8,413
1661 : 265,511
1662 : 166,980
1663 : 208,403
1664 : 20,86,230,385
1665 : 66,314
1666 : 2,140,412
1667 : 112,689
1668 : 27,109,574
1669 : 69,295
1670 : 287,414,449,506
1671 : 504,807
1672 : 74,273
1673 : 55,511
1674 : 471,627
1675 : 19,244,432
1676 : 678,682
1677 : 160,666
1678 : 291,523,547
1679 : 330,503
1680 : 353,415,465,930
1681 : 32,572,802
1682 : 735,834
1683 : 89,188
1684 : 37,90
1685 : 141,914
1686 : 9,514
1687 : 115,140,601
1688 : 331,385
1689 : 571,682
1690 : 938,992
1691 : 95,97
1692 : 149,157
1693 : 88,667
1694 : 59,283,350,367
1695 : 58,106
1696 : 48,94
1697 : 160,252,358,925
1698 : 127,961
1699 : 64,242
1700 : 12,241
1701 : 104,195
1702 : 138,229
1703 : 716,918
1704 : 200,321,898
1705 : 230,549
1706 : 19,213
1707 : 206,844
1708 : 14,26,111,274
1709 : 441,556
1710 : 811,872
1711 : 28,399
1712 : 11,516
1713 : 202,411,504,561
1714 : 47,203
1715 : 76,376
1716 : 374,842
1717 : 124,267,508
1718 : 71,143,581
1719 : 357,984
1720 : 422,481
1721 : 57,220
1722 : 13,578
1723 : 190,273
1724 : 26,74,79,96
1725 : 120,850
1726 : 153,586,679
1727 : 377,479
1728 : 492,622,919
1729 : 48,65
1730 : 570,780,815
1731 : 404,647
1732 : 93,744
1733 : 21,770
1734 : 30,173,786
1735 : 615,673
1736 : 36,629
1737 : 62,796,877,966
1738 : 106,171,333
1739 : 435,578
1740 : 94,134,926
1741 : 234,320,468
1742 : 289,909
1743 : 40,616
1744 : 30,428,475,526
1745 : 1,381
1746 : 161,359
1747 : 35,45,827
1748 : 242,301,456
1749 : 425,838
1750 : 57,207,350,459
1751 : 234,799
1752 : 350,751
1753 : 47,177,666
1754 : 132,133
1755 : 109,405
1756 : 136,248,343,728
1757 : 105,606,643,836
1758 : 249,487
1759 : 472,941
1760 : 293,309,874,928
1761 : 123,265,322,370
1762 : 239,679,764
1763 : 160,649,856
1764 : 137,184
1765 : 141,413,644,757
1766 : 334,661
1767 : 292,308,623
1768 : 2,223
1769 : 10,488
1770 : 90,183,412,841
1771 : 173,230,298,911
1772 : 123,788
1773 : 116,149
1774 : 25,166,402,455
1775 : 19,196,786
1776 : 240,593
1777 : 44,208,534,883
1778 : 256,810
1779 : 26,109,399
1780 : 151,303,562
1781 : 229,900
1782 : 33,295,404
1783 : 897,966
1784 : 104,490,536
1785 : 130,299,583
1786 : 788,978
1787 : 20,538,622
1788 : 72,94,614
1789 : 67,400,715
1790 : 436,716
1791 : 317,424,546
1792 : 427,449
1793 : 44,98
1794 : 243,315,333
1795 : 549,584,612,627
1796 : 829,967
1797 : 200,392,574,887
1798 : 110,511
1799 : 240,423
1800 : 117,547,634
1801 : 285,425
1802 : 36,453
1803 : 226,613
1804 : 118,775
1805 : 201,306,773
1806 : 6,149,204
1807 : 306,486
1808 : 238,345
1809 : 230,299,535,752
1810 : 121,205
1811 : 35,236
1812 : 404,681
1813 : 385,1000
1814 : 89,452,639
1815 : 165,576
1816 : 188,512,802
1817 : 69,964
1818 : 23,102
1819 : 320,607,851
1820 : 339,499
1821 : 32,141,351,495
1822 : 56,659,919
1823 : 91,92,94,879
1824 : 340,675
1825 : 77,360,584
1826 : 60,337,514
1827 : 3,702
1828 : 607,947
1829 : 39,81,485
1830 : 57,151,220,269
1831 : 585,926,933
1832 : 747,943
1833 : 48,152
1834 : 510,966
1835 : 16,108,115
1836 : 8,199
1837 : 126,203,473,803
1838 : 8,98,914
1839 : 416,462
1840 : 19,798
1841 : 57,283
1842 : 103,644,904
1843 : 671,983
1844 : 287,467,845
1845 : 189,735
1846 : 260,420,456
1847 : 161,480
1848 : 211,526
1849 : 364,428
1850 : 123,757,957
1851 : 444,599
1852 : 800,972
1853 : 145,599
1854 : 31,268,476
1855 : 66,506,842
1856 : 229,991
1857 : 279,485
1858 : 91,133
1859 : 594,722,992
1860 : 113,179,731
1861 : 215,390,447
1862 : 78,203
1863 : 246,354
1864 : 51,215,470
1865 : 14,276,695
1866 : 22,74
1867 : 439,948
1868 : 714,828
1869 : 30,93,286,548
1870 : 168,625
1871 : 20,224,978
1872 : 144,531
1873 : 217,919
1874 : 64,217
1875 : 252,656,674
1876 : 51,507
1877 : 181,461,755
1878 : 245,929
1879 : 13,660,759,989
1880 : 22,454,552
1881 : 112,746
1882 : 32,512,635
1883 : 128,304,763
1884 : 378,777
1885 : 91,432
1886 : 307,383
1887 : 166,427
1888 : 49,129,149,720
1889 : 557,869
1890 : 307,401
1891 : 291,406,417,556
1892 : 564,580
1893 : 388,778
1894 : 303,367,984,986
1895 : 35,319,705
1896 : 6,58,440,888
1897 : 95,115,735
1898 : 158,220,459
1899 : 124,236
1900 : 84,420,683
1901 : 6,31
1902 : 227,946
1903 : 583,657
1904 : 531,851
1905 : 564,964
1906 : 90,114,315,332
1907 : 85,124
1908 : 244,819,956
1909 : 285,990
1910 : 7,753
1911 : 62,556
1912 : 18,53
1913 : 606,747
1914 : 120,452
1915 : 24,48,326
1916 : 776,824
1917 : 433,831
1918 : 59,438
1919 : 290,592
1920 : 494,693
1921 : 559,764
1922 : 331,351,684
1923 : 191,342
1924 : 62,538,711
1925 : 24,701
1926 : 49,328
1927 : 734,820
1928 : 186,496,567,987
1929 : 431,650,696
1930 : 191,545,593,966
1931 : 259,891
1932 : 508,534,893
1933 : 405,478,657,730
1934 : 34,151,540
1935 : 384,585
1936 : 18,487,954
1937 : 61,327,630
1938 : 263,513,850
1939 : 43,445
1940 : 46,900
1941 : 499,527,745,801
1942 : 808,910,951
1943 : 44,208
1944 : 126,447
1945 : 71,400
1946 : 7,96
1947 : 502,726
1948 : 38,207,213
1949 : 19,366,562
1950 : 13,838
1951 : 743,911,916
1952 : 58,266
1953 : 307,963
1954 : 89,118
1955 : 55,370,433
1956 : 506,541,584,646
1957 : 318,943
1958 : 148,157,612
1959 : 159,354
1960 : 482,804,834
1961 : 4,156
1962 : 90,171
1963 : 621,795
1964 : 394,599
1965 : 96,202
1966 : 195,783
1967 : 97,410,805
1968 : 93,431
1969 : 145,705
1970 : 160,187
1971 : 33,647
1972 : 85,634
1973 : 61,391
1974 : 453,979
1975 : 181,229
1976 : 35,429
1977 : 107,949
1978 : 501,846
1979 : 3,664
1980 : 428,574
1981 : 251,945
1982 : 18,66
1983 : 18,598
1984 : 64,351,417
1985 : 367,471,668,857
1986 : 723,763
1987 : 7,603
1988 : 188,867
1989 : 436,643
1990 : 544,619
1991 : 234,542,825
1992 : 183,454
1993 : 85,151
1994 : 325,606
1995 : 349,812
1996 : 127,164,228
1997 : 13,219,853
1998 : 154,881
1999 : 136,204
2000 : 278,421
2001 : 34,675
2002 : 272,837
2003 : 610,702
2004 : 5,27,254,470
2005 : 372,431
2006 : 48,284
2007 : 45,310
2008 : 21,434
2009 : 192,381,905
2010 : 91,157,396,879
2011 : 43,444,570,647
2012 : 15,458,806
2013 : 140,383
2014 : 295,468,539,830
2015 : 106,206,399
2016 : 9,771
2017 : 236,862
2018 : 14,560,685
2019 : 152,207,356
2020 : 7,23,840,977
2021 : 27,631
2022 : 92,241,348
2023 : 706,719
2024 : 1,938
2025 : 43,199
2026 : 129,654
2027 : 250,484
2028 : 30,538,652
2029 : 128,235
2030 : 103,217
2031 : 300,961
2032 : 698,756
2033 : 93,351,395
2034 : 378,448,563,652
2035 : 33,830
2036 : 119,167
2037 : 50,88
2038 : 8,967
2039 : 162,920
2040 : 348,990
2041 : 237,480
2042 : 90,226,917,930
2043 : 156,884,985
2044 : 446,485,524
2045 : 23,597,603,773
2046 : 210,271,898
2047 : 29,469
2048 : 281,519
2049 : 265,824
2050 : 545,957
2051 : 586,622
2052 : 256,556,876
2053 : 180,484,561
2054 : 192,358,625
2055 : 72,934
2056 : 729,867
2057 : 131,238,843
2058 : 236,247
2059 : 460,808
2060 : 196,462
2061 : 346,774,971
2062 : 8,231
2063 : 647,676
2064 : 82,749
2065 : 104,739
2066 : 275,982
2067 : 118,170
2068 : 254,276,476
2069 : 16,674
2070 : 43,670
2071 : 133,279,759,989
2072 : 335,717
2073 : 127,309,554
2074 : 315,419,589
2075 : 200,242
2076 : 328,605
2077 : 35,145,319,900
2078 : 549,828,839
2079 : 32,89,119,711
2080 : 376,906
2081 : 79,369
2082 : 65,125,915,949
2083 : 374,443
2084 : 659,717,725,871
2085 : 225,349,858
2086 : 150,258,885
2087 : 70,642,963
2088 : 507,568,988
2089 : 59,179,596
2090 : 871,877
2091 : 31,489
2092 : 152,543
2093 : 52,99,755
2094 : 11,18,306
2095 : 134,552,810
2096 : 307,580,848
2097 : 5,96
2098 : 531,579
2099 : 324,480,703
2100 : 58,225,419
2101 : 590,843
2102 : 120,145
2103 : 10,41,179,890
2104 : 161,313
2105 : 49,416,621
2106 : 87,98
2107 : 395,522
2108 : 26,171
2109 : 16,95,473,987
2110 : 310,505
2111 : 194,322,356
2112 : 215,330,474
2113 : 54,213
2114 : 181,247,301
2115 : 98,123
2116 : 14,28,260
2117 : 23,618
2118 : 186,363,539,656
2119 : 115,998
2120 : 16,337,849
2121 : 685,874
2122 : 146,443,769
2123 : 702,945
2124 : 132,185,581,596
2125 : 1,329,556
2126 : 32,456
2127 : 77,991
2128 : 102,154,222,794
2129 : 142,465,589,800
2130 : 113,701
2131 : 267,628,856
2132 : 774,913
2133 : 535,757
2134 : 543,861,933
2135 : 271,354,757
2136 : 435,451,680
2137 : 14,785
2138 : 376,577
2139 : 440,669
2140 : 169,211,413,600
2141 : 64,110,600
2142 : 161,558,694
2143 : 62,87,818
2144 : 68,511,699,942
2145 : 46,505
2146 : 56,863
2147 : 51,145,505
2148 : 5,333
2149 : 224,832
2150 : 29,221,769
2151 : 75,658,692,825
2152 : 132,350
2153 : 108,474,531,672
2154 : 13,338
2155 : 78,82,698
2156 : 25,229,501,999
2157 : 38,59
2158 : 130,495
2159 : 86,246
2160 : 503,658,787
2161 : 813,995
2162 : 6,221,841
2163 : 15,239
2164 : 76,198,586,718
2165 : 243,379
2166 : 619,750
2167 : 60,212,474
2168 : 870,974
2169 : 40,227,339
2170 : 78,746
2171 : 206,276,343,756
2172 : 533,806
2173 : 242,650
2174 : 69,77
2175 : 311,493
2176 : 85,120,740,999
2177 : 87,479,837
2178 : 49,162,537,835
2179 : 585,741
2180 : 107,883
2181 : 147,198
2182 : 12,296,646,737
2183 : 39,651,671
2184 : 264,495
2185 : 143,244
2186 : 22,85,474,927
2187 : 203,412
2188 : 325,912
2189 : 464,650
2190 : 126,307,491
2191 : 673,781
2192 : 193,204,753,921
2193 : 303,524,990
2194 : 447,925
2195 : 683,748,826,916
2196 : 83,424,809
2197 : 93,214
2198 : 268,534
2199 : 304,493
2200 : 214,877
2201 : 436,594
2202 : 185,612,737,896
2203 : 29,58,111
2204 : 380,881
2205 : 162,226
2206 : 600,774
2207 : 443,595,662
2208 : 177,261
2209 : 15,48,485,764
2210 : 5,598,662,761
2211 : 45,263,638
2212 : 762,784,945
2213 : 514,580,994
2214 : 520,866
2215 : 54,361,675
2216 : 169,364
2217 : 45,75,565
2218 : 83,821,835
2219 : 84,495,732,796
2220 : 150,317
2221 : 225,610
2222 : 612,640
2223 : 183,261
2224 : 504,628
2225 : 2,455,805,889
2226 : 777,932
2227 : 114,273,326
2228 : 94,839
2229 : 48,693
2230 : 238,298
2231 : 431,441
2232 : 266,577,706,960
2233 : 55,206
2234 : 823,925
2235 : 318,417
2236 : 40,570,607
2237 : 103,214,389,742
2238 : 147,356
2239 : 82,190,959
2240 : 26,222,293,597
2241 : 217,372
2242 : 99,156
2243 : 162,221,920
2244 : 177,649
2245 : 82,634
2246 : 721,906
2247 : 1,151,510,645
2248 : 10,791
2249 : 339,567
2250 : 59,541,653
2251 : 285,524,861
2252 : 38,41,439,448
2253 : 1,167,438
2254 : 170,240,257,776
2255 : 32,54
2256 : 233,361
2257 : 7,533,920
2258 : 234,551
2259 : 148,949
2260 : 72,648,878
2261 : 345,772
2262 : 183,988
2263 : 483,740
2264 : 147,261
2265 : 73,288,731,991
2266 : 176,359,660,973
2267 : 20,260,361
2268 : 628,884
2269 : 54,375
2270 : 90,208,664
2271 : 386,677,915
2272 : 46,215
2273 : 67,539
2274 : 184,799
2275 : 175,368
2276 : 65,284
2277 : 241,630
2278 : 360,371
2279 : 17,321,530,876
2280 : 57,733
2281 : 286,289,512,711
2282 : 25,311,416,483
2283 : 299,909
2284 : 9,689
2285 : 220,237,983
2286 : 6,26
2287 : 31,695
2288 : 191,975
2289 : 120,261
2290 : 510,824
2291 : 318,389
2292 : 195,338
2293 : 2,380
2294 : 113,135,382,472
2295 : 355,523
2296 : 88,397,798
2297 : 47,360
2298 : 156,415,528
2299 : 64,170
2300 : 79,617
2301 : 190,959
2302 : 79,626
2303 : 222,844,928
2304 : 134,857
2305 : 863,950
2306 : 272,423,479
2307 : 295,339
2308 : 465,661
2309 : 128,304
2310 : 482,553
2311 : 244,283,376,396
2312 : 215,401
2313 : 249,654
2314 : 91,823
2315 : 87,345
2316 : 344,349,613,940
2317 : 583,897
2318 : 212,301
2319 : 37,636
2320 : 829,918
2321 : 290,352,550
2322 : 35,454,692,852
2323 : 453,760
2324 : 525,879
2325 : 158,163,668,948
2326 : 205,506
2327 : 322,458
2328 : 242,327
2329 : 765,931
2330 : 98,135
2331 : 35,189
2332 : 504,654
2333 : 526,923
2334 : 121,151
2335 : 181,496,642
2336 : 44,883
2337 : 5,6,813
2338 : 3,611,812,997
2339 : 103,105,192
2340 : 62,189,297,509
2341 : 222,226,714
2342 : 710,994
2343 : 329,802,872,888
2344 : 37,910
2345 : 237,378
2346 : 146,248
2347 : 123,257,916
2348 : 73,566
2349 : 185,197
2350 : 34,646,948
2351 : 288,398,609,907
2352 : 142,228
2353 : 2,482,505
2354 : 549,677
2355 : 25,461
2356 : 256,623,644
2357 : 49,582
2358 : 168,384
2359 : 224,436,511,869
2360 : 355,707
2361 : 172,429
2362 : 6,624
2363 : 278,366
2364 : 234,616
2365 : 36,201
2366 : 104,157
2367 : 516,864,976
2368 : 175,356
2369 : 520,844
2370 : 27,575
2371 : 562,926
2372 : 444,834
2373 : 204,228,936
2374 : 248,469
2375 : 878,898
2376 : 257,406
2377 : 228,287,826
2378 : 450,889
2379 : 280,303,758,791
2380 : 205,357,407,751
2381 : 380,536
2382 : 124,410
2383 : 417,788
2384 : 422,449,986
2385 : 236,784
2386 : 159,298
2387 : 258,437
2388 : 4,583,924
2389 : 317,484,498
2390 : 162,985
2391 : 562,965
2392 : 467,532,686,767
2393 : 194,323,842
2394 : 483,994
2395 : 203,324
2396 : 21,614
2397 : 188,716
2398 : 358,801
2399 : 133,148
2400 : 27,342,606,765
2401 : 262,790
2402 : 424,797
2403 : 241,471
2404 : 43,875
2405 : 42,410,521,892
2406 : 458,688,870
2407 : 201,255
2408 : 313,341
2409 : 240,318
2410 : 46,703
2411 : 303,831
2412 : 569,706
2413 : 358,656
2414 : 50,284,426,667
2415 : 550,676,801
2416 : 344,602
2417 : 25,952
2418 : 16,359,550,907
2419 : 17,278
2420 : 736,956
2421 : 23,248,760
2422 : 279,806,958
2423 : 138,937
2424 : 292,864,880
2425 : 390,404
2426 : 78,296
2427 : 190,347
2428 : 143,165
2429 : 3,37
2430 : 259,328
2431 : 37,106
2432 : 101,266,749,792
2433 : 83,326,809
2434 : 370,679
2435 : 163,478
2436 : 23,99,344,713
2437 : 30,546,858
2438 : 298,406,943
2439 : 105,119,941
2440 : 633,808
2441 : 492,529,754,895
2442 : 107,158
2443 : 346,510
2444 : 81,281
2445 : 103,912
2446 : 362,479,623
2447 : 43,126,363
2448 : 554,979
2449 : 42,223
2450 : 394,488
2451 : 33,875
2452 : 341,641
2453 : 1,76,832
2454 : 201,546
2455 : 75,383,610,820
2456 : 375,675
2457 : 268,443,761
2458 : 821,910
2459 : 14,196,662
2460 : 371,900
2461 : 67,94
2462 : 251,820
2463 : 106,853
2464 : 119,299,413,743
2465 : 100,245,783
2466 : 285,532
2467 : 67,185,209
2468 : 212,862
2469 : 736,787,947
2470 : 6,83,206
2471 : 17,643,871
2472 : 184,341,358
2473 : 115,740
2474 : 22,69,97,565
2475 : 318,575,684,742
2476 : 158,312,895,981
2477 : 421,573
2478 : 148,175,515,751
2479 : 1,992
2480 : 363,784
2481 : 100,114
2482 : 855,859
2483 : 236,569,809
2484 : 159,889
2485 : 167,286,318
2486 : 85,530,927
2487 : 274,766
2488 : 218,615
2489 : 63,460
2490 : 45,768
2491 : 26,29,149
2492 : 42,77,365,805
2493 : 105,573
2494 : 4,7,632
2495 : 81,387,422
2496 : 309,881
2497 : 388,901
2498 : 123,475
2499 : 310,894
2500 : 192,302,659
2501 : 9,243
2502 : 326,782,881
2503 : 201,365
2504 : 144,324
2505 : 7,611
2506 : 49,477,500
2507 : 31,116
2508 : 34,648
2509 : 305,809
2510 : 571,737
2511 : 754,786
2512 : 677,687,924
2513 : 62,351,478,747
2514 : 19,366
2515 : 74,306,602,865
2516 : 73,383,398
2517 : 729,786
2518 : 45,700
2519 : 193,305,418
2520 : 424,509
2521 : 826,887
2522 : 359,599,681,999
2523 : 11,222,300,486
2524 : 346,452
2525 : 147,400,433,723
2526 : 65,396
2527 : 513,609
2528 : 81,750
2529 : 55,219,767,983
2530 : 344,814
2531 : 9,953
2532 : 447,912
2533 : 14,26
2534 : 111,154
2535 : 39,40,197,423
2536 : 434,463
2537 : 332,374,528,968
2538 : 245,525,576,989
2539 : 264,354
2540 : 263,359,638
2541 : 26,36
2542 : 135,474
2543 : 41,104,596
2544 : 338,458
2545 : 236,455,804,848
2546 : 97,542,579
2547 : 121,958
2548 : 334,735,973
2549 : 42,60,310,402
2550 : 700,762
2551 : 28,617
2552 : 28,536
2553 : 838,879
2554 : 92,323,439,517
2555 : 846,850
2556 : 211,232
2557 : 55,197
2558 : 299,938
2559 : 128,233
2560 : 280,494
2561 : 173,832
2562 : 47,803
2563 : 253,405,854
2564 : 235,323,488
2565 : 60,638
2566 : 629,662
2567 : 138,330
2568 : 330,332,758
2569 : 329,691
2570 : 297,873
2571 : 251,290,539
2572 : 55,965
2573 : 200,631
2574 : 335,421,772
2575 : 24,389,752
2576 : 601,994
2577 : 32,84
2578 : 12,140,144,402
2579 : 116,380
2580 : 102,739
2581 : 395,518
2582 : 53,814
2583 : 53,164,613
2584 : 75,762
2585 : 251,969
2586 : 405,593
2587 : 118,211,778
2588 : 67,962
2589 : 70,330,969
2590 : 63,356,723
2591 : 602,626,769
2592 : 233,284,949
2593 : 7,208,812
2594 : 406,722
2595 : 567,894
2596 : 47,947
2597 : 600,914
2598 : 101,726
2599 : 24,277,529
2600 : 18,560
2601 : 63,284
2602 : 84,754
2603 : 104,239,934,948
2604 : 249,573,727
2605 : 25,889
2606 : 317,554
2607 : 56,211
2608 : 499,521
2609 : 166,875
2610 : 317,968
2611 : 9,315,782
2612 : 572,792
2613 : 61,225,533,595
2614 : 551,706
2615 : 2,178
2616 : 112,204,282
2617 : 137,461
2618 : 3,112
2619 : 55,591
2620 : 122,302
2621 : 780,856
2622 : 12,95
2623 : 33,946
2624 : 105,122,217,271
2625 : 287,515,557
2626 : 54,139
2627 : 144,429
2628 : 293,571
2629 : 11,49
2630 : 131,939
2631 : 404,937
2632 : 215,410,570,670
2633 : 103,960
2634 : 191,816
2635 : 409,639
2636 : 445,804,947
2637 : 2,499
2638 : 202,218,374
2639 : 257,905
2640 : 102,347
2641 : 44,155,226
2642 : 430,582
2643 : 283,847
2644 : 270,866
2645 : 66,143
2646 : 209,686
2647 : 99,821
2648 : 1,210
2649 : 183,973
2650 : 64,320
2651 : 699,776,923
2652 : 63,81,559
2653 : 120,709
2654 : 51,115,558,892
2655 : 205,239,427
2656 : 66,209,532
2657 : 147,557
2658 : 45,719
2659 : 179,323,459,596
2660 : 172,434,693,817
2661 : 133,471
2662 : 630,847
2663 : 796,855
2664 : 13,81,733
2665 : 467,671
2666 : 205,303,857
2667 : 169,277
2668 : 451,604
2669 : 22,483
2670 : 402,601
2671 : 177,390
2672 : 313,907,963
2673 : 661,927,981
2674 : 101,419
2675 : 273,790
2676 : 9,516,546
2677 : 225,975
2678 : 83,790,858
2679 : 165,175
2680 : 41,585
2681 : 86,188,308,498
2682 : 21,843,906
2683 : 20,68,548
2684 : 167,335,498
2685 : 91,384,463
2686 : 20,752
2687 : 234,505
2688 : 67,460
2689 : 60,616
2690 : 277,291,409,669
2691 : 227,564
2692 : 61,520
2693 : 108,607,982
2694 : 34,361
2695 : 135,775
2696 : 126,263
2697 : 17,382
2698 : 64,362,522
2699 : 66,515
2700 : 222,602
2701 : 63,185,376
2702 : 94,239,652,882
2703 : 625,958
2704 : 126,676
2705 : 98,262
2706 : 1,548,818
2707 : 62,271,748
2708 : 330,566
2709 : 158,237
2710 : 187,609
2711 : 46,787
2712 : 112,392
2713 : 152,244
2714 : 199,360,799
2715 : 444,833
2716 : 114,603
2717 : 40,499
2718 : 325,372,696
2719 : 110,122
2720 : 126,172
2721 : 728,753
2722 : 154,379
2723 : 666,849
2724 : 490,741
2725 : 130,895
2726 : 80,433
2727 : 352,564
2728 : 336,442,843,853
2729 : 153,400,974
2730 : 172,312
2731 : 138,324
2732 : 293,379,940
2733 : 100,487,605
2734 : 104,213,655
2735 : 475,914
2736 : 133,314,366,924
2737 : 266,929
2738 : 71,213
2739 : 97,328,425,983
2740 : 450,703,830
2741 : 243,332
2742 : 305,955
2743 : 30,87
2744 : 398,731
2745 : 19,287,336,970
2746 : 117,138
2747 : 70,634,851,852
2748 : 73,187,297,697
2749 : 129,180
2750 : 315,852
2751 : 56,712,782
2752 : 23,65,614
2753 : 263,569
2754 : 331,913
2755 : 33,319
2756 : 78,347
2757 : 591,687
2758 : 549,798
2759 : 11,598
2760 : 202,520,698
2761 : 657,781
2762 : 95,368
2763 : 57,896,984
2764 : 191,765
2765 : 163,323,387
2766 : 142,773
2767 : 72,139,563,962
2768 : 294,936
2769 : 235,591
2770 : 346,587
2771 : 797,807
2772 : 282,294,621,944
2773 : 3,954
2774 : 95,227,358
2775 : 20,748
2776 : 604,643,663
2777 : 502,728
2778 : 34,986
2779 : 131,438
2780 : 40,666
2781 : 410,833
2782 : 74,262,528,624
2783 : 690,721
2784 : 273,418
2785 : 33,177
2786 : 37,102,112,249
2787 : 136,391
2788 : 17,345,440
2789 : 106,127
2790 : 228,611,781
2791 : 163,532
2792 : 316,935
2793 : 336,586
2794 : 55,81,163
2795 : 329,901
2796 : 137,319
2797 : 257,704
2798 : 956,981
2799 : 71,314
2800 : 336,627
2801 : 155,930
2802 : 231,673,748
2803 : 327,880
2804 : 405,730
2805 : 107,396
2806 : 162,756
2807 : 121,446,902
2808 : 228,309,977,979
2809 : 41,209
2810 : 19,519,646
2811 : 434,842
2812 : 353,689
2813 : 475,691
2814 : 371,429
2815 : 125,386
2816 : 870,954
2817 : 87,242
2818 : 166,355
2819 : 119,911
2820 : 304,525,789
2821 : 56,331
2822 : 468,952
2823 : 155,712
2824 : 59,92,147
2825 : 554,744
2826 : 123,869
2827 : 371,553,601
2828 : 70,199,267
2829 : 256,286
2830 : 232,626,676
2831 : 79,117,551,579
2832 : 209,367
2833 : 707,833
2834 : 429,450,551,692
2835 : 137,172
2836 : 68,683
2837 : 3,266
2838 : 5,595
2839 : 281,283,311
2840 : 105,256
2841 : 109,960
2842 : 40,1000
2843 : 38,620,890,932
2844 : 498,816
2845 : 176,922
2846 : 75,199,707
2847 : 611,628
2848 : 391,534,929
2849 : 393,899
2850 : 107,245,481
2851 : 11,136,155
2852 : 300,605,944,959
2853 : 54,350
2854 : 430,461
2855 : 408,770,783
2856 : 357,386
2857 : 178,815
2858 : 247,365
2859 : 148,723
2860 : 16,187,216,275
2861 : 257,708
2862 : 448,671
2863 : 198,269,287,467
2864 : 12,566
2865 : 129,208,379,917
2866 : 61,268
2867 : 41,817
2868 : 750,845
2869 : 152,651
2870 : 362,742,855
2871 : 114,293,997
2872 : 672,927
2873 : 275,527,859
2874 : 325,518,996
2875 : 31,305
2876 : 342,811
2877 : 700,710,755
2878 : 44,608
2879 : 14,83
2880 : 135,211,238,717
2881 : 18,453
2882 : 54,163,506
2883 : 669,946
2884 : 519,890
2885 : 320,670
2886 : 383,599
2887 : 377,521
2888 : 35,312,553
2889 : 376,497
2890 : 25,181,745
2891 : 139,197,350
2892 : 262,347
2893 : 316,337
2894 : 328,332,744,814
2895 : 158,182
2896 : 292,409
2897 : 480,980
2898 : 124,360
2899 : 235,280
2900 : 21,157
2901 : 125,167
2902 : 730,854
2903 : 311,933
2904 : 73,401
2905 : 321,918
2906 : 222,255,262
2907 : 121,933
2908 : 322,882
2909 : 30,141
2910 : 276,632,695,760
2911 : 102,582
2912 : 500,954
2913 : 57,565
2914 : 448,805
2915 : 219,448
2916 : 19,965
2917 : 32,98,141
2918 : 422,590,831
2919 : 639,699
2920 : 20,56,572
2921 : 74,204
2922 : 134,195
2923 : 177,377
2924 : 96,629
2925 : 411,608,997
2926 : 563,667
2927 : 105,887
2928 : 253,265,575,635
2929 : 437,487
2930 : 42,310,745
2931 : 442,557
2932 : 389,691,790
2933 : 146,243
2934 : 322,653
2935 : 168,219,233,427
2936 : 406,665,901
2937 : 294,744
2938 : 199,468
2939 : 597,835
2940 : 59,182,733,932
2941 : 4,61,738,800
2942 : 53,186
2943 : 191,264
2944 : 77,892
2945 : 4,391,418
2946 : 381,438
2947 : 767,845
2948 : 88,433
2949 : 203,275,697,955
2950 : 29,917,944
2951 : 73,189,247,394
2952 : 175,348,384,737
2953 : 16,849,982
2954 : 509,726,951
2955 : 85,166
2956 : 10,13
2957 : 128,577
2958 : 238,265
2959 : 11,271
2960 : 7,608
2961 : 286,337,681
2962 : 4,353
2963 : 196,617,841,884
2964 : 10,640
2965 : 116,411,940
2966 : 139,494
2967 : 110,522
2968 : 148,375,426
2969 : 67,100,197,387
2970 : 146,379
2971 : 14,180,418,489
2972 : 17,669
2973 : 126,186
2974 : 17,264
2975 : 124,709,734,868
2976 : 138,616,823
2977 : 171,618
2978 : 279,336
2979 : 131,346,438
2980 : 681,945
2981 : 135,170
2982 : 204,560,891
2983 : 859,980
2984 : 968,995
2985 : 43,275,589,718
2986 : 125,831
2987 : 492,836
2988 : 46,527
2989 : 58,154
2990 : 462,555
2991 : 476,903
2992 : 154,300,369
2993 : 613,891
2994 : 146,178
2995 : 46,731
2996 : 41,125,182,245
2997 : 31,536
2998 : 225,834
2999 : 33,189,337,674
3000 : 39,52
3001 : 28,469,865
3002 : 130,260,939
3003 : 732,778
3004 : 316,507,558
3005 : 104,219,422,817
3006 : 602,626
3007 : 116,276
3008 : 684,863
3009 : 162,848
3010 : 207,459
3011 : 183,982
3012 : 148,368,426,467
3013 : 392,939
3014 : 249,476,664,985
3015 : 36,272,349,877
3016 : 250,296
3017 : 44,797
3018 : 21,39
3019 : 258,793
3020 : 55,153,612
3021 : 464,472
3022 : 86,701
3023 : 217,657
3024 : 281,986
3025 : 400,886
3026 : 80,432
3027 : 354,538
3028 : 79,270
3029 : 48,393
3030 : 117,189
3031 : 38,81
3032 : 24,264,593
3033 : 445,697
3034 : 614,690
3035 : 25,160
3036 : 15,559,759
3037 : 123,526
3038 : 198,432
3039 : 290,636,672
3040 : 261,768
3041 : 68,103
3042 : 135,704
3043 : 384,387,446
3044 : 234,390
3045 : 263,592,846
3046 : 82,127
3047 : 83,617
3048 : 112,221
3049 : 259,597,633
3050 : 386,734
3051 : 373,738
3052 : 156,221,555
3053 : 160,507,513
3054 : 286,574
3055 : 264,685
3056 : 112,502,546
3057 : 129,793
3058 : 79,254
3059 : 53,142,561
3060 : 14,190,453,936
3061 : 164,254,985
3062 : 297,334,736
3063 : 645,659,904
3064 : 77,247
3065 : 194,239,494,777
3066 : 637,752
3067 : 88,375
3068 : 377,815
3069 : 237,367
3070 : 28,243
3071 : 3,390,451
3072 : 172,184
3073 : 457,888
3074 : 20,161,432,839
3075 : 176,382,606
3076 : 825,907
3077 : 192,451,466,545
3078 : 29,477
3079 : 164,202,317,785
3080 : 146,343
3081 : 50,414,893
3082 : 219,667
3083 : 79,111,349,840
3084 : 142,466
3085 : 545,919
3086 : 49,102,154,180
3087 : 322,619
3088 : 117,174
3089 : 15,899
3090 : 101,309
3091 : 181,661,894
3092 : 447,755
3093 : 237,515
3094 : 47,69,823,873
3095 : 109,141,292
3096 : 37,333
3097 : 316,383,394,530
3098 : 75,341,566,745
3099 : 329,435,498
3100 : 316,803,804,819
3101 : 108,830
3102 : 420,518
3103 : 240,518
3104 : 31,156,598,935
3105 : 27,191
3106 : 218,794,961
3107 : 53,615
3108 : 74,250,633,953
3109 : 382,888
3110 : 535,727,922
3111 : 159,978
3112 : 571,751
3113 : 252,316,784
3114 : 541,714
3115 : 387,442
3116 : 229,497
3117 : 445,454,470
3118 : 298,931
3119 : 91,690
3120 : 184,412,553
3121 : 343,537
3122 : 371,642,1000
3123 : 580,937
3124 : 409,822
3125 : 63,708
3126 : 134,460,557
3127 : 24,130
3128 : 125,139,934
3129 : 524,645
3130 : 403,500
3131 : 9,136,865,979
3132 : 617,995
3133 : 113,231,684
3134 : 255,916
3135 : 15,76,80,368
3136 : 466,699
3137 : 120,187,212,552
3138 : 133,529,764,922
3139 : 177,183,552
3140 : 89,277,457,867
3141 : 568,856
3142 : 155,613
3143 : 484,814
3144 : 117,377
3145 : 231,683
3146 : 421,572,717
3147 : 140,178,186,319
3148 : 652,971
3149 : 138,569
3150 : 269,378
3151 : 8,299,623
3152 : 319,710,937
3153 : 743,872
3154 : 17,232,725
3155 : 491,507
3156 : 63,653,795
3157 : 72,488,517,962
3158 : 149,489,807
3159 : 205,481,759
3160 : 5,961
3161 : 110,478
3162 : 150,724
3163 : 161,480,709
3164 : 24,435,587
3165 : 108,803
3166 : 512,665
3167 : 624,883
3168 : 389,818
3169 : 70,73,461,501
3170 : 156,190,294
3171 : 355,542,705,815
3172 : 780,950
3173 : 100,198
3174 : 193,608,712
3175 : 131,289
3176 : 260,788,993
3177 : 282,516,589,921
3178 : 288,496
3179 : 56,529,535,855
3180 : 294,940
3181 : 62,860,972
3182 : 397,425,540
3183 : 137,601
3184 : 379,605
3185 : 262,403,500
3186 : 808,974
3187 : 426,471,978
3188 : 487,605
3189 : 142,903
3190 : 517,708
3191 : 101,193
3192 : 171,813
3193 : 209,555
3194 : 51,88,851
3195 : 113,277
3196 : 113,321,335
3197 : 86,342
3198 : 40,144,963
3199 : 45,223,820
3200 : 22,496
3201 : 65,76,620
3202 : 327,385,996
3203 : 431,704
3204 : 63,763
3205 : 93,354
3206 : 428,976
3207 : 32,421,538
3208 : 548,587
3209 : 698,929
3210 : 153,543
3211 : 258,968
3212 : 25,178,199
3213 : 282,840,903,921
