1001 : 0,335
1002 : 0,361
1003 : 1,330
1004 : 1,357
1005 : 1,939
1006 : 2,371
1007 : 2,466
1008 : 2,912
1009 : 3,215
1010 : 5,19
1011 : 5,161
1012 : 5,471
1013 : 6,32
1014 : 6,151
1015 : 6,747
1016 : 7,150
1017 : 8,162
1018 : 8,616
1019 : 9,421
1020 : 10,100
1021 : 10,244
1022 : 10,879
1023 : 11,252
1024 : 11,262
1025 : 11,282
1026 : 11,443
1027 : 11,750
1028 : 12,404
1029 : 13,331
1030 : 13,347
1031 : 13,678
1032 : 14,769
1033 : 15,21
1034 : 15,148
1035 : 15,393
1036 : 15,437
1037 : 17,84
1038 : 17,403
1039 : 17,792
1040 : 19,216
1041 : 19,438
1042 : 19,518
1043 : 19,779
1044 : 20,473
1045 : 20,561
1046 : 20,898
1047 : 21,256
1048 : 21,398
1049 : 22,375
1050 : 22,475
1051 : 22,666
1052 : 22,786
1053 : 23,635
1054 : 23,745
1055 : 24,596
1056 : 25,873
1057 : 25,952
1058 : 26,54
1059 : 26,120
1060 : 26,495
1061 : 27,169
1062 : 29,698
1063 : 29,917
1064 : 30,112
1065 : 30,202
1066 : 30,834
1067 : 31,633
1068 : 31,857
1069 : 31,966
1070 : 31,985
1071 : 32,963
1072 : 33,361
1073 : 33,417
1074 : 33,847
1075 : 34,146
1076 : 36,71
1077 : 36,269
1078 : 36,312
1079 : 36,407
1080 : 36,468
1081 : 36,676
1082 : 37,415
1083 : 37,547
1084 : 38,361
1085 : 38,454
1086 : 39,876
1087 : 39,972
1088 : 40,914
1089 : 41,446
1090 : 42,63
1091 : 42,248
1092 : 43,152
1093 : 43,614
1094 : 46,320
1095 : 46,988
1096 : 47,468
1097 : 48,638
1098 : 48,867
1099 : 49,400
1100 : 49,561
1101 : 49,774
1102 : 50,245
1103 : 50,317
1104 : 50,546
1105 : 50,651
1106 : 51,239
1107 : 51,544
1108 : 52,410
1109 : 52,412
1110 : 53,172
1111 : 53,851
1112 : 55,267
1113 : 55,944
1114 : 56,136
1115 : 56,316
1116 : 57,398
1117 : 57,886
1118 : 58,377
1119 : 58,581
1120 : 58,973
1121 : 59,300
1122 : 59,388
1123 : 59,548
1124 : 60,112
1125 : 60,513
1126 : 61,75
1127 : 62,241
1128 : 63,101
1129 : 63,730
1130 : 64,373
1131 : 64,953
1132 : 65,294
1133 : 65,309
1134 : 65,437
1135 : 65,554
1136 : 65,692
1137 : 65,950
1138 : 65,993
1139 : 66,246
1140 : 66,592
1141 : 67,939
1142 : 68,366
1143 : 69,209
1144 : 70,288
1145 : 70,628
1146 : 70,749
1147 : 71,431
1148 : 71,563
1149 : 71,884
1150 : 72,907
1151 : 72,925
1152 : 73,455
1153 : 74,139
1154 : 74,222
1155 : 75,338
1156 : 75,493
1157 : 76,405
1158 : 76,872
1159 : 77,680
1160 : 77,767
1161 : 78,316
1162 : 78,329
1163 : 78,564
1164 : 78,747
1165 : 79,152
1166 : 79,739
1167 : 80,283
1168 : 80,314
1169 : 81,197
1170 : 81,203
1171 : 81,342
1172 : 81,853
1173 : 82,158
1174 : 82,640
1175 : 83,205
1176 : 83,548
1177 : 85,761
1178 : 86,201
1179 : 86,216
1180 : 86,842
1181 : 86,987
1182 : 87,482
1183 : 88,352
1184 : 88,402
1185 : 90,622
1186 : 91,309
1187 : 91,310
1188 : 91,979
1189 : 92,154
1190 : 92,405
1191 : 92,513
1192 : 92,744
1193 : 93,345
1194 : 93,482
1195 : 95,485
1196 : 95,888
1197 : 96,479
1198 : 96,849
1199 : 97,975
1200 : 98,824
1201 : 99,212
1202 : 99,685
1203 : 99,802
1204 : 100,154
1205 : 100,229
1206 : 100,385
1207 : 100,639
1208 : 101,363
1209 : 101,486
1210 : 102,279
1211 : 103,675
1212 : 103,694
1213 : 104,107
1214 : 104,235
1215 : 104,553
1216 : 104,799
1217 : 106,701
1218 : 107,647
1219 : 107,844
1220 : 108,234
1221 : 109,263
1222 : 109,288
1223 : 110,332
1224 : 110,668
1225 : 111,748
1226 : 111,914
1227 : 112,669
1228 : 113,786
1229 : 115,554
1230 : 116,542
1231 : 117,485
1232 : 117,796
1233 : 118,313
1234 : 118,335
1235 : 118,359
1236 : 118,473
1237 : 118,672
1238 : 118,757
1239 : 118,789
1240 : 120,921
1241 : 122,232
1242 : 122,742
1243 : 124,174
1244 : 124,430
1245 : 125,228
1246 : 125,892
1247 : 126,640
1248 : 127,929
1249 : 128,208
1250 : 128,423
1251 : 128,673
1252 : 130,621
1253 : 131,175
1254 : 131,364
1255 : 132,423
1256 : 132,899
1257 : 135,261
1258 : 136,647
1259 : 137,549
1260 : 137,989
1261 : 138,512
1262 : 138,574
1263 : 139,288
1264 : 141,488
1265 : 141,584
1266 : 143,260
1267 : 144,591
1268 : 144,610
1269 : 144,752
1270 : 145,440
1271 : 146,597
1272 : 147,220
1273 : 147,760
1274 : 147,827
1275 : 148,411
1276 : 149,809
1277 : 149,847
1278 : 150,235
1279 : 151,459
1280 : 152,700
1281 : 153,236
1282 : 154,582
1283 : 154,812
1284 : 155,210
1285 : 157,242
1286 : 157,349
1287 : 157,469
1288 : 157,514
1289 : 157,714
1290 : 157,898
1291 : 158,960
1292 : 161,307
1293 : 162,830
1294 : 162,849
1295 : 163,232
1296 : 163,260
1297 : 163,785
1298 : 163,926
1299 : 165,618
1300 : 166,681
1301 : 167,490
1302 : 167,789
1303 : 168,250
1304 : 168,597
1305 : 169,195
1306 : 169,471
1307 : 169,488
1308 : 169,878
1309 : 169,967
1310 : 171,750
1311 : 172,399
1312 : 172,688
1313 : 172,927
1314 : 173,793
1315 : 174,427
1316 : 174,455
1317 : 174,671
1318 : 174,939
1319 : 176,654
1320 : 178,485
1321 : 179,441
1322 : 180,611
1323 : 180,620
1324 : 184,297
1325 : 184,799
1326 : 186,590
1327 : 186,813
1328 : 188,721
1329 : 190,441
1330 : 191,894
1331 : 192,738
1332 : 193,207
1333 : 193,315
1334 : 193,974
1335 : 194,799
1336 : 194,896
1337 : 195,239
1338 : 196,467
1339 : 196,575
1340 : 196,668
1341 : 197,728
1342 : 197,961
1343 : 198,972
1344 : 199,877
1345 : 200,430
1346 : 200,755
1347 : 201,325
1348 : 201,632
1349 : 202,607
1350 : 202,732
1351 : 203,576
1352 : 203,622
1353 : 203,953
1354 : 204,753
1355 : 205,831
1356 : 206,399
1357 : 206,887
1358 : 207,332
1359 : 207,680
1360 : 209,745
1361 : 209,837
1362 : 211,739
1363 : 211,834
1364 : 211,938
1365 : 211,978
1366 : 212,396
1367 : 213,523
1368 : 213,931
1369 : 214,557
1370 : 214,786
1371 : 215,484
1372 : 215,680
1373 : 216,691
1374 : 217,429
1375 : 217,734
1376 : 218,377
1377 : 219,645
1378 : 219,663
1379 : 219,848
1380 : 219,940
1381 : 220,675
1382 : 220,704
1383 : 220,808
1384 : 220,819
1385 : 221,851
1386 : 222,444
1387 : 222,920
1388 : 223,388
1389 : 224,305
1390 : 225,678
1391 : 226,275
1392 : 226,499
1393 : 226,977
1394 : 226,984
1395 : 227,662
1396 : 228,493
1397 : 228,596
1398 : 228,977
1399 : 229,855
1400 : 230,710
1401 : 230,738
1402 : 230,758
1403 : 230,976
1404 : 231,846
1405 : 232,249
1406 : 233,246
1407 : 233,812
1408 : 234,353
1409 : 234,809
1410 : 235,568
1411 : 235,582
1412 : 236,703
1413 : 236,947
1414 : 239,289
1415 : 240,723
1416 : 241,744
1417 : 241,749
1418 : 241,909
1419 : 241,980
1420 : 243,968
1421 : 244,405
1422 : 244,815
1423 : 245,499
1424 : 245,672
1425 : 246,507
1426 : 246,840
1427 : 247,759
1428 : 248,477
1429 : 248,791
1430 : 249,963
1431 : 250,857
1432 : 251,542
1433 : 251,916
1434 : 252,281
1435 : 252,502
1436 : 252,790
1437 : 252,860
1438 : 253,924
1439 : 255,565
1440 : 256,288
1441 : 257,538
1442 : 257,831
1443 : 258,368
1444 : 259,640
1445 : 259,807
1446 : 260,361
1447 : 260,791
1448 : 260,834
1449 : 260,912
1450 : 261,928
1451 : 263,350
1452 : 263,395
1453 : 264,584
1454 : 264,723
1455 : 265,570
1456 : 266,346
1457 : 266,641
1458 : 266,680
1459 : 270,846
1460 : 272,299
1461 : 272,463
1462 : 272,928
1463 : 273,824
1464 : 273,843
1465 : 274,783
1466 : 274,951
1467 : 274,970
1468 : 275,382
1469 : 275,554
1470 : 275,716
1471 : 275,825
1472 : 276,754
1473 : 276,988
1474 : 277,376
1475 : 277,436
1476 : 277,486
1477 : 277,537
1478 : 278,977
1479 : 279,745
1480 : 280,418
1481 : 280,476
1482 : 280,910
1483 : 281,855
1484 : 284,663
1485 : 285,569
1486 : 285,693
1487 : 288,505
1488 : 289,695
1489 : 290,569
1490 : 290,884
1491 : 291,682
1492 : 291,745
1493 : 292,823
1494 : 293,405
1495 : 293,531
1496 : 293,568
1497 : 293,636
1498 : 294,929
1499 : 295,342
1500 : 295,538
1501 : 295,969
1502 : 298,693
1503 : 299,884
1504 : 300,329
1505 : 301,867
1506 : 302,751
1507 : 303,737
1508 : 303,884
1509 : 304,701
1510 : 306,532
1511 : 307,336
1512 : 307,895
1513 : 308,370
1514 : 308,939
1515 : 309,432
1516 : 309,741
1517 : 309,801
1518 : 309,956
1519 : 310,715
1520 : 311,389
1521 : 311,765
1522 : 311,834
1523 : 313,450
1524 : 313,878
1525 : 314,506
1526 : 314,920
1527 : 315,493
1528 : 315,841
1529 : 316,599
1530 : 316,787
1531 : 317,660
1532 : 317,910
1533 : 318,388
1534 : 319,724
1535 : 320,604
1536 : 320,633
1537 : 320,651
1538 : 320,655
1539 : 322,876
1540 : 322,972
1541 : 323,330
1542 : 323,382
1543 : 323,550
1544 : 323,746
1545 : 323,911
1546 : 324,513
1547 : 324,632
1548 : 324,976
1549 : 326,372
1550 : 327,879
1551 : 327,928
1552 : 328,398
1553 : 329,592
1554 : 329,690
1555 : 330,622
1556 : 330,849
1557 : 331,697
1558 : 332,799
1559 : 334,337
1560 : 335,994
1561 : 337,966
1562 : 339,979
1563 : 341,865
1564 : 341,956
1565 : 342,628
1566 : 343,996
1567 : 344,663
1568 : 344,969
1569 : 345,665
1570 : 346,800
1571 : 347,565
1572 : 347,635
1573 : 348,462
1574 : 348,804
1575 : 348,841
1576 : 349,919
1577 : 350,431
1578 : 350,794
1579 : 350,914
1580 : 351,777
1581 : 352,436
1582 : 352,935
1583 : 353,361
1584 : 353,406
1585 : 353,636
1586 : 353,646
1587 : 353,802
1588 : 353,895
1589 : 353,951
1590 : 354,956
1591 : 354,963
1592 : 355,789
1593 : 356,495
1594 : 357,708
1595 : 357,807
1596 : 358,709
1597 : 358,895
1598 : 360,376
1599 : 360,898
1600 : 361,738
1601 : 362,821
1602 : 365,588
1603 : 365,719
1604 : 365,745
1605 : 366,854
1606 : 368,498
1607 : 369,396
1608 : 371,383
1609 : 371,599
1610 : 372,471
1611 : 372,759
1612 : 372,809
1613 : 372,884
1614 : 372,925
1615 : 372,959
1616 : 373,597
1617 : 373,941
1618 : 376,706
1619 : 378,600
1620 : 378,923
1621 : 379,381
1622 : 379,800
1623 : 384,506
1624 : 385,666
1625 : 385,803
1626 : 387,498
1627 : 388,692
1628 : 389,708
1629 : 389,956
1630 : 390,437
1631 : 391,588
1632 : 391,844
1633 : 392,554
1634 : 392,959
1635 : 393,625
1636 : 393,728
1637 : 394,885
1638 : 395,630
1639 : 397,585
1640 : 397,918
1641 : 398,434
1642 : 398,435
1643 : 398,806
1644 : 399,813
1645 : 400,487
1646 : 400,981
1647 : 402,857
1648 : 403,584
1649 : 403,696
1650 : 403,754
1651 : 403,766
1652 : 404,671
1653 : 405,766
1654 : 407,679
1655 : 408,502
1656 : 408,609
1657 : 409,743
1658 : 409,825
1659 : 409,995
1660 : 411,619
1661 : 411,849
1662 : 411,949
1663 : 411,984
1664 : 413,719
1665 : 413,817
1666 : 413,944
1667 : 415,480
1668 : 416,507
1669 : 416,529
1670 : 417,455
1671 : 418,494
1672 : 418,658
1673 : 420,507
1674 : 420,870
1675 : 421,805
1676 : 422,532
1677 : 422,785
1678 : 423,432
1679 : 423,851
1680 : 423,911
1681 : 424,426
1682 : 424,461
1683 : 424,865
1684 : 425,448
1685 : 425,869
1686 : 426,934
1687 : 427,576
1688 : 427,604
1689 : 427,713
1690 : 428,769
1691 : 429,937
1692 : 430,498
1693 : 430,673
1694 : 430,747
1695 : 432,571
1696 : 432,646
1697 : 433,499
1698 : 434,582
1699 : 435,552
1700 : 435,556
1701 : 435,579
1702 : 437,692
1703 : 438,708
1704 : 438,873
1705 : 441,865
1706 : 444,857
1707 : 447,747
1708 : 447,818
1709 : 448,815
1710 : 449,836
1711 : 449,952
1712 : 450,974
1713 : 451,578
1714 : 452,529
1715 : 453,588
1716 : 454,517
1717 : 455,864
1718 : 458,531
1719 : 458,600
1720 : 458,671
1721 : 459,518
1722 : 459,705
1723 : 459,779
1724 : 460,709
1725 : 460,879
1726 : 461,482
1727 : 463,682
1728 : 465,601
1729 : 465,745
1730 : 465,919
1731 : 467,696
1732 : 467,791
1733 : 467,902
1734 : 468,921
1735 : 469,929
1736 : 471,971
1737 : 472,848
1738 : 474,900
1739 : 475,681
1740 : 475,916
1741 : 476,664
1742 : 478,937
1743 : 479,655
1744 : 479,798
1745 : 481,736
1746 : 481,996
1747 : 482,579
1748 : 483,883
1749 : 483,929
1750 : 483,944
1751 : 484,599
1752 : 484,668
1753 : 485,805
1754 : 486,496
1755 : 486,535
1756 : 489,553
1757 : 489,652
1758 : 490,862
1759 : 490,973
1760 : 491,686
1761 : 491,797
1762 : 492,746
1763 : 493,639
1764 : 493,679
1765 : 495,989
1766 : 497,911
1767 : 497,925
1768 : 497,971
1769 : 499,928
1770 : 499,942
1771 : 501,607
1772 : 501,664
1773 : 501,714
1774 : 505,599
1775 : 509,946
1776 : 511,527
1777 : 511,563
1778 : 511,680
1779 : 512,667
1780 : 512,744
1781 : 513,847
1782 : 514,890
1783 : 516,751
1784 : 516,772
1785 : 516,882
1786 : 517,785
1787 : 518,969
1788 : 518,987
1789 : 519,969
1790 : 521,790
1791 : 522,741
1792 : 522,906
1793 : 523,560
1794 : 525,718
1795 : 525,746
1796 : 525,943
1797 : 528,911
1798 : 529,530
1799 : 529,545
1800 : 529,634
1801 : 534,608
1802 : 534,982
1803 : 535,782
1804 : 535,842
1805 : 536,723
1806 : 539,618
1807 : 539,653
1808 : 539,678
1809 : 540,579
1810 : 543,670
1811 : 543,758
1812 : 543,908
1813 : 543,923
1814 : 549,663
1815 : 550,629
1816 : 551,810
1817 : 554,584
1818 : 554,738
1819 : 555,831
1820 : 559,685
1821 : 561,813
1822 : 561,921
1823 : 562,735
1824 : 564,631
1825 : 564,812
1826 : 566,962
1827 : 567,728
1828 : 567,940
1829 : 573,963
1830 : 574,873
1831 : 575,609
1832 : 575,747
1833 : 575,921
1834 : 575,982
1835 : 576,699
1836 : 576,740
1837 : 577,758
1838 : 581,765
1839 : 583,785
1840 : 584,992
1841 : 588,927
1842 : 591,810
1843 : 592,731
1844 : 594,607
1845 : 595,829
1846 : 595,979
1847 : 596,655
1848 : 596,730
1849 : 597,824
1850 : 597,996
1851 : 598,675
1852 : 600,820
1853 : 602,827
1854 : 603,648
1855 : 604,915
1856 : 606,950
1857 : 608,667
1858 : 613,791
1859 : 614,818
1860 : 618,811
1861 : 620,755
1862 : 622,762
1863 : 623,941
1864 : 626,856
1865 : 627,860
1866 : 628,676
1867 : 629,846
1868 : 629,884
1869 : 629,960
1870 : 631,814
1871 : 635,973
1872 : 636,742
1873 : 638,732
1874 : 639,922
1875 : 640,836
1876 : 640,837
1877 : 642,724
1878 : 643,747
1879 : 643,980
1880 : 644,815
1881 : 646,882
1882 : 647,789
1883 : 648,742
1884 : 648,951
1885 : 651,984
1886 : 654,979
1887 : 654,992
1888 : 655,747
1889 : 655,842
1890 : 655,877
1891 : 655,898
1892 : 657,679
1893 : 657,820
1894 : 658,701
1895 : 658,991
1896 : 659,844
1897 : 661,737
1898 : 661,811
1899 : 662,923
1900 : 665,871
1901 : 672,813
1902 : 673,711
1903 : 675,792
1904 : 675,815
1905 : 677,986
1906 : 679,920
1907 : 679,928
1908 : 680,936
1909 : 680,977
1910 : 681,783
1911 : 684,898
1912 : 687,724
1913 : 688,887
1914 : 688,951
1915 : 690,880
1916 : 691,957
1917 : 693,710
1918 : 694,967
1919 : 695,783
1920 : 700,727
1921 : 702,875
1922 : 702,971
1923 : 703,917
1924 : 704,957
1925 : 706,867
1926 : 710,723
1927 : 711,826
1928 : 711,833
1929 : 712,806
1930 : 713,795
1931 : 713,800
1932 : 713,861
1933 : 713,862
1934 : 713,886
1935 : 714,803
1936 : 716,829
1937 : 717,780
1938 : 719,746
1939 : 719,851
1940 : 723,732
1941 : 724,842
1942 : 724,929
1943 : 726,776
1944 : 727,759
1945 : 731,839
1946 : 733,933
1947 : 733,957
1948 : 734,902
1949 : 736,879
1950 : 737,947
1951 : 738,814
1952 : 738,934
1953 : 739,769
1954 : 741,871
1955 : 744,819
1956 : 745,789
1957 : 746,856
1958 : 747,889
1959 : 750,907
1960 : 752,983
1961 : 753,880
1962 : 755,904
1963 : 756,800
1964 : 762,893
1965 : 762,919
1966 : 765,998
1967 : 767,902
1968 : 767,944
1969 : 770,939
1970 : 773,998
1971 : 774,781
1972 : 774,832
1973 : 775,923
1974 : 781,996
1975 : 783,815
1976 : 786,862
1977 : 789,999
1978 : 790,826
1979 : 791,858
1980 : 793,851
1981 : 800,820
1982 : 802,919
1983 : 802,992
1984 : 806,811
1985 : 808,993
1986 : 810,864
1987 : 813,991
1988 : 815,915
1989 : 816,864
1990 : 819,945
1991 : 821,962
1992 : 823,885
1993 : 826,869
1994 : 830,935
1995 : 837,862
1996 : 838,986
1997 : 839,859
1998 : 852,854
1999 : 852,926
2000 : 852,946
2001 : 854,961
2002 : 854,978
2003 : 856,866
2004 : 858,886
2005 : 860,991
2006 : 863,961
2007 : 865,883
2008 : 870,952
2009 : 871,992
2010 : 874,969
2011 : 876,919
2012 : 876,950
2013 : 882,959
2014 : 886,955
2015 : 892,942
2016 : 907,926
2017 : 909,982
2018 : 912,950
2019 : 912,951
2020 : 915,951
2021 : 921,931
2022 : 921,983
2023 : 956,967
2024 : 973,986
2025 : 979,994
2026 : 0,433,783
2027 : 0,539,835
2028 : 1,293,614
2029 : 2,257,358
2030 : 2,310,972
2031 : 4,131,500
2032 : 4,192,848
2033 : 5,66,385
2034 : 6,98,709
2035 : 6,421,524
2036 : 7,86,128
2037 : 7,99,295
2038 : 7,211,322
2039 : 7,674,873
2040 : 8,162,565
2041 : 9,40,877
2042 : 9,46,937
2043 : 9,475,742
2044 : 9,559,638
2045 : 10,55,659
2046 : 10,86,998
2047 : 10,620,884
2048 : 11,266,877
2049 : 12,78,697
2050 : 12,149,972
2051 : 12,168,968
2052 : 12,250,335
2053 : 12,818,822
2054 : 13,61,666
2055 : 13,180,689
2056 : 13,514,965
2057 : 14,721,972
2058 : 15,699,923
2059 : 16,93,138
2060 : 17,156,377
2061 : 17,428,697
2062 : 17,573,910
2063 : 18,72,73
2064 : 18,270,633
2065 : 19,231,683
2066 : 20,628,871
2067 : 23,134,221
2068 : 25,221,963
2069 : 26,238,898
2070 : 26,563,620
2071 : 27,248,910
2072 : 28,329,593
2073 : 29,228,505
2074 : 29,716,737
2075 : 30,67,282
2076 : 30,232,343
2077 : 32,421,547
2078 : 33,115,858
2079 : 34,229,500
2080 : 34,300,513
2081 : 34,361,402
2082 : 34,873,949
2083 : 35,138,823
2084 : 35,298,814
2085 : 35,402,608
2086 : 36,340,768
2087 : 37,383,589
2088 : 37,569,650
2089 : 37,602,906
2090 : 38,679,746
2091 : 39,195,304
2092 : 39,506,969
2093 : 40,287,689
2094 : 40,437,716
2095 : 42,104,840
2096 : 42,621,859
2097 : 43,294,932
2098 : 43,317,992
2099 : 43,538,873
2100 : 44,52,612
2101 : 44,52,682
2102 : 45,94,341
2103 : 45,303,958
2104 : 47,96,740
2105 : 48,284,900
2106 : 48,479,964
2107 : 48,621,813
2108 : 49,137,382
2109 : 49,382,483
2110 : 49,525,622
2111 : 49,557,854
2112 : 49,620,746
2113 : 49,947,973
2114 : 50,412,659
2115 : 50,589,960
2116 : 51,683,938
2117 : 51,818,982
2118 : 52,713,881
2119 : 52,737,901
2120 : 53,592,608
2121 : 54,583,766
2122 : 55,417,555
2123 : 56,135,529
2124 : 57,248,664
2125 : 58,249,597
2126 : 58,306,388
2127 : 58,341,410
2128 : 59,719,753
2129 : 60,354,813
2130 : 61,152,373
2131 : 61,229,767
2132 : 61,436,787
2133 : 62,226,346
2134 : 62,335,972
2135 : 62,673,755
2136 : 64,96,477
2137 : 64,186,537
2138 : 64,608,723
2139 : 64,728,932
2140 : 65,178,714
2141 : 66,463,653
2142 : 66,679,975
2143 : 67,219,240
2144 : 67,550,815
2145 : 68,299,482
2146 : 68,533,815
2147 : 70,669,965
2148 : 71,283,340
2149 : 71,314,796
2150 : 72,476,708
2151 : 74,184,857
2152 : 74,731,817
2153 : 75,299,898
2154 : 76,168,223
2155 : 76,542,760
2156 : 77,107,154
2157 : 77,198,340
2158 : 79,395,815
2159 : 80,245,836
2160 : 80,499,985
2161 : 83,553,731
2162 : 83,594,634
2163 : 84,159,940
2164 : 84,526,665
2165 : 85,274,865
2166 : 86,708,891
2167 : 89,123,465
2168 : 89,283,882
2169 : 89,321,689
2170 : 89,447,606
2171 : 92,528,649
2172 : 95,278,766
2173 : 95,724,929
2174 : 96,278,475
2175 : 96,566,711
2176 : 96,683,941
2177 : 96,832,836
2178 : 96,854,993
2179 : 97,677,687
2180 : 98,358,627
2181 : 98,361,834
2182 : 98,587,660
2183 : 101,167,248
2184 : 101,205,880
2185 : 101,444,450
2186 : 102,853,931
2187 : 103,651,819
2188 : 104,253,637
2189 : 104,477,486
2190 : 105,306,830
2191 : 105,466,946
2192 : 106,186,192
2193 : 106,196,614
2194 : 106,265,269
2195 : 107,727,991
2196 : 109,615,691
2197 : 109,793,904
2198 : 110,291,861
2199 : 110,303,441
2200 : 111,150,730
2201 : 112,396,499
2202 : 115,278,800
2203 : 115,412,703
2204 : 117,499,621
2205 : 118,143,467
2206 : 118,406,652
2207 : 118,610,852
2208 : 118,663,857
2209 : 120,162,933
2210 : 120,535,608
2211 : 120,838,987
2212 : 122,290,939
2213 : 124,330,669
2214 : 126,189,871
2215 : 126,219,552
2216 : 126,327,779
2217 : 127,622,632
2218 : 131,359,465
2219 : 131,666,714
2220 : 132,670,679
2221 : 134,210,756
2222 : 135,454,924
2223 : 136,263,561
2224 : 137,243,712
2225 : 137,271,437
2226 : 137,609,882
2227 : 137,713,751
2228 : 137,826,914
2229 : 138,162,638
2230 : 138,512,571
2231 : 139,213,517
2232 : 139,550,920
2233 : 143,259,621
2234 : 143,284,751
2235 : 145,154,840
2236 : 145,433,745
2237 : 145,741,880
2238 : 146,203,655
2239 : 146,523,709
2240 : 147,190,748
2241 : 147,272,896
2242 : 147,514,855
2243 : 148,169,508
2244 : 148,235,369
2245 : 150,461,502
2246 : 151,243,580
2247 : 154,447,882
2248 : 156,313,532
2249 : 159,524,810
2250 : 159,638,936
2251 : 160,690,711
2252 : 161,396,525
2253 : 161,546,894
2254 : 162,188,954
2255 : 162,220,968
2256 : 162,636,844
2257 : 163,228,326
2258 : 163,291,910
2259 : 165,361,409
2260 : 166,225,851
2261 : 168,395,977
2262 : 169,185,227
2263 : 170,238,958
2264 : 170,319,385
2265 : 171,197,415
2266 : 172,652,763
2267 : 172,824,951
2268 : 173,619,702
2269 : 177,505,733
2270 : 178,790,842
2271 : 179,720,958
2272 : 183,426,871
2273 : 185,410,704
2274 : 186,553,706
2275 : 187,630,997
2276 : 188,506,597
2277 : 189,694,804
2278 : 191,197,760
2279 : 191,639,748
2280 : 192,706,746
2281 : 193,262,471
2282 : 193,383,792
2283 : 197,474,639
2284 : 199,410,966
2285 : 201,680,952
2286 : 202,790,940
2287 : 204,211,257
2288 : 204,343,939
2289 : 204,530,653
2290 : 204,629,745
2291 : 205,283,336
2292 : 205,588,869
2293 : 205,593,718
2294 : 206,293,637
2295 : 207,293,780
2296 : 208,422,528
2297 : 212,222,997
2298 : 212,248,250
2299 : 212,386,642
2300 : 213,412,680
2301 : 213,493,821
2302 : 213,723,935
2303 : 214,571,993
2304 : 214,608,890
2305 : 214,721,982
2306 : 215,606,875
2307 : 216,551,621
2308 : 218,590,709
2309 : 221,313,456
2310 : 222,375,516
2311 : 224,245,857
2312 : 227,239,713
2313 : 227,388,752
2314 : 227,410,723
2315 : 227,686,963
2316 : 227,817,888
2317 : 228,268,539
2318 : 228,505,683
2319 : 229,363,433
2320 : 230,440,640
2321 : 231,340,675
2322 : 232,482,864
2323 : 234,482,504
2324 : 235,380,400
2325 : 235,669,922
2326 : 236,421,687
2327 : 236,636,684
2328 : 238,247,723
2329 : 248,657,824
2330 : 250,541,639
2331 : 252,290,700
2332 : 252,669,810
2333 : 253,804,951
2334 : 254,439,681
2335 : 256,348,979
2336 : 257,315,404
2337 : 264,528,568
2338 : 265,285,517
2339 : 265,356,439
2340 : 265,440,640
2341 : 265,526,805
2342 : 267,538,744
2343 : 267,552,628
2344 : 268,418,477
2345 : 270,469,471
2346 : 273,477,935
2347 : 276,709,842
2348 : 277,447,627
2349 : 278,281,690
2350 : 278,402,899
2351 : 278,719,841
2352 : 279,598,845
2353 : 282,293,519
2354 : 282,457,824
2355 : 289,566,886
2356 : 290,356,711
2357 : 292,533,981
2358 : 295,304,824
2359 : 295,353,767
2360 : 295,393,843
2361 : 295,613,875
2362 : 297,607,835
2363 : 298,623,710
2364 : 300,356,533
2365 : 303,331,575
2366 : 305,327,334
2367 : 309,314,620
2368 : 309,328,471
2369 : 311,337,582
2370 : 312,471,661
2371 : 314,463,934
2372 : 314,956,979
2373 : 315,705,757
2374 : 316,387,486
2375 : 322,589,647
2376 : 324,840,929
2377 : 325,628,667
2378 : 326,526,537
2379 : 326,689,962
2380 : 330,533,731
2381 : 331,936,951
2382 : 333,462,766
2383 : 334,464,724
2384 : 335,822,876
2385 : 336,484,672
2386 : 339,731,899
2387 : 344,396,678
2388 : 345,859,870
2389 : 349,668,733
2390 : 351,426,972
2391 : 352,381,698
2392 : 356,370,498
2393 : 357,459,976
2394 : 358,442,656
2395 : 359,416,994
2396 : 364,802,921
2397 : 365,480,843
2398 : 365,770,782
2399 : 367,788,856
2400 : 369,417,842
2401 : 369,628,841
2402 : 369,869,888
2403 : 372,479,570
2404 : 372,686,960
2405 : 374,443,791
2406 : 374,473,519
2407 : 374,562,812
2408 : 376,466,584
2409 : 378,386,427
2410 : 379,470,522
2411 : 379,495,966
2412 : 382,668,953
2413 : 383,700,815
2414 : 384,577,627
2415 : 385,419,663
2416 : 389,814,879
2417 : 390,745,998
2418 : 392,478,924
2419 : 394,465,846
2420 : 394,484,830
2421 : 398,527,592
2422 : 399,404,885
2423 : 401,883,939
2424 : 402,421,828
2425 : 403,521,916
2426 : 404,763,807
2427 : 407,571,580
2428 : 408,660,778
2429 : 408,864,987
2430 : 414,418,778
2431 : 414,755,918
2432 : 418,628,657
2433 : 421,611,729
2434 : 421,785,950
2435 : 427,473,946
2436 : 427,737,892
2437 : 433,667,867
2438 : 435,453,683
2439 : 436,451,566
2440 : 440,469,865
2441 : 440,633,758
2442 : 443,754,986
2443 : 445,575,782
2444 : 448,619,777
2445 : 449,482,819
2446 : 452,501,750
2447 : 455,501,929
2448 : 465,538,947
2449 : 465,622,868
2450 : 473,645,803
2451 : 476,576,839
2452 : 477,597,904
2453 : 480,511,662
2454 : 481,595,653
2455 : 483,840,894
2456 : 484,546,858
2457 : 488,822,922
2458 : 499,580,621
2459 : 505,653,904
2460 : 507,582,672
2461 : 508,741,869
2462 : 509,568,941
2463 : 509,606,729
2464 : 511,844,925
2465 : 512,636,810
2466 : 514,957,990
2467 : 517,798,853
2468 : 523,736,963
2469 : 524,551,860
2470 : 527,617,970
2471 : 528,721,877
2472 : 530,718,892
2473 : 530,722,831
2474 : 534,802,903
2475 : 536,731,783
2476 : 537,641,911
2477 : 542,718,820
2478 : 543,603,619
2479 : 545,573,600
2480 : 552,701,872
2481 : 552,740,820
2482 : 555,734,829
2483 : 558,598,784
2484 : 559,560,822
2485 : 559,588,902
2486 : 564,565,970
2487 : 571,599,775
2488 : 572,617,745
2489 : 573,738,999
2490 : 576,734,971
2491 : 578,631,668
2492 : 578,687,756
2493 : 579,600,840
2494 : 581,634,996
2495 : 581,736,864
2496 : 581,906,971
2497 : 582,902,975
2498 : 591,658,910
2499 : 593,749,910
2500 : 595,760,774
2501 : 596,633,860
2502 : 598,873,879
2503 : 600,906,945
2504 : 602,681,874
2505 : 613,637,742
2506 : 626,713,753
2507 : 643,917,962
2508 : 656,684,820
2509 : 664,673,845
2510 : 683,691,995
2511 : 686,785,823
2512 : 690,755,955
2513 : 695,944,950
2514 : 734,911,912
2515 : 741,782,841
2516 : 763,932,950
2517 : 863,948,972
2518 : 872,932,972
2519 : 876,938,942
2520 : 0,165,300,723
2521 : 3,142,204,779
2522 : 3,548,699,703
2523 : 4,153,359,364
2524 : 4,577,967,997
2525 : 4,597,611,851
2526 : 5,175,358,596
2527 : 7,101,151,339
2528 : 7,130,488,517
2529 : 8,247,305,392
2530 : 9,78,790,874
2531 : 10,29,699,822
2532 : 10,112,380,979
2533 : 12,462,522,642
2534 : 13,511,806,859
2535 : 14,362,375,524
2536 : 15,112,508,720
2537 : 15,155,388,847
2538 : 16,290,609,917
2539 : 17,374,766,895
2540 : 18,74,668,872
2541 : 19,443,668,989
2542 : 20,240,255,425
2543 : 21,380,711,827
2544 : 22,112,339,733
2545 : 22,460,551,760
2546 : 23,107,398,646
2547 : 24,73,323,753
2548 : 25,353,627,893
2549 : 30,140,691,892
2550 : 30,496,691,785
2551 : 32,233,363,991
2552 : 38,206,625,770
2553 : 39,259,508,669
2554 : 41,43,66,559
2555 : 41,208,368,637
2556 : 42,451,746,816
2557 : 43,656,718,963
2558 : 44,161,433,495
2559 : 44,418,687,895
2560 : 46,524,771,812
2561 : 47,240,326,647
2562 : 47,282,514,830
2563 : 47,350,363,418
2564 : 47,518,610,994
2565 : 49,172,338,888
2566 : 49,192,705,776
2567 : 51,144,504,652
2568 : 52,172,608,694
2569 : 54,547,881,916
2570 : 55,285,308,311
2571 : 55,654,677,703
2572 : 56,202,682,763
2573 : 62,175,392,867
2574 : 62,184,266,601
2575 : 63,419,797,876
2576 : 64,106,218,268
2577 : 64,139,193,334
2578 : 64,268,934,996
2579 : 65,176,193,809
2580 : 66,89,464,637
2581 : 68,241,278,932
2582 : 69,344,418,783
2583 : 69,556,773,877
2584 : 70,203,269,711
2585 : 70,540,710,740
2586 : 71,199,275,360
2587 : 72,360,381,438
2588 : 72,376,671,677
2589 : 74,95,233,397
2590 : 76,136,232,501
2591 : 76,375,598,834
2592 : 78,668,751,769
2593 : 78,775,779,971
2594 : 79,379,410,972
2595 : 82,235,446,703
2596 : 87,191,285,766
2597 : 87,721,855,938
2598 : 92,147,573,998
2599 : 96,138,563,724
2600 : 97,211,704,782
2601 : 98,250,522,703
2602 : 98,383,794,808
2603 : 101,279,464,887
2604 : 101,384,502,606
2605 : 102,623,655,772
2606 : 103,150,154,925
2607 : 105,454,513,675
2608 : 110,124,180,709
2609 : 111,183,544,835
2610 : 113,258,590,805
2611 : 114,285,462,494
2612 : 114,449,470,648
2613 : 114,642,718,924
2614 : 118,290,428,439
2615 : 120,286,508,985
2616 : 122,190,806,811
2617 : 124,493,706,971
2618 : 125,664,674,815
2619 : 130,249,426,639
2620 : 132,521,633,783
2621 : 137,152,162,611
2622 : 138,224,307,325
2623 : 138,259,913,936
2624 : 141,242,366,389
2625 : 141,319,365,846
2626 : 143,249,610,825
2627 : 143,491,571,687
2628 : 144,163,335,984
2629 : 144,560,903,939
2630 : 145,276,491,862
2631 : 146,184,668,689
2632 : 146,222,457,530
2633 : 146,395,667,778
2634 : 148,161,194,495
2635 : 150,163,521,807
2636 : 153,175,613,655
2637 : 154,208,451,933
2638 : 156,390,554,700
2639 : 159,173,214,630
2640 : 159,239,325,808
2641 : 159,561,708,845
2642 : 160,610,686,780
2643 : 161,218,445,827
2644 : 162,250,301,662
2645 : 163,572,817,819
2646 : 164,343,378,938
2647 : 165,283,331,974
2648 : 168,189,563,900
2649 : 170,189,443,814
2650 : 171,194,247,365
2651 : 173,485,701,704
2652 : 173,633,638,992
2653 : 179,346,713,909
2654 : 179,472,518,543
2655 : 179,497,679,977
2656 : 180,423,608,933
2657 : 183,346,409,724
2658 : 183,589,893,991
2659 : 185,306,501,931
2660 : 186,189,418,921
2661 : 188,220,856,957
2662 : 190,690,729,964
2663 : 191,200,703,859
2664 : 195,701,819,960
2665 : 201,357,605,744
2666 : 201,725,860,877
2667 : 202,351,366,614
2668 : 204,511,800,946
2669 : 206,487,738,960
2670 : 207,363,527,601
2671 : 208,376,419,941
2672 : 209,327,758,974
2673 : 211,231,380,756
2674 : 211,242,611,988
2675 : 215,224,444,497
2676 : 215,798,835,934
2677 : 219,300,951,971
2678 : 221,421,596,675
2679 : 224,272,319,792
2680 : 224,421,456,784
2681 : 225,515,541,976
2682 : 228,269,368,759
2683 : 229,392,764,844
2684 : 231,289,339,648
2685 : 232,412,415,609
2686 : 235,518,519,860
2687 : 237,741,908,945
2688 : 239,508,700,945
2689 : 245,383,419,760
2690 : 255,422,639,980
2691 : 256,565,608,662
2692 : 260,487,566,751
2693 : 261,318,490,576
2694 : 270,433,575,609
2695 : 274,397,549,782
2696 : 275,484,658,978
2697 : 281,288,711,933
2698 : 283,386,453,544
2699 : 286,512,720,829
2700 : 290,380,513,531
2701 : 294,412,720,867
2702 : 294,437,516,892
2703 : 297,565,698,873
2704 : 304,310,487,622
2705 : 304,378,838,918
2706 : 309,615,898,912
2707 : 310,571,698,856
2708 : 312,321,809,984
2709 : 313,328,348,402
2710 : 313,639,688,998
2711 : 319,375,412,839
2712 : 329,691,818,914
2713 : 332,564,689,774
2714 : 335,461,658,926
2715 : 340,456,483,497
2716 : 341,382,622,922
2717 : 349,365,792,927
2718 : 351,530,717,788
2719 : 353,810,858,954
2720 : 372,386,720,981
2721 : 372,722,835,961
2722 : 377,405,409,948
2723 : 380,473,691,716
2724 : 388,438,714,846
2725 : 392,456,622,761
2726 : 395,679,838,912
2727 : 398,434,621,738
2728 : 414,442,488,805
2729 : 418,513,713,743
2730 : 422,441,470,742
2731 : 422,498,684,746
2732 : 425,436,702,972
2733 : 427,438,620,918
2734 : 431,542,578,727
2735 : 435,514,834,998
2736 : 435,541,585,667
2737 : 440,534,780,790
2738 : 440,544,724,879
2739 : 443,509,684,974
2740 : 443,686,882,991
2741 : 447,458,522,719
2742 : 448,493,577,867
2743 : 449,534,676,903
2744 : 455,496,497,863
2745 : 462,506,923,984
2746 : 462,613,813,909
2747 : 469,806,891,930
2748 : 471,611,797,998
2749 : 483,682,896,943
2750 : 489,500,753,803
2751 : 496,612,661,932
2752 : 506,870,926,934
2753 : 519,609,882,898
2754 : 519,711,907,936
2755 : 523,614,965,981
2756 : 530,699,711,831
2757 : 536,578,618,980
2758 : 537,820,889,910
2759 : 541,851,863,979
2760 : 565,582,744,797
2761 : 585,674,750,947
2762 : 587,609,660,779
2763 : 595,746,772,961
2764 : 604,607,755,979
2765 : 637,694,700,763
2766 : 689,779,865,970
2767 : 764,771,964,985
