1001 : 1,340
1002 : 1,442
1003 : 5,329
1004 : 5,435
1005 : 7,778
1006 : 9,515
1007 : 9,893
1008 : 11,701
1009 : 12,910
1010 : 20,224
1011 : 20,790
1012 : 22,73
1013 : 24,339
1014 : 24,814
1015 : 27,279
1016 : 28,888
1017 : 33,63
1018 : 34,913
1019 : 38,244
1020 : 40,999
1021 : 41,615
1022 : 44,287
1023 : 45,778
1024 : 45,817
1025 : 45,896
1026 : 46,586
1027 : 47,861
1028 : 50,577
1029 : 54,444
1030 : 54,505
1031 : 55,883
1032 : 60,484
1033 : 61,490
1034 : 61,995
1035 : 63,100
1036 : 63,273
1037 : 70,200
1038 : 71,546
1039 : 73,248
1040 : 79,257
1041 : 80,226
1042 : 80,545
1043 : 81,672
1044 : 84,615
1045 : 84,964
1046 : 86,484
1047 : 87,914
1048 : 88,570
1049 : 92,754
1050 : 93,246
1051 : 94,102
1052 : 94,581
1053 : 98,272
1054 : 98,712
1055 : 102,422
1056 : 107,959
1057 : 108,381
1058 : 108,680
1059 : 108,944
1060 : 110,666
1061 : 113,591
1062 : 124,797
1063 : 125,797
1064 : 126,581
1065 : 126,940
1066 : 129,857
1067 : 133,456
1068 : 134,485
1069 : 134,919
1070 : 134,993
1071 : 139,466
1072 : 141,206
1073 : 141,429
1074 : 143,436
1075 : 144,637
1076 : 153,397
1077 : 154,342
1078 : 154,511
1079 : 154,891
1080 : 155,290
1081 : 156,276
1082 : 159,558
1083 : 160,245
1084 : 163,836
1085 : 164,371
1086 : 170,914
1087 : 171,470
1088 : 175,774
1089 : 178,267
1090 : 180,925
1091 : 181,845
1092 : 186,212
1093 : 188,439
1094 : 201,266
1095 : 204,550
1096 : 206,691
1097 : 212,439
1098 : 213,566
1099 : 215,928
1100 : 216,787
1101 : 217,854
1102 : 219,974
1103 : 220,480
1104 : 221,619
1105 : 222,263
1106 : 224,857
1107 : 226,528
1108 : 230,699
1109 : 230,707
1110 : 234,466
1111 : 237,892
1112 : 244,809
1113 : 248,507
1114 : 249,297
1115 : 250,267
1116 : 255,633
1117 : 258,360
1118 : 260,610
1119 : 261,687
1120 : 263,783
1121 : 265,380
1122 : 265,730
1123 : 266,636
1124 : 269,457
1125 : 271,603
1126 : 274,424
1127 : 280,509
1128 : 284,826
1129 : 288,492
1130 : 291,678
1131 : 294,880
1132 : 296,573
1133 : 296,631
1134 : 297,440
1135 : 297,908
1136 : 298,758
1137 : 300,390
1138 : 300,562
1139 : 301,607
1140 : 303,598
1141 : 310,874
1142 : 312,931
1143 : 317,602
1144 : 323,566
1145 : 325,578
1146 : 326,389
1147 : 329,815
1148 : 330,672
1149 : 332,622
1150 : 338,444
1151 : 338,516
1152 : 341,362
1153 : 344,831
1154 : 345,509
1155 : 351,769
1156 : 352,741
1157 : 357,862
1158 : 360,811
1159 : 365,551
1160 : 365,897
1161 : 368,882
1162 : 368,934
1163 : 370,613
1164 : 371,716
1165 : 373,764
1166 : 377,617
1167 : 380,610
1168 : 380,732
1169 : 385,855
1170 : 385,879
1171 : 386,819
1172 : 390,419
1173 : 391,698
1174 : 394,808
1175 : 397,924
1176 : 400,494
1177 : 413,970
1178 : 416,629
1179 : 416,687
1180 : 420,870
1181 : 421,872
1182 : 424,772
1183 : 430,468
1184 : 430,668
1185 : 444,967
1186 : 449,589
1187 : 449,591
1188 : 454,531
1189 : 454,858
1190 : 456,773
1191 : 457,662
1192 : 459,503
1193 : 462,915
1194 : 463,926
1195 : 477,781
1196 : 480,831
1197 : 484,742
1198 : 487,682
1199 : 495,735
1200 : 501,734
1201 : 503,892
1202 : 507,811
1203 : 508,787
1204 : 510,812
1205 : 511,623
1206 : 512,759
1207 : 514,803
1208 : 519,883
1209 : 520,894
1210 : 526,801
1211 : 537,833
1212 : 537,909
1213 : 540,760
1214 : 541,814
1215 : 544,718
1216 : 546,794
1217 : 561,880
1218 : 569,764
1219 : 571,694
1220 : 573,962
1221 : 582,852
1222 : 582,951
1223 : 591,976
1224 : 595,698
1225 : 604,978
1226 : 606,855
1227 : 613,702
1228 : 623,910
1229 : 640,823
1230 : 650,772
1231 : 659,975
1232 : 663,868
1233 : 668,794
1234 : 668,882
1235 : 668,976
1236 : 670,772
1237 : 672,913
1238 : 673,924
1239 : 674,726
1240 : 698,795
1241 : 712,954
1242 : 720,734
1243 : 737,876
1244 : 741,860
1245 : 752,776
1246 : 763,783
1247 : 773,963
1248 : 795,890
1249 : 798,883
1250 : 802,948
1251 : 807,977
1252 : 847,869
1253 : 858,952
1254 : 864,883
1255 : 895,901
1256 : 915,935
1257 : 1,426,628
1258 : 2,447,917
1259 : 3,156,794
1260 : 3,553,860
1261 : 3,657,717
1262 : 4,414,872
1263 : 7,137,179
1264 : 7,214,248
1265 : 9,146,721
1266 : 10,644,985
1267 : 10,682,703
1268 : 11,57,369
1269 : 11,591,815
1270 : 13,124,476
1271 : 13,632,988
1272 : 14,379,410
1273 : 14,455,806
1274 : 15,172,313
1275 : 17,24,259
1276 : 17,50,522
1277 : 17,234,556
1278 : 18,654,850
1279 : 20,232,928
1280 : 20,716,878
1281 : 22,363,992
1282 : 22,685,830
1283 : 23,145,932
1284 : 25,416,733
1285 : 25,554,959
1286 : 25,803,969
1287 : 26,37,632
1288 : 26,187,598
1289 : 26,354,964
1290 : 27,603,924
1291 : 30,296,619
1292 : 32,255,696
1293 : 32,271,954
1294 : 32,511,513
1295 : 32,549,841
1296 : 33,339,668
1297 : 33,500,750
1298 : 35,456,713
1299 : 36,830,937
1300 : 37,683,740
1301 : 38,208,625
1302 : 38,512,756
1303 : 39,165,487
1304 : 39,644,748
1305 : 40,176,307
1306 : 40,189,968
1307 : 40,630,676
1308 : 40,863,906
1309 : 43,79,807
1310 : 43,538,807
1311 : 44,140,152
1312 : 44,350,613
1313 : 45,359,924
1314 : 46,159,300
1315 : 46,180,987
1316 : 46,381,421
1317 : 46,838,846
1318 : 48,854,872
1319 : 51,129,392
1320 : 52,211,974
1321 : 53,555,872
1322 : 53,568,636
1323 : 58,158,256
1324 : 58,800,915
1325 : 61,108,381
1326 : 61,294,357
1327 : 63,540,675
1328 : 65,583,927
1329 : 67,519,567
1330 : 68,519,598
1331 : 69,146,156
1332 : 69,234,911
1333 : 70,244,871
1334 : 71,230,711
1335 : 71,319,416
1336 : 71,481,866
1337 : 73,218,355
1338 : 73,315,883
1339 : 73,412,711
1340 : 74,772,945
1341 : 75,228,867
1342 : 76,395,961
1343 : 77,475,777
1344 : 78,191,484
1345 : 78,529,577
1346 : 79,239,635
1347 : 79,587,959
1348 : 81,89,849
1349 : 81,186,510
1350 : 82,193,474
1351 : 82,231,952
1352 : 82,614,777
1353 : 83,558,872
1354 : 85,160,417
1355 : 85,526,843
1356 : 86,361,905
1357 : 86,695,972
1358 : 87,321,385
1359 : 90,133,653
1360 : 90,206,823
1361 : 92,447,861
1362 : 92,576,926
1363 : 92,797,878
1364 : 93,100,538
1365 : 93,267,314
1366 : 94,626,822
1367 : 95,357,435
1368 : 96,174,590
1369 : 96,386,590
1370 : 97,259,659
1371 : 97,463,897
1372 : 98,797,808
1373 : 99,601,685
1374 : 100,250,904
1375 : 101,104,390
1376 : 102,541,835
1377 : 102,567,834
1378 : 103,137,563
1379 : 103,211,261
1380 : 104,140,511
1381 : 104,162,703
1382 : 104,249,740
1383 : 104,258,917
1384 : 105,481,708
1385 : 106,242,562
1386 : 107,142,311
1387 : 107,358,791
1388 : 108,467,843
1389 : 110,419,847
1390 : 111,204,998
1391 : 111,421,727
1392 : 112,303,961
1393 : 112,310,318
1394 : 113,186,901
1395 : 114,198,378
1396 : 114,288,818
1397 : 115,116,799
1398 : 116,165,554
1399 : 117,198,505
1400 : 117,221,401
1401 : 117,238,294
1402 : 117,461,661
1403 : 118,534,963
1404 : 119,126,132
1405 : 120,279,575
1406 : 121,267,793
1407 : 121,641,863
1408 : 122,461,852
1409 : 123,399,770
1410 : 123,414,600
1411 : 125,166,910
1412 : 125,392,522
1413 : 128,304,583
1414 : 130,362,792
1415 : 131,651,988
1416 : 131,660,676
1417 : 132,191,223
1418 : 132,251,605
1419 : 134,758,954
1420 : 135,258,855
1421 : 135,946,951
1422 : 136,593,980
1423 : 137,176,566
1424 : 138,202,320
1425 : 138,560,778
1426 : 139,804,935
1427 : 140,610,709
1428 : 141,314,773
1429 : 143,158,446
1430 : 144,236,450
1431 : 144,918,966
1432 : 145,512,818
1433 : 145,701,887
1434 : 146,277,325
1435 : 146,626,641
1436 : 146,783,816
1437 : 148,354,390
1438 : 150,404,541
1439 : 151,326,595
1440 : 153,248,520
1441 : 153,582,718
1442 : 154,279,926
1443 : 156,230,718
1444 : 156,391,950
1445 : 157,170,321
1446 : 157,658,877
1447 : 157,756,932
1448 : 158,185,907
1449 : 159,396,874
1450 : 161,240,417
1451 : 161,279,923
1452 : 163,171,351
1453 : 163,291,680
1454 : 164,347,969
1455 : 165,334,599
1456 : 165,777,789
1457 : 166,167,990
1458 : 171,858,993
1459 : 173,580,729
1460 : 174,201,337
1461 : 174,861,931
1462 : 176,260,746
1463 : 176,277,902
1464 : 177,442,605
1465 : 177,705,707
1466 : 177,749,868
1467 : 178,254,271
1468 : 178,427,533
1469 : 178,664,869
1470 : 179,199,729
1471 : 180,334,583
1472 : 180,636,809
1473 : 181,190,751
1474 : 181,240,966
1475 : 181,285,714
1476 : 181,334,533
1477 : 183,522,608
1478 : 184,507,882
1479 : 185,381,542
1480 : 185,446,617
1481 : 186,376,555
1482 : 187,594,804
1483 : 191,578,892
1484 : 192,956,982
1485 : 193,302,484
1486 : 197,313,531
1487 : 199,255,786
1488 : 200,355,822
1489 : 201,205,327
1490 : 202,230,328
1491 : 202,286,348
1492 : 203,688,987
1493 : 204,412,883
1494 : 204,578,806
1495 : 204,640,915
1496 : 204,802,915
1497 : 207,228,571
1498 : 207,336,772
1499 : 207,577,601
1500 : 208,520,840
1501 : 212,474,503
1502 : 214,431,607
1503 : 214,637,766
1504 : 217,432,577
1505 : 218,601,924
1506 : 220,318,475
1507 : 220,480,695
1508 : 221,559,999
1509 : 224,386,686
1510 : 225,439,504
1511 : 226,590,696
1512 : 227,263,685
1513 : 228,384,721
1514 : 228,632,657
1515 : 229,437,718
1516 : 229,512,994
1517 : 229,824,939
1518 : 230,840,979
1519 : 231,634,861
1520 : 232,529,826
1521 : 232,639,863
1522 : 235,246,780
1523 : 236,239,339
1524 : 236,596,848
1525 : 237,562,875
1526 : 238,345,819
1527 : 239,263,474
1528 : 240,271,287
1529 : 240,469,700
1530 : 241,658,711
1531 : 242,402,465
1532 : 242,616,958
1533 : 245,291,562
1534 : 246,430,791
1535 : 246,464,945
1536 : 246,486,917
1537 : 246,491,907
1538 : 250,359,998
1539 : 250,468,558
1540 : 250,511,909
1541 : 250,588,634
1542 : 251,288,923
1543 : 251,505,606
1544 : 251,839,910
1545 : 252,535,950
1546 : 252,760,979
1547 : 253,606,757
1548 : 255,477,520
1549 : 258,405,484
1550 : 258,461,797
1551 : 258,679,836
1552 : 260,788,847
1553 : 261,322,523
1554 : 262,550,794
1555 : 263,335,435
1556 : 264,456,827
1557 : 266,412,508
1558 : 268,492,521
1559 : 271,697,912
1560 : 275,316,442
1561 : 278,497,555
1562 : 281,552,663
1563 : 281,717,918
1564 : 282,605,758
1565 : 285,430,841
1566 : 286,364,857
1567 : 287,290,597
1568 : 287,805,961
1569 : 290,292,989
1570 : 291,332,349
1571 : 291,404,908
1572 : 292,534,812
1573 : 293,491,563
1574 : 293,540,928
1575 : 295,517,522
1576 : 295,859,972
1577 : 296,824,988
1578 : 297,396,663
1579 : 298,581,794
1580 : 299,492,593
1581 : 300,714,808
1582 : 301,312,482
1583 : 301,356,832
1584 : 301,670,976
1585 : 301,690,975
1586 : 302,388,843
1587 : 302,499,992
1588 : 302,580,784
1589 : 304,474,536
1590 : 304,482,830
1591 : 305,648,974
1592 : 306,627,991
1593 : 309,343,927
1594 : 309,452,772
1595 : 310,775,972
1596 : 311,474,851
1597 : 313,546,772
1598 : 315,331,916
1599 : 316,474,655
1600 : 318,504,596
1601 : 323,439,847
1602 : 323,625,849
1603 : 323,673,996
1604 : 325,836,837
1605 : 328,584,737
1606 : 330,395,551
1607 : 333,795,905
1608 : 334,556,623
1609 : 336,357,639
1610 : 336,826,982
1611 : 337,365,836
1612 : 337,449,664
1613 : 337,501,548
1614 : 337,548,586
1615 : 338,461,886
1616 : 339,483,664
1617 : 344,508,774
1618 : 347,937,946
1619 : 349,352,360
1620 : 349,437,690
1621 : 350,575,899
1622 : 359,563,858
1623 : 362,383,869
1624 : 362,556,570
1625 : 365,575,788
1626 : 368,447,574
1627 : 370,486,728
1628 : 371,427,490
1629 : 371,542,749
1630 : 374,388,902
1631 : 374,818,897
1632 : 376,377,638
1633 : 377,514,932
1634 : 378,491,621
1635 : 378,650,914
1636 : 381,494,646
1637 : 382,586,628
1638 : 386,632,927
1639 : 387,744,857
1640 : 388,468,747
1641 : 388,469,697
1642 : 389,601,688
1643 : 391,699,776
1644 : 392,690,907
1645 : 394,587,816
1646 : 398,559,962
1647 : 399,647,917
1648 : 400,422,734
1649 : 400,493,631
1650 : 400,508,517
1651 : 402,461,740
1652 : 404,715,954
1653 : 408,857,930
1654 : 410,596,699
1655 : 410,857,959
1656 : 413,702,709
1657 : 414,432,575
1658 : 414,690,709
1659 : 417,782,907
1660 : 418,718,949
1661 : 419,468,491
1662 : 419,513,725
1663 : 422,832,931
1664 : 423,521,610
1665 : 423,754,843
1666 : 426,670,720
1667 : 429,477,717
1668 : 429,506,592
1669 : 431,537,855
1670 : 433,829,936
1671 : 434,640,670
1672 : 438,773,831
1673 : 440,560,802
1674 : 442,638,649
1675 : 443,813,919
1676 : 444,921,952
1677 : 445,873,904
1678 : 447,738,886
1679 : 448,459,837
1680 : 448,584,871
1681 : 448,644,721
1682 : 450,561,597
1683 : 451,467,812
1684 : 452,852,909
1685 : 455,750,831
1686 : 456,731,781
1687 : 456,812,848
1688 : 457,571,598
1689 : 460,527,717
1690 : 463,676,986
1691 : 464,533,634
1692 : 465,480,509
1693 : 465,584,728
1694 : 469,848,861
1695 : 470,548,831
1696 : 472,550,660
1697 : 475,593,691
1698 : 478,479,841
1699 : 478,483,937
1700 : 478,513,865
1701 : 484,562,577
1702 : 487,539,604
1703 : 488,495,853
1704 : 496,716,881
1705 : 505,688,837
1706 : 514,573,692
1707 : 514,703,704
1708 : 517,760,983
1709 : 521,536,595
1710 : 521,752,958
1711 : 525,548,965
1712 : 525,961,966
1713 : 528,919,971
1714 : 532,722,867
1715 : 535,693,965
1716 : 541,578,642
1717 : 549,686,988
1718 : 549,921,986
1719 : 550,662,923
1720 : 553,556,640
1721 : 554,617,818
1722 : 554,781,802
1723 : 557,897,903
1724 : 559,585,618
1725 : 560,578,887
1726 : 569,583,599
1727 : 576,645,868
1728 : 577,664,962
1729 : 578,760,912
1730 : 585,611,683
1731 : 585,843,930
1732 : 586,782,982
1733 : 591,607,647
1734 : 595,693,874
1735 : 604,756,801
1736 : 608,630,688
1737 : 617,925,992
1738 : 620,820,881
1739 : 622,940,952
1740 : 625,745,917
1741 : 638,757,789
1742 : 640,975,997
1743 : 642,742,795
1744 : 652,984,994
1745 : 655,893,936
1746 : 657,664,687
1747 : 666,798,914
1748 : 667,699,816
1749 : 667,732,945
1750 : 669,748,962
1751 : 670,717,757
1752 : 678,767,957
1753 : 681,704,960
1754 : 681,810,860
1755 : 703,822,839
1756 : 705,729,760
1757 : 716,840,910
1758 : 718,810,850
1759 : 722,774,777
1760 : 724,764,965
1761 : 732,823,939
1762 : 740,776,908
1763 : 741,747,790
1764 : 770,876,921
1765 : 797,841,882
1766 : 797,917,954
1767 : 799,836,994
1768 : 838,885,961
1769 : 839,856,893
1770 : 886,896,986
1771 : 892,922,951
1772 : 898,943,987
1773 : 1,57,790,809
1774 : 1,176,756,777
1775 : 1,185,590,623
1776 : 1,216,291,688
1777 : 1,374,503,834
1778 : 1,408,697,820
1779 : 2,33,170,278
1780 : 2,138,200,561
1781 : 2,389,894,925
1782 : 2,399,510,762
1783 : 2,454,671,741
1784 : 3,14,191,381
1785 : 3,144,369,719
1786 : 3,148,341,480
1787 : 3,271,292,562
1788 : 4,5,244,750
1789 : 4,83,191,589
1790 : 4,117,126,937
1791 : 4,145,515,798
1792 : 4,585,825,834
1793 : 4,614,817,818
1794 : 5,20,68,968
1795 : 5,369,763,774
1796 : 5,409,551,701
1797 : 5,416,509,856
1798 : 5,463,505,752
1799 : 7,14,506,740
1800 : 7,83,307,944
1801 : 7,139,145,321
1802 : 7,152,417,890
1803 : 7,240,807,929
1804 : 8,82,354,839
1805 : 8,89,260,490
1806 : 8,94,252,885
1807 : 8,174,238,840
1808 : 9,70,293,893
1809 : 9,87,434,523
1810 : 9,118,346,466
1811 : 9,121,429,983
1812 : 10,251,434,750
1813 : 10,403,563,581
1814 : 11,48,112,269
1815 : 11,325,377,404
1816 : 11,386,684,809
1817 : 12,26,73,507
1818 : 12,513,620,915
1819 : 13,169,683,762
1820 : 13,196,560,754
1821 : 13,267,344,488
1822 : 13,783,873,903
1823 : 14,43,241,857
1824 : 14,283,436,513
1825 : 14,354,408,726
1826 : 14,452,719,887
1827 : 16,83,189,231
1828 : 16,154,723,772
1829 : 16,193,674,893
1830 : 16,230,676,738
1831 : 16,283,378,834
1832 : 16,303,540,553
1833 : 16,355,408,912
1834 : 16,371,729,855
1835 : 16,695,726,760
1836 : 17,488,655,883
1837 : 18,133,136,995
1838 : 18,301,337,712
1839 : 19,211,228,874
1840 : 20,43,429,669
1841 : 20,107,286,801
1842 : 20,283,338,737
1843 : 20,617,859,955
1844 : 21,28,441,738
1845 : 21,42,463,693
1846 : 21,56,225,676
1847 : 21,159,613,867
1848 : 21,202,306,999
1849 : 21,223,552,836
1850 : 22,24,197,835
1851 : 22,191,389,452
1852 : 22,250,665,798
1853 : 22,551,905,948
1854 : 23,152,295,957
1855 : 23,288,670,943
1856 : 24,365,500,628
1857 : 24,632,639,831
1858 : 25,402,602,649
1859 : 26,78,180,734
1860 : 26,261,334,624
1861 : 26,498,510,577
1862 : 27,192,260,880
1863 : 27,302,394,973
1864 : 27,373,386,947
1865 : 28,37,277,638
1866 : 28,44,176,633
1867 : 28,58,152,765
1868 : 28,185,391,541
1869 : 29,136,422,572
1870 : 29,166,885,939
1871 : 29,394,424,908
1872 : 30,50,82,467
1873 : 30,103,198,419
1874 : 30,103,258,616
1875 : 30,250,553,605
1876 : 30,385,656,838
1877 : 30,512,832,980
1878 : 30,726,782,792
1879 : 31,185,213,619
1880 : 31,255,767,817
1881 : 31,361,545,836
1882 : 31,461,613,879
1883 : 32,195,298,842
1884 : 32,827,849,977
1885 : 33,34,246,650
1886 : 33,52,176,889
1887 : 33,70,103,941
1888 : 33,76,461,835
1889 : 33,80,408,718
1890 : 33,183,281,913
1891 : 33,219,932,991
1892 : 33,286,287,290
1893 : 33,396,778,840
1894 : 33,502,732,919
1895 : 34,96,546,951
1896 : 34,112,157,436
1897 : 34,219,285,706
1898 : 35,36,75,551
1899 : 36,127,369,373
1900 : 36,179,317,383
1901 : 36,426,784,838
1902 : 36,438,588,704
1903 : 37,129,378,873
1904 : 37,280,392,424
1905 : 37,282,730,951
1906 : 37,409,648,815
1907 : 37,429,677,713
1908 : 37,501,598,775
1909 : 38,216,507,605
1910 : 38,537,797,870
1911 : 39,92,554,849
1912 : 39,105,533,673
1913 : 39,238,346,966
1914 : 39,369,831,853
1915 : 39,592,913,950
1916 : 40,125,331,858
1917 : 40,152,293,754
1918 : 41,85,463,791
1919 : 41,266,943,948
1920 : 41,298,303,626
1921 : 41,391,574,945
1922 : 41,612,718,939
1923 : 42,117,700,840
1924 : 42,437,491,863
1925 : 43,50,262,373
1926 : 43,51,394,978
1927 : 43,102,169,506
1928 : 43,162,695,878
1929 : 43,164,184,598
1930 : 43,178,602,843
1931 : 43,178,697,864
1932 : 43,184,595,665
1933 : 43,238,626,778
1934 : 43,474,521,536
1935 : 43,691,836,973
1936 : 44,139,349,870
1937 : 44,163,484,950
1938 : 44,551,717,735
1939 : 45,85,99,485
1940 : 45,102,405,803
1941 : 45,192,475,980
1942 : 45,263,469,672
1943 : 46,117,630,814
1944 : 46,279,528,742
1945 : 46,287,326,604
1946 : 46,363,670,807
1947 : 46,818,879,902
1948 : 47,110,238,847
1949 : 47,137,682,737
1950 : 47,165,368,556
1951 : 47,188,466,910
1952 : 47,391,508,978
1953 : 48,100,369,575
1954 : 48,149,203,965
1955 : 48,229,924,939
1956 : 48,320,372,517
1957 : 49,76,337,623
1958 : 49,204,681,932
1959 : 49,244,316,989
1960 : 49,439,663,914
1961 : 49,525,761,982
1962 : 50,417,790,913
1963 : 50,430,598,637
1964 : 51,135,768,966
1965 : 51,227,351,943
1966 : 51,238,804,823
1967 : 51,537,863,995
1968 : 52,166,542,859
1969 : 52,168,373,759
1970 : 52,180,531,844
1971 : 52,267,529,545
1972 : 53,184,453,918
1973 : 53,252,846,973
1974 : 53,582,680,873
1975 : 54,189,443,478
1976 : 54,198,439,529
1977 : 54,265,831,936
1978 : 54,421,844,884
1979 : 55,299,471,771
1980 : 55,540,678,982
1981 : 55,607,698,810
1982 : 56,156,180,351
1983 : 56,316,497,974
1984 : 56,420,499,669
1985 : 57,117,448,688
1986 : 57,185,205,728
1987 : 57,219,379,596
1988 : 57,452,541,749
1989 : 58,67,465,852
1990 : 58,123,446,849
1991 : 58,250,504,711
1992 : 58,638,645,657
1993 : 59,303,590,667
1994 : 59,419,618,812
1995 : 59,435,900,905
1996 : 60,748,755,841
1997 : 61,69,468,605
1998 : 61,73,257,311
1999 : 61,136,572,765
2000 : 61,140,338,746
2001 : 61,181,531,650
2002 : 61,265,308,655
2003 : 61,410,429,571
2004 : 61,753,899,934
2005 : 62,94,455,534
2006 : 62,275,335,913
2007 : 62,332,545,596
2008 : 62,506,765,915
2009 : 62,721,735,905
2010 : 62,814,831,911
2011 : 63,225,678,763
2012 : 63,380,605,857
2013 : 64,98,267,911
2014 : 65,66,241,568
2015 : 65,113,761,809
2016 : 65,166,184,618
2017 : 65,166,215,258
2018 : 65,231,881,889
2019 : 65,394,489,925
2020 : 65,418,773,856
2021 : 67,80,481,925
2022 : 67,217,397,815
2023 : 67,258,318,778
2024 : 68,87,222,787
2025 : 68,202,600,687
2026 : 68,224,594,899
2027 : 68,414,680,786
2028 : 69,132,748,813
2029 : 69,145,737,857
2030 : 70,76,611,885
2031 : 70,92,160,291
2032 : 70,227,511,837
2033 : 70,589,776,913
2034 : 71,116,520,814
2035 : 71,202,218,836
2036 : 71,206,606,983
2037 : 71,246,332,604
2038 : 71,383,398,945
2039 : 71,551,878,888
2040 : 72,156,180,894
2041 : 72,158,198,919
2042 : 72,288,797,945
2043 : 72,309,488,495
2044 : 72,392,558,624
2045 : 72,412,787,860
2046 : 73,96,344,983
2047 : 73,196,231,916
2048 : 73,352,589,825
2049 : 73,392,655,859
2050 : 73,403,670,965
2051 : 73,452,703,871
2052 : 74,88,515,585
2053 : 74,107,656,851
2054 : 74,141,787,882
2055 : 74,223,378,818
2056 : 74,642,762,827
2057 : 75,218,736,761
2058 : 75,269,887,941
2059 : 76,82,383,661
2060 : 76,143,498,515
2061 : 76,169,202,886
2062 : 76,223,560,913
2063 : 76,298,792,965
2064 : 76,815,844,981
2065 : 77,360,512,727
2066 : 78,416,419,617
2067 : 79,403,675,800
2068 : 80,145,549,692
2069 : 80,218,271,719
2070 : 80,358,556,725
2071 : 81,137,536,961
2072 : 81,299,628,888
2073 : 81,468,491,956
2074 : 81,544,687,747
2075 : 82,87,271,319
2076 : 83,98,646,913
2077 : 83,180,624,861
2078 : 83,492,726,976
2079 : 83,549,693,876
2080 : 83,606,756,845
2081 : 84,120,529,615
2082 : 84,154,708,942
2083 : 84,201,218,406
2084 : 84,228,345,700
2085 : 84,479,541,880
2086 : 85,186,817,988
2087 : 85,225,457,858
2088 : 85,231,374,896
2089 : 85,555,892,966
2090 : 86,109,130,353
2091 : 86,177,691,831
2092 : 86,322,857,946
2093 : 86,379,639,880
2094 : 87,210,526,664
2095 : 87,374,388,501
2096 : 87,671,934,949
2097 : 87,714,808,954
2098 : 88,118,469,553
2099 : 88,156,554,846
2100 : 88,156,574,808
2101 : 88,387,528,598
2102 : 88,529,800,937
2103 : 89,329,394,815
2104 : 90,156,542,731
2105 : 90,201,341,535
2106 : 90,227,238,456
2107 : 90,295,833,917
2108 : 90,402,661,701
2109 : 90,463,574,686
2110 : 90,476,674,994
2111 : 90,501,569,623
2112 : 90,585,788,852
2113 : 91,151,564,788
2114 : 91,183,504,958
2115 : 91,433,551,658
2116 : 91,460,756,894
2117 : 92,163,476,758
2118 : 92,165,845,963
2119 : 92,344,569,924
2120 : 93,115,152,519
2121 : 93,250,335,645
2122 : 93,377,551,604
2123 : 94,165,383,641
2124 : 94,370,707,709
2125 : 94,397,696,998
2126 : 94,414,592,620
2127 : 95,219,561,649
2128 : 95,352,605,880
2129 : 95,620,646,829
2130 : 95,802,886,987
2131 : 96,137,858,895
2132 : 96,252,624,824
2133 : 96,289,745,858
2134 : 96,384,682,829
2135 : 97,167,492,861
2136 : 97,196,415,452
2137 : 97,310,348,743
2138 : 97,331,644,707
2139 : 97,418,512,698
2140 : 98,229,583,898
2141 : 98,270,769,822
2142 : 98,368,396,803
2143 : 98,536,793,824
2144 : 99,151,196,665
2145 : 99,201,381,494
2146 : 100,181,660,862
2147 : 100,277,580,790
2148 : 100,288,465,959
2149 : 101,116,636,866
2150 : 101,421,599,707
2151 : 102,115,145,506
2152 : 102,190,633,635
2153 : 102,340,684,968
2154 : 102,527,663,851
2155 : 102,807,854,913
2156 : 103,125,450,689
2157 : 104,135,325,755
2158 : 104,259,371,497
2159 : 104,340,491,503
2160 : 105,666,762,912
2161 : 105,711,764,855
2162 : 106,144,802,833
2163 : 106,236,521,738
2164 : 106,374,482,793
2165 : 107,218,574,651
2166 : 108,202,365,441
2167 : 108,256,277,955
2168 : 108,268,312,433
2169 : 108,306,360,409
2170 : 109,567,622,749
2171 : 111,123,130,515
2172 : 111,202,226,496
2173 : 111,282,476,710
2174 : 111,374,557,984
2175 : 111,403,920,990
2176 : 111,430,537,725
2177 : 111,433,465,946
2178 : 112,153,556,800
2179 : 112,252,642,808
2180 : 112,253,607,713
2181 : 112,311,365,585
2182 : 113,323,405,854
2183 : 113,340,772,784
2184 : 113,450,658,902
2185 : 114,233,786,826
2186 : 114,428,784,819
2187 : 114,633,665,999
2188 : 115,141,181,543
2189 : 115,255,787,951
2190 : 115,303,356,973
2191 : 115,433,790,825
2192 : 115,440,634,899
2193 : 115,486,568,978
2194 : 116,294,513,717
2195 : 117,222,294,968
2196 : 117,244,496,586
2197 : 117,325,470,728
2198 : 117,329,703,896
2199 : 117,545,662,709
2200 : 118,295,716,752
2201 : 119,407,409,790
2202 : 119,477,537,659
2203 : 120,412,512,879
2204 : 120,546,739,895
2205 : 121,144,242,666
2206 : 121,179,722,726
2207 : 121,187,219,994
2208 : 121,437,631,952
2209 : 122,124,587,949
2210 : 122,156,731,869
2211 : 122,414,436,977
2212 : 123,347,350,477
2213 : 124,231,304,540
2214 : 124,241,344,864
2215 : 124,277,287,766
2216 : 125,136,242,539
2217 : 126,347,853,909
2218 : 126,451,575,807
2219 : 127,183,190,710
2220 : 127,438,709,981
2221 : 128,241,847,927
2222 : 128,371,444,731
2223 : 129,138,381,460
2224 : 129,145,358,470
2225 : 129,215,658,955
2226 : 129,230,350,546
2227 : 129,241,427,913
2228 : 129,256,804,890
2229 : 129,381,525,642
2230 : 129,532,632,784
2231 : 130,155,511,945
2232 : 131,342,679,832
2233 : 131,353,558,660
2234 : 132,233,409,652
2235 : 132,328,430,749
2236 : 132,407,618,638
2237 : 132,471,497,749
2238 : 133,136,240,928
2239 : 133,189,290,970
2240 : 133,213,842,881
2241 : 133,278,414,916
2242 : 133,349,728,920
2243 : 133,382,541,664
2244 : 134,386,389,443
2245 : 134,592,738,795
2246 : 136,233,439,855
2247 : 137,147,300,777
2248 : 138,281,384,902
2249 : 138,305,356,777
2250 : 138,611,639,872
2251 : 139,189,499,619
2252 : 139,221,249,749
2253 : 139,275,714,954
2254 : 139,288,355,646
2255 : 139,432,605,959
2256 : 139,544,617,652
2257 : 139,610,655,820
2258 : 140,485,607,935
2259 : 141,166,352,646
2260 : 142,155,329,354
2261 : 142,229,721,877
2262 : 142,448,713,982
2263 : 142,501,524,879
2264 : 143,174,588,834
2265 : 143,521,588,896
2266 : 143,576,715,802
2267 : 144,212,586,804
2268 : 145,491,529,826
2269 : 146,248,422,816
2270 : 146,429,726,738
2271 : 148,199,772,888
2272 : 148,719,789,900
2273 : 149,306,664,899
2274 : 149,603,728,890
2275 : 150,223,490,515
2276 : 150,450,581,738
2277 : 151,210,483,891
2278 : 151,330,758,765
2279 : 151,660,797,873
2280 : 152,168,456,703
2281 : 152,199,370,696
2282 : 153,517,658,835
2283 : 154,360,428,870
2284 : 155,335,554,693
2285 : 155,677,819,920
2286 : 156,278,636,933
2287 : 156,328,378,935
2288 : 156,392,421,508
2289 : 156,421,651,972
2290 : 156,538,642,985
2291 : 157,172,753,783
2292 : 157,173,478,754
2293 : 157,231,430,756
2294 : 157,397,490,684
2295 : 158,197,324,541
2296 : 159,346,449,871
2297 : 159,357,627,818
2298 : 159,420,844,850
2299 : 160,185,200,254
2300 : 160,202,235,582
2301 : 160,239,264,761
2302 : 160,370,421,797
2303 : 160,379,705,750
2304 : 160,405,545,696
2305 : 160,794,895,986
2306 : 161,272,490,664
2307 : 162,205,639,930
2308 : 163,197,411,704
2309 : 163,361,527,740
2310 : 164,228,705,992
2311 : 165,281,652,677
2312 : 165,335,371,950
2313 : 165,342,601,812
2314 : 165,424,589,919
2315 : 165,449,928,983
2316 : 165,491,531,602
2317 : 165,717,722,920
2318 : 166,240,275,824
2319 : 166,432,619,807
2320 : 166,807,902,991
2321 : 167,330,555,705
2322 : 168,242,410,634
2323 : 168,361,852,893
2324 : 168,461,462,859
2325 : 168,716,745,935
2326 : 169,196,441,710
2327 : 169,372,625,891
2328 : 173,409,449,661
2329 : 174,274,583,889
2330 : 174,582,772,975
2331 : 175,214,578,889
2332 : 175,370,631,848
2333 : 175,474,850,953
2334 : 176,309,624,709
2335 : 176,481,537,665
2336 : 179,346,702,922
2337 : 179,430,539,710
2338 : 179,470,499,526
2339 : 179,519,755,828
2340 : 179,573,880,918
2341 : 180,395,824,904
2342 : 180,400,470,545
2343 : 180,593,677,739
2344 : 181,420,619,796
2345 : 182,478,490,975
2346 : 183,705,755,847
2347 : 184,231,320,551
2348 : 184,302,843,899
2349 : 184,346,608,709
2350 : 184,440,810,930
2351 : 184,776,800,860
2352 : 185,538,893,896
2353 : 185,724,807,864
2354 : 188,366,788,985
2355 : 188,468,571,677
2356 : 189,384,784,873
2357 : 190,328,390,814
2358 : 190,346,740,888
2359 : 190,361,791,997
2360 : 190,437,587,698
2361 : 191,303,740,769
2362 : 191,470,499,588
2363 : 192,257,397,532
2364 : 193,263,534,706
2365 : 193,657,815,977
2366 : 195,281,436,586
2367 : 195,285,811,998
2368 : 195,839,878,923
2369 : 196,341,594,808
2370 : 197,232,528,957
2371 : 197,298,571,976
2372 : 197,413,643,848
2373 : 197,486,938,950
2374 : 199,643,813,848
2375 : 200,457,606,668
2376 : 200,683,832,934
2377 : 201,261,614,987
2378 : 201,292,455,499
2379 : 202,385,470,909
2380 : 203,212,234,747
2381 : 203,359,408,818
2382 : 203,540,891,986
2383 : 204,303,394,556
2384 : 204,360,597,720
2385 : 205,416,935,996
2386 : 207,209,386,738
2387 : 207,410,501,787
2388 : 208,539,713,843
2389 : 209,290,495,909
2390 : 209,395,653,674
2391 : 210,544,645,661
2392 : 211,269,452,971
2393 : 211,375,663,759
2394 : 211,534,764,877
2395 : 213,414,593,980
2396 : 213,485,497,734
2397 : 213,619,645,987
2398 : 214,381,782,967
2399 : 214,635,694,912
2400 : 215,230,842,916
2401 : 215,257,393,425
2402 : 215,604,898,927
2403 : 216,218,760,836
2404 : 216,359,515,915
2405 : 216,369,470,727
2406 : 216,397,640,762
2407 : 217,239,333,980
2408 : 217,429,655,781
2409 : 217,825,951,975
2410 : 218,221,529,965
2411 : 219,226,492,912
2412 : 219,320,781,838
2413 : 219,410,558,755
2414 : 219,502,715,873
2415 : 221,267,652,679
2416 : 221,357,643,876
2417 : 221,595,803,841
2418 : 222,357,432,454
2419 : 222,363,463,897
2420 : 223,450,757,957
2421 : 223,569,728,915
2422 : 224,469,721,862
2423 : 224,485,920,982
2424 : 225,247,352,609
2425 : 225,387,772,972
2426 : 226,299,474,502
2427 : 226,427,749,855
2428 : 226,467,632,905
2429 : 228,255,362,563
2430 : 228,324,345,707
2431 : 229,340,802,960
2432 : 230,282,669,901
2433 : 230,309,409,995
2434 : 231,497,518,912
2435 : 231,633,755,802
2436 : 233,379,557,884
2437 : 233,586,695,928
2438 : 234,262,841,868
2439 : 235,283,431,474
2440 : 235,320,896,910
2441 : 236,275,397,406
2442 : 236,419,694,919
2443 : 237,344,417,740
2444 : 237,401,440,717
2445 : 238,322,631,674
2446 : 239,253,634,774
2447 : 241,426,550,861
2448 : 241,454,576,736
2449 : 243,433,651,791
2450 : 244,313,561,965
2451 : 244,401,416,701
2452 : 245,283,344,662
2453 : 245,378,641,988
2454 : 246,254,319,660
2455 : 246,273,653,837
2456 : 247,295,559,874
2457 : 249,416,736,995
2458 : 250,648,896,955
2459 : 251,330,405,555
2460 : 251,446,490,979
2461 : 251,500,668,822
2462 : 251,516,672,817
2463 : 252,329,379,983
2464 : 252,367,385,553
2465 : 252,695,879,913
2466 : 253,419,546,617
2467 : 254,527,767,947
2468 : 254,587,722,948
2469 : 255,405,657,737
2470 : 255,533,927,965
2471 : 256,297,501,548
2472 : 256,298,309,339
2473 : 256,822,922,925
2474 : 257,357,400,789
2475 : 257,408,644,804
2476 : 258,414,584,686
2477 : 258,466,493,505
2478 : 258,812,967,977
2479 : 260,370,519,896
2480 : 260,377,478,971
2481 : 260,728,763,767
2482 : 261,381,592,666
2483 : 261,439,643,827
2484 : 261,449,537,654
2485 : 262,399,450,896
2486 : 263,509,602,670
2487 : 263,645,758,774
2488 : 264,299,379,709
2489 : 264,476,828,855
2490 : 264,673,901,909
2491 : 264,727,759,829
2492 : 265,280,422,621
2493 : 265,385,666,678
2494 : 265,407,615,677
2495 : 265,429,956,982
2496 : 265,506,570,676
2497 : 267,279,450,800
2498 : 267,386,872,938
2499 : 267,526,764,961
2500 : 267,580,667,996
2501 : 268,331,333,927
2502 : 268,438,525,974
2503 : 268,545,917,982
2504 : 270,368,697,917
2505 : 272,327,664,808
2506 : 274,419,480,681
2507 : 275,741,814,916
2508 : 276,620,668,961
2509 : 278,631,652,782
2510 : 279,334,675,963
2511 : 279,462,640,885
2512 : 280,308,596,791
2513 : 283,362,439,550
2514 : 283,542,595,923
2515 : 285,323,754,856
2516 : 288,578,604,743
2517 : 288,737,775,934
2518 : 289,293,527,562
2519 : 290,622,838,855
2520 : 291,327,457,542
2521 : 293,347,492,852
2522 : 293,477,478,812
2523 : 293,706,810,929
2524 : 294,376,487,889
2525 : 294,378,524,710
2526 : 294,508,958,966
2527 : 295,732,736,855
2528 : 295,878,925,954
2529 : 296,636,714,863
2530 : 297,378,617,938
2531 : 297,686,806,848
2532 : 298,314,814,970
2533 : 299,640,712,846
2534 : 300,482,793,977
2535 : 301,349,695,918
2536 : 301,472,826,949
2537 : 301,503,670,737
2538 : 302,455,513,538
2539 : 303,384,432,450
2540 : 303,487,721,860
2541 : 304,570,610,719
2542 : 305,373,780,963
2543 : 306,335,466,477
2544 : 306,439,674,915
2545 : 306,657,729,834
2546 : 307,347,723,990
2547 : 307,594,694,988
2548 : 308,676,899,986
2549 : 312,342,460,759
2550 : 312,459,683,696
2551 : 313,523,709,790
2552 : 317,621,850,986
2553 : 318,499,808,962
2554 : 319,511,679,954
2555 : 319,723,761,800
2556 : 320,682,865,913
2557 : 321,545,690,939
2558 : 321,764,779,914
2559 : 322,391,715,982
2560 : 323,573,633,830
2561 : 324,368,471,596
2562 : 324,383,422,852
2563 : 324,404,630,861
2564 : 324,445,676,768
2565 : 325,456,603,638
2566 : 325,468,566,570
2567 : 326,624,738,744
2568 : 327,494,846,896
2569 : 329,425,484,619
2570 : 329,637,697,782
2571 : 330,356,849,941
2572 : 330,443,530,940
2573 : 334,500,542,670
2574 : 334,506,536,881
2575 : 335,505,675,990
2576 : 335,641,695,880
2577 : 335,699,815,851
2578 : 336,364,625,793
2579 : 336,543,812,967
2580 : 337,386,781,939
2581 : 338,672,718,887
2582 : 339,564,721,926
2583 : 339,676,894,948
2584 : 340,392,653,988
2585 : 340,504,627,732
2586 : 340,704,716,728
2587 : 341,635,738,820
2588 : 341,648,745,990
2589 : 342,619,799,877
2590 : 344,415,529,680
2591 : 344,536,733,983
2592 : 346,401,784,975
2593 : 346,407,700,996
2594 : 346,588,599,993
2595 : 348,545,652,966
2596 : 352,370,514,856
2597 : 352,503,534,841
2598 : 355,484,583,846
2599 : 358,420,500,636
2600 : 359,382,442,596
2601 : 359,670,940,953
2602 : 360,370,514,957
2603 : 362,364,390,935
2604 : 362,394,583,883
2605 : 363,367,404,593
2606 : 363,401,943,958
2607 : 365,367,482,821
2608 : 367,884,976,994
2609 : 368,642,904,945
2610 : 370,455,658,946
2611 : 371,392,394,733
2612 : 371,440,535,808
2613 : 371,474,699,804
2614 : 373,701,848,935
2615 : 375,441,522,678
2616 : 376,507,565,659
2617 : 378,453,471,881
2618 : 379,403,878,928
2619 : 382,426,433,543
2620 : 383,740,746,997
2621 : 386,689,781,791
2622 : 387,600,848,928
2623 : 387,636,685,841
2624 : 389,674,702,719
2625 : 389,833,904,957
2626 : 391,448,832,882
2627 : 391,544,616,858
2628 : 391,627,634,743
2629 : 392,468,699,761
2630 : 392,592,666,811
2631 : 393,439,880,990
2632 : 393,459,710,895
2633 : 393,543,591,900
2634 : 394,535,648,868
2635 : 395,769,851,923
2636 : 398,411,518,898
2637 : 398,666,846,927
2638 : 400,535,904,996
2639 : 402,451,845,959
2640 : 402,489,524,772
2641 : 402,646,735,751
2642 : 403,533,570,586
2643 : 403,610,691,856
2644 : 404,522,597,758
2645 : 405,558,594,715
2646 : 406,414,783,827
2647 : 406,575,682,800
2648 : 408,537,727,832
2649 : 409,735,834,912
2650 : 410,571,849,968
2651 : 412,529,613,864
2652 : 412,564,684,811
2653 : 416,531,655,693
2654 : 416,588,597,622
2655 : 416,598,650,960
2656 : 417,480,487,664
2657 : 419,475,660,767
2658 : 419,549,615,904
2659 : 420,566,757,913
2660 : 421,425,587,682
2661 : 422,536,880,986
2662 : 424,529,827,986
2663 : 424,548,597,827
2664 : 427,771,786,801
2665 : 431,658,687,939
2666 : 432,456,471,532
2667 : 432,539,757,999
2668 : 434,448,630,890
2669 : 435,533,668,895
2670 : 435,799,893,904
2671 : 436,611,620,718
2672 : 437,495,866,872
2673 : 438,540,744,996
2674 : 438,548,752,966
2675 : 441,482,658,794
2676 : 441,712,734,815
2677 : 444,474,798,837
2678 : 445,653,758,935
2679 : 447,576,675,690
2680 : 447,696,769,879
2681 : 448,610,697,760
2682 : 450,514,620,819
2683 : 451,502,689,762
2684 : 452,546,617,935
2685 : 453,529,698,854
2686 : 455,592,634,772
2687 : 457,479,508,670
2688 : 458,528,664,819
2689 : 462,523,727,879
2690 : 469,524,762,979
2691 : 470,499,920,956
2692 : 472,707,738,816
2693 : 473,513,519,882
2694 : 479,631,724,772
2695 : 482,548,621,965
2696 : 483,515,554,569
2697 : 486,751,936,965
2698 : 488,594,849,909
2699 : 490,694,707,762
2700 : 493,550,647,966
2701 : 496,516,792,867
2702 : 496,525,720,852
2703 : 498,580,652,928
2704 : 502,673,694,811
2705 : 502,766,808,869
2706 : 506,670,825,974
2707 : 507,572,590,604
2708 : 508,547,905,968
2709 : 508,788,864,997
2710 : 509,602,695,978
2711 : 513,539,572,624
2712 : 520,609,759,966
2713 : 522,594,760,801
2714 : 524,570,816,855
2715 : 527,669,750,866
2716 : 528,555,672,792
2717 : 533,641,695,926
2718 : 535,584,600,769
2719 : 536,772,932,986
2720 : 549,576,637,991
2721 : 549,712,854,997
2722 : 552,668,672,708
2723 : 554,737,817,965
2724 : 560,574,633,911
2725 : 562,754,756,866
2726 : 565,601,665,719
2727 : 566,739,764,962
2728 : 577,661,858,942
2729 : 580,636,652,790
2730 : 582,754,969,989
2731 : 582,864,890,923
2732 : 584,746,778,791
2733 : 586,601,742,842
2734 : 589,595,759,958
2735 : 591,704,748,912
2736 : 591,722,740,939
2737 : 594,872,931,996
2738 : 594,922,927,982
2739 : 596,800,866,987
2740 : 597,629,658,803
2741 : 599,653,669,753
2742 : 600,617,668,791
2743 : 600,807,913,952
2744 : 604,738,779,926
2745 : 609,655,755,959
2746 : 609,706,776,912
2747 : 614,666,963,990
2748 : 615,681,695,894
2749 : 623,668,674,729
2750 : 626,756,869,970
2751 : 631,712,735,841
2752 : 638,661,719,873
2753 : 646,653,698,898
2754 : 646,679,854,869
2755 : 648,733,834,877
2756 : 653,664,839,881
2757 : 656,727,876,958
2758 : 657,737,803,902
2759 : 660,663,757,842
2760 : 674,677,719,746
2761 : 685,928,975,994
2762 : 686,870,897,931
2763 : 691,833,876,937
2764 : 696,757,815,920
2765 : 714,756,969,990
2766 : 738,885,897,999
2767 : 764,770,820,829
2768 : 789,844,882,892
2769 : 807,866,898,950
2770 : 862,876,898,973
