1001 : 1,151,208
1002 : 2,159,222
1003 : 2,166,233
1004 : 3,26,143
1005 : 3,255,322
1006 : 4,28,98
1007 : 4,24,215
1008 : 5,6,64
1009 : 7,88,301
1010 : 7,20,148
1011 : 7,194,277
1012 : 8,165,175
1013 : 8,62,225
1014 : 9,140,213
1015 : 9,305,311
1016 : 11,57,333
1017 : 11,247,303
1018 : 12,246,249
1019 : 13,157,192
1020 : 13,168,252
1021 : 14,95,184
1022 : 1,15,153
1023 : 5,15,175
1024 : 13,15,233
1025 : 15,80,327
1026 : 15,102,209
1027 : 16,143,242
1028 : 17,191,313
1029 : 17,107,198
1030 : 2,18,199
1031 : 19,40,119
1032 : 19,217,291
1033 : 19,233,270
1034 : 20,38,332
1035 : 13,20,57
1036 : 4,22,64
1037 : 22,93,197
1038 : 23,25,300
1039 : 24,271,318
1040 : 25,30,269
1041 : 25,44,64
1042 : 25,128,173
1043 : 26,120,295
1044 : 26,120,157
1045 : 26,105,298
1046 : 27,104,234
1047 : 27,163,332
1048 : 28,154,229
1049 : 13,28,271
1050 : 16,29,216
1051 : 29,66,231
1052 : 20,30,78
1053 : 29,30,124
1054 : 31,135,259
1055 : 32,236,325
1056 : 24,33,133
1057 : 33,55,205
1058 : 33,53,83
1059 : 33,44,240
1060 : 34,176,237
1061 : 37,50,209
1062 : 37,193,300
1063 : 35,38,91
1064 : 38,72,275
1065 : 3,39,171
1066 : 39,201,324
1067 : 36,40,84
1068 : 40,129,146
1069 : 40,58,137
1070 : 41,198,333
1071 : 17,42,153
1072 : 40,42,238
1073 : 42,220,233
1074 : 42,55,331
1075 : 45,104,183
1076 : 45,61,187
1077 : 45,204,274
1078 : 45,191,244
1079 : 45,269,330
1080 : 22,46,244
1081 : 46,86,316
1082 : 37,47,98
1083 : 27,48,285
1084 : 48,66,161
1085 : 49,101,311
1086 : 17,50,131
1087 : 51,60,216
1088 : 51,196,265
1089 : 52,171,302
1090 : 21,52,249
1091 : 53,57,275
1092 : 54,134,223
1093 : 57,85,208
1094 : 58,153,279
1095 : 58,193,334
1096 : 60,135,287
1097 : 60,131,231
1098 : 61,99,138
1099 : 61,166,184
1100 : 61,120,255
1101 : 60,62,97
1102 : 62,126,312
1103 : 62,222,269
1104 : 62,261,266
1105 : 61,63,157
1106 : 63,190,284
1107 : 64,290,299
1108 : 64,235,291
1109 : 65,77,253
1110 : 66,114,203
1111 : 68,81,296
1112 : 31,69,79
1113 : 69,87,249
1114 : 69,162,311
1115 : 70,180,257
1116 : 71,127,291
1117 : 71,249,308
1118 : 10,60,72
1119 : 69,72,224
1120 : 1,73,246
1121 : 38,73,87
1122 : 19,73,105
1123 : 73,242,315
1124 : 74,128,149
1125 : 24,75,172
1126 : 76,135,152
1127 : 77,151,154
1128 : 78,80,242
1129 : 78,256,322
1130 : 79,178,231
1131 : 12,80,197
1132 : 18,80,198
1133 : 71,80,322
1134 : 80,120,313
1135 : 80,169,178
1136 : 80,112,286
1137 : 80,97,304
1138 : 47,81,323
1139 : 81,192,236
1140 : 60,83,139
1141 : 64,83,210
1142 : 84,199,205
1143 : 85,263,287
1144 : 52,86,96
1145 : 86,146,245
1146 : 67,87,303
1147 : 87,122,292
1148 : 87,105,257
1149 : 66,88,321
1150 : 88,218,328
1151 : 89,111,185
1152 : 90,106,115
1153 : 19,90,141
1154 : 91,208,242
1155 : 91,128,307
1156 : 92,311,322
1157 : 93,141,184
1158 : 94,155,303
1159 : 16,94,192
1160 : 54,95,278
1161 : 60,64,95
1162 : 95,117,158
1163 : 95,234,274
1164 : 36,96,300
1165 : 96,136,282
1166 : 91,97,142
1167 : 97,154,334
1168 : 55,98,156
1169 : 98,158,215
1170 : 98,159,216
1171 : 52,96,99
1172 : 99,188,317
1173 : 56,100,222
1174 : 33,100,258
1175 : 67,101,135
1176 : 103,178,254
1177 : 42,68,104
1178 : 50,74,104
1179 : 2,65,105
1180 : 62,105,276
1181 : 38,105,233
1182 : 17,106,226
1183 : 106,246,306
1184 : 98,109,249
1185 : 13,110,327
1186 : 14,62,110
1187 : 15,110,294
1188 : 84,110,328
1189 : 20,99,111
1190 : 45,111,144
1191 : 111,203,240
1192 : 112,118,201
1193 : 112,175,251
1194 : 114,258,266
1195 : 57,101,115
1196 : 115,307,318
1197 : 116,128,218
1198 : 117,224,327
1199 : 36,118,205
1200 : 118,181,325
1201 : 119,134,238
1202 : 9,120,133
1203 : 40,120,206
1204 : 105,120,243
1205 : 120,211,291
1206 : 116,121,138
1207 : 121,182,189
1208 : 88,122,144
1209 : 17,38,124
1210 : 8,25,124
1211 : 124,153,274
1212 : 124,134,207
1213 : 6,125,139
1214 : 66,109,125
1215 : 127,148,223
1216 : 122,128,165
1217 : 128,207,247
1218 : 30,129,305
1219 : 81,130,291
1220 : 50,92,130
1221 : 131,148,241
1222 : 116,131,289
1223 : 26,133,143
1224 : 95,133,287
1225 : 30,134,239
1226 : 116,135,212
1227 : 92,105,137
1228 : 122,138,281
1229 : 4,134,139
1230 : 139,263,330
1231 : 105,140,182
1232 : 115,119,140
1233 : 140,162,302
1234 : 41,140,246
1235 : 108,140,281
1236 : 140,179,294
1237 : 84,143,183
1238 : 23,144,197
1239 : 76,145,157
1240 : 146,210,237
1241 : 10,147,191
1242 : 147,286,291
1243 : 148,235,325
1244 : 149,161,312
1245 : 23,150,314
1246 : 42,151,248
1247 : 132,151,192
1248 : 33,151,237
1249 : 153,209,275
1250 : 101,118,154
1251 : 108,154,197
1252 : 71,155,251
1253 : 116,126,156
1254 : 158,267,281
1255 : 122,160,331
1256 : 108,161,295
1257 : 161,292,299
1258 : 119,162,249
1259 : 132,145,162
1260 : 51,163,255
1261 : 165,186,241
1262 : 165,209,226
1263 : 124,140,167
1264 : 168,289,302
1265 : 168,236,310
1266 : 35,169,303
1267 : 169,245,262
1268 : 17,171,242
1269 : 103,171,216
1270 : 102,108,172
1271 : 118,136,172
1272 : 103,172,318
1273 : 172,174,328
1274 : 174,188,291
1275 : 6,174,288
1276 : 8,69,176
1277 : 154,177,190
1278 : 16,33,178
1279 : 179,180,211
1280 : 179,211,276
1281 : 43,180,260
1282 : 94,182,243
1283 : 139,148,182
1284 : 22,182,208
1285 : 182,228,291
1286 : 34,127,183
1287 : 78,184,204
1288 : 65,186,191
1289 : 92,188,248
1290 : 100,103,188
1291 : 188,191,246
1292 : 47,188,203
1293 : 88,189,318
1294 : 147,189,213
1295 : 49,191,237
1296 : 90,192,273
1297 : 18,25,193
1298 : 149,193,300
1299 : 22,193,272
1300 : 83,126,194
1301 : 167,194,262
1302 : 43,195,307
1303 : 3,51,195
1304 : 67,195,214
1305 : 93,195,251
1306 : 87,186,197
1307 : 51,155,198
1308 : 160,172,198
1309 : 99,198,272
1310 : 19,199,228
1311 : 85,200,320
1312 : 97,114,200
1313 : 187,200,253
1314 : 200,281,299
1315 : 151,174,204
1316 : 118,142,205
1317 : 201,206,222
1318 : 9,206,226
1319 : 122,210,235
1320 : 210,298,332
1321 : 182,212,258
1322 : 17,213,277
1323 : 14,214,325
1324 : 216,217,236
1325 : 77,218,269
1326 : 16,39,219
1327 : 100,131,219
1328 : 175,176,219
1329 : 118,133,220
1330 : 44,48,221
1331 : 88,159,221
1332 : 149,221,248
1333 : 131,222,247
1334 : 128,222,292
1335 : 6,222,331
1336 : 23,224,334
1337 : 121,199,224
1338 : 127,149,225
1339 : 88,226,245
1340 : 48,226,236
1341 : 37,227,315
1342 : 191,227,262
1343 : 48,227,320
1344 : 79,228,309
1345 : 27,185,229
1346 : 84,229,295
1347 : 117,229,314
1348 : 118,230,333
1349 : 34,37,231
1350 : 60,65,232
1351 : 116,216,232
1352 : 86,216,233
1353 : 177,185,233
1354 : 21,233,331
1355 : 18,141,236
1356 : 56,198,236
1357 : 7,238,301
1358 : 47,153,238
1359 : 90,238,266
1360 : 107,108,238
1361 : 192,238,264
1362 : 13,239,241
1363 : 77,240,245
1364 : 205,240,249
1365 : 11,141,241
1366 : 17,213,241
1367 : 241,294,334
1368 : 125,242,293
1369 : 176,243,276
1370 : 117,243,304
1371 : 147,244,304
1372 : 245,251,252
1373 : 7,245,260
1374 : 3,64,246
1375 : 41,126,246
1376 : 138,246,256
1377 : 88,246,268
1378 : 227,246,311
1379 : 3,246,316
1380 : 56,247,321
1381 : 141,248,276
1382 : 6,249,296
1383 : 108,249,294
1384 : 64,158,250
1385 : 210,251,265
1386 : 31,232,252
1387 : 52,125,252
1388 : 71,252,325
1389 : 252,286,327
1390 : 94,182,253
1391 : 25,100,254
1392 : 40,143,254
1393 : 140,254,302
1394 : 211,239,255
1395 : 166,256,310
1396 : 93,178,256
1397 : 145,186,256
1398 : 232,256,277
1399 : 210,235,257
1400 : 257,281,298
1401 : 160,258,267
1402 : 99,170,259
1403 : 143,259,298
1404 : 121,155,260
1405 : 40,65,261
1406 : 45,225,261
1407 : 81,262,270
1408 : 183,262,281
1409 : 148,196,264
1410 : 27,266,276
1411 : 17,20,267
1412 : 21,266,267
1413 : 88,203,267
1414 : 64,118,267
1415 : 78,185,269
1416 : 158,243,269
1417 : 123,269,330
1418 : 164,179,270
1419 : 199,251,270
1420 : 163,182,271
1421 : 271,293,302
1422 : 249,272,291
1423 : 111,273,315
1424 : 115,243,273
1425 : 64,274,295
1426 : 48,230,275
1427 : 77,92,276
1428 : 233,276,294
1429 : 175,276,280
1430 : 38,277,284
1431 : 41,159,277
1432 : 89,188,277
1433 : 158,193,278
1434 : 138,279,332
1435 : 83,193,280
1436 : 154,274,281
1437 : 56,63,282
1438 : 112,179,282
1439 : 84,269,283
1440 : 5,23,284
1441 : 127,188,284
1442 : 106,284,307
1443 : 107,284,325
1444 : 23,282,285
1445 : 5,141,286
1446 : 19,46,287
1447 : 64,168,287
1448 : 62,117,288
1449 : 107,175,288
1450 : 84,147,289
1451 : 103,289,297
1452 : 86,288,290
1453 : 102,290,315
1454 : 37,60,294
1455 : 69,106,295
1456 : 174,272,295
1457 : 35,86,296
1458 : 198,295,296
1459 : 166,296,303
1460 : 247,287,297
1461 : 76,297,318
1462 : 282,297,325
1463 : 48,151,298
1464 : 72,120,298
1465 : 187,298,319
1466 : 80,233,298
1467 : 171,299,331
1468 : 225,269,299
1469 : 189,299,315
1470 : 6,114,300
1471 : 5,27,300
1472 : 46,48,300
1473 : 150,200,301
1474 : 70,230,302
1475 : 218,234,302
1476 : 206,258,302
1477 : 106,107,303
1478 : 49,304,329
1479 : 63,201,306
1480 : 126,281,307
1481 : 178,195,307
1482 : 176,309,326
1483 : 35,55,311
1484 : 108,279,311
1485 : 77,80,312
1486 : 12,289,312
1487 : 44,312,315
1488 : 293,309,313
1489 : 96,156,314
1490 : 148,314,331
1491 : 83,164,314
1492 : 175,192,314
1493 : 98,276,315
1494 : 31,315,325
1495 : 48,73,316
1496 : 227,253,316
1497 : 18,24,319
1498 : 81,117,320
1499 : 300,321,328
1500 : 5,210,322
1501 : 159,161,323
1502 : 222,234,323
1503 : 102,268,324
1504 : 256,278,325
1505 : 115,152,326
1506 : 35,52,327
1507 : 121,214,327
1508 : 25,246,328
1509 : 70,102,328
1510 : 186,231,328
1511 : 150,256,328
1512 : 91,321,328
1513 : 174,236,329
1514 : 325,329,334
1515 : 69,149,330
1516 : 177,304,330
1517 : 257,279,331
1518 : 25,103,332
1519 : 233,286,332
1520 : 73,89,333
1521 : 180,245,333
1522 : 35,326,333
1523 : 176,200,334
1524 : 44,255,334
1525 : 11,60,501
1526 : 17,212,431
1527 : 38,59,643
1528 : 81,311,507
1529 : 30,83,581
1530 : 83,266,357
1531 : 83,318,361
1532 : 103,148,379
1533 : 64,152,412
1534 : 153,185,580
1535 : 155,220,424
1536 : 162,166,499
1537 : 163,170,606
1538 : 65,177,589
1539 : 160,188,395
1540 : 108,193,483
1541 : 124,207,565
1542 : 230,237,515
1543 : 268,285,643
1544 : 255,287,664
1545 : 166,293,398
1546 : 254,328,490
1547 : 249,332,337
1548 : 10,79,796
1549 : 31,93,741
1550 : 62,229,802
1551 : 46,98,899
1552 : 21,152,769
1553 : 3,205,735
1554 : 158,259,887
1555 : 190,308,812
1556 : 89,312,958
1557 : 228,325,702
1558 : 14,92,379
1559 : 26,105,532
1560 : 24,40,621
1561 : 73,198,338
1562 : 90,166,336
1563 : 92,328,608
1564 : 112,172,449
1565 : 126,326,437
1566 : 127,247,595
1567 : 53,157,498
1568 : 164,325,344
1569 : 91,178,610
1570 : 183,252,567
1571 : 204,263,514
1572 : 73,217,338
1573 : 218,237,457
1574 : 240,308,433
1575 : 55,242,372
1576 : 125,251,491
1577 : 143,251,621
1578 : 88,258,407
1579 : 135,262,336
1580 : 137,264,425
1581 : 8,290,606
1582 : 16,291,364
1583 : 159,310,420
1584 : 254,324,500
1585 : 5,341,551
1586 : 27,421,614
1587 : 34,420,623
1588 : 65,489,658
1589 : 87,452,491
1590 : 106,501,636
1591 : 136,457,587
1592 : 204,434,622
1593 : 210,401,549
1594 : 211,415,426
1595 : 241,541,595
1596 : 278,583,618
1597 : 300,359,451
1598 : 9,606,757
1599 : 30,408,712
1600 : 41,662,693
1601 : 44,336,733
1602 : 47,351,803
1603 : 48,573,873
1604 : 50,364,904
1605 : 60,628,852
1606 : 74,653,926
1607 : 142,340,706
1608 : 188,532,778
1609 : 201,603,882
1610 : 204,663,672
1611 : 222,372,867
1612 : 32,326,862
1613 : 38,275,727
1614 : 75,288,911
1615 : 108,131,860
1616 : 13,134,709
1617 : 144,258,741
1618 : 67,147,955
1619 : 178,219,942
1620 : 189,205,752
1621 : 83,202,733
1622 : 189,218,902
1623 : 224,229,931
1624 : 133,233,995
1625 : 204,265,693
1626 : 200,279,773
1627 : 232,326,892
1628 : 5,653,931
1629 : 5,593,941
1630 : 21,497,671
1631 : 45,606,952
1632 : 57,591,670
1633 : 77,599,746
1634 : 121,431,700
1635 : 134,379,764
1636 : 138,501,958
1637 : 141,390,744
1638 : 141,610,894
1639 : 162,335,712
1640 : 190,582,779
1641 : 235,581,769
1642 : 252,653,755
1643 : 256,478,883
1644 : 286,623,761
1645 : 289,553,872
1646 : 296,488,856
1647 : 329,463,791
1648 : 5,689,825
1649 : 6,829,837
1650 : 43,889,959
1651 : 47,696,892
1652 : 52,922,954
1653 : 81,907,946
1654 : 106,902,910
1655 : 107,776,868
1656 : 128,670,792
1657 : 153,893,917
1658 : 160,822,935
1659 : 201,907,908
1660 : 216,760,864
1661 : 237,790,861
1662 : 250,676,957
1663 : 260,787,815
1664 : 269,772,827
1665 : 286,869,873
1666 : 289,691,798
1667 : 292,801,914
1668 : 294,717,960
1669 : 310,887,930
1670 : 317,698,775
1671 : 334,771,828
1672 : 8,233,343
1673 : 275,293,344
1674 : 83,297,349
1675 : 162,248,374
1676 : 66,259,404
1677 : 14,192,410
1678 : 47,254,417
1679 : 7,41,420
1680 : 57,97,459
1681 : 65,226,462
1682 : 74,110,479
1683 : 34,193,505
1684 : 102,148,527
1685 : 146,226,527
1686 : 117,282,528
1687 : 66,249,578
1688 : 69,93,602
1689 : 261,298,608
1690 : 266,402,518
1691 : 17,422,466
1692 : 309,468,482
1693 : 97,491,631
1694 : 199,412,514
1695 : 105,373,519
1696 : 210,389,542
1697 : 270,444,548
1698 : 36,552,569
1699 : 272,593,665
1700 : 51,466,613
1701 : 168,569,649
1702 : 271,337,869
1703 : 230,340,757
1704 : 160,356,733
1705 : 30,364,728
1706 : 33,367,981
1707 : 85,386,717
1708 : 61,393,751
1709 : 306,398,748
1710 : 297,450,832
1711 : 77,491,797
1712 : 28,497,913
1713 : 64,504,674
1714 : 184,538,945
1715 : 144,542,699
1716 : 319,546,814
1717 : 128,569,697
1718 : 118,591,746
1719 : 78,636,844
1720 : 238,652,965
1721 : 108,347,478
1722 : 244,342,357
1723 : 26,354,368
1724 : 100,421,595
1725 : 145,431,491
1726 : 300,425,437
1727 : 171,360,477
1728 : 123,487,553
1729 : 21,491,576
1730 : 84,397,525
1731 : 304,345,527
1732 : 86,527,539
1733 : 4,517,534
1734 : 104,447,537
1735 : 333,563,630
1736 : 57,403,572
1737 : 301,573,590
1738 : 262,366,637
1739 : 280,374,641
1740 : 335,381,498
1741 : 335,424,474
1742 : 335,520,551
1743 : 336,379,413
1744 : 336,517,546
1745 : 336,352,563
1746 : 338,450,641
1747 : 339,391,507
1748 : 339,512,649
1749 : 339,531,658
1750 : 340,381,601
1751 : 340,594,606
1752 : 341,551,617
1753 : 341,575,596
1754 : 341,590,596
1755 : 344,381,652
1756 : 347,354,530
1757 : 347,588,649
1758 : 347,603,633
1759 : 347,652,655
1760 : 348,360,519
1761 : 348,396,551
1762 : 349,463,465
1763 : 348,350,354
1764 : 351,368,566
1765 : 351,377,452
1766 : 351,397,423
1767 : 351,584,631
1768 : 352,530,632
1769 : 352,385,538
1770 : 353,398,645
1771 : 354,392,477
1772 : 354,571,666
1773 : 354,376,641
1774 : 355,362,580
1775 : 356,484,494
1776 : 356,369,506
1777 : 356,548,588
1778 : 358,503,649
1779 : 358,381,541
1780 : 358,373,547
1781 : 358,412,584
1782 : 361,432,555
1783 : 362,379,406
1784 : 362,378,490
1785 : 347,362,515
1786 : 362,403,659
1787 : 364,529,625
1788 : 364,433,544
1789 : 364,554,557
1790 : 365,372,626
1791 : 366,653,663
1792 : 357,367,607
1793 : 367,420,493
1794 : 367,426,533
1795 : 370,458,562
1796 : 370,632,656
1797 : 342,371,564
1798 : 365,373,405
1799 : 373,429,576
1800 : 373,387,655
1801 : 336,376,497
1802 : 377,425,489
1803 : 377,470,562
1804 : 377,575,581
1805 : 378,564,653
1806 : 378,640,643
1807 : 341,380,402
1808 : 380,484,664
1809 : 380,563,573
1810 : 383,517,664
1811 : 367,384,472
1812 : 381,384,539
1813 : 362,384,597
1814 : 337,385,388
1815 : 362,385,589
1816 : 385,421,452
1817 : 385,438,462
1818 : 385,622,624
1819 : 387,604,664
1820 : 357,388,389
1821 : 389,434,618
1822 : 391,617,657
1823 : 393,418,426
1824 : 393,555,624
1825 : 394,480,511
1826 : 395,407,441
1827 : 395,503,645
1828 : 395,536,619
1829 : 395,567,661
1830 : 361,396,443
1831 : 396,514,666
1832 : 396,502,548
1833 : 397,611,638
1834 : 398,588,615
1835 : 373,399,580
1836 : 399,578,651
1837 : 400,661,663
1838 : 401,540,615
1839 : 342,404,409
1840 : 404,581,651
1841 : 406,555,599
1842 : 407,517,642
1843 : 408,504,576
1844 : 404,409,507
1845 : 410,506,612
1846 : 410,533,664
1847 : 350,410,411
1848 : 411,630,636
1849 : 411,580,652
1850 : 351,412,473
1851 : 412,559,599
1852 : 414,459,614
1853 : 336,415,556
1854 : 415,620,635
1855 : 416,533,643
1856 : 416,459,648
1857 : 416,538,648
1858 : 417,420,568
1859 : 394,405,418
1860 : 418,491,645
1861 : 418,571,585
1862 : 419,563,601
1863 : 339,420,514
1864 : 381,420,467
1865 : 420,554,570
1866 : 342,388,422
1867 : 423,442,657
1868 : 389,423,448
1869 : 423,481,489
1870 : 376,423,529
1871 : 423,474,543
1872 : 423,551,613
1873 : 414,424,463
1874 : 424,473,524
1875 : 424,537,566
1876 : 355,410,425
1877 : 425,430,436
1878 : 342,426,517
1879 : 373,426,548
1880 : 368,426,562
1881 : 427,469,629
1882 : 337,375,431
1883 : 431,590,643
1884 : 397,431,653
1885 : 432,641,662
1886 : 433,444,571
1887 : 433,562,574
1888 : 378,434,615
1889 : 395,434,622
1890 : 434,447,524
1891 : 435,560,638
1892 : 408,436,549
1893 : 387,415,437
1894 : 437,441,578
1895 : 338,438,551
1896 : 353,438,500
1897 : 438,535,653
1898 : 439,468,556
1899 : 439,587,606
1900 : 441,504,549
1901 : 442,467,528
1902 : 442,568,571
1903 : 337,393,443
1904 : 443,477,534
1905 : 445,447,617
1906 : 376,445,612
1907 : 445,614,617
1908 : 390,446,558
1909 : 374,446,506
1910 : 402,446,508
1911 : 446,533,575
1912 : 446,533,631
1913 : 446,543,616
1914 : 446,532,628
1915 : 446,447,544
1916 : 447,609,641
1917 : 335,448,530
1918 : 448,573,662
1919 : 426,449,657
1920 : 450,485,642
1921 : 430,450,522
1922 : 354,451,537
1923 : 451,452,461
1924 : 452,579,614
1925 : 453,544,612
1926 : 453,535,554
1927 : 453,565,642
1928 : 345,454,521
1929 : 454,466,659
1930 : 379,455,625
1931 : 429,455,656
1932 : 455,469,516
1933 : 396,445,456
1934 : 342,364,457
1935 : 361,457,458
1936 : 433,457,592
1937 : 347,379,458
1938 : 368,459,561
1939 : 459,492,608
1940 : 335,406,460
1941 : 460,464,550
1942 : 460,542,608
1943 : 421,462,585
1944 : 462,595,609
1945 : 463,591,653
1946 : 413,464,542
1947 : 430,464,636
1948 : 385,465,552
1949 : 363,394,466
1950 : 366,405,466
1951 : 387,425,466
1952 : 466,498,519
1953 : 439,468,600
1954 : 425,468,545
1955 : 469,501,534
1956 : 470,491,612
1957 : 470,506,523
1958 : 470,606,663
1959 : 399,444,471
1960 : 358,473,651
1961 : 473,496,566
1962 : 381,473,597
1963 : 474,514,567
1964 : 418,475,589
1965 : 475,495,523
1966 : 448,476,479
1967 : 353,476,602
1968 : 405,476,657
1969 : 387,477,586
1970 : 410,411,478
1971 : 478,525,598
1972 : 353,405,479
1973 : 362,386,480
1974 : 481,507,543
1975 : 383,481,627
1976 : 481,566,640
1977 : 409,475,484
1978 : 484,491,505
1979 : 484,498,513
1980 : 484,594,641
1981 : 484,543,648
1982 : 388,485,660
1983 : 383,485,516
1984 : 344,429,486
1985 : 399,486,504
1986 : 480,486,584
1987 : 487,500,555
1988 : 487,572,625
1989 : 441,488,617
1990 : 454,488,524
1991 : 381,488,537
1992 : 382,489,509
1993 : 366,490,523
1994 : 370,490,637
1995 : 417,492,588
1996 : 354,493,590
1997 : 378,452,493
1998 : 420,452,493
1999 : 493,558,667
2000 : 386,420,494
2001 : 441,494,659
2002 : 389,496,651
2003 : 494,497,628
2004 : 344,499,585
2005 : 411,499,558
2006 : 499,513,592
2007 : 482,500,619
2008 : 446,497,501
2009 : 470,501,595
2010 : 341,400,503
2011 : 373,503,543
2012 : 503,522,615
2013 : 504,611,663
2014 : 429,486,505
2015 : 505,581,617
2016 : 463,505,589
2017 : 335,505,649
2018 : 478,506,584
2019 : 506,508,600
2020 : 380,507,511
2021 : 377,508,583
2022 : 400,403,508
2023 : 491,508,522
2024 : 508,509,643
2025 : 394,438,509
2026 : 509,577,616
2027 : 453,510,561
2028 : 493,499,510
2029 : 503,510,521
2030 : 335,510,544
2031 : 377,511,585
2032 : 350,417,511
2033 : 482,511,659
2034 : 476,511,620
2035 : 512,638,642
2036 : 513,610,662
2037 : 351,514,547
2038 : 357,465,515
2039 : 478,515,610
2040 : 507,515,524
2041 : 515,528,613
2042 : 384,434,516
2043 : 335,517,520
2044 : 399,447,518
2045 : 490,520,561
2046 : 468,522,564
2047 : 406,442,523
2048 : 523,550,564
2049 : 411,524,566
2050 : 411,525,624
2051 : 475,525,662
2052 : 491,526,553
2053 : 526,538,574
2054 : 379,526,627
2055 : 433,528,631
2056 : 451,506,529
2057 : 388,471,530
2058 : 350,504,530
2059 : 529,530,562
2060 : 419,530,653
2061 : 384,469,531
2062 : 395,463,531
2063 : 505,531,534
2064 : 440,459,532
2065 : 385,416,533
2066 : 477,502,533
2067 : 422,486,533
2068 : 461,520,534
2069 : 411,534,580
2070 : 374,535,596
2071 : 411,535,581
2072 : 494,535,641
2073 : 400,466,537
2074 : 537,607,615
2075 : 423,451,538
2076 : 454,461,538
2077 : 538,540,632
2078 : 473,538,612
2079 : 488,538,612
2080 : 516,539,590
2081 : 363,473,540
2082 : 497,541,564
2083 : 542,545,553
2084 : 534,542,621
2085 : 542,562,661
2086 : 423,543,545
2087 : 537,543,640
2088 : 392,543,587
2089 : 520,543,596
2090 : 543,596,612
2091 : 429,543,657
2092 : 400,500,544
2093 : 544,555,666
2094 : 527,545,554
2095 : 545,548,604
2096 : 482,546,632
2097 : 351,487,546
2098 : 405,434,547
2099 : 351,486,548
2100 : 548,579,638
2101 : 398,521,549
2102 : 402,550,594
2103 : 349,408,551
2104 : 340,375,551
2105 : 389,551,646
2106 : 431,447,552
2107 : 552,591,618
2108 : 467,553,576
2109 : 409,507,553
2110 : 404,553,594
2111 : 382,449,554
2112 : 498,554,638
2113 : 407,554,604
2114 : 353,555,599
2115 : 555,595,647
2116 : 346,475,556
2117 : 397,500,556
2118 : 551,556,585
2119 : 557,600,648
2120 : 374,419,558
2121 : 343,488,558
2122 : 535,558,616
2123 : 465,538,559
2124 : 551,559,605
2125 : 464,491,561
2126 : 399,561,608
2127 : 392,561,622
2128 : 521,562,621
2129 : 372,431,564
2130 : 558,564,652
2131 : 363,418,565
2132 : 347,565,568
2133 : 387,403,566
2134 : 469,566,572
2135 : 467,518,566
2136 : 473,568,635
2137 : 342,569,608
2138 : 436,443,569
2139 : 367,571,588
2140 : 345,571,599
2141 : 359,445,572
2142 : 348,511,572
2143 : 346,415,573
2144 : 414,574,619
2145 : 575,638,650
2146 : 398,491,576
2147 : 350,415,576
2148 : 463,576,615
2149 : 436,578,603
2150 : 547,580,617
2151 : 424,574,581
2152 : 459,541,581
2153 : 423,581,646
2154 : 340,341,582
2155 : 363,536,582
2156 : 365,582,622
2157 : 336,582,596
2158 : 421,583,651
2159 : 423,432,583
2160 : 497,583,656
2161 : 430,585,659
2162 : 450,585,618
2163 : 402,552,585
2164 : 444,563,586
2165 : 451,587,600
2166 : 566,587,618
2167 : 427,587,656
2168 : 509,588,613
2169 : 571,579,588
2170 : 370,576,589
2171 : 363,376,589
2172 : 409,434,589
2173 : 473,590,636
2174 : 428,591,617
2175 : 496,591,650
2176 : 421,592,634
2177 : 426,592,650
2178 : 357,592,601
2179 : 469,593,628
2180 : 558,595,653
2181 : 375,596,619
2182 : 456,563,597
2183 : 554,597,655
2184 : 442,598,634
2185 : 385,506,598
2186 : 421,518,598
2187 : 487,509,599
2188 : 425,599,640
2189 : 367,385,600
2190 : 369,375,601
2191 : 444,536,602
2192 : 507,603,618
2193 : 452,603,633
2194 : 349,604,643
2195 : 353,605,643
2196 : 447,556,607
2197 : 541,607,650
2198 : 423,555,608
2199 : 423,532,609
2200 : 388,537,610
2201 : 361,490,611
2202 : 422,586,611
2203 : 397,599,611
2204 : 385,521,612
2205 : 407,541,612
2206 : 351,424,612
2207 : 371,446,612
2208 : 377,592,612
2209 : 372,384,613
2210 : 503,527,613
2211 : 339,615,655
2212 : 522,615,666
2213 : 396,597,617
2214 : 520,606,617
2215 : 600,617,620
2216 : 422,617,651
2217 : 446,531,618
2218 : 484,540,618
2219 : 417,580,618
2220 : 339,555,619
2221 : 424,540,619
2222 : 457,566,619
2223 : 339,417,621
2224 : 476,621,649
2225 : 571,572,623
2226 : 510,624,634
2227 : 381,469,627
2228 : 411,504,627
2229 : 372,627,644
2230 : 447,587,628
2231 : 497,628,637
2232 : 348,576,628
2233 : 364,592,628
2234 : 408,578,629
2235 : 482,595,629
2236 : 509,512,629
2237 : 569,630,647
2238 : 356,473,631
2239 : 544,632,649
2240 : 439,445,633
2241 : 349,542,634
2242 : 353,386,634
2243 : 360,545,634
2244 : 511,592,635
2245 : 620,635,639
2246 : 466,629,636
2247 : 372,624,638
2248 : 549,566,639
2249 : 434,601,640
2250 : 338,532,642
2251 : 352,611,643
2252 : 532,643,644
2253 : 427,535,645
2254 : 600,629,645
2255 : 521,646,660
2256 : 427,478,647
2257 : 431,589,647
2258 : 414,475,648
2259 : 535,539,648
2260 : 474,587,648
2261 : 434,539,651
2262 : 369,483,652
2263 : 359,629,653
2264 : 489,514,654
2265 : 397,617,655
2266 : 455,458,655
2267 : 495,524,655
2268 : 550,571,655
2269 : 549,630,655
2270 : 406,438,656
2271 : 407,502,656
2272 : 477,500,656
2273 : 365,377,657
2274 : 415,614,657
2275 : 548,646,659
2276 : 566,658,659
2277 : 385,426,660
2278 : 586,589,660
2279 : 583,617,660
2280 : 341,494,661
2281 : 501,647,661
2282 : 475,511,661
2283 : 431,535,661
2284 : 371,519,662
2285 : 549,655,662
2286 : 451,612,663
2287 : 372,424,665
2288 : 639,647,665
2289 : 534,629,666
2290 : 341,428,809
2291 : 342,364,995
2292 : 349,585,915
2293 : 351,580,994
2294 : 354,527,705
2295 : 363,504,679
2296 : 376,592,799
2297 : 397,593,964
2298 : 386,412,701
2299 : 435,457,668
2300 : 449,471,668
2301 : 485,569,797
2302 : 389,494,669
2303 : 372,505,679
2304 : 443,511,937
2305 : 533,542,922
2306 : 197,366,851
2307 : 29,391,935
2308 : 120,403,958
2309 : 181,423,698
2310 : 200,431,878
2311 : 105,462,711
2312 : 97,477,869
2313 : 212,601,967
2314 : 169,609,858
2315 : 325,612,840
2316 : 67,615,876
2317 : 309,618,785
2318 : 203,651,852
2319 : 296,651,979
2320 : 160,664,691
2321 : 383,456,996
2322 : 438,515,689
2323 : 447,631,762
2324 : 456,462,926
2325 : 339,461,894
2326 : 470,620,739
2327 : 384,483,870
2328 : 366,520,905
2329 : 527,613,674
2330 : 489,639,862
2331 : 619,648,690
2332 : 372,872,886
2333 : 374,877,986
2334 : 376,725,997
2335 : 382,841,961
2336 : 413,684,743
2337 : 428,837,980
2338 : 450,732,917
2339 : 493,767,984
2340 : 523,678,800
2341 : 581,740,872
2342 : 582,730,817
2343 : 611,725,894
2344 : 631,694,757
2345 : 659,687,900
2346 : 201,231,679
2347 : 39,260,685
2348 : 1,117,776
2349 : 79,220,808
2350 : 220,297,818
2351 : 69,284,829
2352 : 148,258,833
2353 : 48,320,884
2354 : 32,319,905
2355 : 107,176,923
2356 : 30,33,937
2357 : 113,170,958
2358 : 51,202,964
2359 : 44,347,725
2360 : 258,428,748
2361 : 331,619,797
2362 : 19,573,817
2363 : 72,431,828
2364 : 218,409,878
2365 : 163,440,894
2366 : 159,494,906
2367 : 43,510,918
2368 : 153,636,989
2369 : 234,522,994
2370 : 248,692,992
2371 : 25,708,730
2372 : 78,714,812
2373 : 311,717,834
2374 : 124,746,967
2375 : 226,751,914
2376 : 52,769,793
2377 : 44,770,980
2378 : 259,772,933
2379 : 238,793,860
2380 : 182,814,815
2381 : 86,829,845
2382 : 25,830,951
2383 : 192,869,981
2384 : 268,739,881
2385 : 218,890,902
2386 : 116,805,897
2387 : 135,779,952
2388 : 280,819,962
2389 : 31,826,979
2390 : 327,537,668
2391 : 42,450,714
2392 : 34,456,721
2393 : 287,576,753
2394 : 186,605,754
2395 : 210,643,768
2396 : 48,351,785
2397 : 208,476,813
2398 : 91,408,826
2399 : 274,398,829
2400 : 310,599,882
2401 : 88,441,891
2402 : 200,487,930
2403 : 76,619,960
2404 : 181,359,964
2405 : 463,591,674
2406 : 522,549,732
2407 : 443,477,746
2408 : 353,363,756
2409 : 427,644,795
2410 : 338,597,799
2411 : 549,648,830
2412 : 602,612,845
2413 : 552,662,874
2414 : 500,597,880
2415 : 573,582,908
2416 : 371,586,936
2417 : 387,670,817
2418 : 509,739,941
2419 : 390,763,817
2420 : 357,772,780
2421 : 535,794,820
2422 : 381,805,860
2423 : 590,825,834
2424 : 462,694,828
2425 : 659,865,866
2426 : 547,897,947
2427 : 591,850,994
2428 : 320,678,892
2429 : 243,682,793
2430 : 243,683,775
2431 : 144,701,978
2432 : 264,705,962
2433 : 145,724,767
2434 : 104,744,843
2435 : 307,785,897
2436 : 199,788,854
2437 : 185,810,928
2438 : 296,819,889
2439 : 45,703,833
2440 : 212,724,833
2441 : 21,860,991
2442 : 24,701,873
2443 : 21,877,972
2444 : 274,882,911
2445 : 159,871,915
2446 : 294,832,927
2447 : 210,907,973
2448 : 322,794,974
2449 : 199,821,992
2450 : 508,672,988
2451 : 537,673,900
2452 : 375,702,803
2453 : 370,723,743
2454 : 482,731,749
2455 : 497,722,757
2456 : 340,773,883
2457 : 534,782,843
2458 : 607,783,901
2459 : 410,741,787
2460 : 348,798,926
2461 : 442,800,912
2462 : 528,802,866
2463 : 522,807,970
2464 : 660,833,851
2465 : 414,764,863
2466 : 546,829,873
2467 : 663,705,876
2468 : 335,878,889
2469 : 664,883,899
2470 : 367,835,906
2471 : 608,723,957
2472 : 670,734,803
2473 : 671,766,870
2474 : 672,798,823
2475 : 674,781,792
2476 : 674,896,900
2477 : 675,684,900
2478 : 675,849,887
2479 : 678,811,839
2480 : 678,954,976
2481 : 680,744,849
2482 : 683,851,995
2483 : 683,899,920
2484 : 683,795,919
2485 : 685,693,804
2486 : 685,838,891
2487 : 687,746,840
2488 : 687,885,953
2489 : 688,719,854
2490 : 688,781,831
2491 : 688,796,833
2492 : 688,923,935
2493 : 689,698,979
2494 : 689,892,993
2495 : 690,913,930
2496 : 691,710,734
2497 : 691,885,975
2498 : 691,930,984
2499 : 693,750,784
2500 : 686,693,994
2501 : 694,831,964
2502 : 694,939,965
2503 : 694,718,960
2504 : 695,843,878
2505 : 696,768,774
2506 : 696,851,886
2507 : 697,846,967
2508 : 697,707,988
2509 : 698,731,894
2510 : 698,718,993
2511 : 699,718,774
2512 : 699,732,853
2513 : 697,700,763
2514 : 669,701,706
2515 : 675,703,889
2516 : 703,855,995
2517 : 704,824,975
2518 : 708,761,903
2519 : 708,777,967
2520 : 709,886,905
2521 : 709,891,985
2522 : 710,880,906
2523 : 711,783,807
2524 : 711,720,851
2525 : 711,933,942
2526 : 694,712,984
2527 : 713,762,947
2528 : 713,777,807
2529 : 713,782,797
2530 : 713,831,858
2531 : 714,763,986
2532 : 714,772,869
2533 : 715,777,801
2534 : 715,842,968
2535 : 717,757,853
2536 : 678,717,877
2537 : 712,717,945
2538 : 690,718,884
2539 : 721,726,796
2540 : 699,721,730
2541 : 721,879,975
2542 : 705,722,792
2543 : 721,722,787
2544 : 722,773,803
2545 : 722,736,909
2546 : 705,723,972
2547 : 724,779,849
2548 : 724,756,981
2549 : 689,725,746
2550 : 725,769,910
2551 : 725,855,910
2552 : 716,725,936
2553 : 726,823,842
2554 : 726,827,906
2555 : 723,727,731
2556 : 728,741,855
2557 : 728,825,977
2558 : 729,811,865
2559 : 729,870,895
2560 : 729,839,986
2561 : 731,764,932
2562 : 703,733,884
2563 : 733,929,990
2564 : 735,890,988
2565 : 737,914,940
2566 : 738,793,809
2567 : 738,879,961
2568 : 738,988,1000
2569 : 740,763,896
2570 : 740,763,793
2571 : 740,930,982
2572 : 683,710,741
2573 : 742,745,1000
2574 : 716,744,776
2575 : 744,817,890
2576 : 694,745,879
2577 : 700,746,909
2578 : 742,746,762
2579 : 746,767,933
2580 : 731,747,947
2581 : 748,898,992
2582 : 676,749,815
2583 : 737,750,848
2584 : 674,751,945
2585 : 752,795,955
2586 : 753,895,962
2587 : 755,780,869
2588 : 700,756,849
2589 : 713,756,841
2590 : 757,773,977
2591 : 680,757,799
2592 : 707,758,908
2593 : 758,768,948
2594 : 758,804,915
2595 : 697,758,910
2596 : 727,758,979
2597 : 742,759,782
2598 : 757,759,810
2599 : 759,809,954
2600 : 759,870,991
2601 : 760,818,917
2602 : 761,952,972
2603 : 718,762,780
2604 : 690,756,763
2605 : 726,764,938
2606 : 710,753,764
2607 : 764,827,995
2608 : 764,794,957
2609 : 719,764,993
2610 : 700,765,795
2611 : 716,765,990
2612 : 736,766,771
2613 : 766,788,840
2614 : 686,767,836
2615 : 742,768,960
2616 : 692,768,864
2617 : 769,849,940
2618 : 672,769,868
2619 : 771,817,855
2620 : 707,771,883
2621 : 771,792,887
2622 : 739,771,989
2623 : 772,844,981
2624 : 692,773,925
2625 : 755,773,864
2626 : 773,783,935
2627 : 774,833,839
2628 : 775,822,856
2629 : 775,797,832
2630 : 707,777,793
2631 : 671,778,971
2632 : 689,779,786
2633 : 742,779,888
2634 : 738,779,987
2635 : 780,793,860
2636 : 780,935,938
2637 : 712,781,992
2638 : 781,803,928
2639 : 715,781,978
2640 : 777,781,982
2641 : 716,783,968
2642 : 732,783,813
2643 : 771,784,811
2644 : 707,785,896
2645 : 785,949,961
2646 : 669,716,786
2647 : 783,786,792
2648 : 682,770,787
2649 : 740,787,813
2650 : 787,820,975
2651 : 683,770,788
2652 : 738,789,804
2653 : 789,858,944
2654 : 701,775,790
2655 : 791,809,963
2656 : 765,794,854
2657 : 794,876,963
2658 : 795,924,960
2659 : 673,796,995
2660 : 780,798,962
2661 : 762,767,799
2662 : 738,799,859
2663 : 800,920,950
2664 : 762,799,801
2665 : 719,802,972
2666 : 802,857,995
2667 : 757,803,966
2668 : 793,803,971
2669 : 804,829,877
2670 : 805,919,992
2671 : 678,776,806
2672 : 731,807,904
2673 : 795,807,926
2674 : 756,807,883
2675 : 807,942,952
2676 : 673,808,904
2677 : 699,809,959
2678 : 723,789,811
2679 : 811,899,985
2680 : 736,812,922
2681 : 705,813,982
2682 : 708,750,813
2683 : 814,881,921
2684 : 695,711,815
2685 : 815,828,949
2686 : 731,809,818
2687 : 713,818,853
2688 : 735,799,819
2689 : 699,819,899
2690 : 743,820,949
2691 : 808,821,935
2692 : 681,821,975
2693 : 748,779,822
2694 : 782,789,824
2695 : 824,855,960
2696 : 777,825,849
2697 : 787,825,915
2698 : 782,825,896
2699 : 817,825,975
2700 : 814,826,829
2701 : 811,826,962
2702 : 709,826,966
2703 : 817,824,827
2704 : 818,827,930
2705 : 827,870,922
2706 : 827,940,974
2707 : 723,758,828
2708 : 764,816,828
2709 : 805,828,830
2710 : 672,738,829
2711 : 713,829,905
2712 : 735,829,918
2713 : 693,818,830
2714 : 749,830,869
2715 : 831,898,931
2716 : 715,832,910
2717 : 832,919,924
2718 : 833,856,902
2719 : 824,834,865
2720 : 677,832,834
2721 : 786,834,916
2722 : 743,835,963
2723 : 835,860,899
2724 : 835,895,961
2725 : 835,907,977
2726 : 691,742,837
2727 : 735,803,838
2728 : 759,838,843
2729 : 838,881,987
2730 : 805,838,992
2731 : 706,840,914
2732 : 790,823,841
2733 : 696,778,842
2734 : 680,813,843
2735 : 802,804,843
2736 : 676,829,844
2737 : 703,758,844
2738 : 807,844,934
2739 : 740,845,940
2740 : 720,751,845
2741 : 748,847,878
2742 : 747,843,847
2743 : 816,847,907
2744 : 848,933,943
2745 : 776,848,965
2746 : 738,850,982
2747 : 783,815,850
2748 : 795,851,886
2749 : 801,851,974
2750 : 835,852,954
2751 : 852,952,953
2752 : 715,733,853
2753 : 721,855,887
2754 : 764,855,866
2755 : 710,855,899
2756 : 855,916,985
2757 : 856,908,956
2758 : 793,857,934
2759 : 784,803,857
2760 : 857,890,898
2761 : 674,708,858
2762 : 731,858,866
2763 : 858,884,933
2764 : 826,861,905
2765 : 824,861,907
2766 : 732,793,862
2767 : 773,846,862
2768 : 862,925,988
2769 : 862,936,965
2770 : 785,864,953
2771 : 864,964,973
2772 : 686,865,896
2773 : 687,817,865
2774 : 773,827,865
2775 : 706,760,867
2776 : 762,767,867
2777 : 720,858,867
2778 : 792,868,923
2779 : 869,917,984
2780 : 729,826,870
2781 : 772,871,904
2782 : 790,871,997
2783 : 792,871,979
2784 : 852,861,871
2785 : 715,871,888
2786 : 786,872,937
2787 : 668,873,923
2788 : 756,873,989
2789 : 704,874,879
2790 : 780,874,995
2791 : 810,875,989
2792 : 877,881,904
2793 : 695,752,878
2794 : 703,760,879
2795 : 683,757,880
2796 : 838,880,910
2797 : 795,873,881
2798 : 734,810,881
2799 : 715,724,882
2800 : 792,836,882
2801 : 706,842,882
2802 : 882,925,934
2803 : 792,836,883
2804 : 851,883,991
2805 : 761,863,884
2806 : 671,886,952
2807 : 687,737,888
2808 : 771,888,954
2809 : 859,873,888
2810 : 761,888,943
2811 : 693,729,889
2812 : 797,806,889
2813 : 818,889,991
2814 : 889,951,981
2815 : 754,883,891
2816 : 712,767,892
2817 : 689,892,900
2818 : 669,893,968
2819 : 808,885,893
2820 : 726,868,894
2821 : 853,894,983
2822 : 717,731,895
2823 : 752,824,895
2824 : 801,895,979
2825 : 693,699,896
2826 : 700,868,897
2827 : 705,897,976
2828 : 792,897,922
2829 : 676,682,898
2830 : 782,791,898
2831 : 779,899,973
2832 : 752,815,900
2833 : 724,729,902
2834 : 877,880,902
2835 : 677,903,971
2836 : 688,743,903
2837 : 712,759,904
2838 : 680,776,906
2839 : 734,778,906
2840 : 690,907,925
2841 : 671,816,907
2842 : 697,769,908
2843 : 846,908,927
2844 : 792,909,948
2845 : 755,910,924
2846 : 717,810,910
2847 : 685,834,910
2848 : 734,911,954
2849 : 860,900,911
2850 : 870,911,922
2851 : 772,912,952
2852 : 776,912,991
2853 : 723,842,913
2854 : 730,913,924
2855 : 880,913,984
2856 : 712,914,975
2857 : 684,840,914
2858 : 720,852,915
2859 : 795,916,983
2860 : 768,917,918
2861 : 749,917,966
2862 : 776,784,918
2863 : 756,851,918
2864 : 713,880,919
2865 : 698,762,920
2866 : 800,920,989
2867 : 669,813,920
2868 : 783,921,939
2869 : 723,887,921
2870 : 758,831,922
2871 : 832,903,922
2872 : 683,776,924
2873 : 793,889,924
2874 : 826,869,924
2875 : 907,919,925
2876 : 925,993,1000
2877 : 679,900,926
2878 : 736,894,927
2879 : 927,928,967
2880 : 793,927,988
2881 : 770,869,928
2882 : 870,895,928
2883 : 899,928,984
2884 : 759,792,929
2885 : 852,929,940
2886 : 750,916,930
2887 : 741,749,931
2888 : 786,863,932
2889 : 676,780,933
2890 : 768,933,954
2891 : 705,748,934
2892 : 794,880,934
2893 : 727,842,934
2894 : 730,934,939
2895 : 935,942,961
2896 : 792,846,937
2897 : 734,902,937
2898 : 911,919,937
2899 : 876,938,963
2900 : 925,938,952
2901 : 725,939,970
2902 : 769,794,939
2903 : 772,849,939
2904 : 857,940,967
2905 : 941,944,954
2906 : 673,840,942
2907 : 839,859,943
2908 : 929,943,965
2909 : 809,887,945
2910 : 891,945,993
2911 : 881,942,945
2912 : 852,944,947
2913 : 882,947,969
2914 : 678,725,948
2915 : 673,822,950
2916 : 799,906,950
2917 : 874,885,952
2918 : 707,953,962
2919 : 878,901,954
2920 : 684,779,955
2921 : 878,888,956
2922 : 729,797,958
2923 : 735,871,958
2924 : 715,780,958
2925 : 761,863,958
2926 : 803,913,958
2927 : 903,947,959
2928 : 713,773,961
2929 : 675,706,962
2930 : 733,962,974
2931 : 803,832,962
2932 : 961,962,986
2933 : 795,865,963
2934 : 858,908,963
2935 : 743,963,970
2936 : 811,953,964
2937 : 778,891,965
2938 : 792,933,965
2939 : 709,801,965
2940 : 671,810,967
2941 : 783,838,968
2942 : 714,806,970
2943 : 840,857,970
2944 : 681,880,970
2945 : 686,733,971
2946 : 916,971,983
2947 : 829,943,971
2948 : 808,908,972
2949 : 700,973,982
2950 : 726,816,973
2951 : 755,756,973
2952 : 844,846,974
2953 : 762,812,975
2954 : 836,950,975
2955 : 671,873,976
2956 : 750,809,976
2957 : 880,963,976
2958 : 752,830,977
2959 : 681,755,978
2960 : 794,860,978
2961 : 789,840,978
2962 : 726,901,979
2963 : 829,979,990
2964 : 731,961,982
2965 : 746,757,984
2966 : 849,985,991
2967 : 692,948,986
2968 : 687,746,986
2969 : 935,960,986
2970 : 673,743,988
2971 : 714,770,989
2972 : 724,810,989
2973 : 824,864,989
2974 : 746,830,990
2975 : 781,978,990
2976 : 752,793,990
2977 : 919,952,990
2978 : 752,952,991
2979 : 710,952,991
2980 : 824,906,992
2981 : 778,855,992
2982 : 839,926,992
2983 : 945,973,992
2984 : 753,856,996
2985 : 888,922,996
2986 : 820,996,1000
2987 : 766,844,997
2988 : 793,982,997
2989 : 671,719,998
2990 : 791,883,998
2991 : 739,803,999
2992 : 884,933,999
2993 : 805,948,1000
2994 : 849,902,1000
2995 : 82,159,172
