1001 : 1,208,233
1002 : 1,102,224
1003 : 2,71,324
1004 : 2,236,340
1005 : 3,201,212
1006 : 3,345,467
1007 : 4,26,133
1008 : 4,23,303
1009 : 4,228,488
1010 : 7,100,452
1011 : 7,188,284
1012 : 7,250,380
1013 : 8,81,224
1014 : 8,297,397
1015 : 9,167,223
1016 : 9,194,412
1017 : 11,34,433
1018 : 11,144,316
1019 : 12,254,309
1020 : 11,13,224
1021 : 13,312,491
1022 : 14,206,417
1023 : 14,426,430
1024 : 14,436,439
1025 : 14,448,495
1026 : 15,48,346
1027 : 15,238,427
1028 : 16,136,308
1029 : 1,17,203
1030 : 17,212,231
1031 : 17,184,417
1032 : 19,84,492
1033 : 19,159,231
1034 : 19,300,309
1035 : 19,94,461
1036 : 19,464,487
1037 : 21,74,488
1038 : 22,185,314
1039 : 22,304,426
1040 : 24,84,286
1041 : 24,382,423
1042 : 24,74,473
1043 : 22,25,135
1044 : 26,52,93
1045 : 26,106,118
1046 : 26,56,315
1047 : 23,27,71
1048 : 2,27,111
1049 : 28,202,481
1050 : 28,264,287
1051 : 28,270,382
1052 : 28,348,456
1053 : 29,243,468
1054 : 30,36,346
1055 : 31,48,478
1056 : 32,175,325
1057 : 32,373,396
1058 : 24,32,420
1059 : 32,433,460
1060 : 33,193,240
1061 : 34,94,219
1062 : 37,127,170
1063 : 37,262,411
1064 : 37,308,364
1065 : 37,131,420
1066 : 38,248,312
1067 : 39,153,288
1068 : 39,426,434
1069 : 18,39,494
1070 : 5,40,250
1071 : 27,41,92
1072 : 41,317,489
1073 : 41,219,352
1074 : 42,76,119
1075 : 42,282,425
1076 : 45,54,158
1077 : 45,80,226
1078 : 45,139,178
1079 : 8,45,177
1080 : 45,278,305
1081 : 46,240,262
1082 : 40,46,322
1083 : 17,47,303
1084 : 47,138,360
1085 : 6,49,218
1086 : 49,209,277
1087 : 50,229,336
1088 : 51,75,140
1089 : 51,133,496
1090 : 52,110,302
1091 : 53,117,144
1092 : 53,430,485
1093 : 24,57,424
1094 : 57,74,439
1095 : 58,206,491
1096 : 59,197,402
1097 : 43,60,481
1098 : 60,164,343
1099 : 60,407,442
1100 : 61,74,207
1101 : 61,334,477
1102 : 24,61,379
1103 : 21,59,62
1104 : 62,86,143
1105 : 62,409,418
1106 : 63,107,293
1107 : 64,111,451
1108 : 50,64,113
1109 : 15,51,65
1110 : 22,65,472
1111 : 67,281,475
1112 : 68,201,419
1113 : 68,285,287
1114 : 68,396,495
1115 : 32,65,70
1116 : 70,334,461
1117 : 71,102,477
1118 : 71,166,229
1119 : 71,309,472
1120 : 72,137,444
1121 : 6,72,192
1122 : 72,290,497
1123 : 73,87,103
1124 : 73,310,351
1125 : 74,161,262
1126 : 75,345,490
1127 : 76,263,339
1128 : 77,229,324
1129 : 78,88,161
1130 : 34,78,448
1131 : 79,118,283
1132 : 79,127,231
1133 : 79,206,275
1134 : 61,79,279
1135 : 79,214,364
1136 : 24,80,108
1137 : 50,80,411
1138 : 80,165,463
1139 : 80,205,380
1140 : 82,130,174
1141 : 82,102,396
1142 : 83,235,375
1143 : 1,37,85
1144 : 22,85,212
1145 : 85,286,497
1146 : 63,86,165
1147 : 86,246,290
1148 : 86,400,445
1149 : 35,88,204
1150 : 46,88,227
1151 : 6,88,329
1152 : 89,206,453
1153 : 89,172,258
1154 : 90,397,403
1155 : 90,379,499
1156 : 17,92,370
1157 : 92,216,307
1158 : 59,93,260
1159 : 93,313,336
1160 : 94,105,139
1161 : 94,109,113
1162 : 94,258,337
1163 : 94,371,495
1164 : 73,95,319
1165 : 95,224,437
1166 : 96,224,366
1167 : 96,243,296
1168 : 97,130,240
1169 : 97,243,466
1170 : 97,316,329
1171 : 98,137,146
1172 : 98,283,391
1173 : 82,99,347
1174 : 95,99,381
1175 : 93,100,274
1176 : 102,360,368
1177 : 79,103,224
1178 : 88,103,187
1179 : 103,345,476
1180 : 66,104,269
1181 : 104,318,441
1182 : 105,179,303
1183 : 105,139,334
1184 : 99,108,268
1185 : 108,434,468
1186 : 85,108,469
1187 : 109,383,441
1188 : 109,286,434
1189 : 89,110,441
1190 : 110,156,337
1191 : 110,299,317
1192 : 111,113,391
1193 : 111,198,234
1194 : 113,118,323
1195 : 72,114,389
1196 : 101,114,379
1197 : 108,115,222
1198 : 64,116,246
1199 : 117,211,311
1200 : 45,117,390
1201 : 118,183,266
1202 : 118,255,450
1203 : 118,245,411
1204 : 118,376,457
1205 : 54,117,119
1206 : 119,211,262
1207 : 97,120,258
1208 : 120,173,192
1209 : 101,112,121
1210 : 122,346,402
1211 : 122,207,414
1212 : 105,123,137
1213 : 123,184,335
1214 : 123,381,390
1215 : 34,44,124
1216 : 82,126,232
1217 : 75,102,127
1218 : 20,127,224
1219 : 127,397,426
1220 : 128,154,468
1221 : 128,268,483
1222 : 62,130,155
1223 : 130,270,348
1224 : 131,370,485
1225 : 131,429,473
1226 : 132,134,372
1227 : 133,267,494
1228 : 135,190,448
1229 : 136,280,488
1230 : 28,137,500
1231 : 138,192,332
1232 : 138,145,439
1233 : 138,405,452
1234 : 138,174,467
1235 : 37,139,404
1236 : 62,139,161
1237 : 139,142,213
1238 : 139,232,431
1239 : 141,259,406
1240 : 68,102,143
1241 : 143,218,384
1242 : 98,118,145
1243 : 145,276,336
1244 : 146,193,249
1245 : 105,147,315
1246 : 147,428,490
1247 : 122,149,211
1248 : 59,149,304
1249 : 117,149,437
1250 : 61,92,150
1251 : 50,139,152
1252 : 152,400,454
1253 : 4,18,153
1254 : 92,154,404
1255 : 154,387,471
1256 : 102,138,157
1257 : 158,256,377
1258 : 159,275,351
1259 : 116,124,160
1260 : 160,295,362
1261 : 160,300,400
1262 : 161,256,397
1263 : 163,334,446
1264 : 5,164,399
1265 : 165,367,433
1266 : 103,167,301
1267 : 111,115,167
1268 : 167,202,473
1269 : 35,39,168
1270 : 165,169,442
1271 : 79,169,460
1272 : 28,170,295
1273 : 170,308,336
1274 : 106,124,171
1275 : 172,380,389
1276 : 162,172,404
1277 : 51,122,173
1278 : 174,216,305
1279 : 175,253,391
1280 : 34,128,176
1281 : 177,366,413
1282 : 9,41,178
1283 : 158,178,484
1284 : 176,180,224
1285 : 180,290,306
1286 : 180,364,444
1287 : 150,180,392
1288 : 16,104,181
1289 : 129,181,432
1290 : 175,182,190
1291 : 35,184,347
1292 : 32,186,191
1293 : 137,186,202
1294 : 186,337,378
1295 : 186,328,354
1296 : 180,187,193
1297 : 174,187,267
1298 : 59,112,189
1299 : 167,190,489
1300 : 65,191,235
1301 : 191,236,250
1302 : 191,255,431
1303 : 146,192,421
1304 : 139,192,412
1305 : 83,156,193
1306 : 93,193,408
1307 : 193,322,335
1308 : 193,293,390
1309 : 62,195,284
1310 : 79,157,196
1311 : 196,258,320
1312 : 196,277,406
1313 : 197,335,469
1314 : 120,155,198
1315 : 88,137,198
1316 : 80,198,271
1317 : 125,198,437
1318 : 200,248,282
1319 : 116,197,202
1320 : 178,203,295
1321 : 204,226,292
1322 : 204,264,297
1323 : 96,124,208
1324 : 208,332,435
1325 : 188,210,315
1326 : 210,305,453
1327 : 212,400,403
1328 : 214,234,314
1329 : 17,100,216
1330 : 216,364,420
1331 : 91,205,217
1332 : 158,214,217
1333 : 67,118,218
1334 : 26,218,458
1335 : 17,219,417
1336 : 108,219,311
1337 : 134,220,248
1338 : 220,314,470
1339 : 95,220,372
1340 : 58,221,407
1341 : 51,222,369
1342 : 55,175,223
1343 : 223,463,492
1344 : 183,211,224
1345 : 224,301,412
1346 : 140,225,288
1347 : 225,330,394
1348 : 226,284,309
1349 : 47,226,387
1350 : 227,283,394
1351 : 45,227,312
1352 : 17,228,272
1353 : 228,348,386
1354 : 229,338,427
1355 : 151,230,342
1356 : 214,230,454
1357 : 100,231,480
1358 : 231,310,316
1359 : 79,233,338
1360 : 233,361,394
1361 : 227,235,312
1362 : 35,235,371
1363 : 146,235,435
1364 : 235,391,459
1365 : 86,215,236
1366 : 152,237,435
1367 : 237,405,408
1368 : 160,238,258
1369 : 238,244,302
1370 : 101,137,239
1371 : 222,239,355
1372 : 122,215,240
1373 : 37,239,241
1374 : 224,226,241
1375 : 241,283,489
1376 : 139,243,435
1377 : 150,243,320
1378 : 243,264,499
1379 : 243,292,321
1380 : 118,140,244
1381 : 157,244,397
1382 : 66,222,244
1383 : 228,244,273
1384 : 67,231,245
1385 : 157,245,460
1386 : 147,246,255
1387 : 216,246,406
1388 : 247,284,335
1389 : 47,169,249
1390 : 249,276,439
1391 : 186,249,415
1392 : 211,250,414
1393 : 215,250,372
1394 : 250,482,494
1395 : 44,251,368
1396 : 251,431,437
1397 : 167,252,467
1398 : 69,253,417
1399 : 19,253,457
1400 : 253,428,473
1401 : 253,471,485
1402 : 89,121,254
1403 : 16,255,424
1404 : 122,170,255
1405 : 95,256,463
1406 : 256,428,446
1407 : 136,257,364
1408 : 257,333,419
1409 : 243,258,473
1410 : 32,252,258
1411 : 259,278,300
1412 : 259,377,451
1413 : 156,261,460
1414 : 166,200,263
1415 : 183,264,376
1416 : 169,186,264
1417 : 171,264,285
1418 : 89,264,329
1419 : 163,260,266
1420 : 66,266,379
1421 : 133,239,267
1422 : 267,404,420
1423 : 11,268,345
1424 : 75,268,376
1425 : 82,269,311
1426 : 9,269,499
1427 : 270,285,289
1428 : 144,270,484
1429 : 32,56,272
1430 : 272,307,454
1431 : 13,223,273
1432 : 45,273,455
1433 : 24,104,274
1434 : 11,161,274
1435 : 124,274,339
1436 : 216,274,382
1437 : 46,275,385
1438 : 85,277,463
1439 : 277,323,374
1440 : 278,467,489
1441 : 171,279,383
1442 : 279,343,455
1443 : 49,280,472
1444 : 75,278,281
1445 : 38,257,281
1446 : 23,224,282
1447 : 50,63,282
1448 : 98,160,282
1449 : 65,283,481
1450 : 59,121,284
1451 : 148,227,284
1452 : 221,233,285
1453 : 167,286,443
1454 : 163,286,483
1455 : 166,209,287
1456 : 122,190,287
1457 : 106,274,291
1458 : 169,292,398
1459 : 230,271,292
1460 : 59,293,299
1461 : 190,293,445
1462 : 46,293,457
1463 : 294,432,473
1464 : 75,294,485
1465 : 16,69,295
1466 : 175,188,295
1467 : 275,295,378
1468 : 295,342,430
1469 : 20,247,296
1470 : 296,391,395
1471 : 296,397,459
1472 : 254,296,496
1473 : 27,72,297
1474 : 58,221,297
1475 : 45,279,298
1476 : 81,299,372
1477 : 299,324,357
1478 : 113,299,360
1479 : 129,244,300
1480 : 40,301,475
1481 : 254,303,450
1482 : 139,304,334
1483 : 171,216,304
1484 : 230,306,425
1485 : 293,307,483
1486 : 198,308,345
1487 : 40,309,439
1488 : 309,354,365
1489 : 200,309,393
1490 : 278,310,380
1491 : 59,127,311
1492 : 42,137,311
1493 : 159,311,347
1494 : 201,297,311
1495 : 312,320,336
1496 : 312,392,492
1497 : 14,286,313
1498 : 51,282,313
1499 : 315,395,417
1500 : 178,316,470
1501 : 59,317,345
1502 : 318,326,454
1503 : 24,187,319
1504 : 32,110,320
1505 : 200,320,395
1506 : 18,29,321
1507 : 273,322,377
1508 : 81,178,323
1509 : 323,378,427
1510 : 30,324,398
1511 : 310,324,383
1512 : 324,470,496
1513 : 188,306,325
1514 : 225,250,325
1515 : 279,321,325
1516 : 99,155,326
1517 : 253,323,326
1518 : 56,232,327
1519 : 98,327,498
1520 : 189,212,328
1521 : 328,477,492
1522 : 171,329,391
1523 : 329,377,428
1524 : 2,88,330
1525 : 213,303,330
1526 : 76,331,411
1527 : 97,193,331
1528 : 37,121,332
1529 : 191,332,465
1530 : 13,290,332
1531 : 226,333,420
1532 : 105,267,334
1533 : 284,334,415
1534 : 269,295,334
1535 : 297,334,453
1536 : 275,336,496
1537 : 7,335,336
1538 : 336,355,371
1539 : 336,355,387
1540 : 325,336,491
1541 : 56,113,337
1542 : 18,215,337
1543 : 255,337,386
1544 : 73,337,460
1545 : 173,329,338
1546 : 134,207,339
1547 : 331,340,365
1548 : 235,340,395
1549 : 286,340,482
1550 : 18,258,342
1551 : 30,79,342
1552 : 318,342,451
1553 : 91,343,493
1554 : 343,386,411
1555 : 53,344,389
1556 : 345,427,459
1557 : 226,247,347
1558 : 52,60,349
1559 : 350,379,441
1560 : 13,126,352
1561 : 121,182,352
1562 : 53,352,386
1563 : 21,230,354
1564 : 27,221,354
1565 : 207,354,410
1566 : 118,127,355
1567 : 115,356,438
1568 : 73,356,374
1569 : 356,416,489
1570 : 213,330,357
1571 : 357,425,453
1572 : 153,357,448
1573 : 358,396,399
1574 : 94,358,499
1575 : 34,224,359
1576 : 59,298,359
1577 : 114,360,429
1578 : 187,304,360
1579 : 113,361,392
1580 : 148,158,361
1581 : 185,361,437
1582 : 48,328,361
1583 : 16,334,361
1584 : 322,361,430
1585 : 101,361,488
1586 : 22,330,362
1587 : 25,362,426
1588 : 103,362,430
1589 : 221,271,363
1590 : 363,437,489
1591 : 292,364,468
1592 : 29,249,365
1593 : 251,365,366
1594 : 365,367,481
1595 : 31,366,453
1596 : 21,277,367
1597 : 73,156,368
1598 : 19,369,376
1599 : 57,302,371
1600 : 138,240,371
1601 : 127,154,371
1602 : 114,292,372
1603 : 69,177,373
1604 : 4,225,374
1605 : 135,276,375
1606 : 375,409,417
1607 : 10,219,376
1608 : 126,376,397
1609 : 376,427,441
1610 : 16,376,474
1611 : 148,376,499
1612 : 20,48,377
1613 : 183,313,377
1614 : 377,396,454
1615 : 379,412,500
1616 : 118,379,381
1617 : 318,381,493
1618 : 73,367,381
1619 : 126,338,382
1620 : 328,358,385
1621 : 338,346,386
1622 : 356,386,423
1623 : 218,387,494
1624 : 310,388,493
1625 : 381,389,430
1626 : 35,167,390
1627 : 90,335,390
1628 : 61,117,391
1629 : 219,369,391
1630 : 214,391,416
1631 : 162,167,392
1632 : 335,392,415
1633 : 266,392,399
1634 : 47,372,393
1635 : 88,258,394
1636 : 127,308,395
1637 : 14,396,432
1638 : 87,243,396
1639 : 87,396,467
1640 : 37,318,396
1641 : 194,267,397
1642 : 265,363,397
1643 : 19,170,398
1644 : 315,334,399
1645 : 34,259,400
1646 : 103,400,486
1647 : 139,339,400
1648 : 146,267,400
1649 : 208,400,456
1650 : 383,384,401
1651 : 65,86,403
1652 : 68,322,403
1653 : 274,388,403
1654 : 295,337,404
1655 : 45,388,404
1656 : 210,404,493
1657 : 245,405,490
1658 : 132,374,406
1659 : 168,194,406
1660 : 215,406,431
1661 : 125,279,407
1662 : 339,407,481
1663 : 289,407,418
1664 : 355,408,432
1665 : 221,234,409
1666 : 15,248,409
1667 : 62,379,410
1668 : 144,410,447
1669 : 19,49,411
1670 : 76,174,412
1671 : 231,399,412
1672 : 217,266,413
1673 : 60,406,413
1674 : 62,338,414
1675 : 200,414,432
1676 : 281,414,460
1677 : 364,414,497
1678 : 53,167,415
1679 : 74,349,415
1680 : 324,415,434
1681 : 157,415,422
1682 : 118,183,416
1683 : 78,417,445
1684 : 211,214,417
1685 : 228,314,417
1686 : 42,296,417
1687 : 184,343,418
1688 : 142,241,419
1689 : 222,390,419
1690 : 330,419,500
1691 : 212,376,419
1692 : 333,420,471
1693 : 17,390,421
1694 : 158,277,421
1695 : 35,179,422
1696 : 10,146,423
1697 : 12,156,423
1698 : 26,120,423
1699 : 207,294,424
1700 : 25,152,425
1701 : 253,425,493
1702 : 268,289,427
1703 : 319,429,441
1704 : 103,281,431
1705 : 324,431,449
1706 : 164,412,432
1707 : 18,433,494
1708 : 90,348,433
1709 : 15,433,445
1710 : 38,434,478
1711 : 240,347,434
1712 : 222,435,493
1713 : 16,431,436
1714 : 69,163,437
1715 : 310,371,438
1716 : 165,414,438
1717 : 22,438,458
1718 : 12,198,439
1719 : 313,346,439
1720 : 229,359,439
1721 : 150,275,440
1722 : 255,425,440
1723 : 342,440,494
1724 : 132,441,442
1725 : 245,443,491
1726 : 334,443,478
1727 : 442,443,474
1728 : 88,444,465
1729 : 24,57,445
1730 : 92,443,445
1731 : 366,433,445
1732 : 267,319,446
1733 : 369,447,449
1734 : 101,200,448
1735 : 291,384,449
1736 : 73,250,450
1737 : 146,219,450
1738 : 386,450,494
1739 : 203,244,452
1740 : 350,364,452
1741 : 438,452,463
1742 : 43,430,454
1743 : 204,321,454
1744 : 235,266,454
1745 : 20,275,455
1746 : 47,303,455
1747 : 311,455,460
1748 : 146,417,455
1749 : 353,455,459
1750 : 118,363,456
1751 : 310,456,489
1752 : 13,193,457
1753 : 413,458,475
1754 : 36,459,493
1755 : 17,459,483
1756 : 51,362,460
1757 : 188,397,460
1758 : 158,257,460
1759 : 40,185,461
1760 : 281,287,461
1761 : 311,461,474
1762 : 123,130,463
1763 : 168,205,464
1764 : 213,434,464
1765 : 241,464,489
1766 : 75,336,465
1767 : 242,344,465
1768 : 155,255,466
1769 : 290,338,466
1770 : 321,337,466
1771 : 127,468,480
1772 : 388,415,471
1773 : 10,262,472
1774 : 54,284,472
1775 : 299,356,472
1776 : 150,387,473
1777 : 105,198,473
1778 : 63,216,474
1779 : 390,455,474
1780 : 273,404,475
1781 : 168,417,475
1782 : 27,475,485
1783 : 223,476,479
1784 : 82,136,477
1785 : 146,443,477
1786 : 91,433,477
1787 : 278,415,478
1788 : 180,426,479
1789 : 282,479,493
1790 : 335,363,479
1791 : 50,124,481
1792 : 67,233,481
1793 : 189,205,481
1794 : 48,122,483
1795 : 99,103,483
1796 : 13,112,483
1797 : 166,432,483
1798 : 29,100,486
1799 : 331,450,486
1800 : 385,486,495
1801 : 32,282,487
1802 : 245,281,487
1803 : 38,225,489
1804 : 59,379,489
1805 : 41,75,489
1806 : 240,298,489
1807 : 205,394,491
1808 : 102,260,491
1809 : 352,387,491
1810 : 361,408,491
1811 : 88,385,494
1812 : 142,332,495
1813 : 32,395,496
1814 : 14,223,497
1815 : 170,318,497
1816 : 151,199,498
1817 : 156,269,500
1818 : 2,382,704
1819 : 6,430,630
1820 : 19,211,602
1821 : 22,192,520
1822 : 17,39,664
1823 : 42,134,803
1824 : 45,363,783
1825 : 88,108,594
1826 : 93,347,947
1827 : 96,154,869
1828 : 98,284,601
1829 : 101,208,837
1830 : 102,207,870
1831 : 104,349,877
1832 : 105,181,845
1833 : 112,277,923
1834 : 77,140,828
1835 : 62,154,996
1836 : 153,164,661
1837 : 129,190,593
1838 : 208,218,927
1839 : 213,400,967
1840 : 25,225,981
1841 : 148,235,665
1842 : 237,370,891
1843 : 12,239,764
1844 : 119,240,616
1845 : 175,248,846
1846 : 77,251,758
1847 : 230,252,818
1848 : 267,457,899
1849 : 23,281,983
1850 : 284,297,670
1851 : 216,295,624
1852 : 308,446,579
1853 : 36,317,980
1854 : 350,440,939
1855 : 311,357,855
1856 : 284,382,582
1857 : 37,394,543
1858 : 270,406,976
1859 : 308,415,861
1860 : 294,432,637
1861 : 369,438,759
1862 : 398,441,850
1863 : 320,450,742
1864 : 129,451,710
1865 : 246,452,957
1866 : 86,462,595
1867 : 355,488,520
1868 : 432,490,899
1869 : 10,109,505
1870 : 14,51,736
1871 : 14,342,740
1872 : 24,243,665
1873 : 30,492,763
1874 : 34,403,668
1875 : 37,359,724
1876 : 50,424,560
1877 : 54,243,680
1878 : 59,381,667
1879 : 62,349,874
1880 : 80,426,713
1881 : 14,97,670
1882 : 97,144,771
1883 : 99,419,575
1884 : 100,189,849
1885 : 101,482,627
1886 : 20,101,792
1887 : 109,416,603
1888 : 111,216,757
1889 : 115,495,570
1890 : 119,346,941
1891 : 123,370,521
1892 : 132,317,685
1893 : 133,339,791
1894 : 130,140,965
1895 : 156,177,768
1896 : 193,206,706
1897 : 197,242,535
1898 : 209,440,512
1899 : 209,248,696
1900 : 169,222,877
1901 : 38,232,583
1902 : 224,232,648
1903 : 32,237,822
1904 : 238,423,653
1905 : 240,368,661
1906 : 113,257,862
1907 : 240,270,625
1908 : 170,278,503
1909 : 167,279,521
1910 : 66,288,503
1911 : 184,294,649
1912 : 224,300,642
1913 : 309,408,738
1914 : 196,311,720
1915 : 335,380,586
1916 : 186,347,666
1917 : 69,348,952
1918 : 352,483,929
1919 : 100,358,667
1920 : 366,479,735
1921 : 283,383,569
1922 : 381,389,771
1923 : 389,424,824
1924 : 44,393,946
1925 : 229,398,696
1926 : 22,398,737
1927 : 229,399,734
1928 : 366,399,737
1929 : 379,399,931
1930 : 366,403,583
1931 : 203,412,932
1932 : 360,416,832
1933 : 50,425,644
1934 : 198,427,501
1935 : 49,443,616
1936 : 32,449,767
1937 : 420,450,975
1938 : 208,457,698
1939 : 68,461,779
1940 : 72,480,760
1941 : 336,490,888
1942 : 25,491,579
1943 : 89,494,796
1944 : 6,529,698
1945 : 8,724,740
1946 : 10,716,954
1947 : 11,710,988
1948 : 22,552,708
1949 : 33,859,913
1950 : 37,572,747
1951 : 42,707,863
1952 : 47,697,757
1953 : 59,873,986
1954 : 69,503,661
1955 : 71,768,825
1956 : 80,519,955
1957 : 82,513,655
1958 : 107,681,950
1959 : 107,887,901
1960 : 120,773,803
1961 : 126,714,818
1962 : 127,632,655
1963 : 138,647,764
1964 : 150,662,817
1965 : 150,717,876
1966 : 151,786,978
1967 : 156,650,864
1968 : 179,576,793
1969 : 183,561,849
1970 : 194,963,988
1971 : 207,789,842
1972 : 208,576,930
1973 : 212,534,653
1974 : 218,574,852
1975 : 241,672,908
1976 : 249,633,718
1977 : 250,815,883
1978 : 260,699,939
1979 : 269,820,999
1980 : 273,606,862
1981 : 284,944,992
1982 : 289,884,964
1983 : 291,538,960
1984 : 302,566,589
1985 : 308,627,981
1986 : 312,773,880
1987 : 321,518,598
1988 : 333,639,739
1989 : 350,918,999
1990 : 355,810,829
1991 : 356,593,843
1992 : 388,802,841
1993 : 389,582,931
1994 : 390,587,741
1995 : 395,574,588
1996 : 395,721,779
1997 : 398,651,698
1998 : 403,630,638
1999 : 409,641,771
2000 : 415,674,888
2001 : 418,748,952
2002 : 430,751,879
2003 : 433,612,748
2004 : 439,652,655
2005 : 442,763,820
2006 : 443,512,885
2007 : 454,572,958
2008 : 462,514,670
2009 : 472,828,943
2010 : 496,768,973
2011 : 500,713,913
2012 : 3,205,501
2013 : 35,84,505
2014 : 368,376,512
2015 : 42,294,513
2016 : 43,354,547
2017 : 237,392,557
2018 : 402,494,559
2019 : 296,354,574
2020 : 15,440,583
2021 : 184,285,584
2022 : 37,327,593
2023 : 319,450,604
2024 : 226,293,605
2025 : 249,371,626
2026 : 381,439,627
2027 : 97,451,637
2028 : 19,156,650
2029 : 184,452,655
2030 : 422,481,661
2031 : 69,424,662
2032 : 231,463,664
2033 : 182,404,670
2034 : 1,278,675
2035 : 273,455,684
2036 : 26,389,685
2037 : 367,417,692
2038 : 413,414,693
2039 : 136,162,697
2040 : 127,494,697
2041 : 231,344,706
2042 : 135,309,713
2043 : 15,380,721
2044 : 56,156,723
2045 : 164,352,723
2046 : 140,325,725
2047 : 56,391,731
2048 : 28,157,733
2049 : 88,442,735
2050 : 121,234,741
2051 : 50,465,755
2052 : 350,419,766
2053 : 223,355,769
2054 : 376,458,782
2055 : 325,418,787
2056 : 216,220,789
2057 : 266,452,792
2058 : 132,474,796
2059 : 15,141,808
2060 : 182,288,825
2061 : 12,271,853
2062 : 66,95,878
2063 : 41,139,890
2064 : 417,427,894
2065 : 245,437,901
2066 : 23,432,914
2067 : 5,316,924
2068 : 217,478,930
2069 : 394,395,932
2070 : 103,119,936
2071 : 182,326,962
2072 : 166,169,968
2073 : 43,222,982
2074 : 184,229,983
2075 : 89,184,984
2076 : 92,455,989
2077 : 178,343,991
2078 : 378,467,994
2079 : 205,386,996
2080 : 19,513,976
2081 : 215,515,908
2082 : 386,515,779
2083 : 396,527,541
2084 : 209,532,674
2085 : 195,537,887
2086 : 219,545,990
2087 : 394,547,694
2088 : 177,564,614
2089 : 220,572,983
2090 : 159,579,990
2091 : 356,579,861
2092 : 407,534,582
2093 : 301,585,623
2094 : 302,550,585
2095 : 366,514,597
2096 : 429,601,862
2097 : 38,620,624
2098 : 464,634,690
2099 : 444,637,856
2100 : 226,516,639
2101 : 76,643,923
2102 : 304,647,786
2103 : 264,649,832
2104 : 447,649,773
2105 : 263,650,927
2106 : 131,603,652
2107 : 60,636,659
2108 : 147,661,962
2109 : 86,673,838
2110 : 498,673,961
2111 : 205,585,684
2112 : 286,566,684
2113 : 183,694,837
2114 : 125,612,705
2115 : 78,714,749
2116 : 34,720,772
2117 : 107,733,956
2118 : 55,519,744
2119 : 57,745,921
2120 : 348,745,815
2121 : 457,760,894
2122 : 300,724,767
2123 : 347,626,774
2124 : 117,590,776
2125 : 312,779,875
2126 : 476,555,786
2127 : 446,608,788
2128 : 498,792,964
2129 : 389,725,805
2130 : 339,615,807
2131 : 462,813,987
2132 : 453,627,814
2133 : 119,569,818
2134 : 341,599,833
2135 : 480,835,843
2136 : 198,698,840
2137 : 204,845,848
2138 : 252,780,852
2139 : 432,855,918
2140 : 212,779,878
2141 : 14,552,884
2142 : 286,780,884
2143 : 265,881,897
2144 : 389,509,913
2145 : 27,813,921
2146 : 203,926,974
2147 : 195,908,934
2148 : 161,940,996
2149 : 270,646,943
2150 : 219,648,945
2151 : 334,614,969
2152 : 270,594,977
2153 : 228,951,981
2154 : 43,501,714
2155 : 369,505,532
2156 : 475,510,989
2157 : 319,517,768
2158 : 106,533,597
2159 : 406,555,689
2160 : 68,558,760
2161 : 116,559,583
2162 : 175,534,561
2163 : 85,592,735
2164 : 437,618,996
2165 : 229,624,727
2166 : 198,501,629
2167 : 22,546,633
2168 : 489,586,634
2169 : 135,527,635
2170 : 129,571,635
2171 : 183,557,644
2172 : 341,650,655
2173 : 401,650,681
2174 : 174,637,653
2175 : 391,676,813
2176 : 114,677,701
2177 : 431,676,681
2178 : 438,694,884
2179 : 451,701,703
2180 : 313,707,944
2181 : 399,687,711
2182 : 168,718,824
2183 : 446,530,721
2184 : 391,603,726
2185 : 134,708,726
2186 : 339,727,855
2187 : 108,606,743
2188 : 82,761,892
2189 : 207,539,763
2190 : 371,574,767
2191 : 43,673,767
2192 : 75,567,774
2193 : 83,591,788
2194 : 500,565,815
2195 : 334,641,817
2196 : 482,787,837
2197 : 3,587,841
2198 : 418,845,930
2199 : 390,663,848
2200 : 385,848,899
2201 : 395,791,860
2202 : 136,769,866
2203 : 236,868,936
2204 : 17,881,966
2205 : 254,716,901
2206 : 380,809,917
2207 : 466,598,918
2208 : 130,565,920
2209 : 170,634,933
2210 : 120,562,967
2211 : 41,900,970
2212 : 226,532,980
2213 : 122,575,992
2214 : 501,704,733
2215 : 502,565,764
2216 : 502,584,812
2217 : 502,760,992
2218 : 502,789,793
2219 : 502,817,924
2220 : 502,719,850
2221 : 503,566,584
2222 : 503,574,733
2223 : 503,662,927
2224 : 506,513,635
2225 : 506,544,652
2226 : 507,737,740
2227 : 507,861,920
2228 : 508,538,989
2229 : 508,613,723
2230 : 508,519,803
2231 : 508,854,941
2232 : 508,753,1000
2233 : 509,521,637
2234 : 509,762,777
2235 : 509,711,811
2236 : 511,620,696
2237 : 511,823,915
2238 : 513,905,947
2239 : 515,532,799
2240 : 517,634,789
2241 : 517,528,679
2242 : 518,522,856
2243 : 518,724,797
2244 : 518,798,844
2245 : 518,561,914
2246 : 518,916,937
2247 : 519,658,959
2248 : 519,661,768
2249 : 519,630,812
2250 : 503,521,981
2251 : 521,737,964
2252 : 522,887,990
2253 : 523,529,672
2254 : 524,531,751
2255 : 524,585,663
2256 : 524,633,820
2257 : 525,678,882
2258 : 525,646,924
2259 : 526,688,853
2260 : 528,904,983
2261 : 521,529,812
2262 : 530,609,619
2263 : 532,736,914
2264 : 533,794,845
2265 : 534,573,722
2266 : 535,558,760
2267 : 535,765,814
2268 : 536,689,966
2269 : 537,542,614
2270 : 537,682,781
2271 : 538,604,921
2272 : 521,538,694
2273 : 538,770,790
2274 : 520,541,886
2275 : 542,584,697
2276 : 520,543,792
2277 : 544,614,848
2278 : 544,695,934
2279 : 523,545,896
2280 : 545,621,739
2281 : 545,613,660
2282 : 545,662,778
2283 : 545,934,938
2284 : 545,815,940
2285 : 546,577,959
2286 : 502,546,870
2287 : 527,547,738
2288 : 549,769,944
2289 : 549,787,847
2290 : 549,858,875
2291 : 550,677,911
2292 : 550,588,719
2293 : 550,802,997
2294 : 531,540,551
2295 : 536,551,554
2296 : 551,589,668
2297 : 551,705,839
2298 : 552,602,997
2299 : 553,574,687
2300 : 505,554,893
2301 : 555,711,939
2302 : 556,688,793
2303 : 518,558,766
2304 : 558,613,849
2305 : 558,625,982
2306 : 539,558,742
2307 : 558,584,772
2308 : 558,587,815
2309 : 558,748,950
2310 : 559,651,750
2311 : 559,885,969
2312 : 560,687,801
2313 : 539,561,667
2314 : 562,584,729
2315 : 535,562,802
2316 : 562,617,930
2317 : 563,570,596
2318 : 563,661,690
2319 : 528,564,589
2320 : 569,804,893
2321 : 562,570,873
2322 : 571,756,942
2323 : 571,661,940
2324 : 572,712,732
2325 : 572,613,862
2326 : 573,825,864
2327 : 560,574,954
2328 : 577,949,970
2329 : 566,578,772
2330 : 578,611,669
2331 : 578,658,770
2332 : 507,578,700
2333 : 579,704,795
2334 : 579,700,710
2335 : 579,894,906
2336 : 580,759,916
2337 : 582,658,888
2338 : 583,599,978
2339 : 584,617,954
2340 : 584,761,860
2341 : 505,584,836
2342 : 584,684,965
2343 : 585,640,668
2344 : 586,730,755
2345 : 550,586,826
2346 : 531,590,855
2347 : 590,637,660
2348 : 591,717,903
2349 : 592,787,879
2350 : 592,652,818
2351 : 592,841,847
2352 : 592,663,943
2353 : 593,717,900
2354 : 594,634,858
2355 : 594,642,963
2356 : 596,626,643
2357 : 572,597,737
2358 : 598,800,954
2359 : 598,651,963
2360 : 586,599,910
2361 : 563,600,704
2362 : 601,637,879
2363 : 601,770,798
2364 : 601,900,948
2365 : 531,602,754
2366 : 604,916,960
2367 : 605,644,908
2368 : 567,585,606
2369 : 606,737,870
2370 : 606,770,797
2371 : 577,608,889
2372 : 608,884,893
2373 : 609,665,857
2374 : 609,726,872
2375 : 610,687,696
2376 : 610,791,941
2377 : 517,611,992
2378 : 613,637,860
2379 : 614,719,788
2380 : 615,811,967
2381 : 616,689,757
2382 : 616,926,974
2383 : 618,693,743
2384 : 578,618,934
2385 : 616,619,679
2386 : 619,729,793
2387 : 621,767,877
2388 : 597,621,957
2389 : 546,558,622
2390 : 563,622,934
2391 : 555,623,667
2392 : 623,760,861
2393 : 623,816,961
2394 : 586,624,749
2395 : 624,829,898
2396 : 595,625,713
2397 : 610,625,643
2398 : 625,650,730
2399 : 625,826,968
2400 : 626,627,785
2401 : 508,627,930
2402 : 521,627,649
2403 : 621,628,810
2404 : 628,711,807
2405 : 628,941,976
2406 : 543,629,842
2407 : 630,716,880
2408 : 508,539,631
2409 : 526,631,786
2410 : 620,632,874
2411 : 506,630,632
2412 : 554,633,825
2413 : 633,884,931
2414 : 634,807,923
2415 : 561,634,940
2416 : 635,654,816
2417 : 635,824,899
2418 : 636,830,959
2419 : 525,637,686
2420 : 570,637,768
2421 : 603,638,885
2422 : 514,639,873
2423 : 609,640,790
2424 : 571,641,763
2425 : 620,641,733
2426 : 529,531,643
2427 : 644,902,913
2428 : 622,645,826
2429 : 645,768,989
2430 : 646,862,938
2431 : 590,646,931
2432 : 647,882,898
2433 : 628,648,956
2434 : 570,649,801
2435 : 576,649,654
2436 : 574,582,650
2437 : 650,909,996
2438 : 636,653,862
2439 : 653,894,982
2440 : 525,655,946
2441 : 639,656,804
2442 : 572,656,939
2443 : 657,780,802
2444 : 640,657,940
2445 : 658,752,918
2446 : 658,725,792
2447 : 539,659,862
2448 : 599,662,743
2449 : 663,813,823
2450 : 513,664,916
2451 : 540,664,676
2452 : 664,672,732
2453 : 664,746,861
2454 : 529,665,768
2455 : 589,665,807
2456 : 665,730,869
2457 : 666,676,941
2458 : 667,745,802
2459 : 554,667,846
2460 : 668,683,919
2461 : 668,818,928
2462 : 523,552,669
2463 : 524,543,669
2464 : 669,795,946
2465 : 630,670,964
2466 : 544,670,704
2467 : 671,716,873
2468 : 510,671,777
2469 : 671,817,957
2470 : 575,660,673
2471 : 603,670,673
2472 : 673,944,992
2473 : 656,674,675
2474 : 674,750,754
2475 : 674,761,831
2476 : 675,696,824
2477 : 629,676,814
2478 : 676,776,905
2479 : 526,677,682
2480 : 554,677,776
2481 : 677,844,910
2482 : 677,745,928
2483 : 677,897,981
2484 : 656,678,941
2485 : 678,686,782
2486 : 678,714,894
2487 : 641,678,795
2488 : 679,887,955
2489 : 634,680,715
2490 : 680,788,965
2491 : 680,828,881
2492 : 533,681,786
2493 : 607,681,789
2494 : 556,683,962
2495 : 684,931,947
2496 : 529,687,972
2497 : 688,722,847
2498 : 645,689,690
2499 : 583,691,736
2500 : 691,743,771
2501 : 691,709,916
2502 : 568,660,692
2503 : 620,695,989
2504 : 510,695,824
2505 : 696,879,964
2506 : 599,700,720
2507 : 512,670,700
2508 : 508,699,700
2509 : 512,702,813
2510 : 641,702,902
2511 : 508,550,704
2512 : 704,717,790
2513 : 704,853,863
2514 : 528,705,926
2515 : 531,705,936
2516 : 567,683,705
2517 : 564,706,739
2518 : 706,760,837
2519 : 634,707,815
2520 : 707,825,912
2521 : 585,708,721
2522 : 651,708,982
2523 : 594,709,919
2524 : 582,710,729
2525 : 710,779,981
2526 : 563,641,711
2527 : 526,671,711
2528 : 542,712,721
2529 : 712,801,871
2530 : 712,863,994
2531 : 713,841,979
2532 : 662,688,714
2533 : 541,715,768
2534 : 687,715,871
2535 : 585,715,856
2536 : 715,972,975
2537 : 716,734,795
2538 : 684,717,976
2539 : 719,909,993
2540 : 612,651,720
2541 : 613,721,761
2542 : 724,765,819
2543 : 569,714,725
2544 : 646,725,970
2545 : 588,726,754
2546 : 726,863,963
2547 : 727,773,832
2548 : 727,870,873
2549 : 727,937,995
2550 : 554,562,729
2551 : 611,727,729
2552 : 729,748,880
2553 : 597,729,778
2554 : 729,828,880
2555 : 720,730,922
2556 : 730,733,811
2557 : 731,732,846
2558 : 515,531,732
2559 : 671,687,733
2560 : 733,863,927
2561 : 733,735,964
2562 : 580,734,736
2563 : 609,610,737
2564 : 614,737,850
2565 : 733,737,977
2566 : 570,578,738
2567 : 593,738,885
2568 : 670,738,833
2569 : 649,738,871
2570 : 562,739,967
2571 : 663,740,852
2572 : 740,865,961
2573 : 522,629,741
2574 : 590,641,741
2575 : 619,741,768
2576 : 524,741,887
2577 : 712,742,819
2578 : 718,742,916
2579 : 556,693,743
2580 : 575,744,757
2581 : 578,700,744
2582 : 745,749,750
2583 : 627,745,758
2584 : 693,745,929
2585 : 585,747,888
2586 : 510,746,749
2587 : 749,814,903
2588 : 733,751,884
2589 : 753,797,812
2590 : 571,754,979
2591 : 739,754,820
2592 : 754,791,878
2593 : 511,756,994
2594 : 555,756,860
2595 : 756,835,847
2596 : 756,884,976
2597 : 757,911,969
2598 : 759,909,975
2599 : 602,667,760
2600 : 642,695,761
2601 : 761,870,934
2602 : 633,761,932
2603 : 761,969,979
2604 : 726,763,992
2605 : 647,764,865
2606 : 515,765,842
2607 : 556,766,847
2608 : 764,766,792
2609 : 503,699,768
2610 : 701,769,888
2611 : 547,771,915
2612 : 717,771,790
2613 : 771,802,809
2614 : 772,890,919
2615 : 772,927,966
2616 : 501,773,785
2617 : 650,773,875
2618 : 670,773,928
2619 : 583,774,989
2620 : 527,686,774
2621 : 565,774,828
2622 : 708,774,850
2623 : 774,927,940
2624 : 696,699,775
2625 : 578,776,910
2626 : 652,777,827
2627 : 777,859,966
2628 : 666,778,816
2629 : 547,765,779
2630 : 779,803,986
2631 : 779,783,914
2632 : 605,780,869
2633 : 658,780,796
2634 : 780,857,979
2635 : 563,646,781
2636 : 544,763,781
2637 : 781,907,916
2638 : 718,782,902
2639 : 756,783,877
2640 : 783,904,935
2641 : 784,865,906
2642 : 784,805,933
2643 : 507,786,899
2644 : 786,939,947
2645 : 590,786,946
2646 : 596,787,820
2647 : 577,636,788
2648 : 642,788,819
2649 : 788,895,1000
2650 : 501,511,789
2651 : 698,789,851
2652 : 682,790,818
2653 : 790,832,937
2654 : 572,632,792
2655 : 513,794,814
2656 : 589,744,794
2657 : 621,668,794
2658 : 529,774,795
2659 : 570,795,834
2660 : 505,795,950
2661 : 608,673,796
2662 : 742,754,796
2663 : 556,796,1000
2664 : 506,647,797
2665 : 557,598,798
2666 : 689,740,798
2667 : 729,790,799
2668 : 568,732,800
2669 : 800,943,982
2670 : 503,751,801
2671 : 632,672,801
2672 : 514,802,966
2673 : 671,708,802
2674 : 520,802,948
2675 : 636,771,803
2676 : 581,804,892
2677 : 687,804,886
2678 : 627,805,987
2679 : 597,806,898
2680 : 712,809,956
2681 : 723,809,874
2682 : 606,810,862
2683 : 744,810,930
2684 : 572,697,813
2685 : 536,814,960
2686 : 551,680,814
2687 : 670,807,815
2688 : 575,764,816
2689 : 624,816,950
2690 : 753,817,857
2691 : 599,806,818
2692 : 813,818,871
2693 : 504,667,819
2694 : 648,820,829
2695 : 820,856,866
2696 : 794,821,927
2697 : 522,621,822
2698 : 651,751,822
2699 : 634,754,822
2700 : 822,833,940
2701 : 761,823,864
2702 : 597,825,883
2703 : 544,644,826
2704 : 826,894,986
2705 : 710,827,841
2706 : 827,843,906
2707 : 579,593,829
2708 : 704,809,829
2709 : 506,830,981
2710 : 832,938,953
2711 : 518,833,901
2712 : 833,836,916
2713 : 578,834,842
2714 : 644,835,867
2715 : 625,835,929
2716 : 674,836,927
2717 : 831,836,948
2718 : 571,838,866
2719 : 629,708,839
2720 : 502,839,851
2721 : 536,839,866
2722 : 526,761,840
2723 : 643,696,840
2724 : 780,840,897
2725 : 570,616,841
2726 : 621,797,841
2727 : 841,893,976
2728 : 841,895,948
2729 : 549,640,842
2730 : 576,667,842
2731 : 746,842,877
2732 : 791,807,842
2733 : 609,842,868
2734 : 648,663,843
2735 : 507,712,844
2736 : 526,844,864
2737 : 844,870,890
2738 : 688,844,946
2739 : 505,845,982
2740 : 703,766,846
2741 : 504,847,994
2742 : 847,897,903
2743 : 659,848,859
2744 : 848,953,983
2745 : 538,721,849
2746 : 826,849,893
2747 : 818,849,945
2748 : 566,772,850
2749 : 678,702,851
2750 : 684,746,852
2751 : 563,720,852
2752 : 505,852,901
2753 : 564,599,853
2754 : 552,626,854
2755 : 741,855,894
2756 : 715,740,856
2757 : 563,597,857
2758 : 700,743,857
2759 : 549,670,858
2760 : 669,858,965
2761 : 709,858,930
2762 : 636,685,859
2763 : 651,822,859
2764 : 631,861,940
2765 : 771,826,861
2766 : 757,861,866
2767 : 736,862,897
2768 : 504,862,944
2769 : 593,757,864
2770 : 627,659,864
2771 : 640,669,865
2772 : 681,865,933
2773 : 720,830,866
2774 : 757,866,893
2775 : 534,684,867
2776 : 527,869,941
2777 : 591,658,869
2778 : 538,790,869
2779 : 706,816,869
2780 : 576,867,870
2781 : 618,714,871
2782 : 632,768,871
2783 : 681,773,871
2784 : 838,871,983
2785 : 681,717,872
2786 : 744,872,925
2787 : 676,751,875
2788 : 649,754,875
2789 : 796,875,987
2790 : 548,701,876
2791 : 773,799,876
2792 : 731,832,876
2793 : 550,784,878
2794 : 558,815,878
2795 : 517,878,896
2796 : 580,878,897
2797 : 603,879,902
2798 : 880,908,971
2799 : 536,880,999
2800 : 633,666,881
2801 : 721,835,882
2802 : 705,821,883
2803 : 583,883,919
2804 : 512,884,975
2805 : 502,514,885
2806 : 504,885,951
2807 : 512,593,885
2808 : 645,781,885
2809 : 885,915,987
2810 : 514,681,887
2811 : 778,887,964
2812 : 695,850,887
2813 : 595,887,963
2814 : 734,888,999
2815 : 621,891,918
2816 : 731,804,891
2817 : 770,862,893
2818 : 701,893,1000
2819 : 845,894,928
2820 : 616,894,950
2821 : 801,895,907
2822 : 895,942,980
2823 : 683,895,989
2824 : 501,613,896
2825 : 525,896,908
2826 : 896,953,995
2827 : 504,799,898
2828 : 705,873,899
2829 : 700,712,901
2830 : 732,837,901
2831 : 559,901,967
2832 : 590,862,902
2833 : 604,713,902
2834 : 730,880,902
2835 : 524,899,902
2836 : 639,844,903
2837 : 787,904,988
2838 : 695,717,905
2839 : 900,905,994
2840 : 646,867,906
2841 : 573,906,965
2842 : 722,741,907
2843 : 556,602,908
2844 : 700,779,908
2845 : 752,839,908
2846 : 587,909,976
2847 : 656,909,968
2848 : 505,660,910
2849 : 667,910,938
2850 : 831,910,987
2851 : 615,855,911
2852 : 772,900,911
2853 : 546,913,961
2854 : 712,776,913
2855 : 567,662,915
2856 : 885,915,951
2857 : 578,692,916
2858 : 593,811,916
2859 : 567,621,917
2860 : 557,919,949
2861 : 702,749,919
2862 : 565,658,920
2863 : 671,750,920
2864 : 501,673,921
2865 : 787,891,921
2866 : 922,929,933
2867 : 637,646,923
2868 : 717,816,923
2869 : 752,923,974
2870 : 598,691,924
2871 : 648,784,924
2872 : 582,799,924
2873 : 815,911,925
2874 : 633,925,969
2875 : 565,794,926
2876 : 576,646,926
2877 : 587,798,926
2878 : 541,927,954
2879 : 729,864,927
2880 : 545,582,928
2881 : 728,925,929
2882 : 600,670,930
2883 : 561,892,930
2884 : 603,773,931
2885 : 613,714,931
2886 : 502,932,937
2887 : 566,722,933
2888 : 623,933,939
2889 : 641,831,933
2890 : 590,760,934
2891 : 606,743,934
2892 : 543,545,935
2893 : 654,868,935
2894 : 554,937,997
2895 : 512,581,937
2896 : 629,845,937
2897 : 741,784,938
2898 : 648,879,938
2899 : 571,722,939
2900 : 705,757,940
2901 : 756,886,940
2902 : 823,844,940
2903 : 514,941,944
2904 : 662,872,941
2905 : 705,941,991
2906 : 757,942,977
2907 : 514,714,943
2908 : 620,943,959
2909 : 506,715,945
2910 : 763,835,945
2911 : 610,945,972
2912 : 605,870,946
2913 : 502,643,947
2914 : 572,760,947
2915 : 715,921,947
2916 : 591,947,950
2917 : 632,741,948
2918 : 554,830,950
2919 : 569,637,950
2920 : 627,651,950
2921 : 591,862,951
2922 : 703,919,951
2923 : 821,860,951
2924 : 924,934,951
2925 : 542,952,982
2926 : 547,815,953
2927 : 545,668,954
2928 : 505,586,955
2929 : 525,956,982
2930 : 682,956,985
2931 : 635,936,957
2932 : 557,943,958
2933 : 632,867,958
2934 : 619,763,960
2935 : 656,797,960
2936 : 717,960,975
2937 : 694,962,981
2938 : 746,881,962
2939 : 687,964,992
2940 : 721,881,965
2941 : 966,996,999
2942 : 877,964,968
2943 : 713,725,970
2944 : 722,821,970
2945 : 717,788,970
2946 : 631,911,970
2947 : 659,970,985
2948 : 583,963,971
2949 : 665,825,973
2950 : 516,792,974
2951 : 596,601,974
2952 : 535,688,974
2953 : 790,930,974
2954 : 561,900,975
2955 : 583,771,975
2956 : 717,864,975
2957 : 529,586,976
2958 : 669,976,996
2959 : 564,730,977
2960 : 750,977,1000
2961 : 650,763,977
2962 : 555,825,979
2963 : 615,713,980
2964 : 555,595,982
2965 : 767,806,982
2966 : 839,903,982
2967 : 545,699,983
2968 : 656,886,983
2969 : 760,925,983
2970 : 851,865,984
2971 : 551,576,985
2972 : 588,915,985
2973 : 631,703,985
2974 : 612,758,986
2975 : 625,980,987
2976 : 903,910,987
2977 : 882,983,987
2978 : 597,600,988
2979 : 792,970,988
2980 : 595,611,989
2981 : 981,987,989
2982 : 649,694,990
2983 : 517,717,990
2984 : 541,544,991
2985 : 905,930,991
2986 : 740,863,994
2987 : 546,559,996
2988 : 557,675,997
2989 : 934,976,997
2990 : 513,786,998
2991 : 509,794,998
2992 : 889,968,999
2993 : 807,942,1000
2994 : 782,957,1000
