1001 : 1,125,296
1002 : 1,120,135
1003 : 2,162,166
1004 : 2,109,172
1005 : 3,55,202
1006 : 3,215,296
1007 : 3,49,251
1008 : 4,83,253
1009 : 4,123,195
1010 : 5,6,197
1011 : 6,249,262
1012 : 7,31,107
1013 : 7,64,238
1014 : 7,172,282
1015 : 8,10,171
1016 : 8,159,318
1017 : 10,25,61
1018 : 10,194,196
1019 : 11,157,162
1020 : 2,12,73
1021 : 12,126,186
1022 : 13,29,213
1023 : 13,163,164
1024 : 13,39,168
1025 : 13,136,175
1026 : 13,142,235
1027 : 14,15,299
1028 : 14,111,255
1029 : 15,91,262
1030 : 15,267,323
1031 : 16,57,104
1032 : 17,62,125
1033 : 17,91,213
1034 : 17,132,260
1035 : 17,18,216
1036 : 18,33,248
1037 : 19,278,301
1038 : 20,86,236
1039 : 20,231,256
1040 : 22,62,81
1041 : 5,22,164
1042 : 22,193,248
1043 : 22,66,291
1044 : 23,100,208
1045 : 23,240,279
1046 : 24,32,191
1047 : 24,157,267
1048 : 24,210,230
1049 : 7,25,233
1050 : 25,37,270
1051 : 7,26,41
1052 : 26,51,255
1053 : 25,27,280
1054 : 27,66,299
1055 : 28,41,86
1056 : 29,174,205
1057 : 29,203,259
1058 : 29,207,231
1059 : 29,64,256
1060 : 30,62,72
1061 : 30,192,303
1062 : 33,105,224
1063 : 33,290,305
1064 : 33,34,48
1065 : 34,66,214
1066 : 34,250,302
1067 : 35,56,255
1068 : 4,36,193
1069 : 4,36,45
1070 : 36,51,305
1071 : 37,70,332
1072 : 37,206,331
1073 : 37,227,246
1074 : 38,54,96
1075 : 38,152,276
1076 : 40,161,176
1077 : 40,65,250
1078 : 40,265,310
1079 : 40,129,301
1080 : 19,40,324
1081 : 41,67,145
1082 : 41,89,329
1083 : 42,44,120
1084 : 42,291,333
1085 : 34,43,110
1086 : 44,216,217
1087 : 44,137,252
1088 : 45,254,310
1089 : 46,103,247
1090 : 35,46,318
1091 : 47,52,311
1092 : 40,48,51
1093 : 48,212,252
1094 : 51,66,170
1095 : 52,85,197
1096 : 52,246,272
1097 : 53,141,331
1098 : 54,82,214
1099 : 54,262,283
1100 : 54,245,322
1101 : 55,67,318
1102 : 55,224,263
1103 : 55,110,251
1104 : 2,56,284
1105 : 26,42,56
1106 : 56,83,242
1107 : 21,57,294
1108 : 57,153,325
1109 : 57,60,326
1110 : 58,255,265
1111 : 59,75,175
1112 : 60,252,328
1113 : 61,170,247
1114 : 61,297,306
1115 : 30,62,329
1116 : 63,79,104
1117 : 63,194,261
1118 : 64,88,309
1119 : 64,164,334
1120 : 64,150,311
1121 : 65,76,312
1122 : 65,109,172
1123 : 33,65,169
1124 : 6,23,66
1125 : 66,172,191
1126 : 25,40,67
1127 : 44,68,103
1128 : 66,69,75
1129 : 20,69,301
1130 : 70,182,323
1131 : 65,71,173
1132 : 51,71,168
1133 : 71,170,173
1134 : 39,71,221
1135 : 71,264,268
1136 : 51,71,316
1137 : 72,78,113
1138 : 72,94,119
1139 : 72,163,215
1140 : 72,252,292
1141 : 74,102,206
1142 : 73,74,236
1143 : 75,190,239
1144 : 76,101,233
1145 : 26,77,99
1146 : 71,77,138
1147 : 11,77,299
1148 : 14,22,78
1149 : 78,133,330
1150 : 79,154,303
1151 : 79,161,186
1152 : 79,216,331
1153 : 41,80,225
1154 : 29,80,256
1155 : 81,207,310
1156 : 34,82,129
1157 : 12,63,83
1158 : 83,186,191
1159 : 23,84,125
1160 : 84,103,157
1161 : 84,282,332
1162 : 3,85,209
1163 : 62,85,91
1164 : 85,133,159
1165 : 85,261,280
1166 : 86,165,260
1167 : 4,87,238
1168 : 16,22,87
1169 : 13,87,315
1170 : 84,87,317
1171 : 34,88,280
1172 : 88,148,225
1173 : 73,88,308
1174 : 51,89,154
1175 : 89,279,333
1176 : 90,127,222
1177 : 92,152,222
1178 : 20,37,93
1179 : 25,93,162
1180 : 78,93,259
1181 : 93,106,313
1182 : 73,94,131
1183 : 88,95,285
1184 : 95,107,156
1185 : 33,97,201
1186 : 89,98,140
1187 : 89,98,201
1188 : 5,80,99
1189 : 35,99,252
1190 : 82,99,129
1191 : 99,151,169
1192 : 99,170,255
1193 : 100,110,205
1194 : 100,161,198
1195 : 102,170,218
1196 : 102,289,320
1197 : 103,107,171
1198 : 103,105,309
1199 : 25,58,105
1200 : 105,127,305
1201 : 78,106,271
1202 : 106,151,255
1203 : 5,106,299
1204 : 58,107,225
1205 : 86,107,175
1206 : 107,144,201
1207 : 95,107,239
1208 : 108,137,212
1209 : 102,108,183
1210 : 106,109,283
1211 : 99,110,255
1212 : 110,118,262
1213 : 43,81,111
1214 : 12,91,111
1215 : 111,209,230
1216 : 111,124,301
1217 : 113,149,264
1218 : 92,114,243
1219 : 114,216,316
1220 : 87,92,115
1221 : 96,116,222
1222 : 105,116,278
1223 : 77,117,120
1224 : 117,224,245
1225 : 3,118,273
1226 : 118,315,334
1227 : 119,240,257
1228 : 116,120,281
1229 : 122,174,187
1230 : 123,178,229
1231 : 124,152,195
1232 : 124,176,268
1233 : 82,125,329
1234 : 42,91,125
1235 : 99,125,293
1236 : 98,125,142
1237 : 125,175,216
1238 : 125,247,308
1239 : 125,237,259
1240 : 66,127,298
1241 : 28,129,168
1242 : 129,218,288
1243 : 130,185,326
1244 : 87,131,317
1245 : 4,132,287
1246 : 132,252,316
1247 : 133,150,279
1248 : 134,159,250
1249 : 128,134,306
1250 : 52,135,172
1251 : 135,145,251
1252 : 107,137,329
1253 : 137,195,265
1254 : 2,24,138
1255 : 14,26,139
1256 : 139,191,246
1257 : 141,238,254
1258 : 53,124,143
1259 : 4,144,241
1260 : 144,168,289
1261 : 116,144,312
1262 : 1,76,145
1263 : 145,214,215
1264 : 147,263,298
1265 : 147,162,299
1266 : 138,149,150
1267 : 98,150,259
1268 : 97,150,266
1269 : 33,150,319
1270 : 144,151,187
1271 : 152,230,249
1272 : 73,153,296
1273 : 153,161,275
1274 : 153,167,300
1275 : 128,154,270
1276 : 14,155,261
1277 : 72,155,275
1278 : 29,156,219
1279 : 59,96,157
1280 : 145,158,168
1281 : 158,279,310
1282 : 87,160,179
1283 : 56,160,173
1284 : 131,160,263
1285 : 162,198,276
1286 : 102,162,321
1287 : 3,163,270
1288 : 78,132,163
1289 : 146,163,271
1290 : 67,150,164
1291 : 165,166,178
1292 : 18,168,181
1293 : 25,97,168
1294 : 106,168,282
1295 : 6,117,168
1296 : 31,168,313
1297 : 31,147,169
1298 : 170,205,319
1299 : 171,187,206
1300 : 111,172,278
1301 : 66,172,223
1302 : 58,172,332
1303 : 127,173,266
1304 : 173,193,287
1305 : 56,174,178
1306 : 62,174,286
1307 : 143,174,208
1308 : 167,174,241
1309 : 111,124,176
1310 : 21,176,289
1311 : 3,63,177
1312 : 16,152,177
1313 : 76,173,178
1314 : 178,233,247
1315 : 178,257,284
1316 : 4,168,179
1317 : 104,161,179
1318 : 94,180,279
1319 : 161,182,305
1320 : 117,183,224
1321 : 63,153,184
1322 : 82,156,184
1323 : 187,253,273
1324 : 104,107,188
1325 : 189,287,302
1326 : 24,52,190
1327 : 15,191,290
1328 : 56,122,193
1329 : 81,194,259
1330 : 50,168,195
1331 : 195,270,298
1332 : 78,195,311
1333 : 106,196,223
1334 : 124,191,197
1335 : 160,187,197
1336 : 71,197,215
1337 : 84,198,266
1338 : 129,198,306
1339 : 6,199,284
1340 : 199,285,328
1341 : 81,200,304
1342 : 21,51,201
1343 : 155,201,314
1344 : 111,202,319
1345 : 30,202,233
1346 : 36,107,203
1347 : 150,203,274
1348 : 9,105,204
1349 : 151,204,232
1350 : 56,163,205
1351 : 73,175,205
1352 : 67,197,205
1353 : 85,139,206
1354 : 21,77,207
1355 : 207,211,303
1356 : 49,60,208
1357 : 118,148,208
1358 : 57,208,278
1359 : 31,210,225
1360 : 48,210,259
1361 : 143,193,212
1362 : 178,212,288
1363 : 174,212,217
1364 : 88,212,232
1365 : 167,212,308
1366 : 158,213,315
1367 : 133,214,246
1368 : 19,214,287
1369 : 38,173,215
1370 : 125,215,218
1371 : 158,215,291
1372 : 216,253,320
1373 : 113,217,310
1374 : 22,52,218
1375 : 109,174,219
1376 : 2,116,219
1377 : 184,219,282
1378 : 218,219,303
1379 : 76,220,241
1380 : 87,97,220
1381 : 7,126,220
1382 : 129,220,295
1383 : 98,140,221
1384 : 126,221,236
1385 : 79,222,315
1386 : 170,222,308
1387 : 81,95,223
1388 : 189,224,233
1389 : 224,291,327
1390 : 77,80,225
1391 : 225,232,255
1392 : 18,225,258
1393 : 44,92,226
1394 : 226,246,316
1395 : 21,44,227
1396 : 77,163,227
1397 : 53,71,228
1398 : 80,228,304
1399 : 122,228,314
1400 : 214,228,321
1401 : 16,69,229
1402 : 75,229,307
1403 : 36,230,243
1404 : 230,269,321
1405 : 17,199,231
1406 : 115,231,313
1407 : 149,221,232
1408 : 10,233,289
1409 : 15,233,252
1410 : 11,234,308
1411 : 102,234,313
1412 : 15,42,236
1413 : 153,168,237
1414 : 110,167,238
1415 : 19,112,238
1416 : 171,218,238
1417 : 14,198,238
1418 : 90,184,240
1419 : 23,162,240
1420 : 58,240,315
1421 : 144,174,241
1422 : 208,241,281
1423 : 77,94,242
1424 : 173,218,242
1425 : 57,135,243
1426 : 24,243,310
1427 : 93,95,244
1428 : 103,156,245
1429 : 9,126,246
1430 : 170,246,317
1431 : 215,246,310
1432 : 18,84,247
1433 : 100,203,247
1434 : 207,247,298
1435 : 233,247,297
1436 : 157,202,248
1437 : 114,249,290
1438 : 47,130,250
1439 : 166,173,251
1440 : 251,275,325
1441 : 45,199,252
1442 : 89,246,253
1443 : 5,152,253
1444 : 95,253,261
1445 : 87,210,254
1446 : 103,230,254
1447 : 132,234,254
1448 : 67,80,255
1449 : 80,127,256
1450 : 96,256,279
1451 : 107,255,257
1452 : 159,208,257
1453 : 42,164,258
1454 : 125,232,258
1455 : 8,196,259
1456 : 22,259,311
1457 : 154,174,262
1458 : 171,179,263
1459 : 237,240,263
1460 : 52,80,264
1461 : 127,264,312
1462 : 144,264,319
1463 : 233,246,265
1464 : 169,265,296
1465 : 100,265,303
1466 : 19,265,266
1467 : 83,266,270
1468 : 78,144,266
1469 : 184,210,266
1470 : 93,267,310
1471 : 21,181,267
1472 : 221,267,334
1473 : 34,244,267
1474 : 182,262,267
1475 : 129,267,281
1476 : 47,62,269
1477 : 124,229,269
1478 : 41,210,270
1479 : 2,63,270
1480 : 30,225,270
1481 : 138,258,271
1482 : 173,201,273
1483 : 44,99,274
1484 : 96,145,274
1485 : 41,205,276
1486 : 30,207,277
1487 : 90,278,295
1488 : 186,208,278
1489 : 63,161,279
1490 : 86,254,279
1491 : 3,46,280
1492 : 153,193,280
1493 : 143,200,280
1494 : 13,214,280
1495 : 88,239,280
1496 : 277,281,308
1497 : 151,281,321
1498 : 60,215,282
1499 : 221,229,282
1500 : 107,237,284
1501 : 235,285,315
1502 : 240,285,289
1503 : 83,184,287
1504 : 114,287,300
1505 : 220,288,327
1506 : 198,275,288
1507 : 132,192,289
1508 : 158,253,290
1509 : 104,213,291
1510 : 52,291,313
1511 : 41,61,292
1512 : 190,253,292
1513 : 262,292,321
1514 : 55,103,293
1515 : 124,125,293
1516 : 65,183,293
1517 : 16,130,294
1518 : 116,151,294
1519 : 193,291,294
1520 : 61,294,317
1521 : 18,138,296
1522 : 99,178,296
1523 : 294,296,319
1524 : 115,214,297
1525 : 168,211,297
1526 : 7,60,298
1527 : 171,251,298
1528 : 241,268,298
1529 : 114,299,302
1530 : 7,208,299
1531 : 24,267,299
1532 : 187,300,312
1533 : 98,187,301
1534 : 116,204,301
1535 : 205,258,301
1536 : 126,179,303
1537 : 22,162,303
1538 : 174,182,303
1539 : 193,264,303
1540 : 120,256,303
1541 : 159,303,329
1542 : 56,278,304
1543 : 18,160,304
1544 : 127,204,304
1545 : 302,304,332
1546 : 87,276,305
1547 : 48,147,307
1548 : 66,128,307
1549 : 118,273,307
1550 : 107,145,308
1551 : 143,294,308
1552 : 34,52,309
1553 : 118,214,309
1554 : 46,309,311
1555 : 158,264,310
1556 : 254,272,311
1557 : 46,80,313
1558 : 171,230,314
1559 : 60,264,316
1560 : 175,313,317
1561 : 209,260,317
1562 : 166,317,332
1563 : 46,318,319
1564 : 33,167,319
1565 : 29,281,319
1566 : 77,202,320
1567 : 37,249,321
1568 : 71,193,321
1569 : 218,321,333
1570 : 63,196,322
1571 : 117,191,322
1572 : 204,279,322
1573 : 142,204,323
1574 : 148,202,323
1575 : 3,271,324
1576 : 48,129,324
1577 : 17,239,324
1578 : 19,44,325
1579 : 128,205,325
1580 : 60,232,325
1581 : 248,261,325
1582 : 132,325,334
1583 : 3,324,326
1584 : 42,62,326
1585 : 96,259,326
1586 : 117,173,326
1587 : 26,114,327
1588 : 28,282,327
1589 : 72,204,327
1590 : 167,327,334
1591 : 301,319,328
1592 : 22,190,329
1593 : 144,225,329
1594 : 266,294,329
1595 : 172,244,330
1596 : 105,180,331
1597 : 283,294,331
1598 : 207,218,332
1599 : 121,175,334
1600 : 15,224,334
1601 : 181,233,334
1602 : 71,103,364
1603 : 71,112,569
1604 : 208,224,647
1605 : 122,225,373
1606 : 2,264,370
1607 : 93,286,615
1608 : 36,290,449
1609 : 292,295,570
1610 : 11,299,420
1611 : 211,301,482
1612 : 23,322,500
1613 : 127,330,889
1614 : 64,216,789
1615 : 72,241,735
1616 : 78,247,814
1617 : 223,279,894
1618 : 60,190,665
1619 : 71,272,540
1620 : 142,186,649
1621 : 6,205,445
1622 : 107,253,618
1623 : 135,273,345
1624 : 87,279,650
1625 : 20,419,624
1626 : 45,481,509
1627 : 76,420,659
1628 : 98,336,367
1629 : 106,361,659
1630 : 165,440,520
1631 : 192,472,483
1632 : 282,556,558
1633 : 308,522,649
1634 : 317,422,557
1635 : 317,575,638
1636 : 48,398,714
1637 : 69,459,777
1638 : 107,599,853
1639 : 191,368,952
1640 : 216,387,836
1641 : 224,622,883
1642 : 229,448,674
1643 : 230,401,727
1644 : 269,349,750
1645 : 322,538,893
1646 : 20,33,706
1647 : 41,283,805
1648 : 97,193,845
1649 : 58,103,949
1650 : 117,230,670
1651 : 62,179,711
1652 : 152,196,970
1653 : 170,204,869
1654 : 96,207,766
1655 : 240,277,902
1656 : 98,285,765
1657 : 295,325,706
1658 : 48,529,819
1659 : 50,578,720
1660 : 89,365,871
1661 : 137,359,938
1662 : 150,438,856
1663 : 228,586,975
1664 : 257,538,723
1665 : 297,469,680
1666 : 320,455,893
1667 : 18,719,775
1668 : 50,812,959
1669 : 55,845,939
1670 : 62,835,956
1671 : 65,728,861
1672 : 96,723,848
1673 : 108,913,919
1674 : 141,684,822
1675 : 191,687,784
1676 : 207,891,915
1677 : 209,894,943
1678 : 218,762,803
1679 : 266,793,999
1680 : 324,794,888
1681 : 334,804,816
1682 : 124,221,340
1683 : 172,277,414
1684 : 192,205,420
1685 : 231,305,452
1686 : 150,325,502
1687 : 81,286,544
1688 : 165,291,544
1689 : 77,166,546
1690 : 176,316,641
1691 : 247,347,666
1692 : 53,477,603
1693 : 310,462,605
1694 : 154,340,914
1695 : 315,382,972
1696 : 69,427,797
1697 : 56,436,861
1698 : 151,480,700
1699 : 63,492,907
1700 : 250,530,697
1701 : 226,577,789
1702 : 135,614,763
1703 : 331,423,435
1704 : 140,440,536
1705 : 205,357,446
1706 : 262,354,476
1707 : 169,490,506
1708 : 32,413,496
1709 : 134,532,539
1710 : 196,545,592
1711 : 327,555,556
1712 : 325,461,655
1713 : 335,388,574
1714 : 335,453,641
1715 : 336,409,436
1716 : 336,471,604
1717 : 336,445,513
1718 : 337,375,386
1719 : 337,575,587
1720 : 338,518,666
1721 : 339,484,592
1722 : 340,564,660
1723 : 341,346,348
1724 : 341,356,434
1725 : 341,439,535
1726 : 343,362,430
1727 : 343,396,451
1728 : 343,480,504
1729 : 344,536,559
1730 : 344,584,633
1731 : 338,345,361
1732 : 345,380,645
1733 : 345,360,662
1734 : 345,470,667
1735 : 344,346,398
1736 : 346,423,547
1737 : 346,426,667
1738 : 347,410,528
1739 : 347,424,645
1740 : 340,341,349
1741 : 349,376,650
1742 : 349,420,646
1743 : 350,354,578
1744 : 350,437,498
1745 : 350,478,622
1746 : 350,588,649
1747 : 337,351,466
1748 : 351,480,578
1749 : 352,598,641
1750 : 338,353,656
1751 : 353,389,661
1752 : 345,354,380
1753 : 355,370,627
1754 : 355,375,638
1755 : 355,623,652
1756 : 355,437,645
1757 : 342,355,664
1758 : 358,364,511
1759 : 360,416,565
1760 : 361,433,441
1761 : 361,454,545
1762 : 361,468,498
1763 : 339,343,362
1764 : 362,371,552
1765 : 362,388,592
1766 : 363,456,628
1767 : 364,433,666
1768 : 364,441,574
1769 : 364,482,536
1770 : 364,617,626
1771 : 365,542,575
1772 : 365,400,549
1773 : 352,366,389
1774 : 347,367,432
1775 : 367,491,507
1776 : 367,380,569
1777 : 367,617,618
1778 : 366,369,462
1779 : 369,376,594
1780 : 369,450,469
1781 : 370,635,647
1782 : 336,371,374
1783 : 341,371,484
1784 : 371,374,521
1785 : 373,573,625
1786 : 374,380,618
1787 : 374,479,598
1788 : 337,374,502
1789 : 374,537,630
1790 : 376,398,456
1791 : 376,465,482
1792 : 376,442,600
1793 : 375,378,482
1794 : 378,514,660
1795 : 378,570,624
1796 : 378,444,576
1797 : 361,381,497
1798 : 381,515,652
1799 : 363,382,555
1800 : 383,610,638
1801 : 363,384,459
1802 : 384,489,564
1803 : 386,445,505
1804 : 387,548,582
1805 : 361,387,589
1806 : 349,388,599
1807 : 388,407,637
1808 : 371,389,662
1809 : 390,419,654
1810 : 390,493,657
1811 : 364,390,573
1812 : 393,423,546
1813 : 338,394,547
1814 : 394,398,482
1815 : 378,394,450
1816 : 394,440,515
1817 : 386,394,538
1818 : 394,473,590
1819 : 394,537,605
1820 : 392,395,437
1821 : 397,402,557
1822 : 389,398,443
1823 : 398,423,622
1824 : 353,400,550
1825 : 338,401,633
1826 : 402,422,583
1827 : 347,386,403
1828 : 403,521,581
1829 : 403,502,637
1830 : 403,625,666
1831 : 361,404,547
1832 : 404,423,547
1833 : 404,473,611
1834 : 404,436,641
1835 : 405,637,661
1836 : 406,462,629
1837 : 377,407,513
1838 : 407,505,625
1839 : 408,495,600
1840 : 409,454,562
1841 : 409,411,562
1842 : 383,412,494
1843 : 412,413,621
1844 : 414,499,551
1845 : 415,503,589
1846 : 378,416,474
1847 : 417,433,577
1848 : 417,486,574
1849 : 417,479,644
1850 : 418,513,594
1851 : 418,527,640
1852 : 393,418,556
1853 : 419,444,543
1854 : 385,421,609
1855 : 383,421,435
1856 : 345,369,422
1857 : 385,422,575
1858 : 344,415,423
1859 : 344,423,485
1860 : 423,569,607
1861 : 378,424,538
1862 : 424,465,594
1863 : 424,536,661
1864 : 425,493,644
1865 : 425,590,643
1866 : 371,426,584
1867 : 426,449,621
1868 : 427,451,521
1869 : 428,439,575
1870 : 428,579,651
1871 : 428,591,616
1872 : 391,428,652
1873 : 428,641,664
1874 : 339,429,478
1875 : 429,513,622
1876 : 429,553,566
1877 : 429,550,649
1878 : 379,425,430
1879 : 430,481,497
1880 : 377,431,623
1881 : 405,431,535
1882 : 431,571,573
1883 : 435,442,512
1884 : 413,435,526
1885 : 436,466,590
1886 : 392,436,475
1887 : 437,447,633
1888 : 413,437,663
1889 : 411,437,666
1890 : 438,455,527
1891 : 438,470,588
1892 : 438,516,629
1893 : 344,439,582
1894 : 440,535,549
1895 : 368,380,441
1896 : 403,441,603
1897 : 441,608,634
1898 : 419,442,626
1899 : 442,556,615
1900 : 394,434,443
1901 : 367,443,479
1902 : 356,373,445
1903 : 443,445,634
1904 : 337,429,446
1905 : 427,446,598
1906 : 352,446,553
1907 : 406,416,447
1908 : 448,454,534
1909 : 380,448,601
1910 : 448,523,603
1911 : 367,449,547
1912 : 449,470,541
1913 : 449,472,494
1914 : 415,449,495
1915 : 449,465,495
1916 : 425,449,504
1917 : 449,579,624
1918 : 450,468,585
1919 : 450,555,572
1920 : 337,420,451
1921 : 414,451,459
1922 : 452,497,527
1923 : 452,591,641
1924 : 341,403,453
1925 : 453,488,559
1926 : 453,583,631
1927 : 351,455,585
1928 : 455,481,586
1929 : 386,455,595
1930 : 340,456,579
1931 : 419,456,529
1932 : 456,559,652
1933 : 367,457,460
1934 : 355,412,457
1935 : 346,369,458
1936 : 442,458,614
1937 : 365,409,459
1938 : 459,484,650
1939 : 459,587,591
1940 : 460,521,546
1941 : 427,461,488
1942 : 461,480,585
1943 : 339,462,565
1944 : 391,462,547
1945 : 463,628,631
1946 : 436,463,641
1947 : 464,601,633
1948 : 406,465,621
1949 : 422,426,465
1950 : 345,466,651
1951 : 466,622,649
1952 : 466,551,625
1953 : 466,480,644
1954 : 429,461,467
1955 : 460,468,619
1956 : 380,469,488
1957 : 469,516,638
1958 : 470,593,626
1959 : 341,470,607
1960 : 363,471,533
1961 : 471,476,515
1962 : 367,473,491
1963 : 473,533,552
1964 : 473,579,647
1965 : 470,474,482
1966 : 348,475,638
1967 : 441,442,475
1968 : 366,476,663
1969 : 476,525,551
1970 : 426,438,477
1971 : 475,477,566
1972 : 336,478,502
1973 : 478,525,617
1974 : 472,479,656
1975 : 476,480,545
1976 : 348,480,652
1977 : 376,480,664
1978 : 408,483,550
1979 : 435,483,543
1980 : 442,483,595
1981 : 407,483,557
1982 : 442,483,563
1983 : 483,586,628
1984 : 399,409,484
1985 : 484,552,644
1986 : 362,485,525
1987 : 385,434,485
1988 : 372,461,486
1989 : 340,435,486
1990 : 351,486,568
1991 : 486,551,641
1992 : 352,486,653
1993 : 375,487,592
1994 : 428,488,662
1995 : 337,438,489
1996 : 490,554,605
1997 : 490,529,643
1998 : 397,479,491
1999 : 397,491,516
2000 : 491,492,587
2001 : 491,651,665
2002 : 352,473,492
2003 : 368,467,494
2004 : 357,495,529
2005 : 410,495,636
2006 : 418,496,634
2007 : 443,496,609
2008 : 496,639,643
2009 : 378,497,506
2010 : 437,498,579
2011 : 459,470,498
2012 : 499,604,634
2013 : 499,610,633
2014 : 500,516,547
2015 : 477,498,501
2016 : 501,572,611
2017 : 414,502,552
2018 : 421,460,502
2019 : 474,502,520
2020 : 502,578,619
2021 : 395,452,503
2022 : 469,503,609
2023 : 503,556,612
2024 : 457,504,574
2025 : 475,480,504
2026 : 417,504,559
2027 : 504,544,575
2028 : 436,505,514
2029 : 419,505,600
2030 : 453,506,513
2031 : 352,489,506
2032 : 345,498,506
2033 : 370,506,534
2034 : 349,507,618
2035 : 384,507,635
2036 : 443,507,572
2037 : 442,507,566
2038 : 475,508,550
2039 : 485,509,662
2040 : 509,551,563
2041 : 510,520,621
2042 : 395,510,629
2043 : 336,511,647
2044 : 416,463,511
2045 : 508,511,635
2046 : 429,490,512
2047 : 365,493,513
2048 : 459,515,656
2049 : 368,479,517
2050 : 517,621,641
2051 : 359,418,518
2052 : 518,561,578
2053 : 519,542,627
2054 : 433,459,520
2055 : 365,520,578
2056 : 358,520,620
2057 : 365,521,647
2058 : 522,580,630
2059 : 434,472,523
2060 : 415,524,661
2061 : 440,445,524
2062 : 396,468,524
2063 : 472,524,578
2064 : 524,546,635
2065 : 372,525,636
2066 : 410,525,582
2067 : 525,535,649
2068 : 347,526,592
2069 : 526,589,646
2070 : 526,527,654
2071 : 527,528,596
2072 : 369,481,528
2073 : 409,483,528
2074 : 460,528,667
2075 : 375,388,529
2076 : 386,434,530
2077 : 402,530,619
2078 : 443,527,531
2079 : 452,529,531
2080 : 511,523,531
2081 : 445,531,587
2082 : 459,531,587
2083 : 531,532,623
2084 : 436,532,626
2085 : 375,377,534
2086 : 383,535,651
2087 : 451,535,565
2088 : 484,487,535
2089 : 383,535,572
2090 : 341,365,536
2091 : 344,385,536
2092 : 393,467,536
2093 : 407,536,626
2094 : 447,524,536
2095 : 497,536,604
2096 : 422,536,654
2097 : 344,537,593
2098 : 537,611,632
2099 : 380,517,538
2100 : 520,538,615
2101 : 411,539,654
2102 : 539,658,660
2103 : 531,540,587
2104 : 345,540,667
2105 : 541,613,634
2106 : 369,542,551
2107 : 372,542,574
2108 : 475,542,587
2109 : 422,531,544
2110 : 544,584,633
2111 : 378,544,620
2112 : 364,545,575
2113 : 455,532,545
2114 : 545,576,586
2115 : 337,546,565
2116 : 378,546,630
2117 : 340,533,547
2118 : 483,515,547
2119 : 505,547,661
2120 : 406,547,582
2121 : 529,548,602
2122 : 548,577,654
2123 : 406,423,549
2124 : 537,549,637
2125 : 367,422,550
2126 : 386,444,550
2127 : 444,551,627
2128 : 422,512,552
2129 : 335,435,552
2130 : 398,500,553
2131 : 410,437,554
2132 : 554,579,603
2133 : 393,403,555
2134 : 555,575,627
2135 : 378,539,556
2136 : 405,452,556
2137 : 495,548,556
2138 : 346,384,558
2139 : 384,558,564
2140 : 558,595,653
2141 : 343,378,561
2142 : 387,561,594
2143 : 336,471,561
2144 : 445,561,606
2145 : 423,457,562
2146 : 448,539,563
2147 : 409,564,623
2148 : 362,363,565
2149 : 376,565,625
2150 : 420,467,565
2151 : 472,567,629
2152 : 413,569,586
2153 : 538,569,571
2154 : 569,591,642
2155 : 403,447,570
2156 : 365,428,570
2157 : 415,448,570
2158 : 420,450,570
2159 : 517,570,655
2160 : 445,464,571
2161 : 465,511,571
2162 : 381,532,571
2163 : 400,490,573
2164 : 401,418,573
2165 : 508,537,573
2166 : 482,526,574
2167 : 347,377,575
2168 : 449,575,587
2169 : 511,529,575
2170 : 362,576,649
2171 : 387,418,576
2172 : 535,576,633
2173 : 540,561,576
2174 : 437,570,576
2175 : 577,591,661
2176 : 350,579,640
2177 : 380,514,579
2178 : 473,561,579
2179 : 395,478,579
2180 : 501,579,633
2181 : 580,621,643
2182 : 518,572,582
2183 : 582,593,621
2184 : 362,420,584
2185 : 471,502,584
2186 : 557,584,609
2187 : 365,584,666
2188 : 343,585,632
2189 : 507,585,613
2190 : 416,586,592
2191 : 397,470,586
2192 : 435,587,664
2193 : 395,549,588
2194 : 514,586,589
2195 : 589,592,599
2196 : 589,643,666
2197 : 536,590,611
2198 : 387,416,593
2199 : 450,471,593
2200 : 350,444,594
2201 : 594,619,626
2202 : 402,528,596
2203 : 369,596,603
2204 : 545,596,614
2205 : 372,388,597
2206 : 407,597,598
2207 : 422,483,597
2208 : 376,442,597
2209 : 460,572,597
2210 : 340,399,598
2211 : 457,478,598
2212 : 520,533,600
2213 : 530,600,634
2214 : 447,551,601
2215 : 601,659,661
2216 : 400,459,602
2217 : 445,446,602
2218 : 559,602,603
2219 : 511,602,643
2220 : 345,346,603
2221 : 428,490,603
2222 : 417,504,603
2223 : 533,585,603
2224 : 356,394,605
2225 : 337,479,605
2226 : 491,543,607
2227 : 511,568,608
2228 : 347,511,610
2229 : 537,610,632
2230 : 412,462,611
2231 : 425,534,611
2232 : 337,579,611
2233 : 569,611,648
2234 : 341,611,663
2235 : 463,502,612
2236 : 520,529,612
2237 : 363,556,612
2238 : 571,613,640
2239 : 448,614,658
2240 : 505,570,615
2241 : 346,616,656
2242 : 563,616,663
2243 : 496,596,616
2244 : 405,446,617
2245 : 411,569,618
2246 : 343,437,618
2247 : 558,596,618
2248 : 336,620,665
2249 : 577,595,621
2250 : 407,424,622
2251 : 340,439,624
2252 : 473,522,625
2253 : 367,626,640
2254 : 337,571,626
2255 : 392,527,627
2256 : 412,619,627
2257 : 498,628,647
2258 : 441,628,643
2259 : 505,543,629
2260 : 495,559,629
2261 : 565,605,629
2262 : 361,506,632
2263 : 368,604,633
2264 : 355,463,634
2265 : 624,634,657
2266 : 517,631,635
2267 : 571,624,635
2268 : 618,630,635
2269 : 417,635,654
2270 : 392,518,636
2271 : 489,495,636
2272 : 490,516,636
2273 : 480,573,636
2274 : 416,597,637
2275 : 336,637,639
2276 : 595,639,664
2277 : 581,606,639
2278 : 630,639,659
2279 : 431,509,640
2280 : 420,534,640
2281 : 584,622,640
2282 : 394,641,666
2283 : 403,486,641
2284 : 424,583,641
2285 : 575,578,641
2286 : 401,626,642
2287 : 421,523,643
2288 : 514,581,644
2289 : 374,422,645
2290 : 362,645,662
2291 : 393,497,647
2292 : 546,554,647
2293 : 349,562,647
2294 : 384,632,647
2295 : 440,647,650
2296 : 343,429,648
2297 : 424,648,663
2298 : 450,546,648
2299 : 405,503,649
2300 : 343,537,649
2301 : 416,464,650
2302 : 412,506,651
2303 : 543,635,651
2304 : 429,621,651
2305 : 388,485,652
2306 : 440,445,652
2307 : 435,649,652
2308 : 381,449,658
2309 : 337,620,659
2310 : 520,569,659
2311 : 347,438,660
2312 : 523,558,660
2313 : 348,602,660
2314 : 548,630,661
2315 : 357,628,662
2316 : 471,499,665
2317 : 569,605,665
2318 : 596,620,665
2319 : 454,625,665
2320 : 468,650,665
2321 : 350,622,666
2322 : 519,625,666
2323 : 403,633,667
2324 : 349,428,761
2325 : 530,587,848
2326 : 425,548,761
2327 : 434,566,747
2328 : 538,575,739
2329 : 591,609,947
2330 : 421,617,901
2331 : 50,346,983
2332 : 139,560,703
2333 : 275,576,725
2334 : 184,645,951
2335 : 338,350,944
2336 : 341,463,921
2337 : 354,567,834
2338 : 411,417,934
2339 : 441,526,723
2340 : 482,532,785
2341 : 507,565,821
2342 : 424,621,798
2343 : 336,698,740
2344 : 392,703,815
2345 : 428,860,985
2346 : 483,737,771
2347 : 499,704,988
2348 : 522,767,894
2349 : 532,672,890
2350 : 76,82,729
2351 : 8,135,749
2352 : 92,322,770
2353 : 197,243,777
2354 : 240,316,874
2355 : 67,150,913
2356 : 68,263,948
2357 : 177,322,973
2358 : 313,549,679
2359 : 147,428,767
2360 : 317,437,875
2361 : 285,410,920
2362 : 71,704,983
2363 : 136,702,725
2364 : 68,821,944
2365 : 94,851,932
2366 : 18,732,874
2367 : 62,883,896
2368 : 66,653,677
2369 : 86,523,690
2370 : 214,521,737
2371 : 241,560,766
2372 : 168,460,778
2373 : 111,468,785
2374 : 75,475,839
2375 : 178,500,849
2376 : 63,566,882
2377 : 198,518,884
2378 : 150,525,889
2379 : 196,447,929
2380 : 202,636,968
2381 : 119,618,996
2382 : 312,469,998
2383 : 431,555,691
2384 : 382,386,708
2385 : 531,636,720
2386 : 344,599,825
2387 : 526,558,845
2388 : 439,547,876
2389 : 372,532,918
2390 : 585,601,919
2391 : 458,681,706
2392 : 342,743,893
2393 : 365,745,912
2394 : 661,771,913
2395 : 566,725,802
2396 : 586,722,856
2397 : 378,677,881
2398 : 598,732,886
2399 : 638,679,988
2400 : 59,742,781
2401 : 312,691,800
2402 : 220,730,806
2403 : 90,907,966
2404 : 236,919,997
2405 : 560,694,727
2406 : 518,712,841
2407 : 648,786,989
2408 : 353,795,844
2409 : 631,714,854
2410 : 555,882,997
2411 : 534,786,938
2412 : 369,944,948
2413 : 668,788,918
2414 : 671,743,925
2415 : 671,763,838
2416 : 673,707,732
2417 : 673,802,948
2418 : 674,696,945
2419 : 674,902,999
2420 : 674,802,999
2421 : 675,706,855
2422 : 675,679,879
2423 : 676,889,986
2424 : 678,687,971
2425 : 680,736,748
2426 : 680,703,857
2427 : 680,690,955
2428 : 680,907,997
2429 : 681,825,835
2430 : 681,871,916
2431 : 682,707,903
2432 : 682,774,893
2433 : 681,683,938
2434 : 683,793,964
2435 : 684,763,835
2436 : 684,916,936
2437 : 685,707,709
2438 : 685,707,907
2439 : 685,938,962
2440 : 686,704,741
2441 : 686,761,785
2442 : 687,761,936
2443 : 687,734,798
2444 : 687,750,907
2445 : 688,801,998
2446 : 671,689,825
2447 : 689,792,837
2448 : 689,813,976
2449 : 688,690,947
2450 : 690,695,859
2451 : 690,735,958
2452 : 691,699,998
2453 : 692,720,739
2454 : 692,720,793
2455 : 692,943,982
2456 : 692,693,734
2457 : 693,702,984
2458 : 693,712,735
2459 : 693,840,949
2460 : 693,858,923
2461 : 693,875,937
2462 : 693,804,924
2463 : 694,731,990
2464 : 687,695,765
2465 : 695,781,858
2466 : 695,798,882
2467 : 673,684,696
2468 : 696,764,901
2469 : 696,800,827
2470 : 697,957,972
2471 : 699,829,944
2472 : 701,718,817
2473 : 702,804,902
2474 : 703,824,872
2475 : 668,705,725
2476 : 705,821,883
2477 : 676,705,926
2478 : 706,726,740
2479 : 708,727,956
2480 : 709,745,924
2481 : 710,799,876
2482 : 713,787,863
2483 : 713,735,830
2484 : 713,847,903
2485 : 672,715,979
2486 : 715,750,977
2487 : 716,759,966
2488 : 717,734,816
2489 : 717,822,891
2490 : 717,794,922
2491 : 717,736,924
2492 : 682,718,845
2493 : 685,719,742
2494 : 698,719,745
2495 : 672,719,924
2496 : 706,720,818
2497 : 720,734,863
2498 : 720,789,903
2499 : 700,722,863
2500 : 722,887,914
2501 : 707,710,723
2502 : 723,803,824
2503 : 723,821,847
2504 : 712,724,924
2505 : 724,836,911
2506 : 724,949,985
2507 : 725,882,945
2508 : 726,738,872
2509 : 726,951,958
2510 : 707,716,727
2511 : 727,808,946
2512 : 727,782,879
2513 : 704,728,772
2514 : 728,743,976
2515 : 731,767,825
2516 : 731,837,862
2517 : 732,808,877
2518 : 706,735,807
2519 : 735,845,990
2520 : 736,854,899
2521 : 736,970,979
2522 : 737,827,864
2523 : 718,738,870
2524 : 678,738,779
2525 : 738,852,925
2526 : 739,861,882
2527 : 739,779,961
2528 : 739,780,974
2529 : 704,739,992
2530 : 689,740,881
2531 : 740,790,926
2532 : 695,740,934
2533 : 741,802,902
2534 : 739,742,964
2535 : 743,812,930
2536 : 743,788,919
2537 : 705,743,980
2538 : 717,718,744
2539 : 719,746,974
2540 : 746,822,977
2541 : 747,831,863
2542 : 747,819,919
2543 : 747,905,933
2544 : 714,747,980
2545 : 748,759,768
2546 : 748,883,993
2547 : 749,901,913
2548 : 750,760,880
2549 : 729,750,797
2550 : 750,868,996
2551 : 750,901,945
2552 : 684,751,812
2553 : 672,751,881
2554 : 751,884,919
2555 : 752,755,854
2556 : 735,753,998
2557 : 750,753,811
2558 : 754,810,842
2559 : 737,754,815
2560 : 754,845,918
2561 : 755,947,981
2562 : 683,758,785
2563 : 758,778,838
2564 : 704,760,903
2565 : 680,761,923
2566 : 755,762,891
2567 : 762,905,907
2568 : 762,934,940
2569 : 744,763,990
2570 : 683,764,879
2571 : 764,852,892
2572 : 764,806,882
2573 : 765,847,902
2574 : 719,767,804
2575 : 767,826,959
2576 : 768,793,913
2577 : 718,769,776
2578 : 755,769,799
2579 : 719,769,778
2580 : 741,770,902
2581 : 751,771,823
2582 : 712,772,804
2583 : 685,706,773
2584 : 773,815,848
2585 : 729,775,914
2586 : 700,766,776
2587 : 705,777,878
2588 : 691,778,864
2589 : 703,723,778
2590 : 699,721,779
2591 : 743,779,831
2592 : 693,779,959
2593 : 680,780,866
2594 : 712,780,874
2595 : 780,806,864
2596 : 741,780,868
2597 : 668,780,954
2598 : 780,820,967
2599 : 681,744,781
2600 : 781,785,843
2601 : 741,749,782
2602 : 754,783,903
2603 : 783,879,952
2604 : 784,805,822
2605 : 760,785,787
2606 : 783,785,945
2607 : 785,850,870
2608 : 678,785,966
2609 : 785,982,997
2610 : 773,785,786
2611 : 768,786,959
2612 : 696,787,974
2613 : 787,789,912
2614 : 749,788,979
2615 : 788,954,963
2616 : 738,789,990
2617 : 690,766,790
2618 : 706,790,843
2619 : 791,802,956
2620 : 697,791,981
2621 : 791,962,984
2622 : 742,792,910
2623 : 699,793,973
2624 : 739,793,795
2625 : 786,793,892
2626 : 793,922,955
2627 : 770,794,834
2628 : 750,783,795
2629 : 671,792,795
2630 : 796,861,941
2631 : 798,807,931
2632 : 798,853,865
2633 : 715,798,901
2634 : 763,786,799
2635 : 731,799,970
2636 : 707,717,800
2637 : 800,802,916
2638 : 800,883,917
2639 : 706,761,801
2640 : 672,710,801
2641 : 734,778,802
2642 : 743,802,820
2643 : 782,803,864
2644 : 733,803,987
2645 : 804,880,971
2646 : 804,916,954
2647 : 685,805,919
2648 : 805,883,892
2649 : 676,806,808
2650 : 715,806,821
2651 : 806,934,985
2652 : 807,870,926
2653 : 721,808,893
2654 : 808,850,867
2655 : 809,861,999
2656 : 787,794,812
2657 : 812,891,963
2658 : 795,813,853
2659 : 813,869,894
2660 : 683,815,918
2661 : 816,838,865
2662 : 816,951,987
2663 : 817,889,997
2664 : 818,826,863
2665 : 719,819,944
2666 : 819,907,965
2667 : 820,875,903
2668 : 727,820,908
2669 : 788,821,824
2670 : 780,822,855
2671 : 822,871,968
2672 : 823,856,883
2673 : 823,906,940
2674 : 685,824,920
2675 : 747,824,936
2676 : 795,824,959
2677 : 753,783,825
2678 : 732,765,827
2679 : 827,889,938
2680 : 708,763,828
2681 : 828,946,977
2682 : 684,748,829
2683 : 765,830,904
2684 : 759,830,896
2685 : 682,831,851
2686 : 716,833,890
2687 : 783,833,929
2688 : 795,834,934
2689 : 715,835,943
2690 : 781,836,975
2691 : 738,836,930
2692 : 677,692,837
2693 : 824,838,983
2694 : 738,839,943
2695 : 771,839,952
2696 : 716,729,840
2697 : 786,840,916
2698 : 736,840,940
2699 : 726,739,841
2700 : 742,824,841
2701 : 841,906,971
2702 : 696,841,908
2703 : 841,899,1000
2704 : 678,684,842
2705 : 786,842,976
2706 : 823,842,885
2707 : 755,842,860
2708 : 705,808,843
2709 : 732,843,913
2710 : 843,924,950
2711 : 799,844,859
2712 : 740,844,845
2713 : 835,845,872
2714 : 788,845,969
2715 : 791,818,846
2716 : 720,726,847
2717 : 847,853,994
2718 : 668,730,848
2719 : 743,804,848
2720 : 848,869,886
2721 : 848,934,990
2722 : 689,730,849
2723 : 730,762,849
2724 : 690,813,850
2725 : 722,771,851
2726 : 792,851,894
2727 : 851,901,965
2728 : 808,851,1000
2729 : 673,853,894
2730 : 712,803,854
2731 : 802,854,998
2732 : 781,855,875
2733 : 715,855,984
2734 : 835,856,953
2735 : 856,889,908
2736 : 732,857,980
2737 : 837,857,866
2738 : 781,792,859
2739 : 859,876,911
2740 : 670,859,934
2741 : 860,861,921
2742 : 860,894,949
2743 : 675,862,943
2744 : 715,841,862
2745 : 690,820,863
2746 : 849,863,968
2747 : 690,788,864
2748 : 794,864,909
2749 : 864,879,924
2750 : 813,866,873
2751 : 851,866,973
2752 : 866,971,975
2753 : 866,942,987
2754 : 781,867,987
2755 : 685,806,868
2756 : 814,858,868
2757 : 867,868,899
2758 : 693,861,869
2759 : 834,869,892
2760 : 758,851,869
2761 : 761,872,948
2762 : 763,872,875
2763 : 827,872,904
2764 : 732,872,941
2765 : 721,744,873
2766 : 779,873,901
2767 : 757,874,880
2768 : 706,875,999
2769 : 755,875,951
2770 : 756,845,875
2771 : 767,875,881
2772 : 701,805,877
2773 : 755,877,944
2774 : 836,877,965
2775 : 704,859,878
2776 : 772,818,879
2777 : 745,879,947
2778 : 880,947,949
2779 : 715,880,966
2780 : 880,960,967
2781 : 688,696,881
2782 : 719,881,936
2783 : 819,881,926
2784 : 678,883,995
2785 : 698,738,883
2786 : 747,781,883
2787 : 782,849,883
2788 : 711,840,884
2789 : 851,886,926
2790 : 681,886,962
2791 : 887,978,983
2792 : 812,879,888
2793 : 685,703,889
2794 : 889,898,943
2795 : 889,900,956
2796 : 835,890,991
2797 : 697,890,944
2798 : 738,890,949
2799 : 690,891,954
2800 : 668,869,891
2801 : 683,891,922
2802 : 726,892,896
2803 : 835,893,986
2804 : 762,895,928
2805 : 670,896,932
2806 : 692,749,896
2807 : 823,896,902
2808 : 886,896,897
2809 : 880,896,998
2810 : 676,897,955
2811 : 719,822,897
2812 : 857,880,898
2813 : 806,899,945
2814 : 775,899,974
2815 : 686,733,900
2816 : 768,900,925
2817 : 747,891,901
2818 : 901,960,976
2819 : 703,773,902
2820 : 734,902,929
2821 : 738,902,937
2822 : 902,955,978
2823 : 868,903,949
2824 : 785,903,954
2825 : 810,814,904
2826 : 891,904,914
2827 : 863,904,986
2828 : 787,906,992
2829 : 887,906,993
2830 : 768,795,908
2831 : 803,908,930
2832 : 713,875,909
2833 : 722,909,942
2834 : 708,773,910
2835 : 911,940,968
2836 : 695,737,912
2837 : 756,912,914
2838 : 692,913,993
2839 : 722,913,948
2840 : 684,822,914
2841 : 711,739,915
2842 : 790,864,915
2843 : 912,915,959
2844 : 734,915,934
2845 : 809,916,921
2846 : 671,916,922
2847 : 916,930,997
2848 : 917,925,967
2849 : 669,858,918
2850 : 727,910,918
2851 : 732,734,918
2852 : 720,868,918
2853 : 682,773,919
2854 : 795,906,919
2855 : 723,919,986
2856 : 851,886,921
2857 : 749,921,957
2858 : 800,805,922
2859 : 689,922,928
2860 : 922,964,994
2861 : 723,836,923
2862 : 811,843,924
2863 : 703,878,924
2864 : 888,924,949
2865 : 826,925,951
2866 : 681,919,925
2867 : 834,836,926
2868 : 684,712,928
2869 : 727,923,928
2870 : 718,757,928
2871 : 793,861,929
2872 : 876,913,929
2873 : 750,913,930
2874 : 709,861,931
2875 : 740,844,931
2876 : 793,863,931
2877 : 792,896,931
2878 : 882,931,985
2879 : 678,917,932
2880 : 879,915,932
2881 : 671,679,933
2882 : 791,933,954
2883 : 769,808,934
2884 : 766,933,935
2885 : 832,935,965
2886 : 676,715,936
2887 : 774,936,955
2888 : 689,702,937
2889 : 744,824,937
2890 : 669,831,937
2891 : 831,937,972
2892 : 746,815,938
2893 : 779,939,973
2894 : 690,712,940
2895 : 698,886,940
2896 : 866,940,964
2897 : 699,763,941
2898 : 793,941,987
2899 : 832,913,941
2900 : 681,904,941
2901 : 875,914,942
2902 : 785,917,943
2903 : 787,944,958
2904 : 769,770,945
2905 : 702,864,945
2906 : 946,974,985
2907 : 726,784,947
2908 : 771,848,947
2909 : 701,778,949
2910 : 723,905,949
2911 : 760,920,949
2912 : 684,882,951
2913 : 756,797,951
2914 : 801,953,993
2915 : 826,940,953
2916 : 744,782,955
2917 : 847,852,955
2918 : 945,956,993
2919 : 779,957,958
2920 : 785,807,958
2921 : 715,825,958
2922 : 768,899,958
2923 : 672,944,958
2924 : 841,899,959
2925 : 886,960,990
2926 : 847,869,961
2927 : 875,920,961
2928 : 693,961,973
2929 : 702,714,962
2930 : 865,909,962
2931 : 712,962,992
2932 : 715,816,963
2933 : 814,963,971
2934 : 763,964,991
2935 : 709,905,964
2936 : 909,917,964
2937 : 718,925,964
2938 : 737,849,966
2939 : 801,857,967
2940 : 668,673,969
2941 : 795,890,969
2942 : 815,920,969
2943 : 939,963,969
2944 : 812,907,970
2945 : 798,836,970
2946 : 720,769,971
2947 : 709,881,971
2948 : 903,958,971
2949 : 861,929,971
2950 : 678,972,975
2951 : 687,864,973
2952 : 698,941,974
2953 : 697,747,974
2954 : 796,817,974
2955 : 921,933,974
2956 : 757,783,975
2957 : 683,926,976
2958 : 784,952,976
2959 : 825,900,976
2960 : 688,784,977
2961 : 884,923,977
2962 : 789,882,980
2963 : 868,933,981
2964 : 855,915,982
2965 : 739,815,983
2966 : 786,971,983
2967 : 746,956,983
2968 : 677,983,984
2969 : 906,983,985
2970 : 915,985,992
2971 : 697,749,986
2972 : 821,976,986
2973 : 675,693,987
2974 : 685,726,987
2975 : 703,798,987
2976 : 728,946,987
2977 : 790,979,988
2978 : 775,974,988
2979 : 668,879,989
2980 : 711,732,989
2981 : 749,813,989
2982 : 720,971,991
2983 : 675,767,992
2984 : 875,887,992
2985 : 753,987,992
2986 : 811,993,1000
2987 : 724,935,993
2988 : 866,954,993
2989 : 693,729,994
2990 : 840,979,994
2991 : 737,776,995
2992 : 669,941,996
2993 : 695,756,996
2994 : 855,866,996
2995 : 724,920,996
2996 : 698,925,996
2997 : 722,745,997
2998 : 669,952,999
2999 : 799,801,999
3000 : 696,928,999
3001 : 679,986,999
3002 : 777,994,1000
3003 : 824,837,927
