1001 : 1,102,233
1002 : 1,110,166
1003 : 2,106,155
1004 : 2,112,163
1005 : 3,90,198
1006 : 3,154,221
1007 : 3,99,250
1008 : 4,96,136
1009 : 4,120,227
1010 : 7,12,24
1011 : 7,30,67
1012 : 7,105,161
1013 : 8,67,80
1014 : 8,112,116
1015 : 9,16,48
1016 : 9,102,168
1017 : 10,61,224
1018 : 11,112,128
1019 : 12,104,210
1020 : 13,58,125
1021 : 13,52,102
1022 : 14,45,179
1023 : 14,155,195
1024 : 14,158,186
1025 : 14,164,174
1026 : 14,171,213
1027 : 15,29,57
1028 : 2,16,136
1029 : 17,30,205
1030 : 17,35,117
1031 : 17,36,136
1032 : 18,39,214
1033 : 14,19,36
1034 : 19,74,130
1035 : 19,148,250
1036 : 19,35,162
1037 : 21,142,153
1038 : 21,149,250
1039 : 22,118,249
1040 : 24,41,79
1041 : 24,108,230
1042 : 24,46,133
1043 : 24,182,212
1044 : 25,167,170
1045 : 25,59,194
1046 : 26,46,216
1047 : 19,26,149
1048 : 26,61,192
1049 : 21,27,233
1050 : 13,28,89
1051 : 28,71,79
1052 : 28,107,188
1053 : 29,51,109
1054 : 29,142,179
1055 : 30,100,144
1056 : 25,32,214
1057 : 32,49,165
1058 : 32,72,97
1059 : 32,92,111
1060 : 32,183,206
1061 : 33,153,183
1062 : 36,156,219
1063 : 36,111,223
1064 : 23,37,115
1065 : 37,50,200
1066 : 37,128,243
1067 : 38,72,227
1068 : 39,45,92
1069 : 39,78,93
1070 : 1,39,84
1071 : 40,47,122
1072 : 40,48,233
1073 : 31,40,250
1074 : 41,42,131
1075 : 41,149,211
1076 : 26,32,44
1077 : 44,73,86
1078 : 34,44,99
1079 : 19,44,128
1080 : 44,145,146
1081 : 44,184,209
1082 : 45,111,173
1083 : 45,129,213
1084 : 46,199,205
1085 : 46,227,236
1086 : 48,91,149
1087 : 48,138,178
1088 : 49,55,203
1089 : 50,102,108
1090 : 27,51,100
1091 : 51,83,145
1092 : 52,95,191
1093 : 52,161,236
1094 : 19,56,186
1095 : 56,75,223
1096 : 57,104,223
1097 : 58,140,196
1098 : 16,29,59
1099 : 50,59,163
1100 : 20,59,212
1101 : 26,60,185
1102 : 60,154,187
1103 : 60,103,176
1104 : 54,60,246
1105 : 28,59,61
1106 : 61,154,191
1107 : 34,62,91
1108 : 32,36,63
1109 : 32,63,184
1110 : 63,225,247
1111 : 64,188,204
1112 : 66,102,169
1113 : 58,67,244
1114 : 30,67,100
1115 : 67,154,215
1116 : 68,216,229
1117 : 69,115,171
1118 : 69,94,247
1119 : 59,70,117
1120 : 70,178,250
1121 : 10,50,71
1122 : 36,71,198
1123 : 71,85,106
1124 : 71,201,238
1125 : 72,110,218
1126 : 13,34,73
1127 : 74,99,106
1128 : 75,91,228
1129 : 33,76,147
1130 : 76,203,209
1131 : 77,136,141
1132 : 77,84,220
1133 : 77,177,224
1134 : 13,78,142
1135 : 49,56,78
1136 : 35,78,91
1137 : 78,162,169
1138 : 78,180,182
1139 : 69,78,239
1140 : 79,94,164
1141 : 80,173,234
1142 : 81,93,185
1143 : 53,79,82
1144 : 83,136,146
1145 : 60,83,240
1146 : 16,27,84
1147 : 2,85,217
1148 : 85,100,187
1149 : 86,109,140
1150 : 86,145,216
1151 : 34,87,173
1152 : 87,90,220
1153 : 87,158,245
1154 : 62,89,189
1155 : 89,109,226
1156 : 90,100,114
1157 : 6,91,183
1158 : 37,91,229
1159 : 5,92,115
1160 : 92,148,183
1161 : 92,152,159
1162 : 26,92,224
1163 : 29,93,195
1164 : 93,128,214
1165 : 57,94,151
1166 : 94,188,198
1167 : 5,94,208
1168 : 11,95,202
1169 : 95,203,212
1170 : 95,239,245
1171 : 96,132,151
1172 : 22,96,219
1173 : 97,115,238
1174 : 12,98,153
1175 : 98,116,237
1176 : 100,135,239
1177 : 96,101,250
1178 : 42,44,102
1179 : 80,86,102
1180 : 76,102,210
1181 : 84,103,198
1182 : 103,132,213
1183 : 43,85,106
1184 : 16,107,158
1185 : 16,107,196
1186 : 107,135,220
1187 : 107,112,245
1188 : 71,108,189
1189 : 104,108,143
1190 : 108,174,203
1191 : 40,79,109
1192 : 109,120,192
1193 : 97,111,173
1194 : 45,112,248
1195 : 112,136,196
1196 : 44,59,113
1197 : 114,121,122
1198 : 48,101,115
1199 : 115,188,219
1200 : 13,83,116
1201 : 116,118,152
1202 : 13,116,195
1203 : 116,196,217
1204 : 15,47,117
1205 : 28,32,118
1206 : 69,97,118
1207 : 29,119,149
1208 : 93,120,173
1209 : 33,120,179
1210 : 22,121,226
1211 : 61,121,229
1212 : 121,158,190
1213 : 121,148,233
1214 : 123,170,248
1215 : 3,4,125
1216 : 63,125,225
1217 : 75,125,149
1218 : 126,144,179
1219 : 15,126,187
1220 : 106,127,221
1221 : 73,128,202
1222 : 118,129,184
1223 : 72,129,169
1224 : 9,115,130
1225 : 131,170,192
1226 : 103,133,139
1227 : 134,154,203
1228 : 30,135,156
1229 : 135,188,250
1230 : 121,136,231
1231 : 128,136,142
1232 : 135,136,178
1233 : 83,136,170
1234 : 16,42,137
1235 : 92,139,202
1236 : 140,167,227
1237 : 70,73,141
1238 : 142,183,198
1239 : 11,143,164
1240 : 113,143,216
1241 : 144,168,235
1242 : 52,108,145
1243 : 37,146,212
1244 : 7,147,195
1245 : 46,73,147
1246 : 71,147,149
1247 : 149,163,171
1248 : 42,79,150
1249 : 99,150,213
1250 : 66,132,151
1251 : 27,67,152
1252 : 123,154,223
1253 : 4,156,195
1254 : 156,171,237
1255 : 121,157,165
1256 : 157,193,238
1257 : 7,112,158
1258 : 113,158,182
1259 : 15,17,161
1260 : 28,46,161
1261 : 162,166,219
1262 : 36,81,164
1263 : 86,164,214
1264 : 129,164,239
1265 : 25,45,165
1266 : 16,103,166
1267 : 162,166,247
1268 : 48,162,167
1269 : 153,167,182
1270 : 22,65,168
1271 : 157,169,195
1272 : 49,169,207
1273 : 29,95,170
1274 : 72,106,171
1275 : 172,187,219
1276 : 26,54,173
1277 : 17,167,174
1278 : 174,236,241
1279 : 60,152,175
1280 : 13,84,177
1281 : 116,152,177
1282 : 26,153,177
1283 : 143,166,177
1284 : 113,177,227
1285 : 33,74,178
1286 : 58,168,179
1287 : 126,181,247
1288 : 41,164,183
1289 : 41,47,183
1290 : 9,122,183
1291 : 19,32,184
1292 : 74,184,201
1293 : 185,214,239
1294 : 12,187,240
1295 : 64,187,208
1296 : 38,49,188
1297 : 25,138,188
1298 : 188,225,243
1299 : 79,124,189
1300 : 87,189,208
1301 : 128,189,213
1302 : 81,109,190
1303 : 48,84,192
1304 : 92,192,193
1305 : 31,119,193
1306 : 37,104,193
1307 : 28,65,194
1308 : 194,204,208
1309 : 30,194,213
1310 : 28,195,238
1311 : 110,139,195
1312 : 25,197,210
1313 : 67,198,225
1314 : 192,199,211
1315 : 13,93,201
1316 : 15,201,217
1317 : 85,163,204
1318 : 66,93,205
1319 : 148,206,248
1320 : 66,128,207
1321 : 33,90,209
1322 : 140,191,210
1323 : 13,76,212
1324 : 24,78,213
1325 : 43,108,213
1326 : 25,141,213
1327 : 91,214,239
1328 : 33,215,243
1329 : 63,86,215
1330 : 107,215,238
1331 : 56,172,216
1332 : 204,216,246
1333 : 28,216,233
1334 : 217,233,245
1335 : 66,218,247
1336 : 64,106,219
1337 : 29,104,220
1338 : 136,185,220
1339 : 153,220,235
1340 : 97,155,221
1341 : 19,191,221
1342 : 78,176,222
1343 : 101,214,222
1344 : 77,159,223
1345 : 54,173,223
1346 : 24,40,224
1347 : 133,205,224
1348 : 82,221,225
1349 : 81,97,226
1350 : 33,226,230
1351 : 32,52,227
1352 : 22,158,227
1353 : 159,229,247
1354 : 187,195,229
1355 : 138,170,231
1356 : 120,167,231
1357 : 9,199,231
1358 : 18,211,231
1359 : 23,75,232
1360 : 51,151,233
1361 : 175,220,233
1362 : 5,51,234
1363 : 120,194,234
1364 : 17,144,235
1365 : 60,77,235
1366 : 58,69,236
1367 : 138,227,236
1368 : 70,100,237
1369 : 169,199,237
1370 : 19,46,239
1371 : 24,119,239
1372 : 80,166,239
1373 : 108,117,239
1374 : 7,15,240
1375 : 23,164,240
1376 : 55,67,240
1377 : 58,105,240
1378 : 55,88,241
1379 : 167,239,241
1380 : 62,222,242
1381 : 37,137,242
1382 : 97,243,248
1383 : 175,197,244
1384 : 60,120,245
1385 : 128,132,245
1386 : 24,46,246
1387 : 26,27,246
1388 : 74,163,246
1389 : 96,155,247
1390 : 127,240,247
1391 : 235,243,247
1392 : 100,191,248
1393 : 131,160,249
1394 : 139,226,249
1395 : 145,211,249
1396 : 72,212,249
1397 : 156,172,250
1398 : 130,208,250
1399 : 15,46,398
1400 : 70,110,320
1401 : 106,192,341
1402 : 101,148,370
1403 : 112,149,261
1404 : 218,219,296
1405 : 71,239,367
1406 : 5,96,509
1407 : 22,158,604
1408 : 105,158,606
1409 : 33,171,586
1410 : 176,190,611
1411 : 16,64,888
1412 : 48,228,956
1413 : 83,189,829
1414 : 97,119,774
1415 : 67,144,996
1416 : 170,195,882
1417 : 61,224,880
1418 : 26,64,251
1419 : 99,196,354
1420 : 150,234,397
1421 : 177,185,263
1422 : 194,214,462
1423 : 99,223,431
1424 : 2,241,323
1425 : 6,293,387
1426 : 71,272,288
1427 : 161,268,342
1428 : 198,265,286
1429 : 24,337,657
1430 : 46,363,577
1431 : 127,277,663
1432 : 140,348,635
1433 : 163,425,546
1434 : 197,475,629
1435 : 201,331,704
1436 : 207,378,698
1437 : 72,321,767
1438 : 75,448,868
1439 : 149,341,925
1440 : 160,356,996
1441 : 206,421,851
1442 : 247,296,946
1443 : 4,200,515
1444 : 169,250,527
1445 : 14,331,514
1446 : 51,329,513
1447 : 100,399,646
1448 : 102,384,522
1449 : 155,333,513
1450 : 168,365,610
1451 : 169,419,722
1452 : 180,306,665
1453 : 194,436,578
1454 : 207,452,550
1455 : 215,434,704
1456 : 19,588,647
1457 : 28,555,580
1458 : 33,508,673
1459 : 36,507,742
1460 : 40,664,746
1461 : 133,628,716
1462 : 172,593,708
1463 : 203,642,746
1464 : 208,532,711
1465 : 242,675,726
1466 : 156,717,968
1467 : 206,568,899
1468 : 216,529,942
1469 : 72,95,916
1470 : 48,119,780
1471 : 144,249,804
1472 : 90,184,879
1473 : 150,189,870
1474 : 23,259,987
1475 : 33,324,985
1476 : 36,261,961
1477 : 42,251,806
1478 : 121,486,927
1479 : 130,263,999
1480 : 146,473,901
1481 : 180,345,989
1482 : 71,739,987
1483 : 83,617,855
1484 : 181,644,982
1485 : 228,692,792
1486 : 12,797,913
1487 : 53,813,847
1488 : 150,854,883
1489 : 189,825,978
1490 : 234,847,869
1491 : 247,904,986
1492 : 111,138,265
1493 : 40,242,290
1494 : 224,250,294
1495 : 58,94,307
1496 : 223,237,342
1497 : 117,170,371
1498 : 57,148,401
1499 : 13,112,407
1500 : 137,202,485
1501 : 221,275,434
1502 : 220,308,324
1503 : 82,263,329
1504 : 246,356,475
1505 : 22,392,412
1506 : 8,272,407
1507 : 51,430,451
1508 : 17,262,471
1509 : 165,452,483
1510 : 131,295,668
1511 : 197,297,562
1512 : 40,299,742
1513 : 116,299,734
1514 : 12,425,679
1515 : 157,432,566
1516 : 72,435,644
1517 : 98,439,674
1518 : 185,452,512
1519 : 83,468,717
1520 : 105,481,637
1521 : 114,260,911
1522 : 218,287,791
1523 : 8,347,758
1524 : 230,440,878
1525 : 187,444,825
1526 : 233,455,798
1527 : 99,258,444
1528 : 189,306,403
1529 : 207,324,408
1530 : 179,365,423
1531 : 182,426,495
1532 : 44,291,496
1533 : 252,337,396
1534 : 254,261,303
1535 : 255,410,419
1536 : 255,315,447
1537 : 256,297,356
1538 : 257,359,397
1539 : 257,413,457
1540 : 258,300,422
1541 : 258,305,407
1542 : 259,325,397
1543 : 260,274,298
1544 : 260,295,310
1545 : 252,260,441
1546 : 261,295,322
1547 : 261,306,324
1548 : 262,278,280
1549 : 262,326,489
1550 : 262,361,437
1551 : 262,457,473
1552 : 263,362,379
1553 : 263,390,472
1554 : 264,374,395
1555 : 264,363,396
1556 : 251,264,410
1557 : 264,471,479
1558 : 264,451,482
1559 : 265,280,318
1560 : 265,308,388
1561 : 265,325,371
1562 : 266,273,419
1563 : 266,275,430
1564 : 266,418,465
1565 : 267,275,300
1566 : 268,285,474
1567 : 268,315,456
1568 : 268,350,481
1569 : 254,269,288
1570 : 269,270,397
1571 : 270,428,442
1572 : 271,324,333
1573 : 272,293,419
1574 : 274,303,398
1575 : 274,332,343
1576 : 270,274,351
1577 : 275,312,327
1578 : 276,353,411
1579 : 264,277,365
1580 : 278,393,417
1581 : 278,323,459
1582 : 279,300,361
1583 : 279,443,448
1584 : 279,456,463
1585 : 279,375,486
1586 : 279,479,498
1587 : 259,280,284
1588 : 280,339,371
1589 : 280,319,444
1590 : 282,375,443
1591 : 284,290,313
1592 : 284,388,407
1593 : 284,323,412
1594 : 285,289,451
1595 : 288,390,439
1596 : 289,376,402
1597 : 289,345,418
1598 : 290,447,448
1599 : 262,291,444
1600 : 292,384,450
1601 : 292,301,460
1602 : 292,348,487
1603 : 293,397,468
1604 : 294,296,366
1605 : 276,294,393
1606 : 266,295,344
1607 : 292,295,349
1608 : 295,367,380
1609 : 296,362,412
1610 : 296,468,495
1611 : 298,322,400
1612 : 278,298,424
1613 : 298,448,459
1614 : 253,298,460
1615 : 271,299,323
1616 : 258,262,300
1617 : 270,300,341
1618 : 300,419,491
1619 : 301,302,318
1620 : 302,353,416
1621 : 302,384,450
1622 : 270,302,468
1623 : 302,363,471
1624 : 303,373,426
1625 : 304,333,418
1626 : 305,365,418
1627 : 294,306,428
1628 : 306,327,336
1629 : 297,307,492
1630 : 307,322,445
1631 : 307,374,383
1632 : 308,368,438
1633 : 308,412,438
1634 : 308,468,477
1635 : 308,371,479
1636 : 256,310,322
1637 : 279,286,310
1638 : 310,324,436
1639 : 289,311,398
1640 : 311,399,475
1641 : 311,318,482
1642 : 312,386,476
1643 : 313,325,458
1644 : 313,375,456
1645 : 314,432,489
1646 : 293,315,414
1647 : 315,449,483
1648 : 292,316,397
1649 : 316,369,377
1650 : 316,351,437
1651 : 314,317,500
1652 : 316,317,333
1653 : 317,360,396
1654 : 270,317,371
1655 : 317,493,499
1656 : 291,318,469
1657 : 268,318,420
1658 : 319,364,366
1659 : 319,396,429
1660 : 259,319,438
1661 : 295,319,471
1662 : 277,320,412
1663 : 258,321,387
1664 : 321,371,426
1665 : 321,414,479
1666 : 251,322,494
1667 : 294,323,358
1668 : 273,317,323
1669 : 323,402,444
1670 : 324,391,500
1671 : 304,325,434
1672 : 305,325,432
1673 : 312,325,393
1674 : 326,439,498
1675 : 327,365,426
1676 : 327,415,447
1677 : 329,393,424
1678 : 331,430,450
1679 : 279,333,403
1680 : 333,396,424
1681 : 334,341,399
1682 : 265,335,401
1683 : 300,335,459
1684 : 335,474,482
1685 : 269,271,336
1686 : 336,415,422
1687 : 288,337,357
1688 : 251,338,385
1689 : 272,339,494
1690 : 290,340,417
1691 : 286,340,438
1692 : 340,406,459
1693 : 327,341,383
1694 : 341,406,463
1695 : 299,342,468
1696 : 342,351,402
1697 : 342,356,394
1698 : 282,344,379
1699 : 333,345,436
1700 : 345,365,377
1701 : 345,380,430
1702 : 275,346,437
1703 : 265,346,466
1704 : 346,463,499
1705 : 329,347,417
1706 : 331,343,348
1707 : 349,375,416
1708 : 289,350,390
1709 : 351,375,452
1710 : 351,407,468
1711 : 290,315,352
1712 : 352,372,413
1713 : 273,354,453
1714 : 289,346,354
1715 : 354,373,389
1716 : 355,427,436
1717 : 265,356,426
1718 : 271,296,356
1719 : 295,357,489
1720 : 309,357,435
1721 : 269,314,357
1722 : 357,365,462
1723 : 357,386,422
1724 : 334,358,488
1725 : 262,358,397
1726 : 358,408,432
1727 : 360,381,398
1728 : 361,380,449
1729 : 361,386,414
1730 : 361,473,481
1731 : 265,362,390
1732 : 362,404,408
1733 : 271,276,363
1734 : 267,288,363
1735 : 278,364,440
1736 : 365,416,472
1737 : 365,464,476
1738 : 365,417,490
1739 : 282,367,399
1740 : 286,367,423
1741 : 367,385,488
1742 : 255,368,479
1743 : 271,287,368
1744 : 340,345,370
1745 : 295,373,420
1746 : 373,449,465
1747 : 373,412,476
1748 : 262,316,374
1749 : 374,406,450
1750 : 277,374,430
1751 : 359,375,387
1752 : 270,361,376
1753 : 272,377,451
1754 : 272,279,377
1755 : 312,340,377
1756 : 377,429,435
1757 : 316,378,382
1758 : 378,383,387
1759 : 278,299,379
1760 : 265,299,380
1761 : 380,385,395
1762 : 380,430,445
1763 : 341,380,485
1764 : 322,382,423
1765 : 288,331,382
1766 : 267,382,391
1767 : 257,313,384
1768 : 257,340,384
1769 : 342,344,384
1770 : 328,371,384
1771 : 325,367,387
1772 : 344,387,439
1773 : 269,388,472
1774 : 287,388,492
1775 : 388,392,405
1776 : 282,295,390
1777 : 292,390,413
1778 : 296,300,390
1779 : 390,409,486
1780 : 355,392,430
1781 : 364,382,392
1782 : 392,427,485
1783 : 346,392,432
1784 : 395,430,460
1785 : 307,338,396
1786 : 257,396,499
1787 : 289,338,398
1788 : 384,398,496
1789 : 298,399,406
1790 : 292,367,401
1791 : 348,402,444
1792 : 381,400,402
1793 : 402,457,465
1794 : 403,439,441
1795 : 403,475,496
1796 : 306,405,481
1797 : 288,367,405
1798 : 384,405,431
1799 : 408,413,472
1800 : 324,409,419
1801 : 336,373,409
1802 : 351,409,415
1803 : 363,409,468
1804 : 260,409,487
1805 : 279,392,410
1806 : 291,410,483
1807 : 410,425,462
1808 : 412,433,439
1809 : 413,449,464
1810 : 353,389,414
1811 : 372,404,416
1812 : 276,417,461
1813 : 310,418,496
1814 : 270,363,419
1815 : 301,419,461
1816 : 256,420,432
1817 : 280,407,420
1818 : 303,306,420
1819 : 320,420,454
1820 : 256,371,421
1821 : 280,421,452
1822 : 318,389,422
1823 : 268,313,423
1824 : 278,379,423
1825 : 330,424,476
1826 : 331,379,425
1827 : 425,463,483
1828 : 332,363,428
1829 : 428,464,488
1830 : 328,430,453
1831 : 386,417,431
1832 : 399,421,432
1833 : 318,416,433
1834 : 384,414,434
1835 : 294,434,499
1836 : 281,306,435
1837 : 435,447,470
1838 : 324,435,482
1839 : 255,323,436
1840 : 375,435,436
1841 : 403,429,438
1842 : 437,438,469
1843 : 436,439,482
1844 : 354,415,440
1845 : 434,437,440
1846 : 437,440,477
1847 : 325,371,441
1848 : 421,441,486
1849 : 307,405,442
1850 : 365,390,442
1851 : 351,377,443
1852 : 360,430,443
1853 : 266,273,444
1854 : 336,407,444
1855 : 415,445,446
1856 : 420,446,480
1857 : 363,446,484
1858 : 264,354,447
1859 : 293,306,447
1860 : 303,400,447
1861 : 309,428,447
1862 : 415,447,451
1863 : 405,447,494
1864 : 289,312,448
1865 : 360,400,448
1866 : 320,448,459
1867 : 382,449,489
1868 : 382,405,449
1869 : 292,332,450
1870 : 332,451,476
1871 : 269,377,454
1872 : 337,405,454
1873 : 303,310,455
1874 : 263,317,455
1875 : 315,456,459
1876 : 268,456,491
1877 : 377,456,493
1878 : 268,343,457
1879 : 355,357,457
1880 : 392,457,491
1881 : 458,466,490
1882 : 299,450,459
1883 : 344,401,460
1884 : 363,460,474
1885 : 280,448,461
1886 : 397,461,489
1887 : 259,354,462
1888 : 395,430,462
1889 : 284,462,467
1890 : 256,409,464
1891 : 355,385,465
1892 : 414,421,465
1893 : 334,465,488
1894 : 317,340,466
1895 : 446,466,491
1896 : 279,302,468
1897 : 341,421,468
1898 : 336,423,468
1899 : 252,334,469
1900 : 285,336,469
1901 : 337,413,469
1902 : 294,356,469
1903 : 325,356,469
1904 : 363,382,469
1905 : 262,425,469
1906 : 355,402,470
1907 : 344,426,470
1908 : 336,471,482
1909 : 368,464,471
1910 : 259,421,472
1911 : 288,344,473
1912 : 314,443,473
1913 : 434,444,473
1914 : 262,315,474
1915 : 330,365,475
1916 : 306,325,476
1917 : 313,348,476
1918 : 334,377,476
1919 : 280,436,477
1920 : 295,381,477
1921 : 419,477,500
1922 : 341,456,477
1923 : 274,477,485
1924 : 418,423,478
1925 : 391,479,485
1926 : 304,460,479
1927 : 307,411,480
1928 : 391,394,480
1929 : 378,442,481
1930 : 302,458,482
1931 : 300,346,482
1932 : 252,348,483
1933 : 294,416,483
1934 : 261,287,485
1935 : 268,454,485
1936 : 257,432,486
1937 : 369,486,500
1938 : 382,386,486
1939 : 341,354,487
1940 : 316,456,488
1941 : 257,319,488
1942 : 329,334,488
1943 : 324,430,488
1944 : 355,472,490
1945 : 363,432,490
1946 : 368,392,491
1947 : 276,377,492
1948 : 387,450,492
1949 : 424,460,492
1950 : 312,334,493
1951 : 255,453,495
1952 : 365,406,495
1953 : 360,398,496
1954 : 282,419,497
1955 : 358,422,497
1956 : 318,342,498
1957 : 361,407,498
1958 : 371,447,498
1959 : 387,407,499
1960 : 251,411,500
1961 : 335,382,500
1962 : 402,489,500
1963 : 307,337,585
1964 : 359,475,616
1965 : 362,367,727
1966 : 256,435,835
1967 : 258,315,911
1968 : 282,399,877
1969 : 283,474,770
1970 : 297,452,932
1971 : 321,483,898
1972 : 352,375,834
1973 : 382,458,960
1974 : 264,398,812
1975 : 434,455,761
1976 : 264,469,751
1977 : 336,497,907
1978 : 26,253,607
1979 : 147,311,571
1980 : 55,347,602
1981 : 104,398,682
1982 : 269,389,720
1983 : 288,466,587
1984 : 288,431,593
1985 : 308,438,655
1986 : 345,373,613
1987 : 320,349,648
1988 : 298,632,633
1989 : 309,589,717
1990 : 382,586,596
1991 : 422,582,720
1992 : 429,545,597
1993 : 471,687,696
1994 : 255,653,776
1995 : 357,592,796
1996 : 363,630,777
1997 : 409,603,928
1998 : 471,726,836
1999 : 500,612,792
2000 : 89,252,858
2001 : 142,263,935
2002 : 196,294,903
2003 : 150,317,928
2004 : 146,363,808
2005 : 221,363,981
2006 : 45,401,948
2007 : 32,406,905
2008 : 196,423,845
2009 : 148,426,966
2010 : 208,468,775
2011 : 290,436,904
2012 : 298,467,792
2013 : 300,310,770
2014 : 287,307,938
2015 : 297,339,846
2016 : 346,413,959
2017 : 304,359,836
2018 : 385,414,854
2019 : 332,452,963
2020 : 264,505,994
2021 : 329,547,809
2022 : 352,515,818
2023 : 360,702,984
2024 : 377,636,958
2025 : 397,553,877
2026 : 451,735,857
2027 : 385,897,972
2028 : 37,194,559
2029 : 5,94,582
2030 : 132,163,616
2031 : 60,183,679
2032 : 65,106,727
2033 : 232,456,509
2034 : 175,431,526
2035 : 207,436,653
2036 : 224,258,682
2037 : 198,260,749
2038 : 216,505,691
2039 : 76,529,740
2040 : 105,517,556
2041 : 116,564,669
2042 : 65,615,662
2043 : 209,535,673
2044 : 118,639,685
2045 : 33,687,739
2046 : 154,628,745
2047 : 50,525,805
2048 : 90,564,925
2049 : 197,575,978
2050 : 99,656,802
2051 : 187,695,802
2052 : 53,729,994
2053 : 32,731,907
2054 : 54,746,865
2055 : 20,253,501
2056 : 249,255,560
2057 : 190,276,580
2058 : 215,436,668
2059 : 219,253,741
2060 : 401,467,508
2061 : 404,427,526
2062 : 324,385,548
2063 : 336,410,557
2064 : 319,355,559
2065 : 374,455,562
2066 : 484,500,570
2067 : 327,391,604
2068 : 428,473,614
2069 : 271,422,672
2070 : 259,425,676
2071 : 326,341,727
2072 : 288,319,728
2073 : 489,553,683
2074 : 324,523,597
2075 : 265,626,712
2076 : 258,545,690
2077 : 260,619,743
2078 : 483,686,747
2079 : 441,550,750
2080 : 383,533,837
2081 : 262,568,840
2082 : 385,575,878
2083 : 260,592,915
2084 : 423,627,809
2085 : 283,637,851
2086 : 277,657,860
2087 : 324,719,981
2088 : 385,728,910
2089 : 200,505,693
2090 : 181,521,746
2091 : 176,533,597
2092 : 240,555,608
2093 : 105,629,701
2094 : 248,548,654
2095 : 146,680,688
2096 : 130,518,705
2097 : 469,528,566
2098 : 433,530,729
2099 : 491,593,742
2100 : 253,506,673
2101 : 343,608,708
2102 : 398,619,734
2103 : 501,611,614
2104 : 501,587,671
2105 : 501,672,706
2106 : 503,657,708
2107 : 504,554,601
2108 : 504,586,627
2109 : 506,715,722
2110 : 506,706,723
2111 : 507,541,637
2112 : 507,651,668
2113 : 508,523,692
2114 : 509,565,573
2115 : 510,591,728
2116 : 511,536,711
2117 : 511,548,719
2118 : 511,574,584
2119 : 513,668,743
2120 : 515,662,705
2121 : 514,516,626
2122 : 516,546,599
2123 : 516,581,675
2124 : 516,617,695
2125 : 516,711,716
2126 : 516,626,713
2127 : 517,630,640
2128 : 517,735,745
2129 : 517,729,746
2130 : 518,530,551
2131 : 519,733,735
2132 : 519,590,750
2133 : 520,573,733
2134 : 521,573,682
2135 : 521,622,734
2136 : 501,522,568
2137 : 522,632,730
2138 : 518,523,585
2139 : 523,563,568
2140 : 521,523,659
2141 : 523,662,744
2142 : 522,523,687
2143 : 524,677,725
2144 : 526,571,626
2145 : 526,595,652
2146 : 526,601,671
2147 : 517,526,675
2148 : 527,551,615
2149 : 506,528,563
2150 : 530,564,702
2151 : 530,604,717
2152 : 531,675,732
2153 : 532,549,674
2154 : 532,636,745
2155 : 532,682,724
2156 : 532,671,691
2157 : 524,533,661
2158 : 521,534,744
2159 : 534,565,611
2160 : 535,558,649
2161 : 536,671,672
2162 : 517,537,723
2163 : 537,710,733
2164 : 519,538,707
2165 : 514,539,613
2166 : 541,644,705
2167 : 541,565,713
2168 : 542,635,691
2169 : 543,610,697
2170 : 516,544,606
2171 : 544,563,720
2172 : 545,607,633
2173 : 545,642,703
2174 : 545,616,729
2175 : 545,620,745
2176 : 507,546,602
2177 : 523,546,606
2178 : 546,604,629
2179 : 546,614,711
2180 : 547,556,715
2181 : 549,556,650
2182 : 549,652,658
2183 : 550,556,696
2184 : 536,551,564
2185 : 551,590,594
2186 : 551,630,737
2187 : 525,551,724
2188 : 542,552,558
2189 : 530,552,571
2190 : 551,552,638
2191 : 552,699,718
2192 : 552,721,723
2193 : 554,587,621
2194 : 554,575,721
2195 : 523,557,633
2196 : 558,560,712
2197 : 560,568,602
2198 : 532,560,624
2199 : 542,561,743
2200 : 540,561,642
2201 : 561,641,678
2202 : 561,570,735
2203 : 561,733,746
2204 : 562,605,639
2205 : 562,577,659
2206 : 562,680,724
2207 : 520,564,686
2208 : 564,635,674
2209 : 505,566,646
2210 : 566,594,663
2211 : 521,564,567
2212 : 547,567,675
2213 : 533,567,663
2214 : 568,575,689
2215 : 568,709,726
2216 : 569,589,704
2217 : 571,597,687
2218 : 572,598,637
2219 : 533,573,603
2220 : 575,587,605
2221 : 576,629,636
2222 : 571,577,632
2223 : 577,699,736
2224 : 578,612,645
2225 : 506,547,579
2226 : 529,579,720
2227 : 580,587,652
2228 : 580,635,746
2229 : 540,581,592
2230 : 577,581,743
2231 : 554,583,692
2232 : 534,584,719
2233 : 566,586,704
2234 : 587,604,632
2235 : 586,587,676
2236 : 585,587,724
2237 : 587,595,743
2238 : 551,588,601
2239 : 571,588,630
2240 : 538,588,631
2241 : 588,651,698
2242 : 528,589,592
2243 : 522,590,736
2244 : 529,592,726
2245 : 538,592,664
2246 : 581,592,726
2247 : 584,592,730
2248 : 592,664,750
2249 : 541,593,710
2250 : 579,593,658
2251 : 550,593,665
2252 : 593,632,682
2253 : 555,594,599
2254 : 594,684,725
2255 : 595,721,727
2256 : 568,597,678
2257 : 595,597,725
2258 : 598,649,709
2259 : 591,600,617
2260 : 531,600,664
2261 : 538,600,670
2262 : 550,600,727
2263 : 600,741,746
2264 : 513,529,601
2265 : 579,601,651
2266 : 590,601,678
2267 : 584,602,683
2268 : 602,690,691
2269 : 603,614,643
2270 : 601,604,632
2271 : 581,604,739
2272 : 552,574,605
2273 : 605,633,702
2274 : 521,605,680
2275 : 520,596,606
2276 : 503,612,729
2277 : 612,628,739
2278 : 515,613,678
2279 : 518,547,614
2280 : 614,661,676
2281 : 614,620,725
2282 : 552,615,703
2283 : 568,616,689
2284 : 619,718,746
2285 : 541,554,620
2286 : 543,576,620
2287 : 591,599,620
2288 : 619,620,686
2289 : 617,621,663
2290 : 620,621,627
2291 : 528,621,711
2292 : 609,622,717
2293 : 530,582,624
2294 : 625,679,734
2295 : 553,590,626
2296 : 505,624,626
2297 : 626,630,660
2298 : 519,626,724
2299 : 573,627,693
2300 : 502,600,628
2301 : 628,646,744
2302 : 631,734,743
2303 : 535,548,632
2304 : 517,572,633
2305 : 524,602,634
2306 : 526,617,634
2307 : 628,634,649
2308 : 633,634,678
2309 : 530,635,653
2310 : 518,557,636
2311 : 636,665,679
2312 : 505,601,638
2313 : 638,656,724
2314 : 507,640,658
2315 : 576,640,662
2316 : 631,641,715
2317 : 526,571,642
2318 : 584,642,739
2319 : 554,643,651
2320 : 540,642,643
2321 : 643,682,699
2322 : 613,618,646
2323 : 604,647,723
2324 : 647,682,739
2325 : 516,648,690
2326 : 535,546,648
2327 : 622,649,679
2328 : 580,582,650
2329 : 589,650,718
2330 : 569,651,733
2331 : 521,651,729
2332 : 503,526,652
2333 : 502,620,653
2334 : 546,648,655
2335 : 531,655,723
2336 : 590,657,663
2337 : 504,657,733
2338 : 566,583,658
2339 : 659,692,737
2340 : 549,561,660
2341 : 650,660,679
2342 : 660,682,737
2343 : 520,589,663
2344 : 559,624,663
2345 : 518,609,663
2346 : 543,664,706
2347 : 574,658,664
2348 : 573,664,704
2349 : 664,726,731
2350 : 569,665,694
2351 : 665,722,733
2352 : 599,614,666
2353 : 621,666,675
2354 : 610,641,666
2355 : 547,667,694
2356 : 582,667,703
2357 : 548,563,668
2358 : 569,576,668
2359 : 564,614,669
2360 : 636,669,705
2361 : 521,661,670
2362 : 571,657,670
2363 : 671,685,732
2364 : 560,664,672
2365 : 508,672,682
2366 : 596,619,673
2367 : 507,601,673
2368 : 636,674,692
2369 : 674,737,744
2370 : 650,675,736
2371 : 675,678,744
2372 : 526,600,676
2373 : 622,676,720
2374 : 595,677,682
2375 : 527,678,730
2376 : 528,550,678
2377 : 594,679,700
2378 : 506,514,680
2379 : 556,569,681
2380 : 533,560,682
2381 : 557,572,682
2382 : 533,683,707
2383 : 504,670,684
2384 : 597,685,688
2385 : 540,686,750
2386 : 612,686,723
2387 : 654,671,687
2388 : 561,687,688
2389 : 667,688,744
2390 : 513,531,689
2391 : 516,689,748
2392 : 529,539,690
2393 : 600,690,749
2394 : 534,691,703
2395 : 502,624,694
2396 : 518,640,694
2397 : 623,656,696
2398 : 582,624,697
2399 : 648,690,697
2400 : 566,632,698
2401 : 644,698,745
2402 : 548,636,699
2403 : 502,568,699
2404 : 597,700,719
2405 : 702,705,709
2406 : 556,679,704
2407 : 518,655,704
2408 : 697,704,734
2409 : 512,608,705
2410 : 519,624,705
2411 : 612,658,705
2412 : 687,705,742
2413 : 575,616,706
2414 : 627,706,726
2415 : 533,708,720
2416 : 555,578,708
2417 : 562,708,721
2418 : 537,646,709
2419 : 637,709,734
2420 : 605,638,709
2421 : 501,596,710
2422 : 644,686,710
2423 : 631,710,722
2424 : 601,711,724
2425 : 504,505,712
2426 : 592,690,712
2427 : 687,713,730
2428 : 692,713,716
2429 : 577,714,717
2430 : 508,691,714
2431 : 714,727,745
2432 : 615,714,733
2433 : 544,697,715
2434 : 655,716,750
2435 : 545,619,717
2436 : 604,709,717
2437 : 635,717,727
2438 : 543,666,718
2439 : 552,603,718
2440 : 578,651,718
2441 : 657,664,718
2442 : 553,679,718
2443 : 520,693,718
2444 : 657,718,732
2445 : 535,557,720
2446 : 644,720,730
2447 : 601,720,740
2448 : 508,591,721
2449 : 654,665,721
2450 : 659,716,721
2451 : 593,707,723
2452 : 531,641,725
2453 : 553,563,727
2454 : 643,653,728
2455 : 562,611,729
2456 : 538,572,731
2457 : 650,700,731
2458 : 685,731,735
2459 : 605,621,732
2460 : 556,573,735
2461 : 672,735,746
2462 : 698,736,737
2463 : 540,735,740
2464 : 575,655,740
2465 : 589,716,740
2466 : 652,739,741
2467 : 519,553,742
2468 : 574,743,749
2469 : 581,656,744
2470 : 605,653,744
2471 : 640,734,744
2472 : 511,736,744
2473 : 560,591,745
2474 : 583,634,746
2475 : 531,594,746
2476 : 527,714,747
2477 : 621,699,747
2478 : 588,747,749
2479 : 509,532,748
2480 : 658,747,749
2481 : 561,572,750
2482 : 574,685,750
2483 : 504,711,899
2484 : 552,632,979
2485 : 594,698,921
2486 : 610,650,956
2487 : 672,717,875
2488 : 664,699,928
2489 : 502,745,884
2490 : 88,522,907
2491 : 216,537,905
2492 : 76,571,804
2493 : 146,629,760
2494 : 395,521,803
2495 : 495,580,892
2496 : 540,604,752
2497 : 591,710,869
2498 : 606,619,914
2499 : 654,669,958
2500 : 600,694,907
2501 : 690,707,869
2502 : 541,723,790
2503 : 522,755,801
2504 : 524,831,992
2505 : 528,780,937
2506 : 535,809,810
2507 : 585,895,955
2508 : 587,805,991
2509 : 651,825,926
2510 : 687,889,891
2511 : 166,220,773
2512 : 142,146,786
2513 : 32,120,801
2514 : 191,192,997
2515 : 117,157,998
2516 : 226,308,762
2517 : 234,294,765
2518 : 202,362,775
2519 : 142,384,801
2520 : 43,468,826
2521 : 78,272,903
2522 : 144,370,941
2523 : 87,337,949
2524 : 154,405,964
2525 : 233,267,980
2526 : 46,434,996
2527 : 199,703,751
2528 : 35,508,795
2529 : 198,661,861
2530 : 199,638,877
2531 : 115,528,948
2532 : 114,515,949
2533 : 107,559,971
2534 : 243,899,986
2535 : 53,752,920
2536 : 158,312,868
2537 : 135,368,903
2538 : 203,345,935
2539 : 221,460,942
2540 : 404,433,756
2541 : 391,413,792
2542 : 436,472,798
2543 : 397,496,873
2544 : 423,495,994
2545 : 254,520,812
2546 : 338,510,841
2547 : 308,704,849
2548 : 268,672,854
2549 : 318,660,951
2550 : 312,759,798
2551 : 428,752,867
2552 : 498,775,897
2553 : 127,639,815
2554 : 46,547,924
2555 : 143,584,955
2556 : 229,699,957
2557 : 414,691,755
2558 : 323,653,801
2559 : 442,551,813
2560 : 321,504,820
2561 : 277,750,839
2562 : 410,526,853
2563 : 286,587,871
2564 : 364,552,874
2565 : 491,538,884
2566 : 284,658,918
2567 : 389,683,967
2568 : 603,654,777
2569 : 554,618,836
2570 : 590,709,893
2571 : 566,707,898
2572 : 507,554,913
2573 : 643,672,937
2574 : 559,590,944
2575 : 685,739,969
2576 : 505,766,841
2577 : 689,785,956
2578 : 527,848,979
2579 : 651,814,893
2580 : 648,916,936
2581 : 514,977,997
2582 : 627,945,980
2583 : 53,756,813
2584 : 240,757,764
2585 : 149,776,844
2586 : 121,772,838
2587 : 164,846,870
2588 : 97,753,879
2589 : 117,874,892
2590 : 38,871,937
2591 : 105,860,997
2592 : 40,826,999
2593 : 493,795,864
2594 : 497,873,980
2595 : 468,758,884
2596 : 367,856,930
2597 : 406,883,969
2598 : 488,852,984
2599 : 622,768,807
2600 : 590,801,826
2601 : 691,774,802
2602 : 674,771,878
2603 : 555,838,896
2604 : 550,791,959
2605 : 751,873,935
2606 : 751,936,964
2607 : 752,797,915
2608 : 752,755,966
2609 : 753,762,811
2610 : 753,928,954
2611 : 754,771,858
2612 : 754,797,990
2613 : 755,889,960
2614 : 756,758,886
2615 : 757,886,992
2616 : 760,782,978
2617 : 760,819,862
2618 : 761,851,981
2619 : 761,868,885
2620 : 763,878,946
2621 : 764,924,936
2622 : 764,773,995
2623 : 766,803,817
2624 : 759,766,935
2625 : 767,786,869
2626 : 768,810,819
2627 : 769,789,923
2628 : 769,793,850
2629 : 769,966,992
2630 : 771,792,841
2631 : 771,805,961
2632 : 772,829,836
2633 : 772,882,956
2634 : 772,833,946
2635 : 772,956,996
2636 : 773,785,985
2637 : 774,796,914
2638 : 776,787,797
2639 : 776,833,925
2640 : 777,798,899
2641 : 767,778,986
2642 : 753,778,800
2643 : 779,822,887
2644 : 779,884,993
2645 : 780,840,900
2646 : 783,801,874
2647 : 783,833,849
2648 : 783,913,989
2649 : 784,858,870
2650 : 785,886,898
2651 : 776,786,845
2652 : 763,786,897
2653 : 786,803,974
2654 : 788,839,982
2655 : 789,861,927
2656 : 789,895,970
2657 : 789,977,996
2658 : 790,806,954
2659 : 790,809,864
2660 : 779,790,989
2661 : 791,846,877
2662 : 791,797,849
2663 : 751,791,983
2664 : 791,983,990
2665 : 792,809,830
2666 : 792,822,903
2667 : 792,836,906
2668 : 792,808,936
2669 : 756,792,966
2670 : 751,793,861
2671 : 770,780,794
2672 : 789,794,891
2673 : 794,901,958
2674 : 794,937,995
2675 : 758,796,979
2676 : 796,867,939
2677 : 765,797,967
2678 : 797,953,961
2679 : 798,806,930
2680 : 798,905,935
2681 : 798,958,996
2682 : 799,840,863
2683 : 788,799,948
2684 : 799,924,973
2685 : 775,783,800
2686 : 801,845,872
2687 : 802,832,843
2688 : 802,849,970
2689 : 768,803,983
2690 : 752,795,804
2691 : 805,847,876
2692 : 806,810,830
2693 : 751,770,807
2694 : 807,839,905
2695 : 807,984,989
2696 : 796,799,808
2697 : 792,808,927
2698 : 778,809,839
2699 : 785,809,966
2700 : 767,811,868
2701 : 787,811,836
2702 : 811,882,939
2703 : 812,893,907
2704 : 812,873,916
2705 : 813,902,985
2706 : 767,814,977
2707 : 768,815,874
2708 : 811,815,898
2709 : 789,816,850
2710 : 816,832,874
2711 : 816,883,943
2712 : 818,916,931
2713 : 818,958,962
2714 : 810,819,872
2715 : 819,823,857
2716 : 754,820,844
2717 : 820,869,967
2718 : 820,852,974
2719 : 793,821,900
2720 : 821,896,983
2721 : 761,822,937
2722 : 775,814,822
2723 : 765,825,857
2724 : 766,825,969
2725 : 825,875,881
2726 : 825,845,911
2727 : 756,772,826
2728 : 800,826,986
2729 : 827,903,941
2730 : 783,828,936
2731 : 823,828,875
2732 : 764,824,828
2733 : 828,896,925
2734 : 791,821,830
2735 : 830,862,865
2736 : 830,853,931
2737 : 831,868,970
2738 : 814,832,958
2739 : 791,813,833
2740 : 817,834,836
2741 : 834,849,884
2742 : 834,850,987
2743 : 811,834,894
2744 : 765,834,920
2745 : 806,835,838
2746 : 836,928,952
2747 : 836,976,977
2748 : 755,762,837
2749 : 817,837,861
2750 : 830,838,982
2751 : 840,842,882
2752 : 774,840,972
2753 : 760,842,973
2754 : 842,946,960
2755 : 809,843,921
2756 : 770,778,844
2757 : 780,844,924
2758 : 844,859,953
2759 : 791,845,854
2760 : 795,845,896
2761 : 833,845,856
2762 : 751,824,846
2763 : 794,846,866
2764 : 794,847,849
2765 : 848,888,971
2766 : 850,868,883
2767 : 850,944,980
2768 : 758,851,906
2769 : 819,839,851
2770 : 851,879,884
2771 : 851,928,961
2772 : 851,962,970
2773 : 770,839,852
2774 : 853,899,907
2775 : 854,868,894
2776 : 754,855,968
2777 : 829,855,880
2778 : 855,985,991
2779 : 850,856,862
2780 : 798,857,980
2781 : 822,847,857
2782 : 857,872,974
2783 : 787,858,906
2784 : 821,858,880
2785 : 818,859,923
2786 : 822,859,890
2787 : 859,920,979
2788 : 792,860,898
2789 : 860,869,944
2790 : 779,861,1000
2791 : 831,862,874
2792 : 761,798,864
2793 : 864,907,997
2794 : 752,865,890
2795 : 760,762,865
2796 : 769,806,866
2797 : 867,868,979
2798 : 800,868,879
2799 : 868,944,978
2800 : 819,869,921
2801 : 777,836,870
2802 : 833,870,935
2803 : 802,871,899
2804 : 751,780,872
2805 : 790,872,898
2806 : 807,872,986
2807 : 872,916,977
2808 : 752,819,873
2809 : 826,829,873
2810 : 808,874,877
2811 : 874,888,905
2812 : 874,952,970
2813 : 785,874,958
2814 : 789,817,875
2815 : 875,936,977
2816 : 779,797,876
2817 : 792,876,934
2818 : 866,878,918
2819 : 878,899,952
2820 : 845,879,989
2821 : 879,949,959
2822 : 754,804,880
2823 : 759,880,896
2824 : 881,922,982
2825 : 787,881,951
2826 : 881,959,972
2827 : 855,882,930
2828 : 755,860,883
2829 : 883,903,939
2830 : 883,908,957
2831 : 885,899,986
2832 : 885,912,934
2833 : 885,912,936
2834 : 819,886,987
2835 : 804,887,986
2836 : 848,887,973
2837 : 888,960,971
2838 : 767,888,986
2839 : 779,811,889
2840 : 862,889,972
2841 : 883,889,935
2842 : 889,944,956
2843 : 834,870,890
2844 : 890,977,993
2845 : 763,891,952
2846 : 822,883,892
2847 : 841,844,893
2848 : 753,767,894
2849 : 807,820,894
2850 : 765,895,942
2851 : 830,895,915
2852 : 792,865,895
2853 : 895,897,935
2854 : 800,896,931
2855 : 896,935,943
2856 : 843,844,898
2857 : 883,898,975
2858 : 890,898,959
2859 : 812,857,899
2860 : 833,899,912
2861 : 844,899,989
2862 : 770,900,983
2863 : 828,900,989
2864 : 826,901,977
2865 : 881,902,938
2866 : 797,842,903
2867 : 803,811,904
2868 : 846,880,904
2869 : 874,905,1000
2870 : 810,812,906
2871 : 756,847,906
2872 : 831,908,963
2873 : 767,850,908
2874 : 804,880,908
2875 : 810,860,910
2876 : 910,951,972
2877 : 912,921,997
2878 : 847,860,913
2879 : 914,937,992
2880 : 826,915,934
2881 : 916,939,966
2882 : 834,901,918
2883 : 780,839,918
2884 : 861,871,918
2885 : 918,931,948
2886 : 795,918,968
2887 : 919,952,989
2888 : 775,798,921
2889 : 880,921,970
2890 : 762,773,922
2891 : 804,922,944
2892 : 820,855,922
2893 : 850,922,988
2894 : 817,841,923
2895 : 773,887,923
2896 : 758,923,968
2897 : 890,924,947
2898 : 812,857,925
2899 : 822,921,925
2900 : 828,925,932
2901 : 756,926,968
2902 : 776,791,928
2903 : 847,929,974
2904 : 816,828,930
2905 : 844,903,930
2906 : 906,930,945
2907 : 781,863,931
2908 : 847,882,931
2909 : 848,915,932
2910 : 932,939,944
2911 : 822,932,958
2912 : 802,932,979
2913 : 787,794,934
2914 : 934,963,967
2915 : 843,854,935
2916 : 893,913,935
2917 : 935,950,964
2918 : 795,889,936
2919 : 769,936,944
2920 : 774,884,937
2921 : 838,937,966
2922 : 897,937,999
2923 : 908,938,951
2924 : 821,850,939
2925 : 795,804,942
2926 : 889,893,943
2927 : 902,944,948
2928 : 818,826,945
2929 : 864,945,975
2930 : 752,922,946
2931 : 795,869,947
2932 : 754,817,948
2933 : 824,841,948
2934 : 768,897,948
2935 : 775,832,949
2936 : 857,949,957
2937 : 762,866,949
2938 : 949,957,987
2939 : 828,862,950
2940 : 774,950,973
2941 : 833,872,951
2942 : 889,894,951
2943 : 807,946,951
2944 : 828,951,960
2945 : 765,953,979
2946 : 787,892,955
2947 : 885,927,955
2948 : 946,955,966
2949 : 787,845,956
2950 : 845,945,956
2951 : 798,956,961
2952 : 798,914,957
2953 : 752,864,958
2954 : 857,958,998
2955 : 792,850,959
2956 : 862,899,959
2957 : 894,943,959
2958 : 781,959,996
2959 : 783,959,1000
2960 : 759,856,960
2961 : 844,855,962
2962 : 815,878,963
2963 : 811,851,963
2964 : 862,917,963
2965 : 850,890,964
2966 : 908,959,964
2967 : 787,926,965
2968 : 756,847,966
2969 : 792,823,969
2970 : 848,951,969
2971 : 923,969,983
2972 : 854,966,970
2973 : 960,970,974
2974 : 848,882,972
2975 : 757,863,973
2976 : 873,898,973
2977 : 796,826,974
2978 : 908,974,982
2979 : 758,864,975
2980 : 755,976,984
2981 : 761,845,976
2982 : 830,959,977
2983 : 903,939,977
2984 : 864,871,978
2985 : 776,790,979
2986 : 887,913,979
2987 : 847,885,980
2988 : 878,895,980
2989 : 872,950,981
2990 : 899,955,981
2991 : 953,981,982
2992 : 765,833,983
2993 : 864,952,983
2994 : 752,778,985
2995 : 795,940,986
2996 : 897,972,986
2997 : 775,793,987
2998 : 837,848,987
2999 : 847,944,987
3000 : 843,953,988
3001 : 887,973,989
3002 : 781,945,989
3003 : 803,877,990
3004 : 916,975,990
3005 : 882,885,992
3006 : 753,851,994
3007 : 862,994,995
3008 : 861,994,996
3009 : 763,932,995
3010 : 798,979,995
3011 : 809,854,996
3012 : 767,771,997
3013 : 780,786,997
3014 : 763,996,998
3015 : 787,856,998
3016 : 837,861,998
3017 : 808,909,998
3018 : 902,920,999
3019 : 618,628,738
3020 : 759,933,987
