0,335 : -5
0,361 : -6
1,330 : -6
1,357 : -5
1,939 : -9
2,371 : -4
2,466 : -4
2,912 : -8
3,215 : -5
5,19 : -8
5,161 : -8
5,471 : -10
6,32 : -5
6,151 : -5
6,747 : -9
7,150 : -9
8,162 : -4
8,616 : -1
9,421 : -12
10,100 : -9
10,244 : -7
10,879 : -11
11,252 : -9
11,262 : -4
11,282 : -7
11,443 : -9
11,750 : -7
12,404 : -8
13,331 : -8
13,347 : -6
13,678 : -7
14,769 : -3
15,21 : -7
15,148 : -8
15,393 : -7
15,437 : -10
17,84 : -6
17,403 : -9
17,792 : -8
19,216 : -7
19,438 : -9
19,518 : -10
19,779 : -10
20,473 : -7
20,561 : -7
20,898 : -10
21,256 : -4
21,398 : -9
22,375 : -7
22,475 : -7
22,666 : -6
22,786 : -6
23,635 : -3
23,745 : -11
24,596 : -5
25,873 : -8
25,952 : -4
26,54 : -4
26,120 : -7
26,495 : -7
27,169 : -6
29,698 : -5
29,917 : -5
30,112 : -10
30,202 : -9
30,834 : -10
31,633 : -7
31,857 : -7
31,966 : -4
31,985 : -4
32,963 : -8
33,361 : -9
33,417 : -4
33,847 : -4
34,146 : -8
36,71 : -10
36,269 : -7
36,312 : -6
36,407 : -6
36,468 : -6
36,676 : -6
37,415 : -5
37,547 : -4
38,361 : -9
38,454 : -4
39,876 : -8
39,972 : -13
40,914 : -5
41,446 : -1
42,63 : -5
42,248 : -9
43,152 : -8
43,614 : -9
46,320 : -5
46,988 : -3
47,468 : -5
48,638 : -7
48,867 : -8
49,400 : -11
49,561 : -13
49,774 : -12
50,245 : -8
50,317 : -6
50,546 : -5
50,651 : -6
51,239 : -7
51,544 : -5
52,410 : -9
52,412 : -10
53,172 : -7
53,851 : -7
55,267 : -5
55,944 : -7
56,136 : -4
56,316 : -5
57,398 : -8
57,886 : -4
58,377 : -6
58,581 : -7
58,973 : -7
59,300 : -6
59,388 : -8
59,548 : -3
60,112 : -6
60,513 : -7
61,75 : -5
62,241 : -8
63,101 : -9
63,730 : -3
64,373 : -9
64,953 : -8
65,294 : -10
65,309 : -14
65,437 : -12
65,554 : -12
65,692 : -8
65,950 : -12
65,993 : -9
66,246 : -7
66,592 : -8
67,939 : -9
68,366 : -4
69,209 : -3
70,288 : -8
70,628 : -10
70,749 : -5
71,431 : -6
71,563 : -8
71,884 : -10
72,907 : -6
72,925 : -7
73,455 : -5
74,139 : -7
74,222 : -8
75,338 : -2
75,493 : -8
76,405 : -8
76,872 : -6
77,680 : -9
77,767 : -5
78,316 : -9
78,329 : -10
78,564 : -9
78,747 : -12
79,152 : -5
79,739 : -3
80,283 : -6
80,314 : -7
81,197 : -6
81,203 : -6
81,342 : -3
81,853 : -3
82,158 : -1
82,640 : -6
83,205 : -6
83,548 : -3
85,761 : 0
86,201 : -9
86,216 : -7
86,842 : -10
86,987 : -7
87,482 : -7
88,352 : -2
88,402 : -5
90,622 : -7
91,309 : -8
91,310 : -4
91,979 : -9
92,154 : -11
92,405 : -8
92,513 : -10
92,744 : -9
93,345 : -2
93,482 : -7
95,485 : -6
95,888 : -5
96,479 : -11
96,849 : -10
97,975 : -2
98,824 : -10
99,212 : -5
99,685 : -2
99,802 : -6
100,154 : -10
100,229 : -7
100,385 : -7
100,639 : -10
101,363 : -10
101,486 : -11
102,279 : -3
103,675 : -8
103,694 : -5
104,107 : -9
104,235 : -12
104,553 : -7
104,799 : -7
106,701 : -7
107,647 : -7
107,844 : -8
108,234 : -1
109,263 : -4
109,288 : -6
110,332 : -5
110,668 : -11
111,748 : -3
111,914 : -5
112,669 : -9
113,786 : -2
115,554 : -7
116,542 : -2
117,485 : -4
117,796 : -1
118,313 : -15
118,335 : -16
118,359 : -12
118,473 : -14
118,672 : -13
118,757 : -10
118,789 : -14
120,921 : -10
122,232 : -7
122,742 : -6
124,174 : -6
124,430 : -6
125,228 : -8
125,892 : -5
126,640 : -7
127,929 : -6
128,208 : -5
128,423 : -6
128,673 : -5
130,621 : -7
131,175 : -5
131,364 : -4
132,423 : -6
132,899 : -3
135,261 : -2
136,647 : -5
137,549 : -8
137,989 : -8
138,512 : -4
138,574 : -7
139,288 : -7
141,488 : -5
141,584 : -6
143,260 : -9
144,591 : -5
144,610 : -7
144,752 : -5
145,440 : -8
146,597 : -12
147,220 : -10
147,760 : -9
147,827 : -7
148,411 : -6
149,809 : -4
149,847 : -3
150,235 : -11
151,459 : -5
152,700 : -8
153,236 : -4
154,582 : -12
154,812 : -10
155,210 : 0
157,242 : -5
157,349 : -6
157,469 : -7
157,514 : -9
157,714 : -8
157,898 : -11
158,960 : -4
161,307 : -7
162,830 : -12
162,849 : -11
163,232 : -12
163,260 : -12
163,785 : -12
163,926 : -10
165,618 : -4
166,681 : -3
167,490 : -3
167,789 : -5
168,250 : -9
168,597 : -11
169,195 : -8
169,471 : -13
169,488 : -9
169,878 : -6
169,967 : -8
171,750 : -4
172,399 : -8
172,688 : -8
172,927 : -7
173,793 : -4
174,427 : -9
174,455 : -7
174,671 : -5
174,939 : -10
176,654 : -2
178,485 : -4
179,441 : -6
180,611 : -7
180,620 : -8
184,297 : -4
184,799 : -5
186,590 : -5
186,813 : -10
188,721 : -5
190,441 : -5
191,894 : -4
192,738 : -10
193,207 : -8
193,315 : -8
193,974 : -8
194,799 : -4
194,896 : -3
195,239 : -6
196,467 : -5
196,575 : -8
196,668 : -10
197,728 : -6
197,961 : -7
198,972 : -10
199,877 : -6
200,430 : -4
200,755 : -6
201,325 : -6
201,632 : -5
202,607 : -7
202,732 : -5
203,576 : -9
203,622 : -12
203,953 : -5
204,753 : -9
205,831 : -7
206,399 : -5
206,887 : -4
207,332 : -5
207,680 : -10
209,745 : -11
209,837 : -3
211,739 : -8
211,834 : -12
211,938 : -10
211,978 : -8
212,396 : -6
213,523 : -7
213,931 : -6
214,557 : -4
214,786 : -6
215,484 : -9
215,680 : -11
216,691 : -8
217,429 : 0
217,734 : -3
218,377 : -4
219,645 : -5
219,663 : -9
219,848 : -6
219,940 : -7
220,675 : -11
220,704 : -8
220,808 : -7
220,819 : -10
221,851 : -9
222,444 : -6
222,920 : -6
223,388 : -6
224,305 : -5
225,678 : -3
226,275 : -8
226,499 : -10
226,977 : -7
226,984 : -7
227,662 : -8
228,493 : -13
228,596 : -12
228,977 : -11
229,855 : -6
230,710 : -6
230,738 : -10
230,758 : -6
230,976 : -5
231,846 : -7
232,249 : -8
233,246 : -4
233,812 : -5
234,353 : -11
234,809 : -5
235,568 : -9
235,582 : -12
236,703 : -9
236,947 : -6
239,289 : -6
240,723 : -10
241,744 : -9
241,749 : -5
241,909 : -6
241,980 : -6
243,968 : -2
244,405 : -5
244,815 : -10
245,499 : -11
245,672 : -7
246,507 : -4
246,840 : -6
247,759 : -4
248,477 : -10
248,791 : -10
249,963 : -9
250,857 : -10
251,542 : -3
251,916 : -2
252,281 : -7
252,502 : -7
252,790 : -10
252,860 : -10
253,924 : -3
255,565 : -6
256,288 : -6
257,538 : -6
257,831 : -6
258,368 : -2
259,640 : -8
259,807 : -5
260,361 : -12
260,791 : -9
260,834 : -10
260,912 : -10
261,928 : -4
263,350 : -5
263,395 : -6
264,584 : -5
264,723 : -9
265,570 : -4
266,346 : -6
266,641 : -3
266,680 : -10
270,846 : -6
272,299 : -5
272,463 : -5
272,928 : -6
273,824 : -6
273,843 : -2
274,783 : -9
274,951 : -11
274,970 : -5
275,382 : -9
275,554 : -10
275,716 : -8
275,825 : -6
276,754 : -3
276,988 : -3
277,376 : -7
277,436 : -6
277,486 : -7
277,537 : -6
278,977 : -10
279,745 : -11
280,418 : -10
280,476 : -3
280,910 : -7
281,855 : -4
284,663 : -5
285,569 : -5
285,693 : -5
288,505 : -8
289,695 : -3
290,569 : -7
290,884 : -11
291,682 : -5
291,745 : -11
292,823 : -2
293,405 : -10
293,531 : -7
293,568 : -8
293,636 : -10
294,929 : -9
295,342 : -7
295,538 : -9
295,969 : -10
298,693 : -2
299,884 : -7
300,329 : -8
301,867 : -5
302,751 : -3
303,737 : -7
303,884 : -8
304,701 : -7
306,532 : -3
307,336 : -3
307,895 : -5
308,370 : -1
308,939 : -8
309,432 : -9
309,741 : -12
309,801 : -6
309,956 : -11
310,715 : -2
311,389 : -6
311,765 : -4
311,834 : -8
313,450 : -6
313,878 : -5
314,506 : -9
314,920 : -7
315,493 : -9
315,841 : -6
316,599 : -6
316,787 : -3
317,660 : -4
317,910 : -8
318,388 : -6
319,724 : -11
320,604 : -5
320,633 : -8
320,651 : -5
320,655 : -11
322,876 : -7
322,972 : -12
323,330 : -8
323,382 : -8
323,550 : -6
323,746 : -13
323,911 : -8
324,513 : -8
324,632 : -3
324,976 : -4
326,372 : -12
327,879 : -8
327,928 : -6
328,398 : -8
329,592 : -7
329,690 : -8
330,622 : -12
330,849 : -6
331,697 : -4
332,799 : -4
334,337 : -3
335,994 : -8
337,966 : -3
339,979 : -11
341,865 : -8
341,956 : -7
342,628 : -7
343,996 : -6
344,663 : -6
344,969 : -6
345,665 : -2
346,800 : -8
347,565 : -6
347,635 : -2
348,462 : -7
348,804 : -4
348,841 : -6
349,919 : -5
350,431 : -4
350,794 : -3
350,914 : -6
351,777 : -2
352,436 : -5
352,935 : -4
353,361 : -16
353,406 : -9
353,636 : -13
353,646 : -11
353,802 : -13
353,895 : -12
353,951 : -17
354,956 : -5
354,963 : -7
355,789 : -3
356,495 : -7
357,708 : -7
357,807 : -5
358,709 : -9
358,895 : -7
360,376 : -6
360,898 : -9
361,738 : -14
362,821 : -1
365,588 : -10
365,719 : -11
365,745 : -15
366,854 : -6
368,498 : -5
369,396 : -6
371,383 : -5
371,599 : -4
372,471 : -16
372,759 : -11
372,809 : -12
372,884 : -14
372,925 : -12
372,959 : -10
373,597 : -9
373,941 : -5
376,706 : -7
378,600 : -7
378,923 : -7
379,381 : -4
379,800 : -8
384,506 : -5
385,666 : -6
385,803 : -6
387,498 : -3
388,692 : -7
389,708 : -7
389,956 : -7
390,437 : -6
391,588 : -4
391,844 : -4
392,554 : -10
392,959 : -6
393,625 : -2
393,728 : -4
394,885 : -2
395,630 : -5
397,585 : -3
397,918 : -4
398,434 : -2
398,435 : -12
398,806 : -11
399,813 : -8
400,487 : -4
400,981 : -4
402,857 : -10
403,584 : -8
403,696 : -4
403,754 : -5
403,766 : -9
404,671 : -5
405,766 : -9
407,679 : -9
408,502 : -4
408,609 : -8
409,743 : -4
409,825 : -5
409,995 : -4
411,619 : -5
411,849 : -5
411,949 : -3
411,984 : -7
413,719 : -6
413,817 : -3
413,944 : -4
415,480 : -3
416,507 : -3
416,529 : -5
417,455 : -6
418,494 : -9
418,658 : -13
420,507 : -2
420,870 : -2
421,805 : -11
422,532 : -5
422,785 : -9
423,432 : -6
423,851 : -10
423,911 : -8
424,426 : -4
424,461 : -3
424,865 : -6
425,448 : -4
425,869 : -5
426,934 : -7
427,576 : -11
427,604 : -8
427,713 : -16
428,769 : -3
429,937 : -1
430,498 : -6
430,673 : -6
430,747 : -9
432,571 : -7
432,646 : -4
433,499 : -12
434,582 : -6
435,552 : -8
435,556 : -5
435,579 : -7
437,692 : -6
438,708 : -8
438,873 : -10
441,865 : -8
444,857 : -7
447,747 : -10
447,818 : -7
448,815 : -11
449,836 : -5
449,952 : -5
450,974 : -4
451,578 : -5
452,529 : -4
453,588 : -5
454,517 : -6
455,864 : -8
458,531 : -3
458,600 : -6
458,671 : -4
459,518 : -8
459,705 : -4
459,779 : -8
460,709 : -6
460,879 : -6
461,482 : -8
463,682 : -5
465,601 : -7
465,745 : -15
465,919 : -9
467,696 : -3
467,791 : -7
467,902 : -6
468,921 : -7
469,929 : -9
471,971 : -13
472,848 : -1
474,900 : -1
475,681 : -6
475,916 : -5
476,664 : -5
478,937 : -1
479,655 : -11
479,798 : -4
481,736 : -3
481,996 : -5
482,579 : -8
483,883 : -6
483,929 : -11
483,944 : -8
484,599 : -8
484,668 : -13
485,805 : -6
486,496 : -6
486,535 : -6
489,553 : -3
489,652 : -3
490,862 : -5
490,973 : -5
491,686 : -6
491,797 : -4
492,746 : -8
493,639 : -13
493,679 : -14
495,989 : -5
497,911 : -9
497,925 : -8
497,971 : -11
499,928 : -10
499,942 : -8
501,607 : -8
501,664 : -8
501,714 : -9
505,599 : -7
509,946 : -5
511,527 : -7
511,563 : -8
511,680 : -12
512,667 : -8
512,744 : -9
513,847 : -8
514,890 : -5
516,751 : -7
516,772 : -4
516,882 : -9
517,785 : -9
518,969 : -9
518,987 : -7
519,969 : -8
521,790 : -7
522,741 : -9
522,906 : -6
523,560 : -4
525,718 : -7
525,746 : -12
525,943 : -3
528,911 : -7
529,530 : -9
529,545 : -4
529,634 : -5
534,608 : -11
534,982 : -6
535,782 : -6
535,842 : -7
536,723 : -9
539,618 : -5
539,653 : -6
539,678 : -5
540,579 : -2
543,670 : -4
543,758 : -7
543,908 : -4
543,923 : -8
549,663 : -5
550,629 : -5
551,810 : -7
554,584 : -9
554,738 : -12
555,831 : -4
559,685 : -3
561,813 : -10
561,921 : -10
562,735 : 1
564,631 : -4
564,812 : -6
566,962 : -5
567,728 : -2
567,940 : -2
573,963 : -9
574,873 : -6
575,609 : -6
575,747 : -12
575,921 : -12
575,982 : -9
576,699 : -8
576,740 : -7
577,758 : -5
581,765 : -4
583,785 : -5
584,992 : -8
588,927 : -5
591,810 : -6
592,731 : -8
594,607 : -3
595,829 : -5
595,979 : -11
596,655 : -13
596,730 : -6
597,824 : -12
597,996 : -11
598,675 : -9
600,820 : -9
602,827 : -3
603,648 : -3
604,915 : -3
606,950 : -8
608,667 : -12
613,791 : -7
614,818 : -7
618,811 : -4
620,755 : -10
622,762 : -9
623,941 : -4
626,856 : -4
627,860 : -8
628,676 : -7
629,846 : -7
629,884 : -8
629,960 : -7
631,814 : -4
635,973 : -4
636,742 : -8
638,732 : -5
639,922 : -9
640,836 : -7
640,837 : -6
642,724 : -10
643,747 : -7
643,980 : -3
644,815 : -8
646,882 : -8
647,789 : -7
648,742 : -7
648,951 : -11
651,984 : -6
654,979 : -10
654,992 : -6
655,747 : -14
655,842 : -13
655,877 : -13
655,898 : -15
657,679 : -10
657,820 : -7
658,701 : -8
658,991 : -9
659,844 : -5
661,737 : -6
661,811 : -4
662,923 : -7
665,871 : -5
672,813 : -9
673,711 : -12
675,792 : -9
675,815 : -15
677,986 : -4
679,920 : -10
679,928 : -11
680,936 : -10
680,977 : -11
681,783 : -9
684,898 : -10
687,724 : -12
688,887 : -3
688,951 : -10
690,880 : -6
691,957 : -9
693,710 : -4
694,967 : -5
695,783 : -7
700,727 : -7
702,875 : -3
702,971 : -8
703,917 : -8
704,957 : -6
706,867 : -8
710,723 : -11
711,826 : -11
711,833 : -8
712,806 : -4
713,795 : -9
713,800 : -15
713,861 : -10
713,862 : -13
713,886 : -13
714,803 : -6
716,829 : -5
717,780 : -2
719,746 : -14
719,851 : -11
723,732 : -9
724,842 : -13
724,929 : -7
726,776 : 1
727,759 : -4
731,839 : -7
733,933 : -6
733,957 : -6
734,902 : -6
736,879 : -7
737,947 : -7
738,814 : -10
738,934 : -11
739,769 : -3
741,871 : -9
744,819 : -10
745,789 : -13
746,856 : -13
747,889 : -6
750,907 : -5
752,983 : -1
753,880 : -6
755,904 : -7
756,800 : -7
762,893 : -2
762,919 : -4
765,998 : -7
767,902 : -6
767,944 : -6
770,939 : -8
773,998 : -6
774,781 : -3
774,832 : -3
775,923 : -5
781,996 : -4
783,815 : -15
786,862 : -5
789,999 : -4
790,826 : -7
791,858 : -7
793,851 : -7
800,820 : -10
802,919 : -7
802,992 : -8
806,811 : 0
808,993 : -4
810,864 : -9
813,991 : -11
815,915 : -10
816,864 : -4
819,945 : -7
821,962 : -3
823,885 : -3
826,869 : -5
830,935 : -5
837,862 : -4
838,986 : -4
839,859 : -5
852,854 : -6
852,926 : -5
852,946 : -5
854,961 : -7
854,978 : -5
856,866 : -3
858,886 : -6
860,991 : -10
863,961 : -5
865,883 : -6
870,952 : -4
871,992 : -8
874,969 : -5
876,919 : -8
876,950 : -10
882,959 : -7
886,955 : -3
892,942 : -5
907,926 : -5
909,982 : -5
912,950 : -10
912,951 : -13
915,951 : -9
921,931 : -8
921,983 : -6
956,967 : -6
973,986 : -5
979,994 : -10
0,433,783 : -11
0,539,835 : -6
1,293,614 : -15
2,257,358 : -13
2,310,972 : -19
4,131,500 : -10
4,192,848 : -10
5,66,385 : -15
6,98,709 : -16
6,421,524 : -17
7,86,128 : -15
7,99,295 : -16
7,211,322 : -17
7,674,873 : -15
8,162,565 : -13
9,40,877 : -14
9,46,937 : -10
9,475,742 : -14
9,559,638 : -14
10,55,659 : -14
10,86,998 : -20
10,620,884 : -19
11,266,877 : -15
12,78,697 : -15
12,149,972 : -19
12,168,968 : -13
12,250,335 : -19
12,818,822 : -14
13,61,666 : -13
13,180,689 : -16
13,514,965 : -14
14,721,972 : -17
15,699,923 : -15
16,93,138 : -11
17,156,377 : -11
17,428,697 : -10
17,573,910 : -17
18,72,73 : -9
18,270,633 : -11
19,231,683 : -15
20,628,871 : -16
23,134,221 : -8
25,221,963 : -14
26,238,898 : -14
26,563,620 : -14
27,248,910 : -15
28,329,593 : -7
29,228,505 : -17
29,716,737 : -13
30,67,282 : -13
30,232,343 : -15
32,421,547 : -14
33,115,858 : -10
34,229,500 : -11
34,300,513 : -16
34,361,402 : -18
34,873,949 : -12
35,138,823 : -13
35,298,814 : -8
35,402,608 : -17
36,340,768 : -10
37,383,589 : -12
37,569,650 : -6
37,602,906 : -9
38,679,746 : -22
39,195,304 : -11
39,506,969 : -14
40,287,689 : -9
40,437,716 : -13
42,104,840 : -15
42,621,859 : -15
43,294,932 : -15
43,317,992 : -14
43,538,873 : -17
44,52,612 : -10
44,52,682 : -13
45,94,341 : -5
45,303,958 : -7
47,96,740 : -17
48,284,900 : -8
48,479,964 : -10
48,621,813 : -18
49,137,382 : -23
49,382,483 : -21
49,525,622 : -23
49,557,854 : -16
49,620,746 : -26
49,947,973 : -18
50,412,659 : -13
50,589,960 : -13
51,683,938 : -13
51,818,982 : -12
52,713,881 : -18
52,737,901 : -11
53,592,608 : -15
54,583,766 : -9
55,417,555 : -10
56,135,529 : -10
57,248,664 : -13
58,249,597 : -17
58,306,388 : -15
58,341,410 : -14
59,719,753 : -14
60,354,813 : -11
61,152,373 : -11
61,229,767 : -13
61,436,787 : -9
62,226,346 : -13
62,335,972 : -23
62,673,755 : -15
64,96,477 : -22
64,186,537 : -17
64,608,723 : -26
64,728,932 : -16
65,178,714 : -15
66,463,653 : -13
66,679,975 : -17
67,219,240 : -12
67,550,815 : -16
68,299,482 : -13
68,533,815 : -16
70,669,965 : -12
71,283,340 : -15
71,314,796 : -13
72,476,708 : -13
74,184,857 : -15
74,731,817 : -14
75,299,898 : -14
76,168,223 : -11
76,542,760 : -14
77,107,154 : -16
77,198,340 : -8
79,395,815 : -18
80,245,836 : -11
80,499,985 : -14
83,553,731 : -12
83,594,634 : -6
84,159,940 : -10
84,526,665 : -6
85,274,865 : -11
86,708,891 : -12
89,123,465 : -11
89,283,882 : -16
89,321,689 : -11
89,447,606 : -13
92,528,649 : -9
95,278,766 : -17
95,724,929 : -14
96,278,475 : -20
96,566,711 : -23
96,683,941 : -18
96,832,836 : -13
96,854,993 : -17
97,677,687 : -10
98,358,627 : -15
98,361,834 : -20
98,587,660 : -10
101,167,248 : -17
101,205,880 : -16
101,444,450 : -13
102,853,931 : -7
103,651,819 : -12
104,253,637 : -13
104,477,486 : -16
105,306,830 : -9
105,466,946 : -8
106,186,192 : -13
106,196,614 : -12
106,265,269 : -12
107,727,991 : -14
109,615,691 : -11
109,793,904 : -8
110,291,861 : -8
110,303,441 : -12
111,150,730 : -10
112,396,499 : -18
115,278,800 : -16
115,412,703 : -16
117,499,621 : -17
118,143,467 : -20
118,406,652 : -15
118,610,852 : -18
118,663,857 : -22
120,162,933 : -19
120,535,608 : -17
120,838,987 : -11
122,290,939 : -18
124,330,669 : -14
126,189,871 : -12
126,219,552 : -13
126,327,779 : -13
127,622,632 : -12
131,359,465 : -14
131,666,714 : -12
132,670,679 : -13
134,210,756 : -5
135,454,924 : -8
136,263,561 : -11
137,243,712 : -11
137,271,437 : -14
137,609,882 : -22
137,713,751 : -24
137,826,914 : -15
138,162,638 : -23
138,512,571 : -13
139,213,517 : -14
139,550,920 : -10
143,259,621 : -16
143,284,751 : -12
145,154,840 : -17
145,433,745 : -20
145,741,880 : -13
146,203,655 : -20
146,523,709 : -16
147,190,748 : -11
147,272,896 : -12
147,514,855 : -15
148,169,508 : -16
148,235,369 : -16
150,461,502 : -11
151,243,580 : -7
154,447,882 : -20
156,313,532 : -10
159,524,810 : -15
159,638,936 : -14
160,690,711 : -16
161,396,525 : -14
161,546,894 : -10
162,188,954 : -14
162,220,968 : -18
162,636,844 : -20
163,228,326 : -20
163,291,910 : -18
165,361,409 : -16
166,225,851 : -10
168,395,977 : -15
169,185,227 : -15
170,238,958 : -6
170,319,385 : -11
171,197,415 : -10
172,652,763 : -14
172,824,951 : -22
173,619,702 : -10
177,505,733 : -9
178,790,842 : -14
179,720,958 : -10
183,426,871 : -12
185,410,704 : -11
186,553,706 : -12
187,630,997 : -4
188,506,597 : -16
189,694,804 : -10
191,197,760 : -14
191,639,748 : -14
192,706,746 : -18
193,262,471 : -15
193,383,792 : -15
197,474,639 : -14
199,410,966 : -10
201,680,952 : -16
202,790,940 : -14
204,211,257 : -18
204,343,939 : -17
204,530,653 : -16
204,629,745 : -20
205,283,336 : -12
205,588,869 : -14
205,593,718 : -12
206,293,637 : -16
207,293,780 : -14
208,422,528 : -13
212,222,997 : -11
212,248,250 : -17
212,386,642 : -10
213,412,680 : -19
213,493,821 : -14
213,723,935 : -17
214,571,993 : -14
214,608,890 : -15
214,721,982 : -13
215,606,875 : -11
216,551,621 : -13
218,590,709 : -11
221,313,456 : -13
222,375,516 : -13
224,245,857 : -16
227,239,713 : -22
227,388,752 : -15
227,410,723 : -20
227,686,963 : -18
227,817,888 : -12
228,268,539 : -15
228,505,683 : -18
229,363,433 : -15
230,440,640 : -16
231,340,675 : -15
232,482,864 : -18
234,482,504 : -11
235,380,400 : -16
235,669,922 : -16
236,421,687 : -18
236,636,684 : -13
238,247,723 : -14
248,657,824 : -16
250,541,639 : -17
252,290,700 : -19
252,669,810 : -17
253,804,951 : -13
254,439,681 : -6
256,348,979 : -16
257,315,404 : -12
264,528,568 : -9
265,285,517 : -15
265,356,439 : -11
265,440,640 : -17
265,526,805 : -11
267,538,744 : -12
267,552,628 : -13
268,418,477 : -18
270,469,471 : -15
273,477,935 : -10
276,709,842 : -15
277,447,627 : -13
278,281,690 : -15
278,402,899 : -15
278,719,841 : -17
279,598,845 : -9
282,293,519 : -16
282,457,824 : -11
289,566,886 : -11
290,356,711 : -21
292,533,981 : -7
295,304,824 : -17
295,353,767 : -21
295,393,843 : -12
295,613,875 : -13
297,607,835 : -10
298,623,710 : -8
300,356,533 : -12
303,331,575 : -15
305,327,334 : -9
309,314,620 : -20
309,328,471 : -18
311,337,582 : -12
312,471,661 : -13
314,463,934 : -14
314,956,979 : -20
315,705,757 : -7
316,387,486 : -10
322,589,647 : -10
324,840,929 : -15
325,628,667 : -15
326,526,537 : -10
326,689,962 : -13
330,533,731 : -14
331,936,951 : -17
333,462,766 : -11
334,464,724 : -14
335,822,876 : -17
336,484,672 : -12
339,731,899 : -12
344,396,678 : -10
345,859,870 : -9
349,668,733 : -16
351,426,972 : -18
352,381,698 : -8
356,370,498 : -9
357,459,976 : -11
358,442,656 : -8
359,416,994 : -8
364,802,921 : -14
365,480,843 : -11
365,770,782 : -14
367,788,856 : -6
369,417,842 : -13
369,628,841 : -15
369,869,888 : -11
372,479,570 : -15
372,686,960 : -20
374,443,791 : -14
374,473,519 : -13
374,562,812 : -8
376,466,584 : -12
378,386,427 : -14
379,470,522 : -11
379,495,966 : -12
382,668,953 : -16
383,700,815 : -21
384,577,627 : -9
385,419,663 : -13
389,814,879 : -14
390,745,998 : -19
392,478,924 : -10
394,465,846 : -14
394,484,830 : -12
398,527,592 : -15
399,404,885 : -9
401,883,939 : -10
402,421,828 : -15
403,521,916 : -11
404,763,807 : -11
407,571,580 : -10
408,660,778 : -8
408,864,987 : -11
414,418,778 : -14
414,755,918 : -11
418,628,657 : -20
421,611,729 : -16
421,785,950 : -21
427,473,946 : -16
427,737,892 : -17
433,667,867 : -17
435,453,683 : -13
436,451,566 : -11
440,469,865 : -16
440,633,758 : -16
443,754,986 : -11
445,575,782 : -13
448,619,777 : -7
449,482,819 : -17
452,501,750 : -11
455,501,929 : -18
465,538,947 : -15
465,622,868 : -16
473,645,803 : -9
476,576,839 : -12
477,597,904 : -16
480,511,662 : -12
481,595,653 : -10
483,840,894 : -13
484,546,858 : -12
488,822,922 : -11
499,580,621 : -17
505,653,904 : -12
507,582,672 : -13
508,741,869 : -15
509,568,941 : -10
509,606,729 : -9
511,844,925 : -15
512,636,810 : -16
514,957,990 : -10
517,798,853 : -9
523,736,963 : -14
524,551,860 : -13
527,617,970 : -7
528,721,877 : -14
530,718,892 : -16
530,722,831 : -11
534,802,903 : -11
536,731,783 : -15
537,641,911 : -10
542,718,820 : -15
543,603,619 : -9
545,573,600 : -10
552,701,872 : -12
552,740,820 : -13
555,734,829 : -9
558,598,784 : -5
559,560,822 : -10
559,588,902 : -13
564,565,970 : -13
571,599,775 : -12
572,617,745 : -12
573,738,999 : -13
576,734,971 : -17
578,631,668 : -15
578,687,756 : -12
579,600,840 : -13
581,634,996 : -11
581,736,864 : -12
581,906,971 : -14
582,902,975 : -12
591,658,910 : -14
593,749,910 : -11
595,760,774 : -13
596,633,860 : -18
598,873,879 : -17
600,906,945 : -11
602,681,874 : -8
613,637,742 : -14
626,713,753 : -17
643,917,962 : -8
656,684,820 : -12
664,673,845 : -10
683,691,995 : -13
686,785,823 : -14
690,755,955 : -12
695,944,950 : -12
734,911,912 : -15
741,782,841 : -15
763,932,950 : -15
863,948,972 : -15
872,932,972 : -19
876,938,942 : -12
0,165,300,723 : -17
3,142,204,779 : -18
3,548,699,703 : -19
4,153,359,364 : -15
4,577,967,997 : -16
4,597,611,851 : -28
5,175,358,596 : -22
7,101,151,339 : -25
7,130,488,517 : -21
8,247,305,392 : -18
9,78,790,874 : -24
10,29,699,822 : -23
10,112,380,979 : -31
12,462,522,642 : -23
13,511,806,859 : -25
14,362,375,524 : -15
15,112,508,720 : -25
15,155,388,847 : -21
16,290,609,917 : -22
17,374,766,895 : -23
18,74,668,872 : -23
19,443,668,989 : -27
20,240,255,425 : -16
21,380,711,827 : -25
22,112,339,733 : -23
22,460,551,760 : -19
23,107,398,646 : -23
24,73,323,753 : -17
25,353,627,893 : -23
30,140,691,892 : -22
30,496,691,785 : -26
32,233,363,991 : -20
38,206,625,770 : -14
39,259,508,669 : -22
41,43,66,559 : -22
41,208,368,637 : -18
42,451,746,816 : -22
43,656,718,963 : -24
44,161,433,495 : -24
44,418,687,895 : -26
46,524,771,812 : -16
47,240,326,647 : -20
47,282,514,830 : -23
47,350,363,418 : -27
47,518,610,994 : -22
49,172,338,888 : -25
49,192,705,776 : -21
51,144,504,652 : -17
52,172,608,694 : -30
54,547,881,916 : -12
55,285,308,311 : -20
55,654,677,703 : -22
56,202,682,763 : -20
62,175,392,867 : -24
62,184,266,601 : -19
63,419,797,876 : -19
64,106,218,268 : -22
64,139,193,334 : -25
64,268,934,996 : -25
65,176,193,809 : -23
66,89,464,637 : -21
68,241,278,932 : -24
69,344,418,783 : -26
69,556,773,877 : -14
70,203,269,711 : -27
70,540,710,740 : -17
71,199,275,360 : -21
72,360,381,438 : -19
72,376,671,677 : -20
74,95,233,397 : -19
76,136,232,501 : -24
76,375,598,834 : -23
78,668,751,769 : -28
78,775,779,971 : -26
79,379,410,972 : -27
82,235,446,703 : -22
87,191,285,766 : -21
87,721,855,938 : -17
92,147,573,998 : -26
96,138,563,724 : -34
97,211,704,782 : -23
98,250,522,703 : -28
98,383,794,808 : -19
101,279,464,887 : -19
101,384,502,606 : -21
102,623,655,772 : -19
103,150,154,925 : -24
105,454,513,675 : -23
110,124,180,709 : -22
111,183,544,835 : -17
113,258,590,805 : -12
114,285,462,494 : -17
114,449,470,648 : -16
114,642,718,924 : -17
118,290,428,439 : -26
120,286,508,985 : -18
122,190,806,811 : -14
124,493,706,971 : -26
125,664,674,815 : -22
130,249,426,639 : -22
132,521,633,783 : -23
137,152,162,611 : -31
138,224,307,325 : -23
138,259,913,936 : -20
141,242,366,389 : -16
141,319,365,846 : -23
143,249,610,825 : -19
143,491,571,687 : -23
144,163,335,984 : -29
144,560,903,939 : -21
145,276,491,862 : -18
146,184,668,689 : -29
146,222,457,530 : -22
146,395,667,778 : -22
148,161,194,495 : -22
150,163,521,807 : -23
153,175,613,655 : -22
154,208,451,933 : -23
156,390,554,700 : -20
159,173,214,630 : -20
159,239,325,808 : -20
159,561,708,845 : -21
160,610,686,780 : -17
161,218,445,827 : -17
162,250,301,662 : -25
163,572,817,819 : -22
164,343,378,938 : -15
165,283,331,974 : -20
168,189,563,900 : -19
170,189,443,814 : -20
171,194,247,365 : -19
173,485,701,704 : -21
173,633,638,992 : -24
179,346,713,909 : -26
179,472,518,543 : -20
179,497,679,977 : -28
180,423,608,933 : -26
183,346,409,724 : -25
183,589,893,991 : -18
185,306,501,931 : -18
186,189,418,921 : -30
188,220,856,957 : -22
190,690,729,964 : -16
191,200,703,859 : -21
195,701,819,960 : -23
201,357,605,744 : -19
201,725,860,877 : -21
202,351,366,614 : -20
204,511,800,946 : -26
206,487,738,960 : -24
207,363,527,601 : -17
208,376,419,941 : -20
209,327,758,974 : -19
211,231,380,756 : -24
211,242,611,988 : -21
215,224,444,497 : -23
215,798,835,934 : -20
219,300,951,971 : -31
221,421,596,675 : -30
224,272,319,792 : -21
224,421,456,784 : -22
225,515,541,976 : -12
228,269,368,759 : -21
229,392,764,844 : -21
231,289,339,648 : -19
232,412,415,609 : -26
235,518,519,860 : -29
237,741,908,945 : -14
239,508,700,945 : -23
245,383,419,760 : -22
255,422,639,980 : -22
256,565,608,662 : -26
260,487,566,751 : -22
261,318,490,576 : -16
270,433,575,609 : -23
274,397,549,782 : -18
275,484,658,978 : -23
281,288,711,933 : -26
283,386,453,544 : -17
286,512,720,829 : -17
290,380,513,531 : -25
294,412,720,867 : -24
294,437,516,892 : -23
297,565,698,873 : -22
304,310,487,622 : -24
304,378,838,918 : -18
309,615,898,912 : -27
310,571,698,856 : -22
312,321,809,984 : -16
313,328,348,402 : -22
313,639,688,998 : -28
319,375,412,839 : -21
329,691,818,914 : -24
332,564,689,774 : -21
335,461,658,926 : -23
340,456,483,497 : -23
341,382,622,922 : -25
349,365,792,927 : -20
351,530,717,788 : -15
353,810,858,954 : -25
372,386,720,981 : -24
372,722,835,961 : -23
377,405,409,948 : -18
380,473,691,716 : -25
388,438,714,846 : -26
392,456,622,761 : -23
395,679,838,912 : -27
398,434,621,738 : -25
414,442,488,805 : -15
418,513,713,743 : -33
422,441,470,742 : -20
422,498,684,746 : -27
425,436,702,972 : -25
427,438,620,918 : -25
431,542,578,727 : -17
435,514,834,998 : -29
435,541,585,667 : -20
440,534,780,790 : -23
440,544,724,879 : -28
443,509,684,974 : -21
443,686,882,991 : -28
447,458,522,719 : -23
448,493,577,867 : -23
449,534,676,903 : -16
455,496,497,863 : -21
462,506,923,984 : -24
462,613,813,909 : -23
469,806,891,930 : -14
471,611,797,998 : -27
483,682,896,943 : -17
489,500,753,803 : -16
496,612,661,932 : -16
506,870,926,934 : -21
519,609,882,898 : -31
519,711,907,936 : -26
523,614,965,981 : -18
530,699,711,831 : -28
536,578,618,980 : -16
537,820,889,910 : -22
541,851,863,979 : -26
565,582,744,797 : -25
585,674,750,947 : -16
587,609,660,779 : -21
595,746,772,961 : -24
604,607,755,979 : -26
637,694,700,763 : -23
689,779,865,970 : -25
764,771,964,985 : -11
