0,335 : -1.1083333333333334
0,361 : -0.0678571428571424
118,335 : 1.3342803030303039
335,994 : -1.045
33,361 : -0.8029761904761892
38,361 : 0.24880952380952448
260,361 : -1.7640476190476186
353,361 : -1.2430555555555527
361,738 : -1.5265476190476186
1,330 : -1.8298809523809527
1,357 : -1.2191666666666667
1,939 : -0.20083333333333242
323,330 : -1.366190476190475
330,622 : -1.2573809523809523
330,849 : -1.6014285714285703
357,708 : -0.7124999999999997
357,807 : -0.31666666666666654
67,939 : 2.0945833333333335
174,939 : -0.5220238095238087
308,939 : 1.751666666666667
770,939 : 2.0945833333333335
2,371 : -0.28
2,466 : 0.4325000000000001
2,912 : -1.3275000000000003
371,383 : 0.4325000000000001
371,599 : -0.28249999999999953
260,912 : -1.4911111111111113
912,950 : -2.04
912,951 : -1.4849404761904752
3,215 : 0.21875000000000022
215,484 : -1.0899999999999996
215,680 : 1.5250000000000008
5,19 : -0.4026190476190463
5,161 : -1.1399999999999995
5,471 : -1.8208333333333329
19,216 : -0.1085714285714271
19,438 : -0.4976190476190462
19,518 : -0.25761904761904564
19,779 : 0.7082142857142868
161,307 : -0.21666666666666634
169,471 : -0.4736309523809511
372,471 : -0.5075252525252515
471,971 : -1.2561111111111112
6,32 : -1.0027777777777773
6,151 : -1.0027777777777773
6,747 : 1.1569730269730283
32,963 : 0.7333333333333335
151,459 : 0.25833333333333375
78,747 : -0.43691586191586085
430,747 : -0.4397946497946478
447,747 : 2.2785008047508053
575,747 : -0.8620168720168704
643,747 : 2.278500804750805
655,747 : -1.7389953102453082
747,889 : 3.540176767676768
7,150 : 0.10000000000000009
150,235 : 0.7650000000000008
8,162 : 0.2266666666666669
8,616 : 0.10000000000000009
162,830 : -0.19000000000000006
162,849 : -0.7057142857142851
9,421 : 0.10000000000000009
421,805 : -0.375
10,100 : -0.640119047619046
10,244 : -2.18047619047619
10,879 : -0.5541666666666663
100,154 : -1.0359523809523794
100,229 : 0.5157142857142862
100,385 : -0.022619047619046206
100,639 : -0.1309523809523806
244,405 : -0.8482142857142841
244,815 : -0.2651587301587286
327,879 : 0.0950000000000002
460,879 : 0.665
736,879 : 0.665
11,252 : 0.03125000000000089
11,262 : 2.2395833333333335
11,282 : 2.2395833333333335
11,443 : 2.239583333333334
11,750 : 0.6750000000000007
252,281 : 0.6333333333333342
252,502 : 0.633333333333334
252,790 : 0.12916666666666798
252,860 : 0.12916666666666776
171,750 : 0.33750000000000013
750,907 : -0.5041666666666659
12,404 : 0.10000000000000009
404,671 : -0.21666666666666612
13,331 : 0.10000000000000031
13,347 : -0.47499999999999987
13,678 : -0.1874999999999999
331,697 : 0.10000000000000009
347,565 : 0.1000000000000002
347,635 : -0.6649999999999998
225,678 : 0.5750000000000001
539,678 : 0.10000000000000009
14,769 : 0.8625
428,769 : 0.8624999999999999
739,769 : 0.1475000000000002
15,21 : -0.9771428571428568
15,148 : -0.6649999999999994
15,393 : -0.2825
15,437 : -0.9422222222222209
21,256 : -1.4838095238095237
21,398 : 0.5046428571428578
148,411 : 0.742380952380953
393,625 : 0.4325
393,728 : -0.37749999999999995
65,437 : 0.7366558441558447
390,437 : 0.7383333333333337
437,692 : -0.21166666666666667
17,84 : 0.4666666666666668
17,403 : 0.525000000000001
17,792 : -0.7866666666666664
403,584 : -0.8915674603174605
403,696 : 0.4116666666666666
403,754 : 0.8866666666666666
403,766 : 0.31666666666666643
675,792 : 0.2452777777777776
86,216 : -0.6308333333333329
216,691 : -1.1399999999999995
438,708 : -1.2666666666666662
438,873 : -0.791666666666666
459,518 : -0.11488095238095031
518,969 : -0.4428571428571413
518,987 : -0.8482142857142849
459,779 : 0.7200000000000005
20,473 : -1.5019047619047614
20,561 : -1.6398809523809523
20,898 : -0.8630555555555546
118,473 : 2.0185064935064942
49,561 : -1.6082142857142856
561,813 : -1.2282142857142846
561,921 : -0.8173015873015863
157,898 : -0.37876984126984037
360,898 : -0.19805555555555576
655,898 : -1.3821047008547
684,898 : 1.1922222222222225
256,288 : 1.1400000000000003
57,398 : 1.2917857142857154
328,398 : 2.8116071428571434
398,434 : 1.4501190476190484
398,435 : 0.6306547619047627
398,806 : 1.0364285714285724
22,375 : 1.1500000000000004
22,475 : -0.2508333333333336
22,666 : -0.026666666666666505
22,786 : -0.08999999999999919
475,681 : -0.5675000000000001
475,916 : -0.5066666666666666
385,666 : -0.7916666666666663
113,786 : 0.9916666666666671
214,786 : 0.6750000000000006
786,862 : -1.0424999999999993
23,635 : -1.1852380952380948
23,745 : 1.873268398268399
635,973 : -0.6174999999999999
209,745 : 1.3238636363636371
279,745 : 2.968506493506494
291,745 : 2.189935064935065
365,745 : 0.3951136363636373
465,745 : 1.0863636363636373
745,789 : -0.5301461038961022
24,596 : 0.7277777777777781
228,596 : -1.1940476190476177
596,655 : -0.7118269230769221
596,730 : -0.5333333333333325
25,873 : -0.3166666666666663
25,952 : 2.220446049250313e-16
574,873 : 2.220446049250313e-16
449,952 : 0.3166666666666669
870,952 : 0.3166666666666669
26,54 : 0.7041666666666668
26,120 : -0.5333333333333334
26,495 : 0.5750000000000003
120,921 : 1.0668650793650802
356,495 : 0.7041666666666668
495,989 : 0.1000000000000002
27,169 : 3.0151785714285717
169,195 : 1.6763095238095247
169,488 : 1.9929761904761907
169,878 : 1.6763095238095251
169,967 : 0.5453571428571449
29,698 : 0.10000000000000009
29,917 : 0.10000000000000009
703,917 : -0.3166666666666669
30,112 : -0.37749999999999984
30,202 : -1.14
30,834 : -1.4724999999999997
60,112 : -0.37499999999999967
112,669 : 0.7041666666666668
202,607 : -0.42500000000000004
202,732 : -1.0291666666666663
211,834 : -0.9158333333333317
260,834 : -1.4198611111111106
311,834 : -1.4724999999999997
31,633 : 0.0050000000000003375
31,857 : 0.20833333333333537
31,966 : 0.5750000000000006
31,985 : 1.3583333333333336
320,633 : -0.03166666666666618
250,857 : 0.4750000000000004
402,857 : 0.4750000000000004
444,857 : 0.158333333333334
337,966 : -0.3749999999999998
249,963 : 0.7333333333333336
354,963 : 0.4800000000000001
573,963 : 1.7249999999999999
33,417 : -1.1988095238095235
33,847 : -1.072142857142857
417,455 : -0.16238095238095218
149,847 : -0.8233333333333331
513,847 : -0.6174999999999998
34,146 : 0.09999999999999998
146,597 : 1.4390476190476198
36,71 : 0.1067857142857147
36,269 : 3.1601785714285713
36,312 : 3.1601785714285713
36,407 : 1.5046428571428576
36,468 : 0.9710714285714297
36,676 : 1.757976190476191
71,431 : -0.9499999999999997
71,563 : -0.7916666666666667
71,884 : -0.7988636363636353
407,679 : -0.316666666666666
47,468 : -0.035714285714285365
468,921 : 0.32519841269841465
628,676 : -0.9499999999999995
37,415 : 0.20000000000000018
37,547 : 0.10000000000000009
415,480 : 0.10000000000000009
38,454 : -0.6333333333333333
454,517 : -0.4750000000000001
39,876 : 0.20178571428571468
39,972 : 0.5958333333333334
322,876 : 0.20178571428571457
876,919 : -0.7690476190476172
876,950 : -1.1940476190476181
198,972 : 0.8333333333333335
322,972 : 0.5958333333333334
40,914 : 0.5616666666666669
111,914 : 0.3266666666666669
350,914 : 0.5116666666666669
42,63 : -0.31666666666666654
42,248 : -0.533333333333333
63,101 : -0.14000000000000012
63,730 : -0.47499999999999976
248,477 : 0.4666666666666667
248,791 : 0.2093253968253982
43,152 : 0.3166666666666671
43,614 : -0.31666666666666643
79,152 : 2.220446049250313e-16
152,700 : 0.31666666666666665
614,818 : 0.0
46,320 : 0.4433333333333336
46,988 : -0.5699999999999998
320,604 : -0.807499999999999
320,651 : -0.8074999999999993
320,655 : -1.3107158119658113
276,988 : 0.0
48,638 : -0.6333333333333333
48,867 : 0.41666666666666685
638,732 : -0.6333333333333332
301,867 : 0.8333333333333335
706,867 : 0.1000000000000002
49,400 : -0.08999999999999986
49,774 : -0.37749999999999984
400,487 : 0.8625
400,981 : 0.8625
774,781 : -0.37499999999999967
774,832 : 0.7041666666666668
50,245 : -0.7575000000000001
50,317 : 0.32166666666666677
50,546 : 1.1
50,651 : -0.7575000000000003
245,499 : -0.6692857142857124
245,672 : -2.2483333333333326
317,660 : 0.5616666666666668
317,910 : -0.4066666666666665
651,984 : -1.9633333333333327
51,239 : 0.7333333333333336
51,544 : 0.10000000000000009
195,239 : -0.316666666666666
239,289 : 0.31666666666666665
52,410 : 0.10000000000000009
52,412 : 0.10000000000000009
53,172 : -0.1899999999999996
53,851 : 0.32821428571428635
172,399 : -0.1399999999999998
172,688 : -0.23047619047618995
172,927 : -0.09499999999999964
221,851 : 1.7912500000000002
423,851 : -0.8038690476190474
719,851 : -0.9067857142857131
793,851 : 1.473214285714286
55,267 : 0.10000000000000009
55,944 : 0.6700000000000005
413,944 : -0.23499999999999954
483,944 : -0.6966666666666658
767,944 : -0.42749999999999977
56,136 : -0.7916666666666667
56,316 : 0.10000000000000031
136,647 : -0.7238095238095233
78,316 : -1.3116666666666659
316,599 : -0.48833333333333173
316,787 : 0.9916666666666671
57,886 : -0.29583333333333306
713,886 : 0.12097222222222259
858,886 : -0.23249999999999982
886,955 : 1.1604166666666664
58,377 : 0.22666666666666713
58,581 : -0.5066666666666665
58,973 : -0.37999999999999967
218,377 : 0.10000000000000009
581,765 : -0.31666666666666654
490,973 : -0.7600000000000002
973,986 : 0.29000000000000015
59,300 : -0.6649999999999997
59,388 : 0.3533333333333335
59,548 : -0.19000000000000006
300,329 : -0.12666666666666582
223,388 : 1.4666666666666668
318,388 : 1.4666666666666668
388,692 : -0.6204166666666667
83,548 : -0.3166666666666669
60,513 : -0.41166666666666607
92,513 : -1.4657142857142846
324,513 : -0.379999999999999
61,75 : 0.6249999999999998
75,338 : 0.6249999999999999
75,493 : 0.2357142857142862
62,241 : 2.29
241,744 : -0.4091666666666657
241,749 : 1.056547619047619
241,909 : 1.056547619047619
241,980 : 1.3732142857142857
101,363 : 0.4325000000000001
101,486 : -0.10583333333333345
64,373 : -0.3166666666666663
64,953 : -0.7916666666666665
373,597 : 0.13571428571428668
373,941 : 0.10000000000000042
203,953 : -0.474999999999999
65,294 : 0.7581836219336227
65,309 : -1.472022005772005
65,554 : -1.659760101010099
65,692 : 0.8924891774891779
65,950 : -0.6349116161616151
65,993 : 1.328183621933623
294,929 : 0.3055952380952386
91,309 : -0.6568795093795091
309,432 : -0.9552128427128416
309,741 : -0.4193795093795091
309,801 : 1.6888798701298702
309,956 : -1.0941810966810952
115,554 : 1.4072727272727275
275,554 : -1.2789033189033192
392,554 : -0.11025252525252416
554,584 : -1.635153318903318
554,738 : -1.4271969696969695
606,950 : 0.3611111111111117
808,993 : -1.2485714285714282
66,246 : 0.4483333333333335
66,592 : -0.6649999999999999
233,246 : 0.4483333333333337
246,507 : 0.36666666666666714
246,840 : 1.5166666666666666
329,592 : -0.18999999999999906
592,731 : -0.19000000000000006
68,366 : 0.10000000000000009
366,854 : 0.9550000000000005
69,209 : 0.21875000000000022
209,837 : -1.4066666666666667
70,288 : 0.39583333333333515
70,628 : -0.7916666666666662
70,749 : -1.203333333333333
109,288 : 1.1400000000000003
139,288 : 1.4566666666666668
288,505 : 0.9816666666666674
342,628 : -0.9025
350,431 : 0.0050000000000003375
511,563 : -0.8499999999999999
290,884 : 1.0219696969696974
299,884 : 0.7053030303030311
303,884 : 0.7053030303030309
372,884 : -0.9527777777777753
629,884 : -0.513863636363636
72,907 : -0.6333333333333329
72,925 : -1.108333333333333
907,926 : -0.9024999999999996
372,925 : 0.8356691919191924
497,925 : -1.0212499999999993
73,455 : 1.0369047619047622
174,455 : -0.6602380952380941
455,864 : -0.05154761904761895
74,139 : -0.8866666666666667
74,222 : 3.3306690738754696e-16
222,444 : -0.47499999999999976
222,920 : -0.7916666666666661
228,493 : -1.3797619047619034
315,493 : -0.7351190476190471
493,639 : -0.6059523809523801
493,679 : -1.2610119047619033
76,405 : 1.2580952380952386
76,872 : 0.09999999999999998
92,405 : -1.2440476190476173
293,405 : -0.4840476190476175
405,766 : 0.01809523809523883
77,680 : 1.9726190476190482
77,767 : -1.1852380952380952
207,680 : 0.8812499999999999
266,680 : 1.7625000000000002
511,680 : 1.7625000000000004
680,936 : 3.4289682539682538
680,977 : 0.2055555555555557
767,902 : -0.8549999999999998
78,329 : -1.3933333333333318
78,564 : -1.5674999999999997
329,690 : 0.19000000000000072
564,631 : -0.5066666666666668
564,812 : -0.855
79,739 : -0.8233333333333331
211,739 : -0.25083333333333324
80,283 : 0.10000000000000009
80,314 : 0.4166666666666671
314,506 : 0.41666666666666685
314,920 : -0.7916666666666661
81,197 : -0.6783333333333337
81,203 : -0.804999999999999
81,342 : -0.6783333333333332
81,853 : 0.9416666666666671
197,728 : -0.9025
197,961 : -0.8050000000000004
203,576 : -0.5333333333333324
203,622 : -0.9316666666666661
295,342 : -1.2191666666666667
82,158 : -0.5699999999999998
82,640 : 1.5541666666666671
158,960 : -0.4750000000000001
126,640 : 2.4483333333333333
259,640 : 1.554166666666667
640,836 : 1.5541666666666663
640,837 : 0.14500000000000068
83,205 : -0.31666666666666665
205,831 : 0.41666666666666685
86,201 : -0.04499999999999982
86,842 : -1.6557142857142848
86,987 : -0.23499999999999954
201,325 : 0.5616666666666668
201,632 : -0.4066666666666665
535,842 : -1.4473809523809515
655,842 : -1.5700808913308906
724,842 : -0.9108333333333325
87,482 : 1.5166666666666666
93,482 : 0.7650000000000001
461,482 : 0.4483333333333338
482,579 : 0.321666666666667
88,352 : 0.3166666666666671
88,402 : -0.7916666666666665
352,436 : -0.158333333333333
352,935 : 0.31666666666666665
90,622 : 0.783333333333334
622,762 : -0.5649999999999994
91,310 : -0.6238095238095236
91,979 : 0.038690476190477274
310,715 : 0.10000000000000009
339,979 : 2.2266666666666675
595,979 : 1.3008333333333337
654,979 : 0.5908333333333344
979,994 : 0.984166666666667
92,154 : -1.9180952380952372
92,744 : -1.9180952380952374
154,582 : -1.2757142857142854
154,812 : -1.1332142857142848
512,744 : -0.8957142857142851
744,819 : -1.0673809523809514
93,345 : -0.4750000000000001
345,665 : -0.31666666666666665
95,485 : 1.6250000000000004
95,888 : 0.1000000000000002
117,485 : 1.6250000000000002
178,485 : 1.7249999999999999
485,805 : 1.0499999999999998
96,479 : -0.8499999999999999
96,849 : -0.737380952380952
479,655 : 0.27775641025641107
479,798 : 0.34791666666666665
411,849 : -0.2257142857142843
98,824 : 0.46666666666666656
273,824 : 0.20000000000000018
597,824 : 0.5023809523809534
99,212 : -0.18999999999999984
99,685 : 0.2266666666666669
99,802 : -1.4657142857142853
212,396 : -0.21666666666666679
559,685 : 0.10000000000000009
353,802 : -0.5486507936507932
802,919 : -1.6104761904761888
802,992 : -2.171428571428571
229,855 : -0.5700000000000001
385,803 : -0.6333333333333329
639,922 : 0.10000000000000042
277,486 : -0.153333333333332
486,496 : 0.9416666666666669
486,535 : -0.24833333333333285
102,279 : 0.1000000000000002
103,675 : 0.5619444444444446
103,694 : -0.8866666666666665
220,675 : -0.6097222222222215
598,675 : 1.5801388888888892
675,815 : -0.44323412698412656
694,967 : -1.04047619047619
104,107 : -1.0450000000000004
104,235 : -0.6966666666666653
104,553 : -0.28499999999999914
104,799 : -0.6966666666666657
107,647 : -1.3096428571428569
107,844 : -0.37750000000000006
235,568 : -0.28499999999999903
235,582 : -0.5699999999999995
489,553 : -0.3749999999999998
184,799 : 0.7650000000000007
194,799 : 0.7650000000000008
332,799 : -0.4274999999999992
106,701 : 0.8625
304,701 : 0.8624999999999999
658,701 : 0.10000000000000042
647,789 : -0.06594155844155691
391,844 : -0.37499999999999967
659,844 : 0.7041666666666668
108,234 : 0.17916666666666692
234,353 : 1.380992063492064
234,809 : -1.1902777777777775
109,263 : -0.7599999999999999
263,350 : 0.17666666666666686
263,395 : 0.2266666666666669
110,332 : -0.8233333333333333
110,668 : -0.6333333333333331
207,332 : -1.3775
196,668 : -1.2191666666666658
484,668 : -0.9024999999999996
111,748 : 0.10000000000000009
116,542 : 0.10000000000000009
251,542 : 0.10000000000000009
117,796 : 0.10000000000000009
118,313 : 1.3342803030303045
118,359 : 3.5449404761904764
118,672 : 0.6217803030303044
118,757 : 3.5449404761904764
118,789 : -0.28620670995670805
313,450 : -0.47499999999999976
313,878 : -1.1083333333333325
672,813 : -0.8934523809523799
167,789 : 0.7144155844155856
355,789 : 2.2209740259740265
789,999 : 2.2209740259740265
575,921 : -1.1600829725829707
921,931 : 1.3835317460317462
921,983 : 1.3835317460317462
122,232 : -0.5066666666666665
122,742 : -0.6333333333333331
163,232 : -0.9975
232,249 : -0.6649999999999997
636,742 : -1.0872222222222219
648,742 : -0.22142857142857086
124,174 : -0.5519047619047615
124,430 : -0.19575757575757546
174,427 : -1.7167857142857132
174,671 : -0.7577380952380939
200,430 : 0.057575757575757835
430,498 : 0.10757575757575799
430,673 : -0.7340909090909075
125,228 : -0.6107142857142851
125,892 : -0.47499999999999987
228,977 : -1.510714285714285
892,942 : -0.5699999999999998
127,929 : 1.9495833333333334
469,929 : 0.35083333333333366
483,929 : -0.0924999999999987
724,929 : 0.2452380952380957
128,208 : 0.33750000000000013
128,423 : -0.3910714285714265
128,673 : -1.0583333333333327
132,423 : 0.6880952380952391
423,432 : -1.1691666666666654
423,911 : -1.067380952380951
673,711 : -0.7416666666666663
131,175 : 0.10000000000000009
131,364 : 0.10000000000000009
132,899 : 0.10000000000000031
135,261 : 0.09999999999999998
261,928 : 0.9866666666666671
137,549 : -0.4750000000000001
137,989 : -0.31666666666666665
549,663 : 0.5750000000000004
138,512 : -0.1899999999999996
138,574 : -0.6333333333333331
512,667 : -0.19000000000000006
141,488 : -1.2033333333333336
141,584 : 0.030158730158730607
264,584 : -0.5398412698412696
584,992 : -1.4807936507936492
143,260 : 1.4612500000000002
163,260 : -1.4198611111111106
260,791 : -1.1425396825396819
144,591 : 0.1000000000000002
144,610 : 0.8333333333333335
144,752 : 0.41666666666666663
591,810 : -0.21666666666666634
752,983 : -0.9500000000000006
168,597 : 0.76904761904762
597,996 : 0.05000000000000182
147,220 : 0.36666666666666814
147,760 : 0.466666666666667
147,827 : 0.20000000000000062
220,704 : 0.3166666666666669
220,808 : 0.6333333333333337
220,819 : -0.013333333333332753
602,827 : 0.10000000000000009
411,619 : 2.2133333333333334
411,949 : 2.213333333333334
411,984 : -0.06511904761904663
149,809 : -1.108333333333333
372,809 : 0.6113636363636368
459,705 : 1.3583333333333336
700,727 : -0.6333333333333335
153,236 : 0.8333333333333335
236,703 : 0.41666666666666663
236,947 : 0.1000000000000002
434,582 : -1.3299999999999994
233,812 : -0.9816666666666662
157,242 : 2.8964285714285722
157,349 : 1.2910317460317469
157,469 : 1.2910317460317469
157,514 : 2.59436507936508
157,714 : 0.6509126984126996
349,919 : -0.2985714285714276
514,890 : 0.1000000000000002
501,714 : -0.8821428571428567
714,803 : -1.0404761904761903
629,960 : -0.047499999999999876
307,336 : 0.7041666666666667
307,895 : -0.4777777777777772
830,935 : -0.6333333333333337
163,785 : -0.7258333333333321
163,926 : -1.4725000000000001
422,785 : 0.5750000000000003
517,785 : 0.5750000000000003
583,785 : 1.3583333333333334
852,926 : -1.0925
165,618 : 0.5750000000000002
539,618 : 0.10000000000000031
618,811 : -0.18749999999999967
166,681 : 0.4325000000000002
681,783 : -0.5199999999999998
167,490 : -1.33
490,862 : -1.3775000000000002
168,250 : -1.045
956,967 : -0.6710317460317453
206,399 : -0.438333333333333
399,813 : -0.40261904761904677
688,887 : -0.5288095238095236
688,951 : -0.5722619047619033
588,927 : 0.29000000000000037
173,793 : 0.10000000000000009
427,576 : -1.0965476190476173
427,604 : -2.067380952380952
427,713 : -1.0407539682539673
458,671 : -0.7916666666666662
176,654 : 0.19500000000000017
654,992 : -1.0673809523809514
179,441 : 0.7200000000000001
190,441 : 0.72
441,865 : 0.6700000000000005
180,611 : 0.10000000000000009
180,620 : -0.21666666666666656
620,755 : 0.41666666666666674
184,297 : 0.10000000000000009
186,590 : 0.09999999999999998
186,813 : 1.1857142857142864
813,991 : -0.49761904761904663
192,738 : 2.0787500000000003
230,738 : -0.7337499999999996
738,814 : 0.9524999999999995
738,934 : 0.9524999999999995
193,207 : -1.1875
193,315 : -0.7916666666666666
193,974 : -0.31666666666666676
315,841 : -0.9499999999999996
450,974 : -0.6333333333333337
194,896 : 0.10000000000000009
196,467 : -1.2598809523809522
196,575 : -1.4571464646464634
467,696 : -0.8007142857142855
467,791 : -0.7635317460317446
467,902 : -0.753214285714285
575,609 : -0.30131313131313076
575,982 : -0.8396464646464638
567,728 : -0.31666666666666665
854,961 : 0.09749999999999992
863,961 : 0.4325000000000001
199,877 : 0.10000000000000009
655,877 : 1.5152564102564117
200,755 : -0.15333333333333332
755,904 : 0.8333333333333335
324,632 : -0.5066666666666663
501,607 : -0.18749999999999967
594,607 : 0.5750000000000002
723,732 : 0.4958333333333341
576,699 : 1.1500000000000008
576,740 : 1.1500000000000006
204,753 : 0.10000000000000009
753,880 : 0.10000000000000009
257,831 : 0.41666666666666685
555,831 : 0.8333333333333335
206,887 : -0.21666666666666656
837,862 : -1.741666666666666
211,938 : 1.1500000000000004
211,978 : -0.1849999999999994
854,978 : -0.09499999999999964
369,396 : 0.10000000000000009
213,523 : 0.10000000000000009
213,931 : -0.6333333333333337
523,560 : 0.10000000000000009
214,557 : 0.10000000000000009
484,599 : -0.8549999999999998
691,957 : 1.1102230246251565e-16
217,429 : 0.0
217,734 : -0.31666666666666665
429,937 : 0.10000000000000009
734,902 : -0.5066666666666662
219,645 : 1.3583333333333334
219,663 : 0.41666666666666885
219,848 : 1.1500000000000006
219,940 : 0.5750000000000006
284,663 : 1.3583333333333336
344,663 : 0.0050000000000003375
472,848 : 0.10000000000000009
567,940 : -0.7916666666666667
704,957 : -0.2533333333333334
819,945 : 0.19500000000000017
679,920 : -0.7916666666666655
226,275 : -1.2907936507936504
226,499 : -1.1917857142857131
226,977 : -1.8364285714285702
226,984 : -1.9655952380952377
275,382 : 0.03015873015873005
275,716 : 0.6001587301587301
275,825 : 0.28349206349206346
433,499 : 1.569583333333334
499,928 : -0.7755952380952371
499,942 : 0.5498809523809527
278,977 : 0.36111111111111205
227,662 : 0.10000000000000009
662,923 : 1.1500000000000006
281,855 : -0.5699999999999998
230,710 : -1.3616666666666668
230,758 : -0.6625000000000002
230,976 : -0.6491666666666664
693,710 : -0.6941666666666666
710,723 : 0.11583333333333423
543,758 : 0.11833333333333318
577,758 : 0.29000000000000004
324,976 : -0.6649999999999997
231,846 : 0.7200000000000001
270,846 : 0.72
629,846 : 0.2425000000000005
353,406 : 3.432222222222224
353,636 : 0.7662698412698425
353,646 : 0.5815476190476194
353,895 : 0.96154761904762
353,951 : -0.9693650793650771
293,568 : -0.42071428571428504
737,947 : 1.1102230246251565e-16
289,695 : -0.791666666666667
240,723 : 2.3716666666666675
264,723 : 0.8283333333333337
536,723 : 2.371666666666667
909,982 : -0.8866666666666665
643,980 : -1.2825000000000002
448,815 : 1.239007936507937
644,815 : 2.3366071428571433
783,815 : -0.18712301587301516
815,915 : -0.07855158730158707
416,507 : -0.7599999999999999
420,507 : -0.19000000000000006
247,759 : 0.3479166666666669
372,759 : 1.255113636363637
727,759 : -0.3749999999999998
613,791 : 1.4772222222222227
791,858 : -0.0306746031746028
251,916 : -0.31666666666666665
408,502 : -0.5700000000000001
521,790 : 0.33750000000000013
790,826 : -0.5041666666666661
627,860 : 0.33750000000000013
860,991 : -1.0583333333333322
255,565 : 0.10000000000000009
257,538 : -0.6333333333333333
295,538 : -0.6333333333333332
258,368 : 0.10000000000000009
368,498 : 0.20000000000000018
259,807 : -0.8866666666666667
272,928 : -0.31666666666666565
327,928 : -0.158333333333333
679,928 : -1.0291666666666655
350,794 : 1.3083333333333333
395,630 : 0.10000000000000009
266,346 : -0.9450000000000001
266,641 : 0.34791666666666665
346,800 : 0.5619444444444448
272,299 : -0.9499999999999998
272,463 : -0.31666666666666676
463,682 : -0.3166666666666669
273,843 : 0.10000000000000009
274,783 : -0.625178571428571
274,951 : 0.08845238095238217
274,970 : 0.12714285714285756
695,783 : -0.33250000000000013
648,951 : 0.17440476190476317
915,951 : -0.7011904761904753
323,382 : -0.29857142857142793
716,829 : -0.5700000000000001
409,825 : -0.05333333333333323
276,754 : -0.5700000000000001
277,376 : -0.013333333333332864
277,436 : -0.026666666666666172
277,537 : 1.1500000000000004
360,376 : -0.7599999999999999
376,706 : -0.5066666666666665
280,418 : 0.050000000000000266
280,476 : 0.0
280,910 : -0.31666666666666643
418,494 : 0.5750000000000001
418,658 : -0.42499999999999993
476,664 : -0.6333333333333335
285,569 : -0.31666666666666665
285,693 : 0.1000000000000002
290,569 : -0.6333333333333337
298,693 : 0.7041666666666667
505,599 : -0.6649999999999994
291,682 : -0.6785714285714286
292,823 : 0.10000000000000009
823,885 : 0.20000000000000018
293,531 : -0.26238095238095216
293,636 : -1.280992063492063
458,531 : -0.7916666666666664
295,969 : 0.3148809523809537
344,969 : 0.742380952380953
519,969 : 2.213333333333334
874,969 : 2.213333333333334
302,751 : 0.10000000000000009
516,751 : 0.516666666666667
303,737 : -0.31666666666666676
661,737 : 2.220446049250313e-16
306,532 : 0.10000000000000009
422,532 : -0.375
358,895 : -0.844444444444444
308,370 : 0.10000000000000009
432,571 : 0.4723214285714288
432,646 : -1.7218253968253963
522,741 : -0.30714285714285694
741,871 : -1.0721428571428568
341,956 : 0.05277777777777848
354,956 : 0.05277777777777848
389,956 : -0.5805555555555547
311,389 : -1.4566666666666668
311,765 : -0.6649999999999998
389,708 : -1.2666666666666664
765,998 : 0.41666666666666685
384,506 : 0.10000000000000009
348,841 : 0.20000000000000018
319,724 : 2.0812500000000003
642,724 : 2.08125
687,724 : 2.08125
604,915 : -2.27095238095238
323,550 : -0.20357142857142807
323,746 : -0.9622023809523803
323,911 : -0.9090476190476178
550,629 : -0.6174999999999997
492,746 : 1.3479166666666669
525,746 : 0.5232142857142866
719,746 : -1.22345238095238
746,856 : 0.523214285714286
497,911 : -1.1397619047619043
528,911 : 0.5571428571428574
326,372 : 2.886111111111112
372,959 : 0.6113636363636379
690,880 : -0.47499999999999987
334,337 : 0.10000000000000009
341,865 : -0.1899999999999996
424,865 : 3.3306690738754696e-16
865,883 : 0.06333333333333369
343,996 : 1.2452380952380953
481,996 : 0.4392857142857145
781,996 : 0.12261904761904785
665,871 : -0.5066666666666664
379,800 : 1.5486111111111114
713,800 : -0.3144444444444443
756,800 : 1.8572222222222228
800,820 : -0.05555555555555536
348,462 : 0.9916666666666667
348,804 : 0.9916666666666667
465,919 : -0.4702380952380937
762,919 : -0.2169047619047607
646,882 : -1.6677777777777776
358,709 : -0.31666666666666665
460,709 : -0.4750000000000001
362,821 : 0.10000000000000009
821,962 : 0.20000000000000018
365,588 : -0.6783333333333329
365,719 : -2.076428571428571
391,588 : 0.4483333333333335
453,588 : 1.5166666666666666
413,719 : -1.0764285714285708
852,854 : -0.23749999999999927
387,498 : 0.4666666666666667
392,959 : -1.4249999999999992
882,959 : -1.1874999999999996
623,941 : 0.10000000000000009
378,600 : -0.7916666666666665
378,923 : 0.2583333333333335
458,600 : -0.47499999999999987
600,820 : -0.7916666666666664
543,923 : 0.4350000000000015
775,923 : 1.3583333333333336
379,381 : 0.10000000000000009
394,885 : 0.10000000000000009
397,585 : 0.10000000000000009
397,918 : 0.10000000000000009
435,552 : 1.110416666666667
435,556 : 1.1104166666666668
435,579 : -0.11916666666666653
712,806 : 0.2696428571428572
806,811 : -0.5946428571428567
657,679 : 1.1102230246251565e-16
408,609 : -0.5700000000000001
409,743 : 0.9916666666666667
409,995 : 0.9916666666666667
413,817 : 0.29000000000000015
416,529 : 1.7833333333333337
452,529 : 3.105
529,530 : 3.105
529,545 : 3.105
529,634 : 3.105
658,991 : -1.2666666666666664
420,870 : -0.6333333333333335
424,426 : -0.19000000000000006
424,461 : -0.6649999999999997
426,934 : -0.9500000000000006
425,448 : -0.6333333333333337
425,869 : -0.31666666666666665
826,869 : -0.31666666666666654
713,795 : 2.1762500000000005
713,861 : 2.1762500000000005
713,862 : -0.8236111111111101
478,937 : 0.10000000000000009
540,579 : 0.29000000000000004
447,818 : -0.7124999999999999
449,836 : -0.8866666666666667
810,864 : 0.14750000000000008
816,864 : 0.4325000000000001
465,601 : -0.018750000000000044
497,971 : -0.6650000000000001
702,971 : -0.08999999999999986
501,664 : -0.3166666666666663
481,736 : -0.9500000000000002
483,883 : -1.2983333333333331
535,782 : 0.29000000000000015
489,652 : 0.10000000000000009
491,686 : 0.10000000000000009
491,797 : 0.10000000000000009
509,946 : 0.10000000000000009
852,946 : -0.08999999999999964
511,527 : 0.34791666666666665
608,667 : -0.3166666666666669
516,772 : 0.7041666666666667
516,882 : -0.18749999999999944
522,906 : 0.10000000000000009
525,718 : 0.625
525,943 : 0.6250000000000002
534,608 : -0.31666666666666665
534,982 : -0.31666666666666643
539,653 : 0.5750000000000001
543,670 : 1.3083333333333336
543,908 : 1.3083333333333336
551,810 : 0.7041666666666667
631,814 : -0.9500000000000006
566,962 : 0.10000000000000009
871,992 : -1.1332142857142855
731,839 : -0.21666666666666679
595,829 : -0.5699999999999998
657,820 : -1.2033333333333336
603,648 : 0.2696428571428575
661,811 : -0.633333333333333
762,893 : 0.19499999999999995
626,856 : 0.625
856,866 : 0.6250000000000002
711,826 : -0.18749999999999967
711,833 : 0.5750000000000002
677,986 : 0.72
838,986 : 0.7200000000000001
733,957 : 0.7333333333333335
702,875 : 0.10000000000000009
839,859 : 0.10000000000000009
733,933 : 0.10000000000000009
773,998 : 0.10000000000000009
41,446 : nan
85,761 : nan
97,975 : nan
130,621 : nan
145,440 : nan
155,210 : nan
188,721 : nan
191,894 : nan
224,305 : nan
243,968 : nan
253,924 : nan
265,570 : nan
351,777 : nan
451,578 : nan
474,900 : nan
562,735 : nan
717,780 : nan
726,776 : nan
29,228,505 : 0.10000000000000009
228,505,683 : 0.10000000000000009
44,52,612 : 0.10000000000000009
44,52,682 : 0.10000000000000009
49,137,382 : 0.10000000000000009
49,382,483 : 0.10000000000000009
117,499,621 : 0.10000000000000009
499,580,621 : 0.10000000000000009
230,440,640 : 0.10000000000000009
265,440,640 : 0.10000000000000009
0,433,783 : nan
0,539,835 : nan
1,293,614 : nan
2,257,358 : nan
2,310,972 : nan
4,131,500 : nan
4,192,848 : nan
5,66,385 : nan
6,98,709 : nan
6,421,524 : nan
7,86,128 : nan
7,99,295 : nan
7,211,322 : nan
7,674,873 : nan
8,162,565 : nan
9,40,877 : nan
9,46,937 : nan
9,475,742 : nan
9,559,638 : nan
10,55,659 : nan
10,86,998 : nan
10,620,884 : nan
11,266,877 : nan
12,78,697 : nan
12,149,972 : nan
12,168,968 : nan
12,250,335 : nan
12,818,822 : nan
13,61,666 : nan
13,180,689 : nan
13,514,965 : nan
14,721,972 : nan
15,699,923 : nan
16,93,138 : nan
17,156,377 : nan
17,428,697 : nan
17,573,910 : nan
18,72,73 : nan
18,270,633 : nan
19,231,683 : nan
20,628,871 : nan
23,134,221 : nan
25,221,963 : nan
26,238,898 : nan
26,563,620 : nan
27,248,910 : nan
28,329,593 : nan
29,716,737 : nan
30,67,282 : nan
30,232,343 : nan
32,421,547 : nan
33,115,858 : nan
34,229,500 : nan
34,300,513 : nan
34,361,402 : nan
34,873,949 : nan
35,138,823 : nan
35,298,814 : nan
35,402,608 : nan
36,340,768 : nan
37,383,589 : nan
37,569,650 : nan
37,602,906 : nan
38,679,746 : nan
39,195,304 : nan
39,506,969 : nan
40,287,689 : nan
40,437,716 : nan
42,104,840 : nan
42,621,859 : nan
43,294,932 : nan
43,317,992 : nan
43,538,873 : nan
45,94,341 : nan
45,303,958 : nan
47,96,740 : nan
48,284,900 : nan
48,479,964 : nan
48,621,813 : nan
49,525,622 : nan
49,557,854 : nan
49,620,746 : nan
49,947,973 : nan
50,412,659 : nan
50,589,960 : nan
51,683,938 : nan
51,818,982 : nan
52,713,881 : nan
52,737,901 : nan
53,592,608 : nan
54,583,766 : nan
55,417,555 : nan
56,135,529 : nan
57,248,664 : nan
58,249,597 : nan
58,306,388 : nan
58,341,410 : nan
59,719,753 : nan
60,354,813 : nan
61,152,373 : nan
61,229,767 : nan
61,436,787 : nan
62,226,346 : nan
62,335,972 : nan
62,673,755 : nan
64,96,477 : nan
64,186,537 : nan
64,608,723 : nan
64,728,932 : nan
65,178,714 : nan
66,463,653 : nan
66,679,975 : nan
67,219,240 : nan
67,550,815 : nan
68,299,482 : nan
68,533,815 : nan
70,669,965 : nan
71,283,340 : nan
71,314,796 : nan
72,476,708 : nan
74,184,857 : nan
74,731,817 : nan
75,299,898 : nan
76,168,223 : nan
76,542,760 : nan
77,107,154 : nan
77,198,340 : nan
79,395,815 : nan
80,245,836 : nan
80,499,985 : nan
83,553,731 : nan
83,594,634 : nan
84,159,940 : nan
84,526,665 : nan
85,274,865 : nan
86,708,891 : nan
89,123,465 : nan
89,283,882 : nan
89,321,689 : nan
89,447,606 : nan
92,528,649 : nan
95,278,766 : nan
95,724,929 : nan
96,278,475 : nan
96,566,711 : nan
96,683,941 : nan
96,832,836 : nan
96,854,993 : nan
97,677,687 : nan
98,358,627 : nan
98,361,834 : nan
98,587,660 : nan
101,167,248 : nan
101,205,880 : nan
101,444,450 : nan
102,853,931 : nan
103,651,819 : nan
104,253,637 : nan
104,477,486 : nan
105,306,830 : nan
105,466,946 : nan
106,186,192 : nan
106,196,614 : nan
106,265,269 : nan
107,727,991 : nan
109,615,691 : nan
109,793,904 : nan
110,291,861 : nan
110,303,441 : nan
111,150,730 : nan
112,396,499 : nan
115,278,800 : nan
115,412,703 : nan
118,143,467 : nan
118,406,652 : nan
118,610,852 : nan
118,663,857 : nan
120,162,933 : nan
120,535,608 : nan
120,838,987 : nan
122,290,939 : nan
124,330,669 : nan
126,189,871 : nan
126,219,552 : nan
126,327,779 : nan
127,622,632 : nan
131,359,465 : nan
131,666,714 : nan
132,670,679 : nan
134,210,756 : nan
135,454,924 : nan
136,263,561 : nan
137,243,712 : nan
137,271,437 : nan
137,609,882 : nan
137,713,751 : nan
137,826,914 : nan
138,162,638 : nan
138,512,571 : nan
139,213,517 : nan
139,550,920 : nan
143,259,621 : nan
143,284,751 : nan
145,154,840 : nan
145,433,745 : nan
145,741,880 : nan
146,203,655 : nan
146,523,709 : nan
147,190,748 : nan
147,272,896 : nan
147,514,855 : nan
148,169,508 : nan
148,235,369 : nan
150,461,502 : nan
151,243,580 : nan
154,447,882 : nan
156,313,532 : nan
159,524,810 : nan
159,638,936 : nan
160,690,711 : nan
161,396,525 : nan
161,546,894 : nan
162,188,954 : nan
162,220,968 : nan
162,636,844 : nan
163,228,326 : nan
163,291,910 : nan
165,361,409 : nan
166,225,851 : nan
168,395,977 : nan
169,185,227 : nan
170,238,958 : nan
170,319,385 : nan
171,197,415 : nan
172,652,763 : nan
172,824,951 : nan
173,619,702 : nan
177,505,733 : nan
178,790,842 : nan
179,720,958 : nan
183,426,871 : nan
185,410,704 : nan
186,553,706 : nan
187,630,997 : nan
188,506,597 : nan
189,694,804 : nan
191,197,760 : nan
191,639,748 : nan
192,706,746 : nan
193,262,471 : nan
193,383,792 : nan
197,474,639 : nan
199,410,966 : nan
201,680,952 : nan
202,790,940 : nan
204,211,257 : nan
204,343,939 : nan
204,530,653 : nan
204,629,745 : nan
205,283,336 : nan
205,588,869 : nan
205,593,718 : nan
206,293,637 : nan
207,293,780 : nan
208,422,528 : nan
212,222,997 : nan
212,248,250 : nan
212,386,642 : nan
213,412,680 : nan
213,493,821 : nan
213,723,935 : nan
214,571,993 : nan
214,608,890 : nan
214,721,982 : nan
215,606,875 : nan
216,551,621 : nan
218,590,709 : nan
221,313,456 : nan
222,375,516 : nan
224,245,857 : nan
227,239,713 : nan
227,388,752 : nan
227,410,723 : nan
227,686,963 : nan
227,817,888 : nan
228,268,539 : nan
229,363,433 : nan
231,340,675 : nan
232,482,864 : nan
234,482,504 : nan
235,380,400 : nan
235,669,922 : nan
236,421,687 : nan
236,636,684 : nan
238,247,723 : nan
248,657,824 : nan
250,541,639 : nan
252,290,700 : nan
252,669,810 : nan
253,804,951 : nan
254,439,681 : nan
256,348,979 : nan
257,315,404 : nan
264,528,568 : nan
265,285,517 : nan
265,356,439 : nan
265,526,805 : nan
267,538,744 : nan
267,552,628 : nan
268,418,477 : nan
270,469,471 : nan
273,477,935 : nan
276,709,842 : nan
277,447,627 : nan
278,281,690 : nan
278,402,899 : nan
278,719,841 : nan
279,598,845 : nan
282,293,519 : nan
282,457,824 : nan
289,566,886 : nan
290,356,711 : nan
292,533,981 : nan
295,304,824 : nan
295,353,767 : nan
295,393,843 : nan
295,613,875 : nan
297,607,835 : nan
298,623,710 : nan
300,356,533 : nan
303,331,575 : nan
305,327,334 : nan
309,314,620 : nan
309,328,471 : nan
311,337,582 : nan
312,471,661 : nan
314,463,934 : nan
314,956,979 : nan
315,705,757 : nan
316,387,486 : nan
322,589,647 : nan
324,840,929 : nan
325,628,667 : nan
326,526,537 : nan
326,689,962 : nan
330,533,731 : nan
331,936,951 : nan
333,462,766 : nan
334,464,724 : nan
335,822,876 : nan
336,484,672 : nan
339,731,899 : nan
344,396,678 : nan
345,859,870 : nan
349,668,733 : nan
351,426,972 : nan
352,381,698 : nan
356,370,498 : nan
357,459,976 : nan
358,442,656 : nan
359,416,994 : nan
364,802,921 : nan
365,480,843 : nan
365,770,782 : nan
367,788,856 : nan
369,417,842 : nan
369,628,841 : nan
369,869,888 : nan
372,479,570 : nan
372,686,960 : nan
374,443,791 : nan
374,473,519 : nan
374,562,812 : nan
376,466,584 : nan
378,386,427 : nan
379,470,522 : nan
379,495,966 : nan
382,668,953 : nan
383,700,815 : nan
384,577,627 : nan
385,419,663 : nan
389,814,879 : nan
390,745,998 : nan
392,478,924 : nan
394,465,846 : nan
394,484,830 : nan
398,527,592 : nan
399,404,885 : nan
401,883,939 : nan
402,421,828 : nan
403,521,916 : nan
404,763,807 : nan
407,571,580 : nan
408,660,778 : nan
408,864,987 : nan
414,418,778 : nan
414,755,918 : nan
418,628,657 : nan
421,611,729 : nan
421,785,950 : nan
427,473,946 : nan
427,737,892 : nan
433,667,867 : nan
435,453,683 : nan
436,451,566 : nan
440,469,865 : nan
440,633,758 : nan
443,754,986 : nan
445,575,782 : nan
448,619,777 : nan
449,482,819 : nan
452,501,750 : nan
455,501,929 : nan
465,538,947 : nan
465,622,868 : nan
473,645,803 : nan
476,576,839 : nan
477,597,904 : nan
480,511,662 : nan
481,595,653 : nan
483,840,894 : nan
484,546,858 : nan
488,822,922 : nan
505,653,904 : nan
507,582,672 : nan
508,741,869 : nan
509,568,941 : nan
509,606,729 : nan
511,844,925 : nan
512,636,810 : nan
514,957,990 : nan
517,798,853 : nan
523,736,963 : nan
524,551,860 : nan
527,617,970 : nan
528,721,877 : nan
530,718,892 : nan
530,722,831 : nan
534,802,903 : nan
536,731,783 : nan
537,641,911 : nan
542,718,820 : nan
543,603,619 : nan
545,573,600 : nan
552,701,872 : nan
552,740,820 : nan
555,734,829 : nan
558,598,784 : nan
559,560,822 : nan
559,588,902 : nan
564,565,970 : nan
571,599,775 : nan
572,617,745 : nan
573,738,999 : nan
576,734,971 : nan
578,631,668 : nan
578,687,756 : nan
579,600,840 : nan
581,634,996 : nan
581,736,864 : nan
581,906,971 : nan
582,902,975 : nan
591,658,910 : nan
593,749,910 : nan
595,760,774 : nan
596,633,860 : nan
598,873,879 : nan
600,906,945 : nan
602,681,874 : nan
613,637,742 : nan
626,713,753 : nan
643,917,962 : nan
656,684,820 : nan
664,673,845 : nan
683,691,995 : nan
686,785,823 : nan
690,755,955 : nan
695,944,950 : nan
734,911,912 : nan
741,782,841 : nan
763,932,950 : nan
863,948,972 : nan
872,932,972 : nan
876,938,942 : nan
0,165,300,723 : nan
3,142,204,779 : nan
3,548,699,703 : nan
4,153,359,364 : nan
4,577,967,997 : nan
4,597,611,851 : nan
5,175,358,596 : nan
7,101,151,339 : nan
7,130,488,517 : nan
8,247,305,392 : nan
9,78,790,874 : nan
10,29,699,822 : nan
10,112,380,979 : nan
12,462,522,642 : nan
13,511,806,859 : nan
14,362,375,524 : nan
15,112,508,720 : nan
15,155,388,847 : nan
16,290,609,917 : nan
17,374,766,895 : nan
18,74,668,872 : nan
19,443,668,989 : nan
20,240,255,425 : nan
21,380,711,827 : nan
22,112,339,733 : nan
22,460,551,760 : nan
23,107,398,646 : nan
24,73,323,753 : nan
25,353,627,893 : nan
30,140,691,892 : nan
30,496,691,785 : nan
32,233,363,991 : nan
38,206,625,770 : nan
39,259,508,669 : nan
41,43,66,559 : nan
41,208,368,637 : nan
42,451,746,816 : nan
43,656,718,963 : nan
44,161,433,495 : nan
44,418,687,895 : nan
46,524,771,812 : nan
47,240,326,647 : nan
47,282,514,830 : nan
47,350,363,418 : nan
47,518,610,994 : nan
49,172,338,888 : nan
49,192,705,776 : nan
51,144,504,652 : nan
52,172,608,694 : nan
54,547,881,916 : nan
55,285,308,311 : nan
55,654,677,703 : nan
56,202,682,763 : nan
62,175,392,867 : nan
62,184,266,601 : nan
63,419,797,876 : nan
64,106,218,268 : nan
64,139,193,334 : nan
64,268,934,996 : nan
65,176,193,809 : nan
66,89,464,637 : nan
68,241,278,932 : nan
69,344,418,783 : nan
69,556,773,877 : nan
70,203,269,711 : nan
70,540,710,740 : nan
71,199,275,360 : nan
72,360,381,438 : nan
72,376,671,677 : nan
74,95,233,397 : nan
76,136,232,501 : nan
76,375,598,834 : nan
78,668,751,769 : nan
78,775,779,971 : nan
79,379,410,972 : nan
82,235,446,703 : nan
87,191,285,766 : nan
87,721,855,938 : nan
92,147,573,998 : nan
96,138,563,724 : nan
97,211,704,782 : nan
98,250,522,703 : nan
98,383,794,808 : nan
101,279,464,887 : nan
101,384,502,606 : nan
102,623,655,772 : nan
103,150,154,925 : nan
105,454,513,675 : nan
110,124,180,709 : nan
111,183,544,835 : nan
113,258,590,805 : nan
114,285,462,494 : nan
114,449,470,648 : nan
114,642,718,924 : nan
118,290,428,439 : nan
120,286,508,985 : nan
122,190,806,811 : nan
124,493,706,971 : nan
125,664,674,815 : nan
130,249,426,639 : nan
132,521,633,783 : nan
137,152,162,611 : nan
138,224,307,325 : nan
138,259,913,936 : nan
141,242,366,389 : nan
141,319,365,846 : nan
143,249,610,825 : nan
143,491,571,687 : nan
144,163,335,984 : nan
144,560,903,939 : nan
145,276,491,862 : nan
146,184,668,689 : nan
146,222,457,530 : nan
146,395,667,778 : nan
148,161,194,495 : nan
150,163,521,807 : nan
153,175,613,655 : nan
154,208,451,933 : nan
156,390,554,700 : nan
159,173,214,630 : nan
159,239,325,808 : nan
159,561,708,845 : nan
160,610,686,780 : nan
161,218,445,827 : nan
162,250,301,662 : nan
163,572,817,819 : nan
164,343,378,938 : nan
165,283,331,974 : nan
168,189,563,900 : nan
170,189,443,814 : nan
171,194,247,365 : nan
173,485,701,704 : nan
173,633,638,992 : nan
179,346,713,909 : nan
179,472,518,543 : nan
179,497,679,977 : nan
180,423,608,933 : nan
183,346,409,724 : nan
183,589,893,991 : nan
185,306,501,931 : nan
186,189,418,921 : nan
188,220,856,957 : nan
190,690,729,964 : nan
191,200,703,859 : nan
195,701,819,960 : nan
201,357,605,744 : nan
201,725,860,877 : nan
202,351,366,614 : nan
204,511,800,946 : nan
206,487,738,960 : nan
207,363,527,601 : nan
208,376,419,941 : nan
209,327,758,974 : nan
211,231,380,756 : nan
211,242,611,988 : nan
215,224,444,497 : nan
215,798,835,934 : nan
219,300,951,971 : nan
221,421,596,675 : nan
224,272,319,792 : nan
224,421,456,784 : nan
225,515,541,976 : nan
228,269,368,759 : nan
229,392,764,844 : nan
231,289,339,648 : nan
232,412,415,609 : nan
235,518,519,860 : nan
237,741,908,945 : nan
239,508,700,945 : nan
245,383,419,760 : nan
255,422,639,980 : nan
256,565,608,662 : nan
260,487,566,751 : nan
261,318,490,576 : nan
270,433,575,609 : nan
274,397,549,782 : nan
275,484,658,978 : nan
281,288,711,933 : nan
283,386,453,544 : nan
286,512,720,829 : nan
290,380,513,531 : nan
294,412,720,867 : nan
294,437,516,892 : nan
297,565,698,873 : nan
304,310,487,622 : nan
304,378,838,918 : nan
309,615,898,912 : nan
310,571,698,856 : nan
312,321,809,984 : nan
313,328,348,402 : nan
313,639,688,998 : nan
319,375,412,839 : nan
329,691,818,914 : nan
332,564,689,774 : nan
335,461,658,926 : nan
340,456,483,497 : nan
341,382,622,922 : nan
349,365,792,927 : nan
351,530,717,788 : nan
353,810,858,954 : nan
372,386,720,981 : nan
372,722,835,961 : nan
377,405,409,948 : nan
380,473,691,716 : nan
388,438,714,846 : nan
392,456,622,761 : nan
395,679,838,912 : nan
398,434,621,738 : nan
414,442,488,805 : nan
418,513,713,743 : nan
422,441,470,742 : nan
422,498,684,746 : nan
425,436,702,972 : nan
427,438,620,918 : nan
431,542,578,727 : nan
435,514,834,998 : nan
435,541,585,667 : nan
440,534,780,790 : nan
440,544,724,879 : nan
443,509,684,974 : nan
443,686,882,991 : nan
447,458,522,719 : nan
448,493,577,867 : nan
449,534,676,903 : nan
455,496,497,863 : nan
462,506,923,984 : nan
462,613,813,909 : nan
469,806,891,930 : nan
471,611,797,998 : nan
483,682,896,943 : nan
489,500,753,803 : nan
496,612,661,932 : nan
506,870,926,934 : nan
519,609,882,898 : nan
519,711,907,936 : nan
523,614,965,981 : nan
530,699,711,831 : nan
536,578,618,980 : nan
537,820,889,910 : nan
541,851,863,979 : nan
565,582,744,797 : nan
585,674,750,947 : nan
587,609,660,779 : nan
595,746,772,961 : nan
604,607,755,979 : nan
637,694,700,763 : nan
689,779,865,970 : nan
764,771,964,985 : nan
