0,335 : -1.027818816361087
0,361 : -0.727216003045899
1,330 : -0.9489153616161505
1,357 : -1.089005275340964
1,939 : -0.9946571717398962
2,371 : -0.7260291582215952
2,466 : -0.825092024084916
2,912 : -1.1032427626546504
3,215 : -0.7702143214338004
5,19 : -0.9995699373330769
5,161 : -1.046681184416188
5,471 : -1.0159297548727073
6,32 : -0.4882661008002087
6,151 : -1.0065585711211131
6,747 : -1.0396869482367208
7,150 : -1.01853379525837
8,162 : -0.5524105538282793
8,616 : 0.019956716095785643
9,421 : -1.0240113621510512
10,100 : -1.0163447342890946
10,244 : -1.0106560918679888
10,879 : -1.1583868659121501
11,252 : -1.1437291647725405
11,262 : -0.49510858615483366
11,282 : -1.1550406559780142
11,443 : -1.1080653064573482
11,750 : -1.0891969381343705
12,404 : -1.0656301894273597
13,331 : -1.117948879266958
13,347 : -0.8486488588196428
13,678 : -1.2021616387412473
14,769 : -0.5778001795202576
15,21 : -0.778379160656677
15,148 : -0.7324035989916888
15,393 : -1.2021678694172406
15,437 : -0.9705621290660824
17,84 : -0.966494107004737
17,403 : -0.8730889248531772
17,792 : -1.118119571631781
19,216 : -0.7077720879152043
19,438 : -1.0533580168119143
19,518 : -0.8061091263702047
19,779 : -0.8504673271420375
20,473 : -0.9093922453837959
20,561 : -0.9906803419518018
20,898 : -1.0233727896925764
21,256 : -0.3221977635634685
21,398 : -1.1000970307004456
22,375 : -0.8041026608526778
22,475 : -1.199041513013523
22,666 : -0.935296237661897
22,786 : -1.1550116027354358
23,635 : -0.8249951473989929
23,745 : -1.132662676675805
24,596 : -0.6365092350730088
25,873 : -0.9082143877635045
25,952 : -0.9076391034060762
26,54 : -0.9240170535689367
26,120 : -0.8545581673940974
26,495 : -1.089164871940092
27,169 : -0.7424980118873319
29,698 : -0.940984446050563
29,917 : -0.6472628403471488
30,112 : -1.0408580663490383
30,202 : -0.9300739526477886
30,834 : -0.8502894738928681
31,633 : -1.1314677487203633
31,857 : -1.0607661426072394
31,966 : -0.989994274849264
31,985 : -0.7459540028699627
32,963 : -0.8523072661318452
33,361 : -0.8536278144509435
33,417 : -0.8691558984031627
33,847 : -0.7458679201070366
34,146 : -0.9902392853267528
36,71 : -1.1341956118362058
36,269 : -1.1197291965947063
36,312 : -1.0371579663355588
36,407 : -0.9664524493763946
36,468 : -1.0371441930731495
36,676 : -0.895761783027565
37,415 : -0.8256510557799421
37,547 : -0.8251018599064002
38,361 : -0.9110674449532827
38,454 : -0.9075525986868738
39,876 : -0.7560951045788462
39,972 : -0.8077012269180694
40,914 : -0.5555604047144045
41,446 : -0.2203515470734254
42,63 : -0.5785025753621098
42,248 : -0.7436491195882335
43,152 : -1.004876448856065
43,614 : -0.964223552009158
46,320 : -0.8828491747487652
46,988 : -0.7151060810712417
47,468 : -0.770090251257217
48,638 : -0.9245364919558128
48,867 : -0.8516922990522084
49,400 : -0.9302354471174517
49,561 : -1.3203532060987895
49,774 : -1.1499038413308282
50,245 : -0.9394646215670139
50,317 : -1.0725279775153336
50,546 : -0.745286261168498
50,651 : -0.9495990222842827
51,239 : -0.9355268694031627
51,544 : -0.6613482866668261
52,410 : -0.8950422853108024
52,412 : -1.132256672448782
53,172 : -0.6820626914526609
53,851 : -0.7430781028697848
55,267 : -0.8526005390354534
55,944 : -1.2540271066189628
56,136 : -0.8307396762782822
56,316 : -1.0065476846754091
57,398 : -1.0633807297376872
57,886 : -0.7592709688779986
58,377 : -0.9116392842432672
58,581 : -1.0064868900080142
58,973 : -1.0892248778137743
59,300 : -0.9352221445719997
59,388 : -1.0107357840911142
59,548 : -0.4967463491337476
60,112 : -0.7312348556195918
60,513 : -0.7018066895366561
61,75 : -1.0890116650644486
62,241 : -0.881476475070541
63,101 : -0.8802005617086759
63,730 : -0.6601056673202197
64,373 : -0.8077170161100349
64,953 : -0.9167976602148782
65,294 : -0.5802525637621958
65,309 : -1.1447037105628937
65,437 : -0.5751952644735492
65,554 : -1.1629533846456042
65,692 : -0.2775477186565616
65,950 : -1.0460528100904032
65,993 : -1.1186273937419804
66,246 : -1.0843380296798975
66,592 : -1.2540701444852345
67,939 : -0.8805123368717764
68,366 : -0.7437422533891764
69,209 : -0.6052032412803752
70,288 : -0.9959520861810183
70,628 : -1.1139447132556217
70,749 : -0.9350612901683242
71,431 : -1.0371728153990358
71,563 : -0.939817893271087
71,884 : -1.0846068079077837
72,907 : -1.019696545017375
72,925 : -1.1168060916953317
73,455 : -0.7760993664460969
74,139 : -0.86933436890356
74,222 : -0.5517714103666393
75,338 : -0.4949783278473159
75,493 : -1.116043300011719
76,405 : -1.127572507237089
76,872 : -0.8399699477832943
77,680 : -1.031328910492872
77,767 : -0.7180193313045642
78,316 : -1.089200881988432
78,329 : -1.0660840057779915
78,564 : -0.9664631169568692
78,747 : -1.0936495103315815
79,152 : -0.6194000195877394
79,739 : -0.4255201623292191
80,283 : -0.825673618205095
80,314 : -0.9199240900483541
81,197 : -1.1550124005833142
81,203 : -1.0175422262490974
81,342 : -0.5776500594650105
81,853 : -0.6601229302018825
82,158 : -0.32993062258948025
82,640 : -0.927333911005896
83,205 : -0.9076643983540245
83,548 : -0.7150620068582925
85,761 : 0.009020035321597675
86,201 : -1.0767475494624685
86,216 : -0.7253803024012582
86,842 : -1.0648863663393207
86,987 : -0.8313736979556734
87,482 : -0.8392836518616256
88,352 : -0.49489698636106083
88,402 : -0.7071523988324411
90,622 : 0.01996170475995729
91,309 : -0.513383607878414
91,310 : -0.6600838160352636
91,979 : -0.7755686450552903
92,154 : -0.9446334311094855
92,405 : -0.9353170844035419
92,513 : -1.1140975442941738
92,744 : -0.9534888047754322
93,345 : 0.014351206179067932
93,482 : -1.0106665771671786
95,485 : -0.9607893246668686
95,888 : -0.6938014640053718
96,479 : -0.9921528301537406
96,849 : -1.0561843188817264
97,975 : -0.6599470701502961
98,824 : -1.0175302649233053
99,212 : -0.9900390726168424
99,685 : -0.4948969863610606
99,802 : -0.8667700856803122
100,154 : -1.0207034225564153
100,229 : -0.8695818653783203
100,385 : -0.973564728198121
100,639 : -1.0930987565343298
101,363 : -1.1702063992140292
101,486 : -1.0818667785860683
102,279 : -0.825028100833324
103,675 : -0.7227318658608155
103,694 : -0.874920336281364
104,107 : -1.0075081765659308
104,235 : -1.1028012652861943
104,553 : -1.060827304049099
104,799 : -1.0607633429481371
106,701 : -0.8992309975745179
107,647 : -1.018262246702958
107,844 : -0.963809093406085
108,234 : 0.019991379522495523
109,263 : -0.7425858042964548
109,288 : -0.8118594332898761
110,332 : -0.7428629869133379
110,668 : -0.9595370733619342
111,748 : -0.7425837279730438
111,914 : -1.0232528662021263
112,669 : -0.8010436880665832
113,786 : -0.49497372911415605
115,554 : -0.8314181583248996
116,542 : 0.019971232304338837
117,485 : -0.9240045331313085
117,796 : -0.1656933305789121
118,313 : -1.2537361097451964
118,335 : -0.9053947675850331
118,359 : -0.9081780077640174
118,473 : -1.1311753407606226
118,672 : -1.048111131662794
118,757 : -0.8250169274204711
118,789 : -1.2810925029701679
120,921 : -1.1971374271206257
122,232 : -0.8383739363726779
122,742 : -0.9351531377477609
124,174 : -0.8911118987182325
124,430 : -0.9901215553793725
125,228 : -0.8800541328400115
125,892 : -0.7976137802585632
126,640 : -0.9558660268303074
127,929 : -0.43320566928167503
128,208 : -0.7276219809326312
128,423 : -0.8533275250841559
128,673 : -0.6933980890820564
130,621 : -0.6888809814426053
131,175 : -0.4555367316427801
131,364 : 0.020509267476347515
132,423 : -0.9763928631962715
132,899 : -0.3212613004331344
135,261 : -0.6599861748906068
136,647 : -0.891340180041547
137,549 : -0.9536098691354202
137,989 : -0.7161292854641459
138,512 : -0.528355502277245
138,574 : -0.6233833768105406
139,288 : -1.1880557416554636
141,488 : -1.0232689113978775
141,584 : -1.1550199814751272
143,260 : -0.5950948291711662
144,591 : -0.7154132995235059
144,610 : -0.8038530856991151
144,752 : -0.8251077991707825
145,440 : -0.8825489383273026
146,597 : -0.957083389028895
147,220 : -0.9454891625737494
147,760 : -0.9747846891816794
147,827 : -0.9671536880795166
148,411 : -0.9930258580647737
149,809 : -0.8580376376427985
149,847 : -0.8249930426973306
150,235 : -1.0635579800597363
151,459 : -1.089006957570375
152,700 : -0.8361195002755704
153,236 : -0.5195913026053365
154,582 : -0.9481934449922105
154,812 : -1.0891436607877516
155,210 : 0.01974902894615793
157,242 : -0.6603796896163221
157,349 : -0.9488947199562632
157,469 : -0.8277990573517062
157,514 : -1.0843865629145162
157,714 : -0.8836807997105929
157,898 : -1.2101355299944467
158,960 : -0.6599892946449937
161,307 : -0.7912683056420926
162,830 : -1.138661991985665
162,849 : -1.0357118879199625
163,232 : -0.9965929476666684
163,260 : -1.008826950827995
163,785 : -1.0874957260265692
163,926 : -0.8374144214661949
165,618 : -0.4969170290233964
166,681 : -0.5939525273853832
167,490 : -0.8249930426973309
167,789 : -0.8279015633267015
168,250 : -0.6970867017058917
168,597 : -0.7835835788758949
169,195 : -0.7856550529434796
169,471 : -1.1574856092092238
169,488 : -1.2376753765194124
169,878 : -0.6187734179474438
169,967 : -1.0519286396694238
171,750 : -0.8251040517728647
172,399 : -0.8484102837715246
172,688 : -0.5988807637957776
172,927 : -1.031319024673183
173,793 : -0.9240344239608869
174,427 : -1.0067608475123921
174,455 : -1.0341911814734304
174,671 : -0.9240621614671762
174,939 : -1.144086274695289
176,654 : -0.49498292496603447
178,485 : -0.7592627525371896
179,441 : -0.796318222899747
180,611 : -0.6171334892375213
180,620 : -0.7690909086978106
184,297 : -0.7262415504390289
184,799 : -0.777881065679304
186,590 : -0.46945100802619
186,813 : -1.0391139229213904
188,721 : -0.8451536913554332
190,441 : -0.7921743250436601
191,894 : -0.8580744802321152
192,738 : -1.0305932305324625
193,207 : -1.2540449531251254
193,315 : -1.1833667612047845
193,974 : -1.0760201031001078
194,799 : -0.9075417108123749
194,896 : -0.5779329465827843
195,239 : -0.5522702947157789
196,467 : -0.8416955515368711
196,575 : -0.7658777646004322
196,668 : -0.9406910719992316
197,728 : -1.155016226644415
197,961 : -1.0234552587750967
198,972 : -0.7837940224574074
199,877 : -0.7859966145468578
200,430 : -0.5288025329988921
200,755 : -0.7779381883632026
201,325 : -0.935136741214055
201,632 : -0.9350371842317151
202,607 : -1.0342029811518207
202,732 : -0.8250596873070379
203,576 : -1.0124991958113077
203,622 : -1.1507482388465142
203,953 : -0.308697910793196
204,753 : -1.0213176060589557
205,831 : -0.8772632121041715
206,399 : -0.7263693954564703
206,887 : -0.5179558990985877
207,332 : -0.9570771045462134
207,680 : -0.8807377645937682
209,745 : -1.1251319946765146
209,837 : -0.4142416923197527
211,739 : -0.9717267480765543
211,834 : -1.0205522078368743
211,938 : -0.8882026660245446
211,978 : -0.9900872977909085
212,396 : -0.9941942858580841
213,523 : -1.0235928952492612
213,931 : -0.7075078285535699
214,557 : -0.27570167364553533
214,786 : -1.0725370107264225
215,484 : -1.2653154133261504
215,680 : -0.9447469044887453
216,691 : -1.0106938951998141
217,429 : 0.019789136910552396
217,734 : -0.5939598274118603
218,377 : -0.9900349192684725
219,645 : -0.4950434565681654
219,663 : -1.1787874030684833
219,848 : -0.9900381504783917
219,940 : -1.0372686722354305
220,675 : -0.7894737834874803
220,704 : -0.5858214977523164
220,808 : -0.8377567626200608
220,819 : -0.7390992100943601
221,851 : -1.0650223549253366
222,444 : -0.5249466004613865
222,920 : -0.6465964717582513
223,388 : -0.577569800274575
224,305 : -0.6057526718583743
225,678 : -0.8250065678495742
226,275 : -1.0562068542915588
226,499 : -1.155384268518397
226,977 : -0.7817345400657376
226,984 : -0.9914095500312481
227,662 : -1.0233501446871465
228,493 : -1.1573369815429597
228,596 : -1.2447651730348568
228,977 : -1.072701817694011
229,855 : -1.0314124588096063
230,710 : -1.0890739384480188
230,738 : -1.2174021019471342
230,758 : -0.7923681432453762
230,976 : -1.0890142406422525
231,846 : -0.9356653816197951
232,249 : -0.9059648600698469
233,246 : -0.7426602065760592
233,812 : -0.7265096269975948
234,353 : -1.185117458791722
234,809 : -1.0230786990914735
235,568 : -0.9546064911398371
235,582 : -1.1534215865962851
236,703 : -1.1141920070054345
236,947 : -0.992199397067492
239,289 : -0.8115167406305448
240,723 : -0.8426897265804203
241,744 : -1.2102024000207354
241,749 : -0.9900065916839815
241,909 : -0.853342650126995
241,980 : -1.072567866654511
243,968 : -0.3311475411313851
244,405 : -0.825037231952704
244,815 : -1.1400146046014412
245,499 : -0.8842970820909346
245,672 : -0.6084612952423958
246,507 : -0.8662638548807811
246,840 : -0.9075752792441274
247,759 : -0.9075553852447316
248,477 : -0.7230305927543763
248,791 : -1.2169485785847902
249,963 : -0.9260597776214055
250,857 : -0.9200682424368212
251,542 : -0.593993917472722
251,916 : -0.4949520422940048
252,281 : -0.9792556065777314
252,502 : -0.8546391725181732
252,790 : -0.8985911787175325
252,860 : -0.6410609299616203
253,924 : -0.7425911419397828
255,565 : -0.833067686169535
256,288 : -0.716675235187576
257,538 : -0.8953041076551493
257,831 : -0.8923761658055476
258,368 : -0.412632618535284
259,640 : -1.0985920796601647
259,807 : -0.8750497829551511
260,361 : -0.566741705129516
260,791 : -0.7315828931825101
260,834 : -0.8764669697127743
260,912 : -1.0865449880368354
261,928 : -0.9239809427860983
263,350 : -0.7592366178907273
263,395 : -0.8389686450416116
264,584 : -0.9075247224113872
264,723 : -1.1220178448252867
265,570 : -0.4126838175761982
266,346 : -0.6329783963922999
266,641 : -0.4950567672041164
266,680 : -0.773501796679424
270,846 : -0.8528616807971712
272,299 : -1.0890095412946006
272,463 : -0.6035614838169585
272,928 : -0.9289398987402673
273,824 : -0.3784033973484635
273,843 : -0.17264734989181907
274,783 : -0.9460820474003349
274,951 : -1.1387964511413098
274,970 : -0.6603876767350596
275,382 : -0.9591998901481409
275,554 : -1.037279278806687
275,716 : -1.1080488900507626
275,825 : -0.8957673205736114
276,754 : -0.7425784472182335
276,988 : -0.7151042292752963
277,376 : -0.9792925512037463
277,436 : -0.9900779822148027
277,486 : -0.9241902787278153
277,537 : -0.9241842819649997
278,977 : -1.0384029453980679
279,745 : -1.0954526140114602
280,418 : -0.8104352237070018
280,476 : -0.5776660849923256
280,910 : -0.6808140433431369
281,855 : -0.7839667259443144
284,663 : -0.5832620220647842
285,569 : -0.852563032229066
285,693 : -0.9900376018394965
288,505 : -0.7186298652440464
289,695 : -0.7425291878652376
290,569 : -0.8045295629003137
290,884 : -1.2352021098979904
291,682 : -0.8252883025822144
291,745 : -1.0803886973646217
292,823 : -0.37132139472038084
293,405 : -1.1757008009570944
293,531 : -0.7430653564177181
293,568 : -0.6312595110832566
293,636 : -1.0730417146346287
294,929 : -1.1102345237228866
295,342 : -0.8869187220205315
295,538 : -1.0150300067731783
295,969 : -1.1554250099882184
298,693 : 0.1636865764103771
299,884 : -1.0784366872667706
300,329 : -0.8281009596260447
301,867 : -0.347239786064065
302,751 : 0.01995751207530483
303,737 : -1.089215104597331
303,884 : -0.8629939130053583
304,701 : -0.798124875161192
306,532 : -0.7014501779008615
307,336 : -0.5792189114822868
307,895 : -0.5822293129112304
308,370 : -0.1550877502438457
308,939 : -1.0450494966523522
309,432 : -0.8619168591234931
309,741 : -1.3308021168594482
309,801 : 0.019975238731648526
309,956 : -0.9908227392798756
310,715 : 0.01996345297188218
311,389 : -1.023134871831155
311,765 : -0.3976710767913225
311,834 : -0.8612164944975569
313,450 : -0.8251224569663409
313,878 : -0.6128685273495076
314,506 : -1.030132686289261
314,920 : -0.9195691920292086
315,493 : -1.1922256201348596
315,841 : -1.0912314301704713
316,599 : -0.8918777507646938
316,787 : -0.49503752734396267
317,660 : -0.9075637318679353
317,910 : -1.113911572588285
318,388 : -0.5982580001481315
319,724 : -1.0573104657296142
320,604 : -1.0889988722475934
320,633 : -1.0422822350812497
320,651 : -1.088995271797108
320,655 : -1.0560556049126668
322,876 : -0.3859564637765338
322,972 : -0.7579054862829477
323,330 : -0.8256295219574021
323,382 : -0.5828271998952359
323,550 : -0.852755776762429
323,746 : -0.9359960011659374
323,911 : -0.9903846552594024
324,513 : -1.1160303651875885
324,632 : -0.29034004936440416
324,976 : -0.8663088393976333
326,372 : -0.8770897501047996
327,879 : -0.9964452722734056
327,928 : -1.0890617763780157
328,398 : -0.6093428308711122
329,592 : -1.089054440717681
329,690 : -1.1550832524132018
330,622 : -1.1411492350411114
330,849 : -1.1550040894248301
331,697 : -0.7593085181724997
332,799 : -0.6605047860360438
334,337 : -0.8250049314456338
335,994 : -0.5452430297537019
337,966 : -0.8250003590268298
339,979 : -1.0402335804658387
341,865 : -1.0708251299116016
341,956 : -1.254020301049592
342,628 : -0.8250560148678336
343,996 : -0.90768664109221
344,663 : -1.0725649595627456
344,969 : -0.9900994691625851
345,665 : 0.014351206179068043
346,800 : -0.6725537655909886
347,565 : -0.8015661442487105
347,635 : 0.014610955046655105
348,462 : -1.0066835791297413
348,804 : -0.6964549146205858
348,841 : -0.825428149067339
349,919 : -1.0065429337227831
350,431 : -0.7921904602480827
350,794 : -0.5939900993361822
350,914 : -1.0561318256750112
351,777 : -0.3712469789646349
352,436 : -1.0230371193416787
352,935 : -0.9899909424627626
353,361 : -1.1106635062466061
353,406 : -0.630111751947338
353,636 : -0.9384721547394439
353,646 : -1.050523209167653
353,802 : -1.2229055303889709
353,895 : -1.032430661228997
353,951 : -1.2489034530234782
354,956 : -0.907563405168704
354,963 : -0.9078969218934971
355,789 : 0.020000039678522263
356,495 : -1.100432706128704
357,708 : -1.1055577426940548
357,807 : -1.0232528662021267
358,709 : -0.7685224942817466
358,895 : -0.8314152283379319
360,376 : -0.772538685685505
360,898 : -0.9811224149089157
361,738 : -0.8883816196777823
362,821 : -0.1746627413821784
365,588 : -1.0109260369288862
365,719 : -1.1521609502218544
365,745 : -1.2424707193284288
366,854 : -0.9900789239164896
368,498 : -0.8586234795409287
369,396 : -0.700172315676717
371,383 : -0.9350367993476174
371,599 : -0.8250192416801654
372,471 : -1.1017613235331383
372,759 : -0.9530546315590538
372,809 : -1.1045659020065335
372,884 : -1.2026268874149606
372,925 : -0.9796887305911732
372,959 : -0.7655123433448692
373,597 : -0.6932525611402751
373,941 : -0.7935625386091405
376,706 : -1.0453742371271795
378,600 : -1.2540356035677998
378,923 : -1.0180585366720987
379,381 : -0.748176807048833
379,800 : -1.0703494970351937
384,506 : -0.7976917347318573
385,666 : -0.49844450141882213
385,803 : -0.580167518730413
387,498 : -0.59399121069948
388,692 : -0.743046857694333
389,708 : -1.0891195246941607
389,956 : -1.171818178871145
390,437 : -0.6066928223283279
391,588 : -0.6599365578825584
391,844 : -0.659980878774511
392,554 : -1.227312820472139
392,959 : -0.8957791263633594
393,625 : -0.37160238355253195
393,728 : -0.9899867712044284
394,885 : -0.659981539630605
395,630 : -0.7712541157723434
397,585 : -0.8250411971293705
397,918 : -0.9900491699052782
398,434 : -0.4038715173399563
398,435 : -1.3003690291633987
398,806 : -1.12027142938026
399,813 : -0.9694760373206321
400,487 : -0.49613490790496195
400,981 : -0.7427641379665331
402,857 : -0.8771779697410405
403,584 : -1.0751283296995955
403,696 : -0.6599785244139378
403,754 : -0.8250528887688313
403,766 : -0.8614177636361586
404,671 : -0.8911527978701472
405,766 : -1.116144597744762
407,679 : -0.9405967187896245
408,502 : -0.6347924393004374
408,609 : -0.6631655555103073
409,743 : -0.2782419881792231
409,825 : -0.7181311988735533
409,995 : -0.6050316313634041
411,619 : -0.9653364670882763
411,849 : -1.0888978350591616
411,949 : -0.5939777918759837
411,984 : -1.1990364539381946
413,719 : -1.0371556194219238
413,817 : -0.8250007992732065
413,944 : -0.9239787110783544
415,480 : -0.4561403322864397
416,507 : -0.7014504819199154
416,529 : -0.9900034375771614
417,455 : -1.0726069401034715
418,494 : -0.7200981003515872
418,658 : -0.9980970672349487
420,507 : -0.4948969863610606
420,870 : -0.4949520422940046
421,805 : -1.2048169148438053
422,532 : -0.7740844935115117
422,785 : -1.202801617546502
423,432 : -0.8803262373793743
423,851 : -1.1027435311835339
423,911 : -0.8526999939760107
424,426 : -0.6274398696430863
424,461 : -0.6600618301051124
424,865 : -1.0371593872781668
425,448 : -0.5401650247773735
425,869 : -0.9243061577075911
426,934 : -0.8203044402044468
427,576 : -1.1492654678212393
427,604 : -1.0112865385545495
427,713 : -1.019523153775625
428,769 : -0.5016170618305309
429,937 : -0.32983631155051274
430,498 : -1.023071059422362
430,673 : -0.6977954871255565
430,747 : -1.1386145860691173
432,571 : -1.0136488532418482
432,646 : -0.7426400824956576
433,499 : -1.2496491641222032
434,582 : -0.8251661386794424
435,552 : -0.9105031505670411
435,556 : -0.5189459956317632
435,579 : -1.0136775995728495
437,692 : -0.09618643251193193
438,708 : -0.6692357485937972
438,873 : -1.0664626501490106
441,865 : -1.0844349598784264
444,857 : -0.43069985273434197
447,747 : -0.9354617970070085
447,818 : -0.8738230329622179
448,815 : -1.0616010158344045
449,836 : -1.0230480846291639
449,952 : -0.9902112465281636
450,974 : -0.7922775264510038
451,578 : -0.8583003021293474
452,529 : -0.5775315125710114
453,588 : -0.7979632069125038
454,517 : -0.9901446691432412
455,864 : -1.100712504225931
458,531 : -0.8249970543238181
458,600 : -0.9099866438755164
458,671 : -0.8275532589906529
459,518 : -0.9240908059739623
459,705 : -0.9240127371747371
459,779 : -0.9706740794388418
460,709 : -0.754518441504431
460,879 : -0.6702260607408901
461,482 : -0.9903209387348899
463,682 : -0.7596807884911794
465,601 : -0.7773692906117258
465,745 : -1.0977952050699322
465,919 : -0.8420234146424082
467,696 : 0.014290544000972405
467,791 : -0.8745925214259409
467,902 : -1.0912741811518538
468,921 : -0.9075439800788918
469,929 : -0.9786103732613061
471,971 : -1.1790308364582338
472,848 : -0.3299563318556027
474,900 : -0.21991918357836449
475,681 : -0.7954524690206961
475,916 : -0.784766200163145
476,664 : -0.7683414719883928
478,937 : -0.3298788540294233
479,655 : -1.072986279456504
479,798 : -0.3582329148070147
481,736 : -0.4545407111606854
481,996 : -0.420855150306493
482,579 : -1.1756781919021204
483,883 : -0.8250721431122301
483,929 : -0.7798870439092842
483,944 : -1.1606096292737362
484,599 : -1.1597516576884952
484,668 : -1.254347393232659
485,805 : -1.122125899321727
486,496 : -0.9922510393184689
486,535 : -1.072620792362454
489,553 : -0.8249987460875037
489,652 : -0.7155473213570396
490,862 : -1.0065491501008341
490,973 : -1.00654337634984
491,686 : -0.5601620500953448
491,797 : -0.6601944508816653
492,746 : 0.01995839043499803
493,639 : -1.2792305423534742
493,679 : -1.1512851691111559
495,989 : -0.8277309122142931
497,911 : -0.9316534855594538
497,925 : -0.8247653372863695
497,971 : -0.8930194525935558
499,928 : -1.08920560088914
499,942 : -0.9351067759694569
501,607 : -1.0755189256052002
501,664 : -0.9724623619558486
501,714 : -1.194546588013215
505,599 : -1.089289761729856
509,946 : -0.8421410384529873
511,527 : -0.6017100073376174
511,563 : -1.0285049922411602
511,680 : -0.7058888869631983
512,667 : -0.7714779783538828
512,744 : -1.155199259791691
513,847 : -1.0107637051116614
514,890 : -0.5186581562861621
516,751 : -0.8531973740214207
516,772 : -0.8140705965557453
516,882 : -1.0274185443291142
517,785 : -1.104048815637488
518,969 : -0.9203665082536618
518,987 : -0.919473369524372
519,969 : -0.7438472770239155
521,790 : -0.8260449539840706
522,741 : -0.9749866735367938
522,906 : -0.620228863791787
523,560 : -0.759136450362343
525,718 : -1.0067256661806696
525,746 : -1.0334349469289417
525,943 : -0.2318015821166326
528,911 : -0.9737912270942259
529,530 : -1.2495915099027357
529,545 : -0.6599688083876192
529,634 : -0.9899919500023346
534,608 : -1.0731331348528497
534,982 : -0.6956152069384918
535,782 : -0.9489184273343607
535,842 : -0.8844849859034976
536,723 : -0.7598080484864389
539,618 : -0.7932746492277345
539,653 : -0.7932582610191876
539,678 : -0.9653538476724495
540,579 : -0.32998578948762125
543,670 : -0.2769723272557649
543,758 : -1.0731667815704204
543,908 : -0.6600077452076869
543,923 : -1.1567994307023275
549,663 : -0.6327755943861884
550,629 : -0.9900289711813275
551,810 : -0.6211753585986475
554,584 : -1.237570266470255
554,738 : -1.239123503276737
555,831 : -0.8580473755597238
559,685 : -0.5939988250085715
561,813 : -0.9767420283280843
561,921 : -1.155128900335642
562,735 : 0.019984556827209676
564,631 : -0.4969599540024847
564,812 : -1.0230774310925703
566,962 : -0.8006062768312847
567,728 : -0.4948969863610604
567,940 : -0.49494775767547927
573,963 : -1.0850776372395012
574,873 : -0.5981673327576953
575,609 : -0.7890554722324898
575,747 : -1.079182901917318
575,921 : -1.280461780894313
575,982 : -1.113839131384906
576,699 : -0.7202827613850755
576,740 : -0.7847860786163205
577,758 : -0.9077456447266219
581,765 : -0.8250274321155056
583,785 : -0.49508528101855553
584,992 : -1.182563212901342
588,927 : -0.4680014595035775
591,810 : -0.990051227592589
592,731 : -1.131569343869697
594,607 : -0.5939912106994796
595,829 : -0.8264956730028863
595,979 : -0.9805008312396959
596,655 : -0.9008899774241632
596,730 : -0.8722163252597779
597,824 : -0.9308484875560057
597,996 : -0.8818343945322298
598,675 : -0.873802728174468
600,820 : -1.1552939560389124
602,827 : -0.8250094710933349
603,648 : -0.5940069706331483
604,915 : -0.8249896839285067
606,950 : -0.9953722818828856
608,667 : -0.9083321877291417
613,791 : -1.023333195918283
614,818 : -0.9630372541257515
618,811 : -0.9900332340014288
620,755 : -0.9679951455176232
622,762 : -0.9735321119479337
623,941 : -0.8250596529263943
626,856 : -0.49510356822605694
627,860 : -0.5334131860001454
628,676 : -0.8869817299632521
629,846 : -0.9032771701307096
629,884 : -0.7785642808541937
629,960 : -0.9516082370488195
631,814 : -0.6940670007961711
635,973 : -0.9239787110783544
636,742 : -0.694703068289082
638,732 : -0.8250655013416512
639,922 : -0.7435505646601586
640,836 : -0.9400313807286134
640,837 : -0.6836841704886287
642,724 : -1.0187448176941247
643,747 : -0.9488937217848239
643,980 : -0.8250039993666798
644,815 : 0.019978973066296923
646,882 : -0.9493417453995807
647,789 : -1.0231773339472205
648,742 : -0.6716620288888473
648,951 : -1.2375932049494995
651,984 : -0.9770518747752008
654,979 : -1.0931958201907466
654,992 : -1.0725616094103496
655,747 : -1.1881177572075785
655,842 : -1.1124261409301477
655,877 : -1.0601849722073142
655,898 : -1.2512582782812491
657,679 : -1.0562168164298757
657,820 : -0.6444251958056584
658,701 : -0.8374612437790003
658,991 : -1.0066633967105192
659,844 : -0.7978443939347861
661,737 : -0.8373117363296501
661,811 : -0.8663081431973509
662,923 : -0.9993338806770944
665,871 : -0.9900114609179191
672,813 : -1.1758194736128011
673,711 : -1.1554216603966103
675,792 : -0.8145773048030092
675,815 : -1.2758044114661553
677,986 : -0.9900253575884259
679,920 : -0.9902060878347938
679,928 : -1.1716062088172725
680,936 : -1.0801414914292304
680,977 : -0.9359607181406897
681,783 : -1.254078986275029
684,898 : -0.9952849927016061
687,724 : -1.0687142505903973
688,887 : -0.41615693750058136
688,951 : -0.8095580953724992
690,880 : -0.893852624740179
691,957 : -1.150969157280847
693,710 : -0.2976511207786654
694,967 : -1.0230510964749278
695,783 : -1.0106625325351013
700,727 : -1.0137718948058647
702,875 : -0.6601283473671471
702,971 : -0.9902146857816567
703,917 : -0.8474836780818054
704,957 : -0.6654931597472933
706,867 : -0.9480374400231737
710,723 : -1.2705999379108253
711,826 : -0.9754337522567997
711,833 : 0.01994531289556578
712,806 : -0.6600348010598489
713,795 : 0.01996632154373401
713,800 : -0.856851001990641
713,861 : -0.7150715640777028
713,862 : -1.2294193740541917
713,886 : -1.0895972762092585
714,803 : -0.6613083772409651
716,829 : -0.9419241882374263
717,780 : -0.24966379431953678
719,746 : -1.1022818969495507
719,851 : -1.2850716937095399
723,732 : -1.1220137366471095
724,842 : -1.1443599274531575
724,929 : -0.8589450272722816
726,776 : 0.019966654896051095
727,759 : -0.7838302969126401
731,839 : -1.1197323201467473
733,933 : -0.7592537575598728
733,957 : -0.7944795979341195
734,902 : -1.091319851035487
736,879 : -1.0079801282366758
737,947 : -1.0892697002701608
738,814 : -1.052735981298894
738,934 : -1.2303410274973694
739,769 : -0.5776785987926978
741,871 : -1.131622096317272
744,819 : -0.9918771727313103
745,789 : -1.1551321003654307
746,856 : -1.2054940683653936
747,889 : -0.6189176451806895
750,907 : -1.0065532903813326
752,983 : -0.32983631155051296
753,880 : -0.9488290926064924
755,904 : -1.0843815743644654
756,800 : -0.7431888491884353
762,893 : -0.5500286585238559
762,919 : -0.33080607976698495
765,998 : -0.7632332343627171
767,902 : -1.0890538633572744
767,944 : -0.9927943262183072
770,939 : -0.937289007825566
773,998 : -0.4128462297472173
774,781 : -0.49499919628051625
774,832 : -0.29861211315275993
775,923 : -0.8526156297279259
781,996 : -0.4950130983216081
783,815 : -1.1738041099707628
786,862 : -1.023023969883524
789,999 : -0.4951221879018446
790,826 : -0.8487352738191736
791,858 : -0.8093002343997151
793,851 : -0.8694153265303157
800,820 : -1.041296083013675
802,919 : -1.00667537348451
802,992 : -1.182635863719724
806,811 : -0.44031902876644935
808,993 : -0.4964962133133497
810,864 : -1.2496077904046508
813,991 : -1.0495495408898918
815,915 : -0.9150818776994831
816,864 : -0.6600088997007152
819,945 : -0.9314720219083088
821,962 : -0.7014578825502853
823,885 : -0.8249942031019595
826,869 : -0.7922599096537457
830,935 : -0.8582704035661921
837,862 : -0.8580231840336925
838,986 : -0.9900253575884257
839,859 : -0.9408376709541557
852,854 : -0.9076633568576495
852,926 : -0.7103496513836722
852,946 : -0.866317477614595
854,961 : -1.0405368453722312
854,978 : -0.6328225050310061
856,866 : 0.019968820851713254
858,886 : -0.891118177880271
860,991 : -0.7601345899462455
863,961 : -0.7123500609392028
865,883 : -0.7779479405153218
870,952 : -0.8663490483814429
871,992 : -1.2375569231986367
874,969 : -0.827871419786594
876,919 : -1.3011559203615186
876,950 : -1.1806735433733095
882,959 : -0.7842720219080417
886,955 : -0.4950375273439629
892,942 : -0.7980068770208231
907,926 : -1.0232672686013164
909,982 : -0.9245270339669518
912,950 : -1.0171566780508323
912,951 : -1.1041006025028803
915,951 : -0.8581231787891657
921,931 : -1.1551024755278836
921,983 : -0.7424975233035997
956,967 : -0.9097110374502577
973,986 : -1.088998246862035
979,994 : -1.0891441172771739
0,433,783 : -0.7908826208769322
0,539,835 : -0.6812803444745252
1,293,614 : -0.8922924738808158
2,257,358 : -0.8702655489017868
2,310,972 : -0.8652219251645019
4,131,500 : -0.3773419083644973
4,192,848 : -0.7444246934240191
5,66,385 : -0.9268657290464972
6,98,709 : -0.7325910757138738
6,421,524 : -0.6387666743232328
7,86,128 : -0.8810226444940301
7,99,295 : -0.8882289137536892
7,211,322 : -0.767677166581977
7,674,873 : -0.7557056444326757
8,162,565 : -0.5320049610141453
9,40,877 : -0.8739707023463943
9,46,937 : -0.7216284248028302
9,475,742 : -0.8338225507875929
9,559,638 : -0.8873066791851754
10,55,659 : -0.6912730989283871
10,86,998 : -0.907241728357685
10,620,884 : -0.7499943039698285
11,266,877 : -0.8605278665373286
12,78,697 : -0.7532699947499122
12,149,972 : -0.8162997103392406
12,168,968 : -0.5567244933776219
12,250,335 : -0.4902277084812905
12,818,822 : -0.6475890806882507
13,61,666 : -0.8468477247856598
13,180,689 : -0.7419730019822903
13,514,965 : -0.8344540839931103
14,721,972 : -0.8104478443762013
15,699,923 : -0.7184873628778896
16,93,138 : -0.5460986757771926
17,156,377 : -0.7239861473146307
17,428,697 : -0.5541665785082928
17,573,910 : -0.9336998372482974
18,72,73 : -0.640754495673381
18,270,633 : -0.6271547155638524
19,231,683 : -0.5508333385792417
20,628,871 : -0.7097962546599925
23,134,221 : -0.5641857612903074
25,221,963 : -0.7299042912236207
26,238,898 : -0.6665800069914929
26,563,620 : -0.7029440785364625
27,248,910 : -0.745951368986189
28,329,593 : -0.14203936866289935
29,228,505 : -0.7046608180879212
29,716,737 : -0.7228796517669411
30,67,282 : -0.6147922953926357
30,232,343 : -0.6177767946840329
32,421,547 : -0.60276411718162
33,115,858 : -0.6080922631422707
34,229,500 : -0.6833357283076316
34,300,513 : -0.7748543815193292
34,361,402 : -0.8492663007348167
34,873,949 : -0.700180227084674
35,138,823 : -0.6866198063421325
35,298,814 : -0.5611231248159623
35,402,608 : -0.7258829651154168
36,340,768 : -0.14480064518523417
37,383,589 : -0.7522136407567972
37,569,650 : -0.11103078115843057
37,602,906 : -0.7352493244267329
38,679,746 : -0.9744928611390291
39,195,304 : -0.39800710293651953
39,506,969 : -0.7747981350978803
40,287,689 : -0.2332197075967355
40,437,716 : -0.6452723583964142
42,104,840 : -0.7240184871332538
42,621,859 : -0.8791757358772465
43,294,932 : -0.7379454981032527
43,317,992 : -0.9094289746122124
43,538,873 : -0.8179297005192931
44,52,612 : -0.174219918176455
44,52,682 : -0.45004520275075377
45,94,341 : 0.006145546830020554
45,303,958 : -0.36508052897213616
47,96,740 : -0.7746535711410472
48,284,900 : -0.5318447789298304
48,479,964 : -0.6370923346652293
48,621,813 : -0.8394084334666356
49,137,382 : -0.6824751195932739
49,382,483 : -0.6227228016442885
49,525,622 : -0.7491825645752197
49,557,854 : -0.6231876677930326
49,620,746 : -0.8416993524327971
49,947,973 : -0.9166970042517963
50,412,659 : -0.7751781552587484
50,589,960 : -0.7637687436125717
51,683,938 : -0.5605365748056776
51,818,982 : -0.6880187630558283
52,713,881 : -0.7185896798155955
52,737,901 : -0.205879317594305
53,592,608 : -0.6056994704875127
54,583,766 : -0.4365157803338493
55,417,555 : -0.7129479637149068
56,135,529 : -0.7291783204960642
57,248,664 : -0.8555852743441905
58,249,597 : -0.7640663018743861
58,306,388 : -0.7931585136351025
58,341,410 : -0.8222042854749667
59,719,753 : -0.7261076878584807
60,354,813 : -0.6440081099207038
61,152,373 : -0.709293279815802
61,229,767 : -0.8510244788634567
61,436,787 : -0.6224840079858496
62,226,346 : -0.4800830005669483
62,335,972 : -0.8015674535101631
62,673,755 : -0.8127475234026609
64,96,477 : -0.6688868813942181
64,186,537 : -0.7448232742814733
64,608,723 : -0.9324017928452473
64,728,932 : -0.9425240026701971
65,178,714 : -0.7872937429007358
66,463,653 : -0.8839204749194063
66,679,975 : -0.9067949998203086
67,219,240 : -0.6462582112904993
67,550,815 : -0.8742583264954968
68,299,482 : -0.9016541396155353
68,533,815 : -0.8164281161141984
70,669,965 : -0.6760809166870463
71,283,340 : -0.7373735992871575
71,314,796 : -0.5941253166827696
72,476,708 : -0.7181228718513335
74,184,857 : -0.7218469220607922
74,731,817 : -0.8326230338079141
75,299,898 : -0.8524088077783705
76,168,223 : -0.6002370654420397
76,542,760 : -0.9079526505211253
77,107,154 : -0.6508547977202399
77,198,340 : -0.5397084774753127
79,395,815 : -0.9163037194775208
80,245,836 : -0.6940804215154937
80,499,985 : -0.6693583519979116
83,553,731 : -0.8489014976092073
83,594,634 : -0.44385622076760756
84,159,940 : -0.7749481296627683
84,526,665 : -0.5190303013570507
85,274,865 : -0.54585640133535
86,708,891 : -0.6038420533169431
89,123,465 : -0.2872577731014585
89,283,882 : -0.7767213115998821
89,321,689 : -0.664349865933779
89,447,606 : -0.6739685810825304
92,528,649 : -0.1789246156788249
95,278,766 : -0.9319561424220193
95,724,929 : -0.6722013428230853
96,278,475 : -0.9691147445360688
96,566,711 : -0.8839116747825793
96,683,941 : -0.838035258134693
96,832,836 : -0.6160276261201658
96,854,993 : -0.8227572911669596
97,677,687 : -0.6985430157810806
98,358,627 : -0.6117815339888302
98,361,834 : -0.8174382597466332
98,587,660 : -0.21538119423895297
101,167,248 : -0.794976481507812
101,205,880 : -0.8814117142792579
101,444,450 : -0.6386285622972052
102,853,931 : -0.48313954059722164
103,651,819 : -0.6094968166141284
104,253,637 : -0.7781920244659712
104,477,486 : -0.7817119959665126
105,306,830 : -0.6126637921965128
105,466,946 : -0.6458483034353133
106,186,192 : -0.6007412363764573
106,196,614 : -0.7191383531921611
106,265,269 : -0.6589488448670389
107,727,991 : -0.6970536021394755
109,615,691 : -0.5727371624652693
109,793,904 : -0.46477509001392003
110,291,861 : -0.39798747499747744
110,303,441 : -0.6898596079221981
111,150,730 : -0.6673576324648609
112,396,499 : -0.8172857019940254
115,278,800 : -0.7249156598466908
115,412,703 : -0.7390070172828578
117,499,621 : -0.7586846289487439
118,143,467 : -0.7599949387579821
118,406,652 : -0.5620069856273218
118,610,852 : -0.5609274190379565
118,663,857 : -0.8807719143032213
120,162,933 : -0.762875125300571
120,535,608 : -0.7488914824703732
120,838,987 : -0.6809079420138366
122,290,939 : -0.8256153117809086
124,330,669 : -0.7701623287847945
126,189,871 : -0.706140169829196
126,219,552 : -0.7819623503945528
126,327,779 : -0.6770003219956058
127,622,632 : -0.37170280214535456
131,359,465 : -0.5029495496958476
131,666,714 : -0.6169856537026202
132,670,679 : -0.5815192120651522
134,210,756 : -0.26932447355938915
135,454,924 : -0.6897484368881079
136,263,561 : -0.6587336339294696
137,243,712 : -0.5696302204837846
137,271,437 : -0.27352598038418496
137,609,882 : -0.7264519014441644
137,713,751 : -0.8237468551207443
137,826,914 : -0.7381359169200685
138,162,638 : -0.7209213957999259
138,512,571 : -0.5159735714364184
139,213,517 : -0.8224237769183482
139,550,920 : -0.6294878642242352
143,259,621 : -0.8226919224700366
143,284,751 : -0.5113096814623459
145,154,840 : -0.7938829984319486
145,433,745 : -0.7816087818741413
145,741,880 : -0.7404783280099598
146,203,655 : -0.8636588958539988
146,523,709 : -0.7790648238022493
147,190,748 : -0.5737998706202763
147,272,896 : -0.6865919725145067
147,514,855 : -0.6907438040121143
148,169,508 : -0.6293281220999196
148,235,369 : -0.7352412788893341
150,461,502 : -0.644751943443113
151,243,580 : -0.6042459586405085
154,447,882 : -0.8193324407701907
156,313,532 : -0.596917829813461
159,524,810 : -0.6763568965756681
159,638,936 : -0.6044445856113854
160,690,711 : -0.5293588646599152
161,396,525 : -0.82600030024083
161,546,894 : -0.7091399036769261
162,188,954 : -0.4925747854024043
162,220,968 : -0.7561125002123132
162,636,844 : -0.8624991332558221
163,228,326 : -0.8079536775843996
163,291,910 : -0.9072091919482901
165,361,409 : -0.7940935168277306
166,225,851 : -0.4909688116915689
168,395,977 : -0.8279445861365369
169,185,227 : -0.5993426719009967
170,238,958 : -0.4397883397154976
170,319,385 : -0.708100457955569
171,197,415 : -0.6637916456206452
172,652,763 : -0.7263885960385419
172,824,951 : -0.8859588374996055
173,619,702 : -0.74593497075283
177,505,733 : -0.1477642261139791
178,790,842 : -0.8260011603896387
179,720,958 : -0.64065378360542
183,426,871 : -0.8170670470113228
185,410,704 : -0.6237579953297736
186,553,706 : -0.6641642416849729
187,630,997 : -0.0172400391218408
188,506,597 : -0.7811536376606414
189,694,804 : -0.6264321887789213
191,197,760 : -0.68601965590811
191,639,748 : -0.5863457055069792
192,706,746 : -0.7384030998398443
193,262,471 : -0.6518641570186152
193,383,792 : -0.8420303355107182
197,474,639 : -0.6543774612907298
199,410,966 : -0.6055935923409597
201,680,952 : -0.8833971947409243
202,790,940 : -0.8518101834509992
204,211,257 : -0.8260681649757888
204,343,939 : -0.6591108813963737
204,530,653 : -0.8512363891482182
204,629,745 : -0.8150675677408001
205,283,336 : -0.7924810979633505
205,588,869 : -0.8499308254456319
205,593,718 : -0.6675173153452163
206,293,637 : -0.7780662274564623
207,293,780 : -0.8600020122056593
208,422,528 : -0.6774779212412052
212,222,997 : -0.7544883537927751
212,248,250 : -0.827834066920119
212,386,642 : -0.6764222098776242
213,412,680 : -0.9148434539304708
213,493,821 : -0.7694383065423245
213,723,935 : -0.8150179152451529
214,571,993 : -0.6939543861227397
214,608,890 : -0.610938482510871
214,721,982 : -0.7835569284501513
215,606,875 : -0.730726097787062
216,551,621 : -0.7894897593187362
218,590,709 : -0.5684759628003326
221,313,456 : -0.647906376626787
222,375,516 : -0.7667733516489799
224,245,857 : -0.6334746154134896
227,239,713 : -0.8744785924024245
227,388,752 : -0.8299305641327721
227,410,723 : -0.7830769889669127
227,686,963 : -0.8429919120209204
227,817,888 : -0.7007940784358566
228,268,539 : -0.6262629804749049
228,505,683 : -0.6542265899921609
229,363,433 : -0.7759108742381939
230,440,640 : -0.5364318110223998
231,340,675 : -0.8488512436717603
232,482,864 : -0.8744756731392815
234,482,504 : -0.5342910502360021
235,380,400 : -0.7978598940389381
235,669,922 : -0.7056900046161751
236,421,687 : -0.8631031288259345
236,636,684 : -0.6683859732193751
238,247,723 : -0.755506641926524
248,657,824 : -0.6104367147994438
250,541,639 : -0.7079193503590646
252,290,700 : -0.918746038160166
252,669,810 : -0.769975024240334
253,804,951 : -0.5363332348894843
254,439,681 : -0.13151516764286852
256,348,979 : -0.7781805893158804
257,315,404 : -0.9249178786346133
264,528,568 : -0.6133244859482008
265,285,517 : -0.9171398279305749
265,356,439 : -0.6061910369095311
265,440,640 : -0.8143957989065567
265,526,805 : -0.6734518872207267
267,538,744 : -0.6460869328360328
267,552,628 : -0.5999838663362116
268,418,477 : -0.5634016229959942
270,469,471 : -0.6862329058501708
273,477,935 : -0.47360678349056506
276,709,842 : -0.8465728268610535
277,447,627 : -0.7982520124477301
278,281,690 : -0.756035507963827
278,402,899 : -0.6703454980024537
278,719,841 : -0.6874427155969045
279,598,845 : -0.6150011287373025
282,293,519 : -0.6608724190454005
282,457,824 : -0.47864720109396397
289,566,886 : -0.6236031678912306
290,356,711 : -0.7322865719381497
292,533,981 : -0.5181222877052725
295,304,824 : -0.7559289998610987
295,353,767 : -0.9830163902709046
295,393,843 : -0.7806517205799184
295,613,875 : -0.7341223748734413
297,607,835 : -0.7406061091639562
298,623,710 : -0.3468863508943607
300,356,533 : -0.7221017445859639
303,331,575 : -0.8348674293063905
305,327,334 : -0.5204764505806327
309,314,620 : -0.7397238744522623
309,328,471 : -0.7862604036815601
311,337,582 : -0.849975708300857
312,471,661 : -0.7067279026362803
314,463,934 : -0.7720124566127189
314,956,979 : -0.7899531951369698
315,705,757 : -0.490453888061104
316,387,486 : -0.6560407461259958
322,589,647 : -0.7273589118831087
324,840,929 : -0.7683982832610754
325,628,667 : -0.6946048280367987
326,526,537 : -0.6162782091837997
326,689,962 : -0.8069495371295756
330,533,731 : -0.7549171594189445
331,936,951 : -0.9257446204112054
333,462,766 : -0.2294237644411794
334,464,724 : -0.7054662781913805
335,822,876 : -0.6952909256611699
336,484,672 : -0.6566563618352546
339,731,899 : -0.6385670778011685
344,396,678 : -0.7450619107337813
345,859,870 : -0.7433383530397579
349,668,733 : -0.9089901606072552
351,426,972 : -0.9312666724287357
352,381,698 : -0.4961165581541098
356,370,498 : -0.5686415262756896
357,459,976 : -0.853375402486557
358,442,656 : -0.39580593988565993
359,416,994 : -0.4499773363026094
364,802,921 : -0.8829488720405338
365,480,843 : -0.7047816926418671
365,770,782 : -0.7231777565639956
367,788,856 : -0.02924107061603687
369,417,842 : -0.8119614396035586
369,628,841 : -0.8298752968221719
369,869,888 : -0.5891122857686419
372,479,570 : -0.5697815647286781
372,686,960 : -0.7987039803720148
374,443,791 : -0.734655931178273
374,473,519 : -0.724133283880299
374,562,812 : -0.5688877107600798
376,466,584 : -0.8221802754354717
378,386,427 : -0.7294040034655609
379,470,522 : -0.7015540008012624
379,495,966 : -0.7346858181366913
382,668,953 : -0.6739804466346184
383,700,815 : -0.9281672323407113
384,577,627 : -0.5954812626748771
385,419,663 : -0.7840910435526887
389,814,879 : -0.8585571183405014
390,745,998 : -0.8244495931539138
392,478,924 : -0.650165265763818
394,465,846 : -0.7792626704421033
394,484,830 : -0.8502065843491664
398,527,592 : -0.8377407616651213
399,404,885 : -0.6803960120702637
401,883,939 : -0.19651819288327843
402,421,828 : -0.29087954304133534
403,521,916 : -0.7473548370852454
404,763,807 : -0.7078875634014727
407,571,580 : -0.663798437736975
408,660,778 : -0.4286066979100749
408,864,987 : -0.6908103250971611
414,418,778 : -0.6401837071022014
414,755,918 : -0.6202698917215244
418,628,657 : -0.7437684976252035
421,611,729 : -0.7308274729891167
421,785,950 : -0.8669744905128582
427,473,946 : -0.7213605916685368
427,737,892 : -0.6848075122143151
433,667,867 : -0.7084644259391242
435,453,683 : -0.7663149587801532
436,451,566 : -0.7473974608727554
440,469,865 : -0.8480145274612099
440,633,758 : -0.7459780248303525
443,754,986 : -0.7843963097199427
445,575,782 : -0.5714526284338046
448,619,777 : -0.33512722697976116
449,482,819 : -0.9633005354895565
452,501,750 : -0.6438119940098201
455,501,929 : -0.9015556397130791
465,538,947 : -0.8273790366441878
465,622,868 : -0.29055044561642807
473,645,803 : -0.3934843258263605
476,576,839 : -0.79071709820139
477,597,904 : -0.6879509446821044
480,511,662 : -0.7291301113534057
481,595,653 : -0.6253921264232636
483,840,894 : -0.6678301688504833
484,546,858 : -0.7567998295734562
488,822,922 : -0.6584979806814868
499,580,621 : -0.6454731757016059
505,653,904 : -0.5920352081002347
507,582,672 : -0.8811750138959851
508,741,869 : -0.6930512060083027
509,568,941 : -0.681925850913967
509,606,729 : -0.5558060055458882
511,844,925 : -0.8033725792202664
512,636,810 : -0.7469338092620317
514,957,990 : -0.21797712536480462
517,798,853 : -0.5334987855893236
523,736,963 : -0.7572377093116955
524,551,860 : -0.41358479670530546
527,617,970 : -0.35369582797433385
528,721,877 : -0.8854396968222704
530,718,892 : -0.8274739413611067
530,722,831 : -0.346889004119185
534,802,903 : -0.4376548250957688
536,731,783 : -0.6481372157000644
537,641,911 : -0.6550300254135286
542,718,820 : -0.8262921538255932
543,603,619 : -0.6001345113610517
545,573,600 : -0.5733937689239663
552,701,872 : -0.7024737599122985
552,740,820 : -0.5580310924145135
555,734,829 : -0.7014017984156191
558,598,784 : 0.09242287607323507
559,560,822 : -0.6606374030099706
559,588,902 : -0.9170284505083761
564,565,970 : -0.7083917828470361
571,599,775 : -0.7443787323555624
572,617,745 : -0.37721623929695314
573,738,999 : -0.6867433379635619
576,734,971 : -0.923533160132632
578,631,668 : -0.7748985027108901
578,687,756 : -0.7656722713992068
579,600,840 : -0.8597117696121528
581,634,996 : -0.6822660860185492
581,736,864 : -0.7531585888471399
581,906,971 : -0.9046635710540503
582,902,975 : -0.7488582069296319
591,658,910 : -0.6325599991403874
593,749,910 : -0.64136571305349
595,760,774 : -0.8465320675044206
596,633,860 : -0.7216999096993053
598,873,879 : -0.7906302124550473
600,906,945 : -0.5766973706652476
602,681,874 : -0.5463805869298726
613,637,742 : -0.7458621076653009
626,713,753 : -0.6718337170242417
643,917,962 : -0.6373683670305788
656,684,820 : -0.695025059234929
664,673,845 : -0.5380303875123911
683,691,995 : -0.5995567469139536
686,785,823 : -0.8722503613140855
690,755,955 : -0.6534709129552869
695,944,950 : -0.8486132304518657
734,911,912 : -0.7979432185721618
741,782,841 : -0.6938043525425481
763,932,950 : -0.702207350791803
863,948,972 : -0.5969049163240776
872,932,972 : -0.7976033351407033
876,938,942 : -0.6221624488294388
0,165,300,723 : -0.567986959560228
3,142,204,779 : -0.3155630373753977
3,548,699,703 : -0.612927886409053
4,153,359,364 : -0.24748163553629077
4,577,967,997 : -0.666472748547039
4,597,611,851 : -0.7965569425167709
5,175,358,596 : -0.7141566348715269
7,101,151,339 : -0.8584134199811011
7,130,488,517 : -0.7098833094736487
8,247,305,392 : -0.6326979688724654
9,78,790,874 : -0.7825281669443835
10,29,699,822 : -0.6550548349705521
10,112,380,979 : -0.6370213115885164
12,462,522,642 : -0.6211974203904249
13,511,806,859 : -0.8043838375412076
14,362,375,524 : -0.537411430249725
15,112,508,720 : -0.5946326665476451
15,155,388,847 : -0.6535699128788262
16,290,609,917 : -0.5976352126066573
17,374,766,895 : -0.7110104969331266
18,74,668,872 : -0.6953649616003024
19,443,668,989 : -0.7511357713853883
20,240,255,425 : -0.6112228796498311
21,380,711,827 : -0.6785029052580471
22,112,339,733 : -0.7129739177545114
22,460,551,760 : -0.6049285666008251
23,107,398,646 : -0.7276912399778166
24,73,323,753 : -0.5731781652241679
25,353,627,893 : -0.6013898905245298
30,140,691,892 : -0.27390952062576956
30,496,691,785 : -0.7158515843394593
32,233,363,991 : -0.6786633218307319
38,206,625,770 : -0.495076022076234
39,259,508,669 : -0.6241934342431998
41,43,66,559 : -0.7057593776889373
41,208,368,637 : -0.5915938431346881
42,451,746,816 : -0.6221874593571111
43,656,718,963 : -0.6415364404097412
44,161,433,495 : -0.6456444407150492
44,418,687,895 : -0.7774703435396055
46,524,771,812 : -0.5201373344420326
47,240,326,647 : -0.7390474294466856
47,282,514,830 : -0.7686731354176723
47,350,363,418 : -0.7999709570130704
47,518,610,994 : -0.704485139081908
49,172,338,888 : -0.7142904126023357
49,192,705,776 : -0.5642904063278775
51,144,504,652 : -0.5299701451120864
52,172,608,694 : -0.7431775337889246
54,547,881,916 : -0.3635653018120617
55,285,308,311 : -0.7673108343644885
55,654,677,703 : -0.7503052459808395
56,202,682,763 : -0.7343413677953992
62,175,392,867 : -0.7702587466526776
62,184,266,601 : -0.5890975205711919
63,419,797,876 : -0.7062006879446987
64,106,218,268 : -0.3940785098549664
64,139,193,334 : -0.7915010194055172
64,268,934,996 : -0.48836711959911283
65,176,193,809 : -0.6560197676543418
66,89,464,637 : -0.6426118227866837
68,241,278,932 : -0.7577329284672214
69,344,418,783 : -0.7759386788090419
69,556,773,877 : -0.22179261940054973
70,203,269,711 : -0.749495813971433
70,540,710,740 : -0.5367113245342863
71,199,275,360 : -0.7734145651654742
72,360,381,438 : -0.5739021375178694
72,376,671,677 : -0.6984187033911027
74,95,233,397 : -0.757835008720819
76,136,232,501 : -0.8090552944343312
76,375,598,834 : -0.768258198417989
78,668,751,769 : -0.8329982170670494
78,775,779,971 : -0.7646898655577614
79,379,410,972 : -0.7302134225279691
82,235,446,703 : -0.6578554815154918
87,191,285,766 : -0.7189797394667916
87,721,855,938 : -0.5838304299540777
92,147,573,998 : -0.7356173289834576
96,138,563,724 : -0.8375519814830747
97,211,704,782 : -0.788933381010531
98,250,522,703 : -0.8082901817613408
98,383,794,808 : -0.6519036132633484
101,279,464,887 : -0.5870835034064843
101,384,502,606 : -0.6173815133862852
102,623,655,772 : -0.5937779369674601
103,150,154,925 : -0.7308269782752255
105,454,513,675 : -0.7874595916766414
110,124,180,709 : -0.7363141786793446
111,183,544,835 : -0.5701843452491608
113,258,590,805 : -0.33535453743614485
114,285,462,494 : -0.46693989566281324
114,449,470,648 : -0.5360293587576279
114,642,718,924 : -0.6312848729403846
118,290,428,439 : -0.68597860083107
120,286,508,985 : -0.47520963856190046
122,190,806,811 : -0.4501870091779745
124,493,706,971 : -0.7515514805484969
125,664,674,815 : -0.6830639516462529
130,249,426,639 : -0.6845986266665467
132,521,633,783 : -0.7485192167056702
137,152,162,611 : -0.803032001344147
138,224,307,325 : -0.7187811423261428
138,259,913,936 : -0.29691563281799804
141,242,366,389 : -0.6230106339815815
141,319,365,846 : -0.7759364028047584
143,249,610,825 : -0.5859466954490005
143,491,571,687 : -0.6991491120142779
144,163,335,984 : -0.6665031306730584
144,560,903,939 : -0.6739778460168504
145,276,491,862 : -0.6477123559519835
146,184,668,689 : -0.727818450043366
146,222,457,530 : -0.5938002295392106
146,395,667,778 : -0.6513301386834811
148,161,194,495 : -0.6955736512058384
150,163,521,807 : -0.7569154741626862
153,175,613,655 : -0.6102263433706252
154,208,451,933 : -0.6785479830992929
156,390,554,700 : -0.5492913101752304
159,173,214,630 : -0.6686859179353599
159,239,325,808 : -0.6324114648494288
159,561,708,845 : -0.7647169056921532
160,610,686,780 : -0.4765730973475437
161,218,445,827 : -0.560420809675134
162,250,301,662 : -0.5645928418505497
163,572,817,819 : -0.6591631819802359
164,343,378,938 : -0.2786508809999215
165,283,331,974 : -0.7327535595078383
168,189,563,900 : -0.7083243442355236
170,189,443,814 : -0.7080090355531148
171,194,247,365 : -0.666748266593232
173,485,701,704 : -0.7973294901276766
173,633,638,992 : -0.8228895992118428
179,346,713,909 : -0.6799382762631343
179,472,518,543 : -0.6614331915813114
179,497,679,977 : -0.7153888076952146
180,423,608,933 : -0.6841203161329297
183,346,409,724 : -0.7241268535258383
183,589,893,991 : -0.6022113269863727
185,306,501,931 : -0.5631482848666731
186,189,418,921 : -0.7622719443456394
188,220,856,957 : -0.6107725354488946
190,690,729,964 : -0.627753902650749
191,200,703,859 : -0.7318397981345779
195,701,819,960 : -0.6692921017055973
201,357,605,744 : -0.3503654312783828
201,725,860,877 : -0.37036927236577744
202,351,366,614 : -0.6601920869118987
204,511,800,946 : -0.7818572880860133
206,487,738,960 : -0.7930700452598438
207,363,527,601 : -0.49392845333815916
208,376,419,941 : -0.7340010316826551
209,327,758,974 : -0.695211506393911
211,231,380,756 : -0.6444815556464831
211,242,611,988 : -0.7107048936434488
215,224,444,497 : -0.6639436998396473
215,798,835,934 : -0.7048156903467486
219,300,951,971 : -0.8621335764836919
221,421,596,675 : -0.7756810706850643
224,272,319,792 : -0.5978935550028883
224,421,456,784 : -0.43069526701474636
225,515,541,976 : -0.11452207023604899
228,269,368,759 : -0.7099255222907974
229,392,764,844 : -0.5953301817905452
231,289,339,648 : -0.7034606964874748
232,412,415,609 : -0.8196296659263391
235,518,519,860 : -0.6791229922785265
237,741,908,945 : -0.11987889569347132
239,508,700,945 : -0.6572395257594481
245,383,419,760 : -0.7163344958287376
255,422,639,980 : -0.715514681124799
256,565,608,662 : -0.663082452717634
260,487,566,751 : -0.7079508494324935
261,318,490,576 : -0.5269493475613631
270,433,575,609 : -0.6077135264439331
274,397,549,782 : -0.6959385071844195
275,484,658,978 : -0.7362270559406203
281,288,711,933 : -0.6528495534785197
283,386,453,544 : -0.5420269277742118
286,512,720,829 : -0.4903464054195936
290,380,513,531 : -0.6950930515996052
294,412,720,867 : -0.7244798958348344
294,437,516,892 : -0.6099807168485221
297,565,698,873 : -0.7137328842816106
304,310,487,622 : -0.7389045327180073
304,378,838,918 : -0.6541843749891632
309,615,898,912 : -0.7202952839509191
310,571,698,856 : -0.8046101935907508
312,321,809,984 : -0.48653178828610355
313,328,348,402 : -0.6702119800353339
313,639,688,998 : -0.7749143909660807
319,375,412,839 : -0.7428475328029747
329,691,818,914 : -0.7753756012177349
332,564,689,774 : -0.6130149226923509
335,461,658,926 : -0.5750933280454948
340,456,483,497 : -0.676064587889704
341,382,622,922 : -0.6805115214598565
349,365,792,927 : -0.5741657519395795
351,530,717,788 : -0.4229873535589437
353,810,858,954 : -0.6493841752027143
372,386,720,981 : -0.7795262710366433
372,722,835,961 : -0.6363287800738506
377,405,409,948 : -0.556737692574633
380,473,691,716 : -0.7142587443235999
388,438,714,846 : -0.829821859531541
392,456,622,761 : -0.6820742674072484
395,679,838,912 : -0.7602585891568647
398,434,621,738 : -0.5569552383856593
414,442,488,805 : -0.5073917959995231
418,513,713,743 : -0.7453732882499631
422,441,470,742 : -0.6296113676201431
422,498,684,746 : -0.814288790275139
425,436,702,972 : -0.7795354236416785
427,438,620,918 : -0.6806978133193864
431,542,578,727 : -0.6730415555656408
435,514,834,998 : -0.7977668922628036
435,541,585,667 : -0.7352584425967033
440,534,780,790 : -0.7949460772828705
440,544,724,879 : -0.8097172306801257
443,509,684,974 : -0.707371280415044
443,686,882,991 : -0.7122553361774004
447,458,522,719 : -0.7801928192201493
448,493,577,867 : -0.6952660912303841
449,534,676,903 : -0.39621327843565535
455,496,497,863 : -0.7176271530992917
462,506,923,984 : -0.816890249641282
462,613,813,909 : -0.8062708919842743
469,806,891,930 : -0.18541831245665774
471,611,797,998 : -0.7656829694678084
483,682,896,943 : -0.40724290959856924
489,500,753,803 : -0.6009525987034987
496,612,661,932 : -0.4273818327498924
506,870,926,934 : -0.7212967783750408
519,609,882,898 : -0.7175844100931821
519,711,907,936 : -0.7730790760834385
523,614,965,981 : -0.6130735623000014
530,699,711,831 : -0.6024473249122195
536,578,618,980 : -0.6338829383987499
537,820,889,910 : -0.6468589738360357
541,851,863,979 : -0.6737369967231592
565,582,744,797 : -0.7506067639568679
585,674,750,947 : -0.6331857863252315
587,609,660,779 : -0.30360915220534634
595,746,772,961 : -0.6516843412041367
604,607,755,979 : -0.806980026864041
637,694,700,763 : -0.7132010369472088
689,779,865,970 : -0.6750718304393544
764,771,964,985 : -0.2914230127251394
