0,335 : -1.02759
0,361 : -0.723054
1,330 : -0.948135
1,357 : -1.089
1,939 : -0.994643
2,371 : -0.726031
2,466 : -0.825007
2,912 : -1.10217
3,215 : -0.767746
5,19 : -0.99906
5,161 : -1.04315
5,471 : -1.01538
6,32 : -0.486296
6,151 : -1.00559
6,747 : -1.03955
7,150 : -1.0162
8,162 : -0.551416
8,616 : 0.02
9,421 : -1.02183
10,100 : -1.01547
10,244 : -1.01061
10,879 : -1.15597
11,252 : -1.14323
11,262 : -0.492502
11,282 : -1.155
11,443 : -1.10789
11,750 : -1.0888
12,404 : -1.06548
13,331 : -1.11706
13,347 : -0.848596
13,678 : -1.20214
14,769 : -0.572612
15,21 : -0.775051
15,148 : -0.730636
15,393 : -1.20214
15,437 : -0.967633
17,84 : -0.96392
17,403 : -0.872057
17,792 : -1.11703
19,216 : -0.706954
19,438 : -1.05118
19,518 : -0.802009
19,779 : -0.846792
20,473 : -0.907056
20,561 : -0.988415
20,898 : -1.02114
21,256 : -0.319819
21,398 : -1.09981
22,375 : -0.797334
22,475 : -1.19897
22,666 : -0.933403
22,786 : -1.155
23,635 : -0.824705
23,745 : -1.13257
24,596 : -0.63646
25,873 : -0.907341
25,952 : -0.907478
26,54 : -0.923979
26,120 : -0.850871
26,495 : -1.08911
27,169 : -0.742368
29,698 : -0.938547
29,917 : -0.641851
30,112 : -1.03939
30,202 : -0.928084
30,834 : -0.848698
31,633 : -1.13131
31,857 : -1.06058
31,966 : -0.98999
31,985 : -0.743632
32,963 : -0.847013
33,361 : -0.851706
33,417 : -0.868526
33,847 : -0.743632
34,146 : -0.989222
36,71 : -1.13447
36,269 : -1.1197
36,312 : -1.03714
36,407 : -0.966341
36,468 : -1.03714
36,676 : -0.89065
37,415 : -0.824792
37,547 : -0.825007
38,361 : -0.905126
38,454 : -0.906436
39,876 : -0.752043
39,972 : -0.802955
40,914 : -0.553331
41,446 : -0.218827
42,63 : -0.577187
42,248 : -0.742195
43,152 : -1.00383
43,614 : -0.962298
46,320 : -0.882815
46,988 : -0.715044
47,468 : -0.769933
48,638 : -0.923409
48,867 : -0.848093
49,400 : -0.929462
49,561 : -1.31944
49,774 : -1.14796
50,245 : -0.938971
50,317 : -1.07247
50,546 : -0.74522
50,651 : -0.948642
51,239 : -0.932711
51,544 : -0.660284
52,410 : -0.891565
52,412 : -1.13154
53,172 : -0.677358
53,851 : -0.742559
55,267 : -0.85256
55,944 : -1.254
56,136 : -0.828251
56,316 : -1.00563
57,398 : -1.06329
57,886 : -0.758414
58,377 : -0.910994
58,581 : -1.00025
58,973 : -1.08832
59,300 : -0.934852
59,388 : -1.00944
59,548 : -0.489573
60,112 : -0.730761
60,513 : -0.697439
61,75 : -1.089
62,241 : -0.879845
63,101 : -0.877671
63,730 : -0.65979
64,373 : -0.806167
64,953 : -0.916713
65,294 : -0.578929
65,309 : -1.14318
65,437 : -0.572246
65,554 : -1.16155
65,692 : -0.275007
65,950 : -1.03822
65,993 : -1.11752
66,246 : -1.08423
66,592 : -1.25287
67,939 : -0.878776
68,366 : -0.742205
69,209 : -0.604755
70,288 : -0.992601
70,628 : -1.11298
70,749 : -0.934319
71,431 : -1.03714
71,563 : -0.937865
71,884 : -1.08395
72,907 : -1.01933
72,925 : -1.11621
73,455 : -0.773363
74,139 : -0.868363
74,222 : -0.544716
75,338 : -0.494999
75,493 : -1.11607
76,405 : -1.12647
76,872 : -0.838439
77,680 : -1.0313
77,767 : -0.717859
78,316 : -1.08792
78,329 : -1.06382
78,564 : -0.964763
78,747 : -1.09062
79,152 : -0.619202
79,739 : -0.419967
80,283 : -0.824872
80,314 : -0.919307
81,197 : -1.155
81,203 : -1.01712
81,342 : -0.574482
81,853 : -0.65979
82,158 : -0.328725
82,640 : -0.927074
83,205 : -0.907502
83,548 : -0.715036
85,761 : 0.0057857
86,201 : -1.07636
86,216 : -0.721502
86,842 : -1.06502
86,987 : -0.829133
87,482 : -0.838207
88,352 : -0.494998
88,402 : -0.706653
90,622 : 0.02
91,309 : -0.510713
91,310 : -0.659951
91,979 : -0.774877
92,154 : -0.942214
92,405 : -0.932008
92,513 : -1.11294
92,744 : -0.950471
93,345 : -0.66
93,482 : -1.00897
95,485 : -0.957287
95,888 : -0.692099
96,479 : -0.991898
96,849 : -1.05173
97,975 : -0.66
98,824 : -1.01742
99,212 : -0.988316
99,685 : -0.494999
99,802 : -0.865833
100,154 : -1.01993
100,229 : -0.866527
100,385 : -0.973532
100,639 : -1.09251
101,363 : -1.16785
101,486 : -1.08168
102,279 : -0.824608
103,675 : -0.722775
103,694 : -0.873387
104,107 : -1.00458
104,235 : -1.10005
104,553 : -1.06081
104,799 : -1.06075
106,701 : -0.899096
107,647 : -1.01753
107,844 : -0.9622
108,234 : 0.02
109,263 : -0.742575
109,288 : -0.811219
110,332 : -0.742537
110,668 : -0.958625
111,748 : -0.742543
111,914 : -1.0223
112,669 : -0.798019
113,786 : -0.494998
115,554 : -0.831016
116,542 : 0.02
117,485 : -0.923965
117,796 : -0.161189
118,313 : -1.25217
118,335 : -0.900062
118,359 : -0.906568
118,473 : -1.12787
118,672 : -1.04846
118,757 : -0.825
118,789 : -1.28099
120,921 : -1.19607
122,232 : -0.836662
122,742 : -0.934771
124,174 : -0.887684
124,430 : -0.990013
125,228 : -0.872845
125,892 : -0.797555
126,640 : -0.954659
127,929 : -0.433148
128,208 : -0.72435
128,423 : -0.852268
128,673 : -0.691426
130,621 : -0.687135
131,175 : -0.451705
131,364 : 0.0255782
132,423 : -0.975784
132,899 : -0.321075
135,261 : -0.66
136,647 : -0.890734
137,549 : -0.950827
137,989 : -0.711329
138,512 : -0.523997
138,574 : -0.623346
139,288 : -1.188
141,488 : -1.0223
141,584 : -1.155
143,260 : -0.594564
144,591 : -0.714504
144,610 : -0.80276
144,752 : -0.825049
145,440 : -0.881807
146,597 : -0.955834
147,220 : -0.944862
147,760 : -0.973825
147,827 : -0.963709
148,411 : -0.992814
149,809 : -0.857056
149,847 : -0.824608
150,235 : -1.0633
151,459 : -1.089
152,700 : -0.834005
153,236 : -0.513674
154,582 : -0.94542
154,812 : -1.08909
155,210 : 0.00839359
157,242 : -0.659915
157,349 : -0.948627
157,469 : -0.824742
157,514 : -1.08417
157,714 : -0.881619
157,898 : -1.21001
158,960 : -0.657738
161,307 : -0.786804
162,830 : -1.13716
162,849 : -1.03199
163,232 : -0.992821
163,260 : -1.00587
163,785 : -1.08385
163,926 : -0.833457
165,618 : -0.494765
166,681 : -0.594
167,490 : -0.824608
167,789 : -0.827048
168,250 : -0.693503
168,597 : -0.779776
169,195 : -0.783762
169,471 : -1.15729
169,488 : -1.23729
169,878 : -0.618761
169,967 : -1.05144
171,750 : -0.824974
172,399 : -0.846683
172,688 : -0.596198
172,927 : -1.03125
173,793 : -0.923979
174,427 : -1.00522
174,455 : -1.03205
174,671 : -0.922991
174,939 : -1.14408
176,654 : -0.494998
178,485 : -0.758414
179,441 : -0.794866
180,611 : -0.614175
180,620 : -0.766232
184,297 : -0.726109
184,799 : -0.777068
186,590 : -0.4673
186,813 : -1.0374
188,721 : -0.841469
190,441 : -0.791964
191,894 : -0.855336
192,738 : -1.03032
193,207 : -1.254
193,315 : -1.18332
193,974 : -1.07485
194,799 : -0.906602
194,896 : -0.576703
195,239 : -0.549827
196,467 : -0.84151
196,575 : -0.762581
196,668 : -0.940529
197,728 : -1.155
197,961 : -1.02035
198,972 : -0.783535
199,877 : -0.784738
200,430 : -0.527614
200,755 : -0.7779
201,325 : -0.935077
201,632 : -0.934922
202,607 : -1.03382
202,732 : -0.825034
203,576 : -1.00941
203,622 : -1.14848
203,953 : -0.30561
204,753 : -1.01704
205,831 : -0.874892
206,399 : -0.724733
206,887 : -0.515958
207,332 : -0.955485
207,680 : -0.87766
209,745 : -1.1233
209,837 : -0.409877
211,739 : -0.969745
211,834 : -1.01865
211,938 : -0.887491
211,978 : -0.989663
212,396 : -0.993974
213,523 : -1.01974
213,931 : -0.706419
214,557 : -0.268372
214,786 : -1.07219
215,484 : -1.26465
215,680 : -0.940718
216,691 : -1.01064
217,429 : 0.00839382
217,734 : -0.594
218,377 : -0.98999
219,645 : -0.493065
219,663 : -1.17628
219,848 : -0.98981
219,940 : -1.03723
220,675 : -0.787491
220,704 : -0.582027
220,808 : -0.836913
220,819 : -0.737589
221,851 : -1.06286
222,444 : -0.521765
222,920 : -0.646114
223,388 : -0.577501
224,305 : -0.604872
225,678 : -0.824608
226,275 : -1.05605
226,499 : -1.15345
226,977 : -0.779667
226,984 : -0.988904
227,662 : -1.02262
228,493 : -1.15095
228,596 : -1.24262
228,977 : -1.07172
229,855 : -1.03103
230,710 : -1.08647
230,738 : -1.21709
230,758 : -0.791971
230,976 : -1.089
231,846 : -0.9349
232,249 : -0.904163
233,246 : -0.741092
233,812 : -0.725101
234,353 : -1.18447
234,809 : -1.02305
235,568 : -0.951326
235,582 : -1.15069
236,703 : -1.11283
236,947 : -0.992019
239,289 : -0.81117
240,723 : -0.841279
241,744 : -1.2098
241,749 : -0.989997
241,909 : -0.852424
241,980 : -1.07122
243,968 : -0.329371
244,405 : -0.825032
244,815 : -1.14
245,499 : -0.881261
245,672 : -0.602524
246,507 : -0.864842
246,840 : -0.903638
247,759 : -0.906602
248,477 : -0.717318
248,791 : -1.21682
249,963 : -0.921201
250,857 : -0.919509
251,542 : -0.594
251,916 : -0.494998
252,281 : -0.977186
252,502 : -0.85409
252,790 : -0.898428
252,860 : -0.638078
253,924 : -0.74254
255,565 : -0.832872
256,288 : -0.714201
257,538 : -0.8939
257,831 : -0.887419
258,368 : -0.410906
259,640 : -1.09794
259,807 : -0.872195
260,361 : -0.563351
260,791 : -0.725885
260,834 : -0.876022
260,912 : -1.08614
261,928 : -0.923965
263,350 : -0.756985
263,395 : -0.836866
264,584 : -0.906744
264,723 : -1.122
265,570 : -0.411334
266,346 : -0.63079
266,641 : -0.494957
266,680 : -0.77204
270,846 : -0.852573
272,299 : -1.089
272,463 : -0.601292
272,928 : -0.926851
273,824 : -0.373779
273,843 : -0.165473
274,783 : -0.944438
274,951 : -1.13856
274,970 : -0.660085
275,382 : -0.958084
275,554 : -1.03609
275,716 : -1.10774
275,825 : -0.89065
276,754 : -0.742543
276,988 : -0.715044
277,376 : -0.977521
277,436 : -0.988184
277,486 : -0.922852
277,537 : -0.924119
278,977 : -1.03824
279,745 : -1.09405
280,418 : -0.805574
280,476 : -0.571816
280,910 : -0.679858
281,855 : -0.783807
284,663 : -0.580611
285,569 : -0.852526
285,693 : -0.989997
288,505 : -0.717092
289,695 : -0.735392
290,569 : -0.804427
290,884 : -1.23427
291,682 : -0.824391
291,745 : -1.07893
292,823 : -0.371223
293,405 : -1.17562
293,531 : -0.742803
293,568 : -0.627296
293,636 : -1.06798
294,929 : -1.10909
295,342 : -0.886904
295,538 : -1.01348
295,969 : -1.15263
298,693 : 0.170664
299,884 : -1.07827
300,329 : -0.827238
301,867 : -0.3435
302,751 : 0.02
303,737 : -1.08886
303,884 : -0.862287
304,701 : -0.79565
306,532 : -0.700177
307,336 : -0.576097
307,895 : -0.579788
308,370 : -0.151298
308,939 : -1.045
309,432 : -0.861059
309,741 : -1.33011
309,801 : 0.02
309,956 : -0.989608
310,715 : 0.02
311,389 : -1.02303
311,765 : -0.396323
311,834 : -0.855906
313,450 : -0.825039
313,878 : -0.612865
314,506 : -1.02587
314,920 : -0.918768
315,493 : -1.19219
315,841 : -1.09107
316,599 : -0.890988
316,787 : -0.494957
317,660 : -0.906436
317,910 : -1.11361
318,388 : -0.598144
319,724 : -1.05597
320,604 : -1.089
320,633 : -1.03819
320,651 : -1.089
320,655 : -1.05546
322,876 : -0.380475
322,972 : -0.757028
323,330 : -0.823632
323,382 : -0.578614
323,550 : -0.852002
323,746 : -0.93447
323,911 : -0.988824
324,513 : -1.11607
324,632 : -0.285397
324,976 : -0.866289
326,372 : -0.871515
327,879 : -0.993921
327,928 : -1.08646
328,398 : -0.603958
329,592 : -1.08904
329,690 : -1.15128
330,622 : -1.14052
330,849 : -1.155
331,697 : -0.757561
332,799 : -0.660018
334,337 : -0.824705
335,994 : -0.541206
337,966 : -0.824608
339,979 : -1.03959
341,865 : -1.07056
341,956 : -1.254
342,628 : -0.825037
343,996 : -0.907498
344,663 : -1.07108
344,969 : -0.98821
345,665 : -0.66
346,800 : -0.669529
347,565 : -0.799724
347,635 : -0.66
348,462 : -1.00663
348,804 : -0.695835
348,841 : -0.825087
349,919 : -1.00563
350,431 : -0.792084
350,794 : -0.588314
350,914 : -1.05597
351,777 : -0.371218
352,436 : -1.02285
352,935 : -0.98999
353,361 : -1.1098
353,406 : -0.626048
353,636 : -0.934339
353,646 : -1.05007
353,802 : -1.22195
353,895 : -1.02925
353,951 : -1.24667
354,956 : -0.907539
354,963 : -0.907343
355,789 : 0.02
356,495 : -1.0985
357,708 : -1.10521
357,807 : -1.02232
358,709 : -0.765966
358,895 : -0.827109
360,376 : -0.771872
360,898 : -0.980958
361,738 : -0.885743
362,821 : -0.169322
365,588 : -1.01037
365,719 : -1.14605
365,745 : -1.24108
366,854 : -0.990054
368,498 : -0.857691
369,396 : -0.698565
371,383 : -0.93485
371,599 : -0.820927
372,471 : -1.09727
372,759 : -0.952263
372,809 : -1.10218
372,884 : -1.20267
372,925 : -0.977372
372,959 : -0.765028
373,597 : -0.691888
373,941 : -0.791738
376,706 : -1.0442
378,600 : -1.254
378,923 : -1.0175
379,381 : -0.747865
379,800 : -1.0702
384,506 : -0.797621
385,666 : -0.494767
385,803 : -0.577563
387,498 : -0.594
388,692 : -0.742524
389,708 : -1.08906
389,956 : -1.17061
390,437 : -0.605132
391,588 : -0.657737
391,844 : -0.657738
392,554 : -1.22703
392,959 : -0.89065
393,625 : -0.371005
393,728 : -0.98999
394,885 : -0.66
395,630 : -0.770037
397,585 : -0.824706
397,918 : -0.98999
398,434 : -0.403335
398,435 : -1.29546
398,806 : -1.119
399,813 : -0.96532
400,487 : -0.493359
400,981 : -0.742514
402,857 : -0.875628
403,584 : -1.07315
403,696 : -0.659241
403,754 : -0.821688
403,766 : -0.860446
404,671 : -0.88866
405,766 : -1.11537
407,679 : -0.940512
408,502 : -0.629654
408,609 : -0.661956
409,743 : -0.271115
409,825 : -0.716127
409,995 : -0.605013
411,619 : -0.965282
411,849 : -1.089
411,949 : -0.588314
411,984 : -1.199
413,719 : -1.03714
413,817 : -0.824608
413,944 : -0.923965
415,480 : -0.453808
416,507 : -0.699303
416,529 : -0.989995
417,455 : -1.07242
418,494 : -0.715281
418,658 : -0.9973
420,507 : -0.494998
420,870 : -0.494998
421,805 : -1.20438
422,532 : -0.771227
422,785 : -1.20202
423,432 : -0.878996
423,851 : -1.09574
423,911 : -0.851199
424,426 : -0.626072
424,461 : -0.660011
424,865 : -1.03714
425,448 : -0.537788
425,869 : -0.923744
426,934 : -0.817573
427,576 : -1.14922
427,604 : -1.01001
427,713 : -1.01553
428,769 : -0.498212
429,937 : -0.328096
430,498 : -1.02106
430,673 : -0.696491
430,747 : -1.13756
432,571 : -1.01048
432,646 : -0.741691
433,499 : -1.24874
434,582 : -0.824967
435,552 : -0.908275
435,556 : -0.516239
435,579 : -1.01364
437,692 : -0.0915631
438,708 : -0.665667
438,873 : -1.06499
441,865 : -1.08406
444,857 : -0.42864
447,747 : -0.934953
447,818 : -0.871386
448,815 : -1.0589
449,836 : -1.02288
449,952 : -0.988771
450,974 : -0.788065
451,578 : -0.857755
452,529 : -0.57752
453,588 : -0.797523
454,517 : -0.989798
455,864 : -1.10006
458,531 : -0.824706
458,600 : -0.909467
458,671 : -0.825323
459,518 : -0.922233
459,705 : -0.923979
459,779 : -0.969157
460,709 : -0.754272
460,879 : -0.665362
461,482 : -0.989761
463,682 : -0.758905
465,601 : -0.774841
465,745 : -1.09584
465,919 : -0.8424
467,696 : -0.588314
467,791 : -0.872899
467,902 : -1.09107
468,921 : -0.903016
469,929 : -0.977616
471,971 : -1.17701
472,848 : -0.328096
474,900 : -0.217273
475,681 : -0.794585
475,916 : -0.782175
476,664 : -0.76702
478,937 : -0.328096
479,655 : -1.07173
479,798 : -0.351602
481,736 : -0.453577
481,996 : -0.412237
482,579 : -1.17277
483,883 : -0.824872
483,929 : -0.778715
483,944 : -1.15908
484,599 : -1.15968
484,668 : -1.2541
485,805 : -1.12201
486,496 : -0.990245
486,535 : -1.07243
489,553 : -0.824608
489,652 : -0.714633
490,862 : -1.00563
490,973 : -1.00563
491,686 : -0.55436
491,797 : -0.659299
492,746 : 0.02
493,639 : -1.27878
493,679 : -1.15006
495,989 : -0.826658
497,911 : -0.930953
497,925 : -0.821344
497,971 : -0.890169
499,928 : -1.08678
499,942 : -0.934818
501,607 : -1.07493
501,664 : -0.97046
501,714 : -1.19423
505,599 : -1.08832
509,946 : -0.837519
511,527 : -0.599998
511,563 : -1.02703
511,680 : -0.700558
512,667 : -0.769964
512,744 : -1.1534
513,847 : -1.01071
514,890 : -0.518259
516,751 : -0.851231
516,772 : -0.812101
516,882 : -1.02716
517,785 : -1.10402
518,969 : -0.919384
518,987 : -0.918353
519,969 : -0.741854
521,790 : -0.822474
522,741 : -0.973911
522,906 : -0.618556
523,560 : -0.758993
525,718 : -1.00654
525,746 : -1.03125
525,943 : -0.227564
528,911 : -0.973146
529,530 : -1.24892
529,545 : -0.659241
529,634 : -0.989997
534,608 : -1.0723
534,982 : -0.694833
535,782 : -0.948135
535,842 : -0.883975
536,723 : -0.757137
539,618 : -0.791332
539,653 : -0.790818
539,678 : -0.965282
540,579 : -0.329624
543,670 : -0.27121
543,758 : -1.06908
543,908 : -0.659241
543,923 : -1.15649
549,663 : -0.627292
550,629 : -0.989743
551,810 : -0.61725
554,584 : -1.23756
554,738 : -1.23872
555,831 : -0.857056
559,685 : -0.588314
561,813 : -0.973131
561,921 : -1.15488
562,735 : 0.02
564,631 : -0.49478
564,812 : -1.02305
566,962 : -0.796838
567,728 : -0.494998
567,940 : -0.494998
573,963 : -1.08495
574,873 : -0.598133
575,609 : -0.788947
575,747 : -1.07555
575,921 : -1.27649
575,982 : -1.1137
576,699 : -0.713448
576,740 : -0.781576
577,758 : -0.905073
581,765 : -0.822404
583,785 : -0.49117
584,992 : -1.17946
588,927 : -0.467514
591,810 : -0.989635
592,731 : -1.13128
594,607 : -0.594
595,829 : -0.82396
595,979 : -0.978887
596,655 : -0.899473
596,730 : -0.870464
597,824 : -0.929532
597,996 : -0.880382
598,675 : -0.870903
600,820 : -1.153
602,827 : -0.824608
603,648 : -0.594
604,915 : -0.824705
606,950 : -0.993972
608,667 : -0.904414
613,791 : -1.02292
614,818 : -0.960552
618,811 : -0.98999
620,755 : -0.965324
622,762 : -0.973507
623,941 : -0.819142
626,856 : -0.48984
627,860 : -0.529399
628,676 : -0.886938
629,846 : -0.900223
629,884 : -0.77467
629,960 : -0.951088
631,814 : -0.692474
635,973 : -0.923965
636,742 : -0.689063
638,732 : -0.825034
639,922 : -0.737629
640,836 : -0.936151
640,837 : -0.682609
642,724 : -1.01538
643,747 : -0.946374
643,980 : -0.824608
644,815 : 0.02
646,882 : -0.948346
647,789 : -1.02263
648,742 : -0.670687
648,951 : -1.23754
651,984 : -0.975941
654,979 : -1.09235
654,992 : -1.07108
655,747 : -1.18779
655,842 : -1.11017
655,877 : -1.05804
655,898 : -1.24823
657,679 : -1.056
657,820 : -0.642697
658,701 : -0.835121
658,991 : -1.00537
659,844 : -0.797023
661,737 : -0.83247
661,811 : -0.863715
662,923 : -0.995183
665,871 : -0.989995
672,813 : -1.17464
673,711 : -1.15493
675,792 : -0.812834
675,815 : -1.27014
677,986 : -0.98999
679,920 : -0.989453
679,928 : -1.17148
680,936 : -1.07839
680,977 : -0.935055
681,783 : -1.2533
684,898 : -0.993949
687,724 : -1.06609
688,887 : -0.411991
688,951 : -0.808558
690,880 : -0.893812
691,957 : -1.1477
693,710 : -0.296996
694,967 : -1.02288
695,783 : -1.01058
700,727 : -1.01332
702,875 : -0.65979
702,971 : -0.990139
703,917 : -0.845713
704,957 : -0.662251
706,867 : -0.947259
710,723 : -1.26758
711,826 : -0.973857
711,833 : 0.02
712,806 : -0.657738
713,795 : 0.02
713,800 : -0.852117
713,861 : -0.713143
713,862 : -1.22934
713,886 : -1.08685
714,803 : -0.659487
716,829 : -0.939743
717,780 : -0.2438
719,746 : -1.10104
719,851 : -1.28343
723,732 : -1.122
724,842 : -1.13909
724,929 : -0.855591
726,776 : 0.02
727,759 : -0.783796
731,839 : -1.1197
733,933 : -0.758498
733,957 : -0.793268
734,902 : -1.09107
736,879 : -1.00624
737,947 : -1.08897
738,814 : -1.05123
738,934 : -1.23009
739,769 : -0.571816
741,871 : -1.1289
744,819 : -0.990922
745,789 : -1.15268
746,856 : -1.20336
747,889 : -0.615178
750,907 : -1.00559
752,983 : -0.328725
753,880 : -0.948791
755,904 : -1.08433
756,800 : -0.74277
762,893 : -0.549995
762,919 : -0.321511
765,998 : -0.762045
767,902 : -1.08647
767,944 : -0.992814
770,939 : -0.936788
773,998 : -0.41026
774,781 : -0.494962
774,832 : -0.294527
775,923 : -0.852564
781,996 : -0.494113
783,815 : -1.16994
786,862 : -1.02285
789,999 : -0.492502
790,826 : -0.847974
791,858 : -0.806824
793,851 : -0.868147
800,820 : -1.04069
802,919 : -1.00481
802,992 : -1.18252
806,811 : -0.440095
808,993 : -0.495177
810,864 : -1.24848
813,991 : -1.04872
815,915 : -0.914464
816,864 : -0.657738
819,945 : -0.930338
821,962 : -0.699303
823,885 : -0.824705
826,869 : -0.791405
830,935 : -0.857558
837,862 : -0.8573
838,986 : -0.98999
839,859 : -0.940416
852,854 : -0.907502
852,926 : -0.707928
852,946 : -0.86616
854,961 : -1.03882
854,978 : -0.628009
856,866 : 0.02
858,886 : -0.891045
860,991 : -0.752432
863,961 : -0.708946
865,883 : -0.777744
870,952 : -0.866275
871,992 : -1.23569
874,969 : -0.827048
876,919 : -1.30114
876,950 : -1.18047
882,959 : -0.783261
886,955 : -0.494957
892,942 : -0.797255
907,926 : -1.0223
909,982 : -0.923247
912,950 : -1.01442
912,951 : -1.10273
915,951 : -0.857593
921,931 : -1.15506
921,983 : -0.742467
956,967 : -0.90916
973,986 : -1.089
979,994 : -1.08907
0,433,783 : -1.10408
0,539,835 : -0.926558
1,293,614 : -1.17664
2,257,358 : -1.1665
2,310,972 : -1.15299
4,131,500 : -0.690789
4,192,848 : -1.0344
5,66,385 : -1.23724
6,98,709 : -0.994705
6,421,524 : -0.903176
7,86,128 : -1.19959
7,99,295 : -1.22363
7,211,322 : -1.10366
7,674,873 : -1.09409
8,162,565 : -0.82765
9,40,877 : -1.12611
9,46,937 : -0.983999
9,475,742 : -1.03245
9,559,638 : -1.16449
10,55,659 : -1.04756
10,86,998 : -1.15288
10,620,884 : -1.03352
11,266,877 : -1.17696
12,78,697 : -1.04644
12,149,972 : -1.0755
12,168,968 : -0.837121
12,250,335 : -0.769157
12,818,822 : -0.88989
13,61,666 : -1.19892
13,180,689 : -1.02951
13,514,965 : -1.11726
14,721,972 : -1.12667
15,699,923 : -0.978416
16,93,138 : -0.855199
17,156,377 : -0.95249
17,428,697 : -0.855686
17,573,910 : -1.18962
18,72,73 : -0.882207
18,270,633 : -0.858878
19,231,683 : -0.852958
20,628,871 : -1.05094
23,134,221 : -0.826143
25,221,963 : -1.01028
26,238,898 : -0.939678
26,563,620 : -0.945734
27,248,910 : -1.00523
28,329,593 : -0.387626
29,228,505 : -0.925629
29,716,737 : -1.04676
30,67,282 : -0.904839
30,232,343 : -0.835564
32,421,547 : -0.901269
33,115,858 : -0.845719
34,229,500 : -0.942216
34,300,513 : -1.07892
34,361,402 : -1.07359
34,873,949 : -1.00731
35,138,823 : -0.997862
35,298,814 : -0.760299
35,402,608 : -1.01605
36,340,768 : -0.390607
37,383,589 : -1.02754
37,569,650 : -0.322733
37,602,906 : -1.02302
38,679,746 : -1.24455
39,195,304 : -0.672795
39,506,969 : -1.01114
40,287,689 : -0.497874
40,437,716 : -0.900409
42,104,840 : -1.02235
42,621,859 : -1.24356
43,294,932 : -0.986631
43,317,992 : -1.24414
43,538,873 : -1.12341
44,52,612 : -0.3632
44,52,682 : -0.738695
45,94,341 : -0.187513
45,303,958 : -0.659478
47,96,740 : -1.08629
48,284,900 : -0.84378
48,479,964 : -0.884125
48,621,813 : -1.16368
49,137,382 : -1.00496
49,382,483 : -0.960377
49,525,622 : -1.08731
49,557,854 : -0.92306
49,620,746 : -1.12942
49,947,973 : -1.29919
50,412,659 : -1.03918
50,589,960 : -1.01578
51,683,938 : -0.789013
51,818,982 : -0.860584
52,713,881 : -1.00679
52,737,901 : -0.479801
53,592,608 : -0.935015
54,583,766 : -0.775267
55,417,555 : -1.00735
56,135,529 : -1.00416
57,248,664 : -1.12952
58,249,597 : -1.00708
58,306,388 : -1.0042
58,341,410 : -1.13353
59,719,753 : -0.97572
60,354,813 : -0.873966
61,152,373 : -1.00664
61,229,767 : -1.14885
61,436,787 : -0.902539
62,226,346 : -0.746421
62,335,972 : -1.10424
62,673,755 : -1.1493
64,96,477 : -0.967154
64,186,537 : -1.07375
64,608,723 : -1.22194
64,728,932 : -1.2249
65,178,714 : -1.18253
66,463,653 : -1.13659
66,679,975 : -1.17583
67,219,240 : -0.973267
67,550,815 : -1.10151
68,299,482 : -1.21171
68,533,815 : -1.08028
70,669,965 : -0.999146
71,283,340 : -1.05004
71,314,796 : -0.919527
72,476,708 : -1.02865
74,184,857 : -1.00751
74,731,817 : -1.11384
75,299,898 : -1.20643
76,168,223 : -0.917215
76,542,760 : -1.15231
77,107,154 : -0.939786
77,198,340 : -0.824598
79,395,815 : -1.22127
80,245,836 : -0.917586
80,499,985 : -0.967921
83,553,731 : -1.18572
83,594,634 : -0.768058
84,159,940 : -1.05932
84,526,665 : -0.771195
85,274,865 : -0.800007
86,708,891 : -0.887681
89,123,465 : -0.564759
89,283,882 : -1.07183
89,321,689 : -0.971216
89,447,606 : -1.00081
92,528,649 : -0.408204
95,278,766 : -1.21713
95,724,929 : -0.922429
96,278,475 : -1.25231
96,566,711 : -1.22628
96,683,941 : -1.12516
96,832,836 : -0.968316
96,854,993 : -1.18434
97,677,687 : -1.02274
98,358,627 : -0.88669
98,361,834 : -1.07459
98,587,660 : -0.521834
101,167,248 : -1.1122
101,205,880 : -1.13113
101,444,450 : -0.975941
102,853,931 : -0.763419
103,651,819 : -0.874759
104,253,637 : -1.04647
104,477,486 : -1.13241
105,306,830 : -0.941511
105,466,946 : -0.888367
106,186,192 : -0.802019
106,196,614 : -1.01116
106,265,269 : -0.951967
107,727,991 : -0.953803
109,615,691 : -0.90115
109,793,904 : -0.757455
110,291,861 : -0.74915
110,303,441 : -1.03713
111,150,730 : -0.930912
112,396,499 : -1.11939
115,278,800 : -1.06495
115,412,703 : -1.01468
117,499,621 : -1.0113
118,143,467 : -1.08158
118,406,652 : -0.884592
118,610,852 : -0.874697
118,663,857 : -1.17299
120,162,933 : -1.07414
120,535,608 : -0.989867
120,838,987 : -1.04096
122,290,939 : -1.12605
124,330,669 : -1.08531
126,189,871 : -1.00165
126,219,552 : -1.11295
126,327,779 : -1.02171
127,622,632 : -0.70743
131,359,465 : -0.82553
131,666,714 : -0.873199
132,670,679 : -0.931953
134,210,756 : -0.506838
135,454,924 : -0.977822
136,263,561 : -0.942085
137,243,712 : -0.904362
137,271,437 : -0.565086
137,609,882 : -1.011
137,713,751 : -1.12917
137,826,914 : -1.04973
138,162,638 : -1.07674
138,512,571 : -0.843157
139,213,517 : -1.1487
139,550,920 : -0.887242
143,259,621 : -1.05592
143,284,751 : -0.771096
145,154,840 : -1.03156
145,433,745 : -1.07626
145,741,880 : -1.01717
146,203,655 : -1.18039
146,523,709 : -1.09907
147,190,748 : -0.84845
147,272,896 : -0.970218
147,514,855 : -0.952507
148,169,508 : -0.902133
148,235,369 : -1.04461
150,461,502 : -0.850735
151,243,580 : -0.880488
154,447,882 : -1.10137
156,313,532 : -0.836536
159,524,810 : -0.955275
159,638,936 : -0.823808
160,690,711 : -0.802005
161,396,525 : -1.0669
161,546,894 : -0.960159
162,188,954 : -0.743244
162,220,968 : -1.06924
162,636,844 : -1.16974
163,228,326 : -1.07086
163,291,910 : -1.22118
165,361,409 : -1.03848
166,225,851 : -0.801426
168,395,977 : -1.13807
169,185,227 : -0.962685
170,238,958 : -0.646026
170,319,385 : -0.938727
171,197,415 : -0.911391
172,652,763 : -1.00862
172,824,951 : -1.1939
173,619,702 : -1.0336
177,505,733 : -0.399173
178,790,842 : -1.1331
179,720,958 : -0.880636
183,426,871 : -1.06161
185,410,704 : -0.93274
186,553,706 : -0.938479
187,630,997 : -0.212219
188,506,597 : -1.13218
189,694,804 : -0.904178
191,197,760 : -0.948363
191,639,748 : -0.896115
192,706,746 : -0.967292
193,262,471 : -0.981491
193,383,792 : -1.15699
197,474,639 : -0.945035
199,410,966 : -0.893765
201,680,952 : -1.15473
202,790,940 : -1.13295
204,211,257 : -1.10511
204,343,939 : -0.997167
204,530,653 : -1.14712
204,629,745 : -1.13163
205,283,336 : -1.06354
205,588,869 : -1.07728
205,593,718 : -0.954135
206,293,637 : -1.05907
207,293,780 : -1.19035
208,422,528 : -0.905106
212,222,997 : -1.09614
212,248,250 : -1.17071
212,386,642 : -0.871669
213,412,680 : -1.16207
213,493,821 : -1.07283
213,723,935 : -1.14942
214,571,993 : -0.920219
214,608,890 : -0.940426
214,721,982 : -1.05603
215,606,875 : -1.04796
216,551,621 : -1.10015
218,590,709 : -0.914945
221,313,456 : -0.915524
222,375,516 : -1.06302
224,245,857 : -0.923917
227,239,713 : -1.15104
227,388,752 : -1.10283
227,410,723 : -1.10445
227,686,963 : -1.1095
227,817,888 : -0.956024
228,268,539 : -0.871308
228,505,683 : -0.992346
229,363,433 : -1.06197
230,440,640 : -0.805355
231,340,675 : -1.11499
232,482,864 : -1.16111
234,482,504 : -0.803762
235,380,400 : -1.11192
235,669,922 : -0.968039
236,421,687 : -1.13659
236,636,684 : -0.9365
238,247,723 : -1.09218
248,657,824 : -0.938054
250,541,639 : -0.974745
252,290,700 : -1.17101
252,669,810 : -1.01463
253,804,951 : -0.881446
254,439,681 : -0.421573
256,348,979 : -1.1007
257,315,404 : -1.22448
264,528,568 : -0.85804
265,285,517 : -1.19639
265,356,439 : -0.93753
265,440,640 : -1.11556
265,526,805 : -0.994659
267,538,744 : -0.975282
267,552,628 : -0.8578
268,418,477 : -0.902745
270,469,471 : -1.01611
273,477,935 : -0.74268
276,709,842 : -1.17666
277,447,627 : -1.03026
278,281,690 : -1.03538
278,402,899 : -0.990356
278,719,841 : -1.08391
279,598,845 : -0.856677
282,293,519 : -0.926381
282,457,824 : -0.745046
289,566,886 : -0.937587
290,356,711 : -0.984041
292,533,981 : -0.784196
295,304,824 : -1.08328
295,353,767 : -1.32096
295,393,843 : -1.07748
295,613,875 : -1.13714
297,607,835 : -1.06815
298,623,710 : -0.612667
300,356,533 : -1.03462
303,331,575 : -1.11319
305,327,334 : -0.778285
309,314,620 : -1.01518
309,328,471 : -1.08871
311,337,582 : -1.19345
312,471,661 : -1.05942
314,463,934 : -1.04399
314,956,979 : -1.10332
315,705,757 : -0.798997
316,387,486 : -0.979012
322,589,647 : -0.974331
324,840,929 : -1.0721
325,628,667 : -0.999642
326,526,537 : -0.903066
326,689,962 : -1.14713
330,533,731 : -1.06445
331,936,951 : -1.1899
333,462,766 : -0.449273
334,464,724 : -1.03549
335,822,876 : -0.972084
336,484,672 : -0.995858
339,731,899 : -0.878768
344,396,678 : -1.07066
345,859,870 : -1.04711
349,668,733 : -1.18957
351,426,972 : -1.1829
352,381,698 : -0.830866
356,370,498 : -0.85992
357,459,976 : -1.19389
358,442,656 : -0.69741
359,416,994 : -0.758358
364,802,921 : -1.1699
365,480,843 : -0.970527
365,770,782 : -1.03359
367,788,856 : -0.276206
369,417,842 : -1.092
369,628,841 : -1.09573
369,869,888 : -0.824111
372,479,570 : -0.927587
372,686,960 : -1.09351
374,443,791 : -1.06785
374,473,519 : -0.967894
374,562,812 : -0.821279
376,466,584 : -1.11061
378,386,427 : -1.00399
379,470,522 : -1.01365
379,495,966 : -1.0969
382,668,953 : -0.950701
383,700,815 : -1.20319
384,577,627 : -0.839894
385,419,663 : -1.04873
389,814,879 : -1.15636
390,745,998 : -1.15098
392,478,924 : -0.990154
394,465,846 : -1.11506
394,484,830 : -1.1587
398,527,592 : -1.17771
399,404,885 : -0.931823
401,883,939 : -0.506651
402,421,828 : -0.571735
403,521,916 : -1.00291
404,763,807 : -1.01677
407,571,580 : -0.934507
408,660,778 : -0.686563
408,864,987 : -0.964705
414,418,778 : -0.940213
414,755,918 : -0.857167
418,628,657 : -0.998168
421,611,729 : -1.0237
421,785,950 : -1.16212
427,473,946 : -1.0266
427,737,892 : -0.973753
433,667,867 : -0.991847
435,453,683 : -1.08978
436,451,566 : -1.05187
440,469,865 : -1.16635
440,633,758 : -1.00157
443,754,986 : -1.13215
445,575,782 : -0.862952
448,619,777 : -0.592786
449,482,819 : -1.20845
452,501,750 : -0.965176
455,501,929 : -1.21199
465,538,947 : -1.15425
465,622,868 : -0.618956
473,645,803 : -0.67403
476,576,839 : -1.16184
477,597,904 : -0.953752
480,511,662 : -1.04008
481,595,653 : -0.90414
483,840,894 : -0.927674
484,546,858 : -1.04941
488,822,922 : -0.920127
499,580,621 : -0.869806
505,653,904 : -0.872446
507,582,672 : -1.09
508,741,869 : -0.948878
509,568,941 : -0.997815
509,606,729 : -0.871711
511,844,925 : -1.08711
512,636,810 : -1.08865
514,957,990 : -0.458192
517,798,853 : -0.81391
523,736,963 : -1.08453
524,551,860 : -0.604165
527,617,970 : -0.632542
528,721,877 : -1.1988
530,718,892 : -1.09478
530,722,831 : -0.582208
534,802,903 : -0.774911
536,731,783 : -0.950159
537,641,911 : -0.94458
542,718,820 : -1.16229
543,603,619 : -0.866275
545,573,600 : -0.90283
552,701,872 : -0.969287
552,740,820 : -0.849527
555,734,829 : -1.06405
558,598,784 : -0.1124
559,560,822 : -0.975087
559,588,902 : -1.25552
564,565,970 : -1.03227
571,599,775 : -1.07862
572,617,745 : -0.619293
573,738,999 : -1.01768
576,734,971 : -1.25014
578,631,668 : -1.05007
578,687,756 : -1.03919
579,600,840 : -1.15738
581,634,996 : -0.989515
581,736,864 : -1.05405
581,906,971 : -1.24801
582,902,975 : -0.992724
591,658,910 : -0.971017
593,749,910 : -0.998138
595,760,774 : -1.12607
596,633,860 : -0.9949
598,873,879 : -1.0636
600,906,945 : -0.921643
602,681,874 : -0.796198
613,637,742 : -1.0035
626,713,753 : -0.978955
643,917,962 : -0.909295
656,684,820 : -0.973146
664,673,845 : -0.801216
683,691,995 : -0.85258
686,785,823 : -1.1509
690,755,955 : -1.00221
695,944,950 : -1.18394
734,911,912 : -1.13152
741,782,841 : -0.921393
763,932,950 : -0.981602
863,948,972 : -0.910887
872,932,972 : -1.12756
876,938,942 : -0.933044
0,165,300,723 : -0.936767
3,142,204,779 : -0.673105
3,548,699,703 : -0.971343
4,153,359,364 : -0.577667
4,577,967,997 : -1.07672
4,597,611,851 : -1.17789
5,175,358,596 : -1.03022
7,101,151,339 : -1.28585
7,130,488,517 : -1.12584
8,247,305,392 : -1.00255
9,78,790,874 : -1.13557
10,29,699,822 : -1.03793
10,112,380,979 : -0.95495
12,462,522,642 : -0.953088
13,511,806,859 : -1.19879
14,362,375,524 : -0.872257
15,112,508,720 : -0.909538
15,155,388,847 : -1.06915
16,290,609,917 : -0.980534
17,374,766,895 : -1.06787
18,74,668,872 : -1.01797
19,443,668,989 : -1.13186
20,240,255,425 : -0.893779
21,380,711,827 : -1.03655
22,112,339,733 : -1.11279
22,460,551,760 : -1.01609
23,107,398,646 : -1.07873
24,73,323,753 : -0.918434
25,353,627,893 : -1.00084
30,140,691,892 : -0.593359
30,496,691,785 : -1.10332
32,233,363,991 : -1.00056
38,206,625,770 : -0.849373
39,259,508,669 : -1.01404
41,43,66,559 : -1.10771
41,208,368,637 : -0.924066
42,451,746,816 : -1.07681
43,656,718,963 : -1.0423
44,161,433,495 : -0.928682
44,418,687,895 : -1.14135
46,524,771,812 : -0.945686
47,240,326,647 : -1.07919
47,282,514,830 : -1.14308
47,350,363,418 : -1.21515
47,518,610,994 : -1.10878
49,172,338,888 : -1.1441
49,192,705,776 : -0.98067
51,144,504,652 : -0.881968
52,172,608,694 : -1.1663
54,547,881,916 : -0.751034
55,285,308,311 : -1.19616
55,654,677,703 : -1.14104
56,202,682,763 : -1.1129
62,175,392,867 : -1.13333
62,184,266,601 : -0.941874
63,419,797,876 : -1.09163
64,106,218,268 : -0.778455
64,139,193,334 : -1.17204
64,268,934,996 : -0.914291
65,176,193,809 : -1.13824
66,89,464,637 : -1.01788
68,241,278,932 : -1.12306
69,344,418,783 : -1.20359
69,556,773,877 : -0.635326
70,203,269,711 : -1.08766
70,540,710,740 : -0.88516
71,199,275,360 : -1.10053
72,360,381,438 : -0.90905
72,376,671,677 : -1.11571
74,95,233,397 : -1.09127
76,136,232,501 : -1.16542
76,375,598,834 : -1.05748
78,668,751,769 : -1.20208
78,775,779,971 : -1.14619
79,379,410,972 : -1.15323
82,235,446,703 : -1.09479
87,191,285,766 : -1.13223
87,721,855,938 : -1.01825
92,147,573,998 : -1.11761
96,138,563,724 : -1.24176
97,211,704,782 : -1.20301
98,250,522,703 : -1.15148
98,383,794,808 : -1.01399
101,279,464,887 : -0.917515
101,384,502,606 : -1.01124
102,623,655,772 : -1.02297
103,150,154,925 : -1.09677
105,454,513,675 : -1.18461
110,124,180,709 : -1.08959
111,183,544,835 : -0.943595
113,258,590,805 : -0.686618
114,285,462,494 : -0.848614
114,449,470,648 : -0.920775
114,642,718,924 : -0.983652
118,290,428,439 : -1.11535
120,286,508,985 : -0.903799
122,190,806,811 : -0.813385
124,493,706,971 : -1.08093
125,664,674,815 : -1.04052
130,249,426,639 : -1.02743
132,521,633,783 : -1.13866
137,152,162,611 : -1.23668
138,224,307,325 : -1.08411
138,259,913,936 : -0.657579
141,242,366,389 : -1.04156
141,319,365,846 : -1.16328
143,249,610,825 : -0.908662
143,491,571,687 : -1.0789
144,163,335,984 : -0.987722
144,560,903,939 : -1.11125
145,276,491,862 : -0.957211
146,184,668,689 : -1.10315
146,222,457,530 : -1.0033
146,395,667,778 : -1.00539
148,161,194,495 : -1.03663
150,163,521,807 : -1.10961
153,175,613,655 : -0.960864
154,208,451,933 : -1.0116
156,390,554,700 : -0.954749
159,173,214,630 : -1.07177
159,239,325,808 : -1.00851
159,561,708,845 : -1.10837
160,610,686,780 : -0.834799
161,218,445,827 : -0.938181
162,250,301,662 : -0.931133
163,572,817,819 : -1.03833
164,343,378,938 : -0.631273
165,283,331,974 : -1.15415
168,189,563,900 : -1.0771
170,189,443,814 : -1.10109
171,194,247,365 : -1.11921
173,485,701,704 : -1.18229
173,633,638,992 : -1.24512
179,346,713,909 : -1.08062
179,472,518,543 : -1.0921
179,497,679,977 : -1.07356
180,423,608,933 : -0.980822
183,346,409,724 : -1.13906
183,589,893,991 : -0.942176
185,306,501,931 : -0.970829
186,189,418,921 : -1.15094
188,220,856,957 : -1.06748
190,690,729,964 : -0.983862
191,200,703,859 : -1.12587
195,701,819,960 : -0.96396
201,357,605,744 : -0.710588
201,725,860,877 : -0.723945
202,351,366,614 : -1.11202
204,511,800,946 : -1.13448
206,487,738,960 : -1.16556
207,363,527,601 : -0.869957
208,376,419,941 : -1.09288
209,327,758,974 : -1.04285
211,231,380,756 : -1.02661
211,242,611,988 : -1.04684
215,224,444,497 : -1.04698
215,798,835,934 : -1.03523
219,300,951,971 : -1.25004
221,421,596,675 : -1.12195
224,272,319,792 : -0.932005
224,421,456,784 : -0.80513
225,515,541,976 : -0.513351
228,269,368,759 : -1.10318
229,392,764,844 : -1.05582
231,289,339,648 : -1.15865
232,412,415,609 : -1.1859
235,518,519,860 : -1.05602
237,741,908,945 : -0.461595
239,508,700,945 : -1.01795
245,383,419,760 : -1.02873
255,422,639,980 : -1.12252
256,565,608,662 : -1.02752
260,487,566,751 : -1.03194
261,318,490,576 : -0.920418
270,433,575,609 : -0.989186
274,397,549,782 : -1.09386
275,484,658,978 : -1.13721
281,288,711,933 : -0.992575
283,386,453,544 : -0.88383
286,512,720,829 : -0.882401
290,380,513,531 : -1.04975
294,412,720,867 : -1.06031
294,437,516,892 : -1.01258
297,565,698,873 : -1.13806
304,310,487,622 : -1.127
304,378,838,918 : -1.08343
309,615,898,912 : -1.07864
310,571,698,856 : -1.19142
312,321,809,984 : -0.902036
313,328,348,402 : -1.02742
313,639,688,998 : -1.16058
319,375,412,839 : -1.10145
329,691,818,914 : -1.19039
332,564,689,774 : -1.0579
335,461,658,926 : -0.935309
340,456,483,497 : -1.06099
341,382,622,922 : -1.06808
349,365,792,927 : -1.04442
351,530,717,788 : -0.821125
353,810,858,954 : -1.03294
372,386,720,981 : -1.13288
372,722,835,961 : -1.04498
377,405,409,948 : -0.933551
380,473,691,716 : -1.05362
388,438,714,846 : -1.16447
392,456,622,761 : -1.10089
395,679,838,912 : -1.16553
398,434,621,738 : -1.02157
414,442,488,805 : -0.897427
418,513,713,743 : -1.1913
422,441,470,742 : -1.02134
422,498,684,746 : -1.22549
425,436,702,972 : -1.18175
427,438,620,918 : -1.02333
431,542,578,727 : -1.06966
435,514,834,998 : -1.12544
435,541,585,667 : -1.10626
440,534,780,790 : -1.23593
440,544,724,879 : -1.13359
443,509,684,974 : -1.12305
443,686,882,991 : -1.09743
447,458,522,719 : -1.11509
448,493,577,867 : -1.0879
449,534,676,903 : -0.804717
455,496,497,863 : -1.05662
462,506,923,984 : -1.19397
462,613,813,909 : -1.17684
469,806,891,930 : -0.585473
471,611,797,998 : -1.10855
483,682,896,943 : -0.810091
489,500,753,803 : -0.927827
496,612,661,932 : -0.763877
506,870,926,934 : -1.08134
519,609,882,898 : -1.06416
519,711,907,936 : -1.15386
523,614,965,981 : -0.954981
530,699,711,831 : -1.00307
536,578,618,980 : -0.96672
537,820,889,910 : -1.00186
541,851,863,979 : -1.05333
565,582,744,797 : -1.12356
585,674,750,947 : -1.01617
587,609,660,779 : -0.6847
595,746,772,961 : -1.05366
604,607,755,979 : -1.18812
637,694,700,763 : -1.0276
689,779,865,970 : -1.08538
764,771,964,985 : -0.624887
