2,96,265,632
11,33,65,172
40,62,408,458
14,55,191,635
91,93,365,926
58,284,527,602
31,71,559,608
323,337,351,455
34,496,605,1000
41,154,480,610
2,27,338,491
138,345,871,993
18,52,402,992
242,282,430,476
9,377,800,905
75,353,434,739
10,66,394,679
97,320,591,643
272,501,575,924
42,386,760,884
99,121,398,978
67,130,185,397
200,315,474,570
8,105,223,770
115,129,494,665
68,222,419,642
260,396,466,888
38,214,806,819
16,301,370,913
63,104,485,766
184,296,321,438
18,53,198,802
281,424,584,842
6,75,755,824
132,193,302,533
126,421,887,953
139,505,557,846
127,137,152,228
34,155,188,577
17,96,366,472
72,178,219,606
143,155,380,564
108,169,380,892
303,498,662,734
47,327,438,675
97,328,786,825
109,433,592,919
48,75,150,344
148,262,277,451
275,387,524,811
271,317,350,949
25,62,229,362
2,496,598,798
190,201,511,544
201,260,266,982
38,150,226,413
54,358,664,970
39,181,358,797
113,237,469,927
111,626,676,872
39,59,214
68,218,607
37,88,454
76,321,333
11,551,623,867
144,298,348
83,92,446
129,181,586
66,276,368
49,86,459
164,340,599
121,230,692
88,104,172
23,72,349
103,106,447,503
21,417,551
39,122,512
45,113,735
7,392,611
74,457,534
117,221,663
21,115,901
93,99,352
57,87,552
157,309,714,861
233,403,983
123,366,902
59,150,328
1,385,428
130,401,934
23,46,359
80,197,234
3,85,568
91,183,652
142,581,623,773
35,142,749
32,228,292
32,238,297
90,583,759
322,558,852
207,525,536
47,235,971
47,51,467
26,148,698
22,80,87,615
1,170,588
1,43,404
46,127,149
76,302,462
161,243,658
54,295,435
10,104,508
10,61,307
136,299,326
91,168,341,404
319,341,444
55,313,454
19,321,329
19,61,892
41,72,916
87,174,197
149,169,743
70,277,640
223,616,817
2,530,576,989
58,561,903
76,128,391
21,334,740
136,159,261
87,273,690
274,317,387
215,271,730
72,188,753
115,123,683
273,361,563,708
15,56,59
233,472,721
62,277,529
54,67,166
137,539,601
53,363,899
124,310,986
146,227,779
146,477,707
43,56,361,745
193,243,741
81,98,298
69,356,684
69,165,210
165,229,631
26,424,651
202,343,836
158,196,394
44,532,863
158,215,364,538
8,101,179
4,565,649
44,116,927
331,335,460
17,578,681
8,519,821
190,204,249
79,105,370
166,246,545
56,161,215,639
5,75,367
5,208,289
15,901,961
235,286,302
57,194,325
204,256,405
259,405,848
194,485,909
197,342,857
4,175,338,888
85,168,736
29,406,913
114,173,604
36,49,473
133,756,921
28,795,897
118,773,808
378,496,597
442,545,633
193,432,456,627
238,344,479
205,479,742
205,437,930
255,360,875
25,37,177
19,343,886
20,37,381
20,554,830
28,54,153
63,146,900,929
36,199,943
20,42,251
129,251,409
198,322,409
20,247,480
423,550,594
139,153,359
390,695,840
160,392,401
89,367,646,943
61,311,324
286,386,611
131,611,762
61,175,919
145,501,525
145,350,433
154,171,717
135,162,333
79,91,524
85,127,278,744
248,278,499
76,85,281
76,79,165
42,217,941
84,253,544
84,141,414
73,416,776
131,421,660
82,712,727
72,270,744,874
149,280,540
149,213,415
241,373,540
78,713,865
269,316,555
69,468,816
55,398,848
148,481,577
257,341,590
192,261,280,518
9,192,418
95,341,559
310,615,765
26,212,283
212,754,881
209,283,661
48,161,377
48,123,405
63,74,372
26,53,209,241
67,200,414
190,482,788
162,208,945
159,775,877
5,282,613
80,229,592
127,169,210
388,973,995
66,123,144
120,245,724
35,66,687
552,772,893
103,455,979
388,445,516,563
185,746,979
19,845,969
27,191,499
329,883,948
112,566,985
186,449,686,809
152,449,621
45,112,986
186,215,866
28,385,478
219,832,995
72,142,920
142,546,719
96,100,271
636,771,829
231,246,484,593
250,549,941
250,722,870
91,569,621
335,511,712
70,240,626
18,82,240
114,163,461
18,334,833
62,90,336
1,90,553,556
556,625,907
77,175,579
4,77,790
74,790,792
271,290,791
34,704,769
70,71,567
59,73,796
73,547,914
125,372,946
75,140,174
214,689,834
469,526,825
15,41,256
298,685,931
227,267,889
31,218,644
10,218,458
160,255,653
22,106,531
22,102,980
205,541,863
1,334,948
251,706,999
272,274,499
252,565,865
179,495,693
264,284,866
284,486,510
365,451,557
267,448,951
85,270,423
202,590,720
71,110,362,453
46,190,420,737
342,346,858,977
128,202,630
186,591,958
36,156,381
70,344,489,757
96,156,220
10,452,535
194,535,734
30,485,573
14,30,376
30,529,861
243,257,936
208,236,779
117,126,157
61,198,376,503
103,456,604
112,237,315
29,522,614
122,493,616
116,683,895
100,120,710
45,76,351
151,325,348
63,325,548
33,442,670
39,484,896
64,180,425
206,315,425
129,766,873
377,612,666
15,60,142,188
574,657,666
510,517,934
5,90,308
673,737,885
110,147,276
32,135,308,439
92,276,422
44,58,303
479,656,794
415,570,1000
441,851,955
172,441,963
278,363,384
81,135,304,509
77,232
51,291
119,384,775
64,206
94,102
128,187
15,22
73,95
116,134
119,180,244
24,68,244,318
12,313
25,179
30,60
79,305
241,601,813
26,382
24,38
203,347
232,254,404,843
17,64
101,507
359,369,381
4,166
70,239
17,292
109,378
40,131
94,134
107,292,596
107,393,622,964
6,71
13,440
167,301
162,196
13,500,768
139,603
44,295
54,111
36,96,369,839
264,330
207,233
117,783,839
203,331
15,114
18,160
263,436
38,155
122,177
100,140,899
84,232,596,797
121,140
14,629
46,67
182,327
54,385,769
11,375
35,196
28,156
65,532,567,757
89,236
89,98
62,89,933
98,383
31,490
60,222
143,227
46,125
82,86
193,383,461
124,222,353,513
11,260
118,436
49,90
211,378
43,164,353
83,369
171,543
136,304
203,426,687,764
114,285
258,427
412,573,984
24,952
110,153
219,269
148,560
210,275
431,580
16,473,967
223,285,680,917
168,450
244,411
157,180
318,528
604,781,944
390,515
181,185
7,9
170,188,287,763
7,283
28,106
9,356,699
52,382
6,397
8,240
32,600
17,81
357,812
172,225,238,648
52,290,847
121,225
300,566
60,855
138,218
7,57,416
7,587
30,965
134,650
65,128,362,847
184,574
9,856
242,319,587
20,453
42,149
111,576
144,531
137,342
56,270
125,133,242,617
57,176,942
176,432
239,250
230,787
213,486
130,617,810
150,849
55,186
98,288
368,508,667,828
58,316
12,141
242,564,691
165,189
133,294
79,506
49,146
324,521
13,975
50,391,782,908
434,856,939
108,122
224,228
224,488
97,187
12,50,457
48,274
145,844
151,468
161,364,546,789
174,379
80,109
12,636,676
65,320
162,266
110,494
429,549
28,204
388,470
24,99,364,601
351,379,988
514,831
373,822
482,502
152,622
571,628,725
104,370
297,516
123,520
92,599,931,957
136,950
26,500
276,354,478
6,354
6,233
71,827
395,422
36,694
487,634
52,357,561,609
96,163,291
3,163
52,86
135,358
287,923
3,291,337
345,702
445,483
177,607
229,304,392,838
122,252
98,111
3,25,974
3,371
236,547
400,502
70,103
44,335
82,723
92,128,300,371
371,393,545
81,598
209,261
112,996
294,331
553,616,818
443,862
150,835
86,609
95,240,550,859
618,938
185,263
8,537,857
206,677
17,420
16,68
119,259
259,572
4,282
23,312,332,514
69,178,519
332,935
178,581
14,57
95,195
539,645,968
216,659
144,237
120,213
10,223,409,726
147,532
50,859
78,718,832
21,501
11,471
66,471
84,339
374,761
126,584
258,472,575,959
78,293,562
115,562
40,340
24,182
208,311
48,293,705
73,145
176,419
225,465
75,140,290,713
475,512
84,100
279,523,952
265,279
27,523
192,729
59,444
355,380
216,412
5,65,593,647
87,320,652
65,326
99,966
29,230
202,542
106,410,477
107,225
33,83
33,132
11,51,449,903
93,132
35,51
447,571,907
226,777
108,518
60,127
620,767
83,323
19,456
269,452,709,821
39,367,627
3,140
255,396
376,803
121,700
258,435,992
101,630
169,774
57,614
238,239,307,509
245,762
173,770
136,295,307
124,889
104,815
515,904
389,961
481,928
522,826
268,597,830,926
119,733,976
190,220
153,801
326,878
505,738
582,733,890
390,558
246,860
348,906
48,78,120,256
612,747
61,528
82,728,842
54,141
625,894
350,386
211,282
218,306
156,239
105,117,412,701
22,156,703
198,266
319,372
526,668
28,95
306,651,954
17,600
177,437
316,474
221,293,778,814
13,164
299,853
221,466,918
207,400
267,347
6,62
97,201
78,608
94,151
53,164,180,418
443,530,816
94,991
226,940
45,227
25,257
47,67,234
67,589
14,699
64,328
68,192,398,690
77,223
147,680
116,143,840
273,349
55,224
355,983
90,158
339,670
330,754
53,314,717,921
375,517,750
16,314
150,314
16,178
254,623
375,492,932
392,407
187,722
108,551
16,34,43,935
34,538
43,569
27,33,346
27,184
137,353
22,967
7,999
331,595
49,328
42,265,900,942
294,805,806
211,693
159,523
69,596
283,296
242,759,837
125,938
38,628
249,795
59,280,363,498
249,394
18,878
229,610,936
10,23
29,138
2,134
21,244
199,905
74,593
151,253,279,340
2,965,966
12,633
53,937
144,641
286,459
199,402,933
155,731
81,638
118,516
194,352,589,822
133,352
8,440
34,413,977
13,602
45,196
109,428
43,182
464,490
113,535
741,826,972
13,60,930,988
171,568
179,579
460,910
213,264
343,527,882
94,322
31,521
4,132
19,132,642,792
58,682
360,877
4,214,785
35,567
235,742
163,619
33,427
336,613
32,613
231,359,429,752
489,833,849
231,407
41,534
8,588
624,880
9,654,716
37,189
189,898
37,752
1,100,172,262
101,262
20,234
20,201,912
93,912
68,379
289,883
53,131
138,786
497,632
210,576,758,887
483,809,885
448,814
3,592
134,256
175,970
268,749,962
408,730
197,587
313,436
104,495,533,588
363,395
566,669
165,446,876
281,876
916,998
222,524
393,571
542,553
182,519
176,191,475,881
138,463,555
399,463
26,705
591,674
89,639
24,178,661
72,678
250,487
36,325
154,318,678,989
114,502
751,991
93,151,624
709,823
562,688
62,491
620,721
168,729
841,976
173,366,987
24,245,498,771
106,622
103,122
452,605
75,520
207,430,987
384,515
6,945
39,791
170,237,245,536
69,395
129,835
41,536,539
301,794
152,344
46,650
206,215
462,546
115,689
333,439,846
44,529,925,969
137,963
349,824
111,621
310,706
355,745,867
748,925
505,947
780,947
102,139,360,756
139,383
102,128
193,843,868
337,781
209,274
272,815
10,595
120,351
675,850
117,533,962
217,253,537,631
637,698
236,385
98,166
73,278
105,217,799
205,862
511,960
594,875
105,332,450,483
246,732
296,829
157,544,654
369,956
204,625
597,997
11,570
230,635
320,382
124,284,394
23,183,327,603
131,425
268,799
205,784
233,807
411,416,469
119,415
203,420
52,657
40,216,506,971
324,714
112,281
220,225,365
358,854
387,854
426,718
493,575
493,578
18,490
145,212,696
200,506,521,785
185,672
174,239
30,665
21,297
74,253,330
56,143
9,248
248,514
212,228,568,750
107,263
346,548
107,439,868
31,74
31,507
158,560
37,336
56,287
49,288
406,494,937,940
31,211,788
288,337
247,312
113,474
86,147
88,167,217
88,275
305,453
64,559
141,556,704,728
23,659
4,167
230,463,810
42,317
309,317
309,837
410,793
254,915
411,606
26,804,890,993
275,399,716
50,354
2,21
79,677
91,108
208,400,653
216,323
135,140
66,708
196,219,827,985
340,470
29,183
491,655,681
183,338
129,200
50,974
97,783
615,911
32,820
69,373,789
244,370,492,608
308,585
671,896
180,235
241,691
259,361,841
295,715
252,763
299,663
389,620,636,697
306,332
126,467
32,195,243
126,658
77,760
159,226
1,561
27,589
105,922
221,431,541,803
5,49,195
83,682
88,526
80,298
869,886
47,922,998
47,572
513,581
154,811
5,396,671,820
16,350
724,725
265,643,688
747,804
163,277
407,455
424,743
487,801
364,897
101,619,684
99,154,293,315
471,486
197,882
307,371
9,701
599,619,853
17,508
176,851
260,268
123,302,377,448
60,517
237,563
29,356,644
43,421
367,607
279,427
136,638
419,522
117,507
76,380,880,906
103,808,959
451,873
67,470
378,503
655,980
414,580,792
818,831
266,334
99,261
224,695,727,937
540,746
629,640
29,624,682
435,679
310,600
326,700
787,834
673,798
270,748
137,301,476,840
308,908,910
255,428
210,845
174,473
66,574
19,247,458
214,904
731,874
694,796
615,736,964,981
422,981
145,159
200,667,870
321,634
767,838
59,168
584,828
236,238
569,602
133,183,311,737
412,891,958
538,902
115,649
550,577
572,982
201,213,329
329,338
186,443
541,813
87,148,300,542
207,402
95,552
62,357,732
258,692
3,381
366,953
294,852
386,973
318,776
37,255,285,957
438,579,605
264,292
715,893
466,758
263,944
11,764,863
401,755
723,920
14,467
142,423,858,965
63,504
63,450
627,697,956
51,995
160,590
220,243
465,703
177,465
305,772
288,645,660,945
28,82,404
192,583
171,612
52,109
109,520
480,688,805
116,928
7,368
368,417
8,61,330,499
365,686
300,397
534,623,895
345,975
234,356
234,917
343,726
153,707
287,812
430,447,557,802
157,251,296
44,855
509,531
454,738
610,672
6,769,819
446,586
347,527
130,836
431,864,876,891
158,375
361,968
14,30,521
146,181
289,994
543,594
195,497
25,497
25,231
252,286,525,560
173,457,497
25,111
194,637
547,960
209,583
146,461,607
41,690
113,125
113,126
14,167,260,303
167,272
88,125
289,298,336
33,103
391,455
22,208
190,312
711,716
110,392
257,604,647,782
48,410,930
504,952
585,846
78,180
187,223
120,758,817
232,757
403,766
389,457
29,191,598,990
29,40
55,811
184,242,554
726,879
15,775
102,732
128,189
71,616
259,618
147,464,619,646
34,350,468
65,464
38,394
58,342
297,918
92,339,359
860,984
118,719
118,228
76,170,171,221
141,648
5,141
50,92,336
124,373
13,224
56,418
347,442
83,548
85,476
33,184,303
79,345,891,903
86,477
150,280
376,387
188,800
60,212,768
267,565
46,348
495,617
183,475,527,954
23,954
51,793
74,309,929
51,164
323,990
12,664
64,684
490,543
488,864
57,266,346
226,235,582,827
161,488
245,582
357,801
379,880
537,572,998
408,611
232,839
191,845
558,643,774,927
844,959
118,887
176,179,712
22,933
98,530
269,650
111,349
380,586
121,957
564,606,972
195,262,337,396
124,256
102,853
39,172
440,929
97,483,631
406,1000
449,949
119,591
31,614,962,991
57,316
229,735
411,442,777
19,870
419,426
136,765
261,685
36,752
187,837
53,582,696
285,561,739,915
148,915
61,761
299,797
68,425
105,319,469
169,649
106,713
518,763
434,780,805,869
47,856
273,725
668,699,790
114,246
290,882
280,996
152,551
173,728
500,861
20,606,851
143,219,492,513
344,437
81,936
335,888
444,958
241,436,913
641,864
55,696
178,778
64,147,391,724
220,391
156,939
77,248,595
77,555
127,687
240,652
21,361
94,184
80,633
144,171,215,803
73,353,977
32,648
177,333
446,997
8,549
532,626,994
160,948
13,213
140,710
153,441,593,859
784,899
405,433
373,695,932
166,571
244,384
830,978
122,204
139,889
371,382
138,151,201,275
107,334,980
306,485
306,322
131,468
82,662
189,484,692
439,609
311,970
120,170
424,669,740,966
89,199
89,955
58,211,873
130,919
231,291
339,746
399,922
481,663
580,950
277,290,884,947
429,646,820
7,946
7,30
181,894
93,749
216,467
528,689
265,327
42,759
37,110,254,974
355,554,794
12,254
143,793
383,931
38,210
239,578
317,504
155,921
35,421
182,413,479,586
95,374
374,843
24,443
50,720
52,772
416,598
364,562
287,538
309,352
347,691
310,365
2,835
15,976
249,395
152,911
112,877
360,706
702,951
460,823
70,198
462,807
324,909
674,914
206,510
116,459
250,711
566,924
374,981
305,328
16,865
75,202
313,789
482,869
403,754
196,445
71,875
452,751
541,923
898,963
362,967
203,825
390,999
879,908
304,477
354,676
597,850
462,656
240,512
258,478
