276,354,478
476,660
103,456,604
83,682
235,742
91,108
36,156,381
76,380,880,906
47,327,438,675
83,369
57,352,643,881
408,897
417,656
537,572,998
87,174,197
367,460
209,274
97,483,631
419,522
35,51
269,329,507,806
59,73,796
425,443,891
79,677
57,614
239,250
625,909
13,164
11,260
491,655,681
41,154,480,610
143,155,380,564
126,658
2,45,224
73,921
142,423,858,965
478,852
110,392
299,663
73,353,977
159,523
49,288
138,463,555
124,256
249,395
58,284,527,602
144,298,348
113,474
389,543,559,839
57,87,552
469,526,825
184,242,554
40,340
529,810
145,212,696
66,72
69,356,684
205,415
143,219,492,513
114,163,461
154,768
97,201
217,253,537,631
511,885
42,149
330,506,658
26,148,698
214,912
112,996
53,582,696
388,973,995
66,708
550,577
61,311,324
19,61,892
259,405,848
202,343,836
41,536,539
59,150,328
70,344,489,757
17,508
889,985
255,428
187,822
395,591,608,976
117,126,157
250,722,870
424,669,740,966
246,860
118,436
43,164,353
45,196
123,694
2,835
107,295,619
310,706
278,363,384
95,374
219,563,669
33,132
179,579
50,552
21,618
566,669
54,295,435
26,382
386,570
315,361,958
518,651
5,90,308
7,999
304,400
47,51,467
69,178,519
314,814
51,164
502,844
347,691
411,416,469
64,206
368,990
37,189
223,285,680,917
214,642
88,104,172
615,736,964,981
488,864
264,292
147,464,619,646
56,418
68,218,607
37,110,254,974
205,437,930
33,94,312
148,638,739,746
241,691
98,383
14,30,376
171,210
426,718
390,558
4,282
778,813
41,690
87,791,905,974
64,357,622,853
531,907
19,456
15,22
163,277
8,61,330,499
33,83
231,359,429,752
776,892
159,775,877
191,845
80,633
844,959
177,607
448,583
350,386
202,542
311,412,442,487
365,686
523,774
655,980
104,474
379,546,816,975
702,923
443,530,816
20,201,912
375,492,932
108,287,517,887
285,802
282,670
278,639
316,597
599,619,853
131,611,762
16,34,43,935
104,495,533,588
109,433,592,919
360,877
109,378
22,156,703
84,232,596,797
709,823
528,829
10,104,508
97,187
304,477
15,56,59
374,981
247,734,761
131,468
147,195,231,581
283,296
324,420
1,90,553,556
192,949
610,672
171,612
185,246
218,306
23,183,327,603
222,730,835
210,576,758,887
612,747
8,440
401,755
12,254
31,175,522,523
111,576
181,360,607
422,981
63,146,900,929
67,668
149,213,415
796,906
446,586
44,58,303
6,438
25,179
117,253
301,444
100,140,899
309,317
154,997
472,755
14,57
283,645
73,727
215,271,730
4,157
194,637
39,707,955
162,196
205,555,595
146,477,707
673,798
211,506
60,222
27,191,499
147,220
195,262,337,396
67,200,414
184,574
435,679
242,507
9,654,716
416,598
136,455,465,592
16,178
22,202
152,622
300,566
239,671
13,975
138,786
87,148,300,542
450,504
414,580,792
118,773,808
137,963
70,103
101,507
865,938
281,424,584,842
417,612
81,936
56,270
60,517
29,40
42,265,900,942
290,362
102,853
50,92,336
597,997
23,659
53,363,899
46,190,420,737
93,151,624
367,941
301,794
74,440,470
14,272
130,401,934
4,132
31,74
212,293,626
15,775
376,803
11,471
165,252,581
623,961
214,689,834
279,523,952
259,618
130,919
192,583
281,350
694,796
269,716
39,122,512
213,902
17,64
331,595
23,312,332,514
166,571
153,901
369,956
28,385,478
221,466,918
71,710
49,146
47,176,555,631
403,434,888
21,115,901
562,688
58,561,903
248,278,499
511,774
15,60,142,188
29,191,598,990
363,471
38,150,226,413
69,373,789
318,776
480,990
444,958
358,878
346,603,606,737
216,482,605,904
71,875
200,667,870
711,716
596,655
49,604,620
94,741
178,406,841
41,534
335,511,712
511,960
77,564
55,696
20,247,480
172,225,238,648
304,847
57,194,325
193,432,456,627
245,960
58,809
131,425
750,951
173,770
390,999
625,894
242,564,691
189,898
289,883
36,325
200,475
140,715
372,829
139,603
146,181
483,809,885
20,785
668,969
186,449,686,809
19,870
81,493
72,142,920
265,643,688
382,808
174,379
152,449,621
345,961
263,679
222,524
208,311
27,33,346
442,545,633
654,768
169,611,918,965
58,316
289,994
119,591
8,605
247,279,306
32,613
106,622
306,322
17,735
47,67,234
369,681
177,333
175,223
527,598
445,530,583
234,356
132,193,302,533
371,393,545
4,167
151,253,279,340
199,872
250,711
149,656
158,297,989
121,700
199,905
77,760
165,229,631
447,571,907
148,915
625,781
225,577
12,313
25,497
48,293,705
334,491
70,871
41,284
186,215,866
575,630
302,840
63,74,372
34,155,188,577
95,326
627,697,956
27,589
89,98
497,632
464,484,890
56,895
332,799
152,551
71,110,362,453
46,67
414,714
319,917
131,421,660
30,529,861
911,938
21,501
2,27,338,491
139,383
331,335,460
39,484,896
91,183,652
92,148,994
67,130,185,397
395,422
99,444
16,804
157,544,654
103,106,447,503
183,475,527,954
97,799,861
36,461,868,884
369,385
229,735
372,458
42,217,941
230,787
207,233
227,267,889
274,317,387
496,975
233,403,983
115,649
176,179,712
767,838
368,508,667,828
364,380
101,308
647,956
31,218,644
36,407
25,193
211,282
92,599,931,957
205,784
100,308,509,756
257,604,647,782
94,991
748,925
341,953
56,143
190,482,788
19,845,969
91,547,696
135,162,333
87,320,652
266,327,589
377,612,666
565,940
585,846
715,893
329,883,948
10,23
522,826
144,531
73,547,914
80,229,592
86,628
158,215,364,538
493,575
324,909
150,835
203,347
94,322
356,624
408,611
93,132
541,661
402,818
24,99,364,601
111,349
141,871
126,467
89,367,646,943
116,143,840
97,279,761
208,400,653
209,476
603,815,970
42,386,760,884
343,689,749,783
117,533,962
629,818,936
3,25,974
60,212,768
44,197,675
82,712,727
13,60,930,988
495,617
161,510
3,85,568
333,439,846
178,778
181,432
344,441,456
165,446,876
358,577
411,606
539,645,968
221,775,789
227,773,966
685,893
34,704,769
556,672
271,290,791
109,520
226,621
252,565,865
116,757
204,362
35,79,152,877
65,532,567,757
18,593
164,340,599
44,532,863
31,175
3,84
544,701
22,102,980
109,428
37,422,724,819
545,662
396,992
154,318,678,989
235,690,892,935
107,439,868
98,111
54,111
321,634
26,705
36,49,473
80,535
383,931
296,580
129,766,873
172,305,374,473
6,62
826,834
226,940
209,583
452,751
445,483
397,497,545,556
236,385
62,360
513,581
179,495,693
112,877
134,650
367,607
270,748
98,166
78,180
290,882
5,282,613
158,560
143,793
23,954
70,277,640
105,117,412,701
196,219,827,985
299,797
862,928
238,344,479
113,125
181,894
5,49,195
61,198,376,503
145,159
162,393,430,559
87,273,690
124,313,536,996
122,177
1,561
6,75,755,824
139,505,557,846
726,879
72,178,219,606
140,710
17,420
32,228,292
2,530,576,989
41,72,916
200,315,474,570
651,920
342,346,858,977
145,993
45,224,902
505,947
438,579,605
233,807
8,537,857
21,334,740
53,164,180,418
207,366,401
377,384
435,953
216,323
145,228,261,418
433,666,733
571,875
43,569
406,1000
254,623
54,358,664,970
30,323
423,550,594
35,66,687
135,232
55,983
454,795
144,237
104,815
332,935
479,656,794
11,375
2,496,598,798
57,266,346
574,657,666
116,459
72,188,753
40,131
564,606,972
160,255,653
8,105,223,770
75,202
163,755
552,772,893
166,271
376,588
212,228,568,750
133,756,921
161,488
197,342,857
124,373
67,470
97,320,591,643
120,245,724
273,599
29,356,644
23,274
48,274
434,780,805,869
192,729
187,223
113,253
363,395
174,473
329,338
129,251,409
298,685,931
194,535,734
117,783,839
384,563,687
751,991
238,967
190,204,249
266,334
124,284,394
134,256
147,532
82,86
378,460
13,21,932
59,444
241,314
2,21
128,202,630
85,270,423
540,746
115,129,494,665
232,839
320,456,637
75,879
14,167,260,303
45,227
51,793
18,82,240
189,484,692
36,199,943
6,945
206,215
307,371
30,303
68,425
193,553,883
351,899
510,517,934
137,459
32,820
119,384,775
131,988,993
52,86
153,441,593,859
6,71
617,942
407,455
119,415
576,934
61,854
8,240
29,406,913
273,361,563,708
218,847
204,256,405
419,426
180,235
429,646,820
382,453,671
172,441,963
86,609
26,500
93,99,352
33,184,303
345,702
233,472,721
454,569
85,476
47,790
102,139,360,756
48,78,120,256
205,541,863
299,853
1,334,948
198,266
429,549
28,795,897
348,906
7,283
173,457,497
45,76,351
126,584
432,520,831
360,706
674,914
676,729
7,368
168,450
58,342
318,528
9,183,274
122,252
218,978
301,928
10,66,394,679
1,385,428
133,564
80,298
399,595
210,845
16,865
17,81
99,154,293,315
240,652
20,42,251
499,526,537
205,862
136,295,307
105,332,450,483
93,749
24,379,796,903
109,328
372,874
498,677
142,832
14,129
267,695
120,221,764
135,358
587,912
460,823
85,192
98,288
348,851
94,151
182,413,479,586
139,189
63,211
199,402,933
28,82,404
33,442,670
1,170,588
415,570,1000
391,455
167,187,275,748
509,703
250,549,941
138,311,984
5,208,289
339,746
452,605
89,199
292,594,842
72,678
77,133,234,399
248,943
78,212,602
59,168
13,500,768
40,216,506,971
60,968,997
128,505
169,649
121,230,692
77,175,579
258,478
45,222,649
95,240,550,859
41,924
94,134
139,889
157,251,296
142,581,623,773
357,801
618,766
99,121,398,978
97,783
52,657
204,561,884
10,67
11,764,863
54,400
315,568,764,876
185,263
434,856,939
448,814
333,767
418,494
254,616
195,231,349,365
264,880
227,424
551,946
56,287
24,182
194,485,909
373,695,932
32,648
69,150
31,71,559,608
25,111
258,735
167,272
102,567,610
54,385,769
465,703
137,342
161,243,658
77,555
28,848
173,366,987
33,103
114,246
86,147
195,497
349,824
638,787
137,353
123,302,377,448
289,298,336
64,180,425
22,202,662
188,800
96,156,220
88,526
134,800,973
43,241,314
326,700
351,379,988
413,678
640,762
324,521
42,759
63,104,485,766
236,547
100,383
345,934
466,758
393,571
168,729
233,908
226,235,582,827
440,929
236,238
321,922
267,448,951
185,746,979
409,939
78,713,865
129,835
718,837
47,235,971
15,901,961
10,925
424,743
122,493,616
160,590
11,479
155,377
322,486
566,645
80,197,234
28,613
532,626,994
281,524
224,695,727,937
245,762
25,389
129,809,927,952
264,330
354,676
454,738
44,352
431,580
69,596
475,512
249,501
107,334,980
166,299,872
91,168,341,404
452,982
240,478
526,668
269,452,709,821
29,522,614
237,563
620,767
400,502
466,988
119,180,244
76,85,281
566,924
190,426
354,955
34,413,977
76,740
303,498,662,734
519,874
88,125
234,917
31,490
378,503
381,620
826,900
50,627
99,261
485,748
546,558
786,939
79,305
60,855
206,986
149,169,743
62,277,529
374,761
85,657
160,948
162,266
337,578
39,367,627
363,388,683,731
9,701
61,528
153,801
39,172
305,772
137,539,601
18,70
136,950
120,758,817
125,824
115,123,683
198,693
604,781,944
18,490
524,925
18,53,198,802
57,176,942
64,277,357,697
8,519,821
100,101,208,481
154,811
18,334,833
320,392
116,134
359,369,381
745,858
50,391,782,908
46,127,149
200,506,521,785
94,184
193,243,741
66,276,368
117,507
75,140,174
830,978
114,981
160,502
255,396
313,789
211,378
238,239,307,509
101,630
272,815
106,410,477
490,543
19,251
89,236
305,453
28,204
5,75,367
216,467
81,638
72,445,660
22,933
512,557
392,407
79,345,891,903
472,979
12,50,457
114,173,604
51,99,431
40,191,549
540,758
286,866
153,707
232,757
20,972
318,486
675,850
697,791
22,106,531
255,360,875
287,812
17,578,681
50,354
148,560
89,639
522,862
414,999
668,699,790
92,994
70,198
24,443
35,567
387,614
92,339,359
19,247,458
230,463,810
148,481,577
443,862
27,777
44,335
64,147,391,724
105,319,469
556,625,907
108,164
463,495,658,873
298,767
220,391
112,281
553,616,818
300,397
370,426
162,208,945
196,586,811
113,535
219,832,995
110,147,276
637,698
6,769,819
11,771
343,726
209,261
37,88,454
3,381
12,633
15,41,256
538,793
404,721,833
35,196
323,337,351,455
591,674
183,338
885,941
15,745
138,218
9,856
119,259
219,269
806,916
62,491
56,118,415
17,96,366,472
175,970
256,932
52,772
66,471
87,493
590,808
818,831
260,268
37,752
509,531
390,635
525,798
569,717
22,967
130,836
214,904
53,131
222,449,639,708
62,357,732
265,279
40,217,234,711
88,167,217
516,784
247,312
44,529,925,969
116,928
450,950
673,737,885
34,496,605,1000
589,823
63,330
76,302,462
787,834
98,401
399,463
58,211,873
270,795
220,291
33,427
151,468
311,970
199,784,872
241,601,813
278,983
48,410,930
69,237
127,714
30,60
879,908
212,754,881
210,275
127,169,210
79,91,524
347,527
103,455,979
378,496,597
8,101,179
73,278
25,231
146,227,779
264,500
327,823
731,874
123,520
50,859
95,341,559
280,644
141,648
159,547
2,965,966
12,664
493,578
238,451
83,548
267,565
410,539
205,479,742
96,100,271
138,487
366,953
27,184
784,899
93,548
294,962
249,394
78,608
515,650,860,919
55,398,848
14,55,191,635
272,693
171,568
4,77,790
310,391,819,980
54,141
346,548
145,350,433
142,546,719
310,600
302,410
105,217,799
104,854
21,361
482,502
137,301,476,840
703,846
462,546
303,554
196,445
26,34,488,738
170,188,287,763
113,132,855,929
157,309,714,861
105,514,544,810
600,683,838
629,725
11,551,623,867
890,989
500,861
159,226
146,461,607
297,918
446,997
62,90,336
121,146,481
151,325,348
206,315,425
451,873
81,598
23,46,359
70,240,626
3,140
909,926
55,811
32,600
259,906
375,517,750
40,62,408,458
197,309,343,573
723,920
60,127
324,714
713,964
35,142,749
272,501,575,924
58,682
102,732
496,860
276,945
248,340
754,821,978
408,661,719,747
111,621
166,246,545
83,92,446
77,223
177,243,648
207,402
2,96,265,632
107,295,300
269,650
20,234
594,875
91,93,365,926
120,351
96,276
271,807
403,766
139,679,753
36,694
136,299,326
85,127,278,744
258,472,575,959
18,878
249,795
739,947
26,804,890,993
207,430,987
124,889
359,393
112,566,985
287,923
43,56,361,745
176,419
120,213
158,196,394
31,614,962,991
189,263
182,327
308,908,910
641,864
145,844
38,149
225,867
412,891,958
228,719,729,897
571,628,725
207,400
504,952
247,251,419,667
129,181,586
114,502
584,828
92,128,300,371
500,920
52,357,561,609
101,262
18,52,402,992
310,365
271,317,350,949
534,623,895
61,175,919
723,812,866
916,998
122,728
305,374
5,243
68,78
246,732
125,938
155,731
39,791
25,257
439,692
294,805,806
751,815
86,477
336,339,640,896
526,985
780,947
388,398,471,494
289,354
16,301,370,913
294,331
296,673
118,516
54,67,166
216,659
190,312
362,967
288,337
144,702
248,514
286,459
257,341,590
206,677
514,831
428,732
53,560
11,570
107,225
702,951
230,654
217,521
387,741
52,594
388,470
161,364,546,789
157,250
16,314
386,612
618,938
227,773
135,831,894
441,637
207,632
219,669,960
121,140
407,461,582,744
322,458
136,304
190,220
90,948
268,416,760
96,893
229,304,392,838
10,452,535
126,421,887,953
74,309,929
5,141
213,486
118,887
240,512
118,895
202,590,720
275,399,716
36,752
1,429
364,897
260,482,780
49,90
322,558,852
515,722
55,313,454
355,554,794
309,352
101,801
860,984
482,869
130,617,810
21,417,551
259,572
309,837
576,657
203,420
541,923
73,95
120,170
717,812,935
487,801
306,485
280,996
74,593
510,785
252,744
792,850
347,442
65,128,362,847
316,474
43,421
13,440
40,549,579
63,450
24,178,661
185,664
85,168,736
674,762
209,832
918,986
306,332
349,820
118,228
37,255,285,957
133,183,311,737
179,325
273,349
7,30
505,738
547,960
239,578
142,708
225,465
90,575
609,633,715
29,138
45,113,735
65,326
14,467
466,800
81,135,304,509
118,719
231,291
38,210
115,689
388,445,516,563
51,431
251,706,999
376,387
44,295
339,670
122,204
38,214,806,819
19,132,642,792
38,155
244,384
174,239
287,538
323,990
73,145
156,939
144,923
198,420
580,950
7,9
80,585,720
355,380
468,727
199,299,653
198,322,409
161,641
24,68,244,318
76,170,171,221
12,32,110
114,285
46,125
92,276,422
335,539
143,227
368,417
128,189
65,320
484,753
373,517
207,525,536
13,224
129,200
7,467,480,845
56,161,215,639
165,286
6,397
573,675
1,464,753
752,898
688,759,971
4,166
128,187
150,849
573,995
89,955
825,856
3,12,110
108,143
204,625
70,239
263,436
46,348
7,57,416
857,992
66,574
614,709
267,347
386,973
292,963
173,769
138,345,871,993
277,290,884,947
462,656
220,225,365
17,292
78,158,297,858
2,180
15,976
269,316,555
32,135,308,439
9,356,699
138,151,201,275
176,851
75,520
543,594
319,474,503
102,128
747,804
52,109
535,659
169,774
88,126
16,350
38,417
379,880
201,213,329
28,156
105,922
38,628
31,521
71,827
374,843
317,504
177,465
102,700
28,95
44,855
26,212,283
329,991
255,542
17,779
155,921
42,434
529,821
103,122
427,982
187,837
286,386,611
462,914
95,195
505,824
449,949
157,180
698,871
380,586
512,721
390,695,840
740,803,848
700,838,987
491,520,736,907
254,915
66,123,144
481,663
107,263
572,982
156,239
261,685
258,692
12,141
437,915
39,59,214
291,489
96,163,291
270,949
55,827
364,562
621,747
413,666
528,910
17,600
123,568
64,559
59,398
194,352,589,822
78,718,832
538,902
431,864,876,891
389,620,636,697
242,282,430,476
135,273,288,307
89,388,653
15,249
307,341,894
402,578
451,878
194,409,707
365,451,557
9,377,800,905
620,721
324,743
64,328
630,736
98,530
174,632
241,373,540
447,704
19,343,886
216,412
79,506
13,213
336,613
186,591,958
27,133,584
771,841
29,183
48,75,150,344
528,689
182,519
597,850
13,602
57,316
110,494
130,184,508
235,245,560
80,109
186,574
83,701
230,635
111,626,676,872
103,300,610,905
699,770,834,869
532,849
165,189
119,867
220,243
38,394
108,169,380,892
285,561,739,915
