1,675 : 0.10000000000000009
1,802 : 0.10000000000000009
549,675 : 0.10000000000000009
778,802 : 0.10000000000000009
6,664 : 0.10000000000000009
6,796 : 0.10000000000000009
11,903 : 1.8833333333333333
394,903 : 1.8833333333333333
640,903 : 1.725
903,969 : 1.725
14,650 : 1.15
436,650 : 1.15
650,712 : 1.15
26,78 : 0.10000000000000009
78,212 : 0.10000000000000009
27,654 : 0.9916666666666667
465,654 : 0.9916666666666667
654,987 : 0.9333333333333336
30,515 : 0.10000000000000009
515,863 : 0.9333333333333336
41,489 : 0.10000000000000009
489,628 : 0.10000000000000009
43,845 : 0.10000000000000009
348,845 : 0.20000000000000018
52,322 : 0.10000000000000009
111,322 : 0.10000000000000009
57,583 : 0.7041666666666668
57,632 : 0.5750000000000003
57,730 : 0.09999999999999987
605,632 : 0.09999999999999998
632,822 : 0.7041666666666668
79,730 : -0.21666666666666679
60,247 : 0.10000000000000009
210,247 : 0.20000000000000018
68,544 : 0.10000000000000009
68,621 : 0.10000000000000009
70,414 : 0.10000000000000009
400,414 : 0.10000000000000009
79,514 : 0.10000000000000009
92,460 : 0.10000000000000009
204,460 : 0.10000000000000009
100,170 : 0.10000000000000009
170,214 : 0.10000000000000009
101,382 : 0.10000000000000009
101,781 : 0.0
381,382 : 0.10000000000000009
119,781 : 0.0
103,294 : 0.10000000000000009
294,466 : 0.10000000000000009
112,144 : 0.10000000000000009
144,374 : 0.10000000000000009
117,496 : 0.10000000000000009
117,993 : 0.10000000000000009
496,736 : 0.10000000000000009
349,993 : 0.10000000000000009
119,183 : 0.10000000000000009
183,260 : 0.10000000000000009
124,522 : 0.10000000000000009
502,522 : 0.20000000000000018
125,198 : 1.15
198,397 : 1.15
198,701 : 1.15
137,177 : 0.41666666666666663
137,568 : 0.8333333333333336
137,941 : 0.8333333333333335
177,920 : -0.21666666666666679
219,568 : 0.10000000000000009
160,281 : 1.15
275,281 : 1.15
281,316 : 1.15
161,264 : 0.10000000000000009
161,713 : 0.10000000000000009
264,534 : 0.10000000000000009
713,861 : 0.10000000000000009
172,218 : 0.10000000000000009
172,311 : 0.10000000000000009
353,920 : 0.10000000000000009
180,282 : 0.20000000000000018
180,560 : 0.10000000000000009
282,660 : 0.10000000000000009
184,765 : 0.10000000000000009
739,765 : 0.10000000000000009
196,326 : 0.10000000000000009
326,924 : 0.10000000000000009
197,512 : 0.10000000000000009
197,723 : 0.10000000000000009
199,938 : 0.10000000000000009
804,938 : 0.10000000000000009
205,324 : 0.10000000000000009
324,696 : 0.9333333333333336
210,709 : 0.10000000000000009
279,951 : 0.10000000000000009
458,951 : 0.10000000000000009
285,616 : 0.10000000000000009
285,972 : 0.10000000000000009
300,323 : 0.20000000000000018
300,333 : 0.10000000000000009
310,323 : 0.10000000000000009
319,696 : 0.9916666666666667
506,696 : 0.9916666666666667
325,698 : 0.10000000000000009
698,773 : 0.9333333333333336
334,697 : 0.10000000000000009
423,697 : 0.10000000000000009
343,378 : 0.10000000000000009
346,378 : 0.10000000000000009
348,408 : 0.10000000000000009
392,818 : 0.20000000000000018
392,890 : 0.10000000000000009
667,818 : 0.10000000000000009
395,987 : 0.10000000000000009
398,470 : 0.10000000000000009
398,685 : 0.10000000000000009
454,753 : 0.10000000000000009
454,843 : 0.10000000000000009
753,983 : 0.10000000000000009
464,773 : 0.9916666666666667
651,773 : 0.9916666666666667
502,587 : 0.10000000000000009
504,769 : 0.10000000000000009
769,988 : 0.10000000000000009
538,863 : 0.9916666666666667
783,863 : 0.9916666666666667
520,774 : 0.10000000000000009
520,927 : 0.10000000000000009
529,665 : 0.10000000000000009
529,695 : 0.10000000000000009
530,917 : 0.10000000000000009
917,958 : 0.10000000000000009
543,983 : 0.10000000000000009
580,913 : 0.10000000000000009
580,985 : 0.10000000000000009
590,706 : 0.10000000000000009
705,706 : 0.10000000000000009
605,882 : -0.21666666666666679
882,965 : 0.10000000000000009
640,900 : 0.10000000000000009
659,969 : 0.10000000000000009
772,888 : 0.10000000000000009
888,925 : 0.10000000000000009
9,733 : nan
12,389 : nan
16,178 : nan
25,344 : nan
31,141 : nan
34,223 : nan
36,271 : nan
48,56 : nan
51,551 : nan
55,662 : nan
58,593 : nan
63,643 : nan
76,243 : nan
77,501 : nan
88,559 : nan
90,332 : nan
106,975 : nan
107,519 : nan
109,422 : nan
129,842 : nan
138,410 : nan
140,567 : nan
158,867 : nan
165,533 : nan
171,503 : nan
220,268 : nan
225,895 : nan
229,258 : nan
232,825 : nan
233,981 : nan
239,708 : nan
242,746 : nan
259,879 : nan
267,495 : nan
276,700 : nan
287,693 : nan
288,508 : nan
292,355 : nan
305,384 : nan
338,488 : nan
341,672 : nan
356,991 : nan
360,928 : nan
369,740 : nan
375,960 : nan
385,812 : nan
390,658 : nan
393,922 : nan
402,949 : nan
413,848 : nan
416,886 : nan
432,602 : nan
435,608 : nan
441,899 : nan
442,999 : nan
445,940 : nan
475,573 : nan
476,824 : nan
484,852 : nan
497,666 : nan
509,849 : nan
536,677 : nan
553,597 : nan
576,831 : nan
588,800 : nan
595,711 : nan
656,839 : nan
669,840 : nan
720,735 : nan
759,967 : nan
779,955 : nan
789,856 : nan
807,971 : nan
826,962 : nan
869,930 : nan
870,896 : nan
2,555,769 : nan
3,268,664 : nan
4,230,836 : nan
7,302,621 : nan
7,363,839 : nan
10,513,520 : nan
11,693,697 : nan
15,130,819 : nan
15,549,669 : nan
18,22,43 : nan
21,299,800 : nan
26,651,864 : nan
29,778,891 : nan
32,663,741 : nan
33,889,982 : nan
35,259,633 : nan
35,310,481 : nan
35,369,594 : nan
35,861,903 : nan
36,466,790 : nan
36,934,998 : nan
37,91,968 : nan
43,814,960 : nan
47,656,985 : nan
49,524,622 : nan
54,122,649 : nan
55,100,149 : nan
57,409,922 : nan
60,113,674 : nan
62,310,939 : nan
66,684,931 : nan
67,315,325 : nan
68,211,953 : nan
69,191,367 : nan
75,573,695 : nan
77,308,717 : nan
78,164,946 : nan
81,620,681 : nan
83,510,934 : nan
91,396,580 : nan
96,455,856 : nan
99,568,966 : nan
101,420,629 : nan
103,185,709 : nan
103,322,595 : nan
105,617,707 : nan
113,706,965 : nan
114,257,527 : nan
120,235,881 : nan
125,314,863 : nan
125,361,964 : nan
126,164,625 : nan
128,358,482 : nan
132,749,914 : nan
135,147,590 : nan
137,354,993 : nan
137,560,918 : nan
139,524,972 : nan
145,316,576 : nan
145,416,480 : nan
146,471,652 : nan
151,435,846 : nan
156,486,698 : nan
158,360,450 : nan
164,193,850 : nan
165,237,583 : nan
166,314,413 : nan
174,510,743 : nan
175,249,949 : nan
175,595,705 : nan
175,871,952 : nan
176,831,950 : nan
177,694,705 : nan
182,338,982 : nan
191,602,657 : nan
198,612,896 : nan
198,700,821 : nan
199,956,970 : nan
200,258,762 : nan
202,731,853 : nan
203,511,745 : nan
210,696,897 : nan
215,558,594 : nan
219,290,810 : nan
220,658,986 : nan
222,405,995 : nan
224,368,591 : nan
226,587,930 : nan
228,335,693 : nan
228,379,638 : nan
230,479,970 : nan
231,248,491 : nan
239,345,404 : nan
242,247,315 : nan
243,581,699 : nan
245,279,610 : nan
249,313,442 : nan
251,745,874 : nan
252,270,707 : nan
253,392,767 : nan
254,821,954 : nan
263,352,450 : nan
272,438,745 : nan
277,408,501 : nan
283,612,804 : nan
283,649,801 : nan
303,485,578 : nan
306,808,914 : nan
316,807,836 : nan
318,527,673 : nan
329,638,876 : nan
339,712,916 : nan
349,597,916 : nan
354,705,841 : nan
357,359,852 : nan
357,776,881 : nan
363,452,846 : nan
368,549,663 : nan
369,471,982 : nan
370,567,961 : nan
379,495,904 : nan
380,471,833 : nan
381,405,731 : nan
388,656,723 : nan
390,710,715 : nan
398,451,509 : nan
404,696,843 : nan
408,432,533 : nan
411,469,524 : nan
414,704,970 : nan
417,709,745 : nan
425,575,993 : nan
426,697,834 : nan
433,524,805 : nan
433,727,997 : nan
437,510,599 : nan
443,642,891 : nan
453,499,605 : nan
457,522,529 : nan
462,767,877 : nan
465,646,707 : nan
469,690,696 : nan
489,939,972 : nan
491,534,735 : nan
511,515,919 : nan
512,604,727 : nan
513,781,969 : nan
514,611,711 : nan
517,587,792 : nan
530,758,820 : nan
537,539,760 : nan
543,677,742 : nan
547,595,851 : nan
555,601,611 : nan
558,696,697 : nan
572,725,912 : nan
582,654,919 : nan
588,640,992 : nan
596,810,884 : nan
619,763,990 : nan
620,624,642 : nan
624,694,858 : nan
626,739,816 : nan
639,691,703 : nan
639,968,983 : nan
642,801,880 : nan
642,929,996 : nan
665,801,831 : nan
677,694,765 : nan
693,719,757 : nan
702,715,894 : nan
730,916,917 : nan
800,867,918 : nan
838,908,993 : nan
875,898,909 : nan
0,6,159,902 : nan
1,51,928,936 : nan
2,300,569,773 : nan
2,559,768,997 : nan
3,501,763,978 : nan
5,220,387,804 : nan
7,44,932,991 : nan
7,70,263,308 : nan
7,89,356,693 : nan
7,404,695,923 : nan
9,174,455,776 : nan
9,483,545,965 : nan
11,452,528,885 : nan
13,123,841,895 : nan
14,47,409,805 : nan
15,121,290,461 : nan
16,313,485,808 : nan
16,337,468,841 : nan
19,28,642,951 : nan
19,324,645,961 : nan
24,30,93,839 : nan
27,112,578,826 : nan
29,165,315,794 : nan
29,170,322,570 : nan
29,442,905,988 : nan
30,32,252,340 : nan
34,83,174,961 : nan
34,335,816,872 : nan
35,451,529,568 : nan
37,50,264,539 : nan
37,247,311,517 : nan
39,98,507,648 : nan
40,78,175,740 : nan
42,47,579,966 : nan
43,171,595,621 : nan
44,131,277,646 : nan
46,554,591,868 : nan
48,407,659,722 : nan
50,56,472,485 : nan
51,88,279,619 : nan
51,217,293,883 : nan
52,80,175,252 : nan
52,605,882,986 : nan
53,98,100,816 : nan
55,265,407,417 : nan
58,562,612,721 : nan
60,165,634,636 : nan
63,169,533,585 : nan
64,130,224,731 : nan
65,79,350,750 : nan
68,120,273,736 : nan
68,357,880,919 : nan
69,303,329,981 : nan
70,591,682,714 : nan
71,87,353,596 : nan
71,172,620,804 : nan
73,349,715,773 : nan
76,258,606,717 : nan
76,332,539,957 : nan
79,305,495,733 : nan
80,85,560,670 : nan
81,554,900,923 : nan
83,289,607,895 : nan
84,270,776,864 : nan
84,336,690,877 : nan
94,531,650,988 : nan
97,644,821,999 : nan
98,283,795,944 : nan
100,128,171,553 : nan
102,177,504,755 : nan
102,201,457,711 : nan
104,341,668,895 : nan
105,166,217,602 : nan
105,188,405,573 : nan
105,418,448,777 : nan
106,216,431,772 : nan
106,574,680,940 : nan
107,197,487,761 : nan
109,328,731,754 : nan
110,249,644,764 : nan
110,470,557,926 : nan
110,918,974,997 : nan
111,167,260,662 : nan
111,232,593,723 : nan
115,309,871,901 : nan
117,214,387,744 : nan
118,424,504,962 : nan
118,637,651,908 : nan
120,312,601,902 : nan
122,729,834,923 : nan
130,235,359,927 : nan
132,411,448,875 : nan
133,183,297,563 : nan
140,455,567,892 : nan
144,246,397,582 : nan
146,400,692,786 : nan
147,639,924,979 : nan
149,761,816,958 : nan
150,222,479,883 : nan
153,307,587,931 : nan
154,400,422,530 : nan
155,204,377,935 : nan
155,255,464,631 : nan
155,375,379,773 : nan
159,486,600,889 : nan
160,242,412,796 : nan
161,188,670,743 : nan
162,648,916,978 : nan
170,556,760,946 : nan
174,505,665,889 : nan
175,315,536,595 : nan
181,182,568,927 : nan
183,430,520,548 : nan
186,536,558,589 : nan
187,353,660,736 : nan
189,614,679,753 : nan
195,454,619,885 : nan
198,221,737,858 : nan
200,537,859,902 : nan
201,423,463,893 : nan
204,342,494,976 : nan
205,309,816,988 : nan
206,618,713,972 : nan
207,260,800,935 : nan
207,743,764,795 : nan
210,277,339,805 : nan
212,232,651,863 : nan
214,215,443,787 : nan
214,321,835,902 : nan
219,384,664,885 : nan
221,525,565,838 : nan
223,359,463,938 : nan
225,460,470,987 : nan
227,240,532,748 : nan
228,693,735,736 : nan
231,336,499,903 : nan
232,349,770,866 : nan
235,385,445,551 : nan
236,622,855,942 : nan
237,534,573,872 : nan
243,434,752,955 : nan
246,587,838,843 : nan
247,248,584,883 : nan
247,275,291,433 : nan
247,281,330,600 : nan
256,431,476,664 : nan
257,292,335,545 : nan
257,352,594,858 : nan
257,477,622,774 : nan
258,492,557,975 : nan
259,639,721,818 : nan
260,658,686,989 : nan
262,466,744,839 : nan
263,366,923,985 : nan
265,428,836,975 : nan
270,343,386,403 : nan
277,823,825,949 : nan
278,361,531,838 : nan
279,343,624,757 : nan
285,308,460,839 : nan
285,556,761,850 : nan
289,700,729,915 : nan
291,442,810,900 : nan
295,338,651,738 : nan
300,553,916,963 : nan
307,355,487,672 : nan
317,413,626,697 : nan
327,617,968,976 : nan
339,363,800,987 : nan
349,620,787,817 : nan
350,533,742,853 : nan
353,547,945,967 : nan
363,457,713,980 : nan
366,507,595,830 : nan
369,520,738,868 : nan
373,392,499,817 : nan
381,440,490,983 : nan
385,593,705,996 : nan
386,500,555,925 : nan
391,600,674,720 : nan
395,541,790,979 : nan
395,820,828,830 : nan
404,506,678,759 : nan
406,483,805,836 : nan
410,620,850,899 : nan
412,455,620,955 : nan
418,575,737,965 : nan
422,557,669,700 : nan
429,461,749,987 : nan
430,456,581,827 : nan
430,632,821,978 : nan
433,716,765,876 : nan
434,436,522,806 : nan
436,471,715,892 : nan
437,547,572,894 : nan
438,492,799,966 : nan
447,630,637,986 : nan
447,676,756,776 : nan
454,779,790,963 : nan
460,551,565,879 : nan
474,625,823,882 : nan
476,546,554,644 : nan
486,506,916,929 : nan
489,619,635,726 : nan
504,628,726,765 : nan
515,688,942,946 : nan
526,670,841,849 : nan
544,702,872,977 : nan
597,828,858,957 : nan
603,613,654,803 : nan
604,617,938,955 : nan
638,698,881,924 : nan
701,757,868,937 : nan
774,787,934,998 : nan
0,132,204,593,868 : nan
1,133,150,688,781 : nan
2,5,80,121,650 : nan
2,31,94,426,459 : nan
2,74,444,511,631 : nan
2,101,304,621,722 : nan
2,125,310,794,930 : nan
2,507,601,610,703 : nan
3,226,558,577,627 : nan
6,632,678,930,972 : nan
9,104,402,782,839 : nan
10,11,195,466,524 : nan
10,54,112,176,501 : nan
11,21,38,610,898 : nan
16,513,797,845,977 : nan
18,220,665,700,807 : nan
18,445,452,481,739 : nan
20,437,438,457,699 : nan
22,247,284,935,965 : nan
24,30,264,839,905 : nan
24,209,440,493,928 : nan
24,321,381,562,943 : nan
26,161,209,234,490 : nan
27,32,78,158,204 : nan
27,296,315,883,897 : nan
28,243,385,530,849 : nan
29,95,109,130,364 : nan
29,173,495,549,608 : nan
31,83,262,313,965 : nan
31,688,699,901,943 : nan
34,255,356,468,574 : nan
35,156,290,612,666 : nan
35,277,318,440,534 : nan
35,278,306,683,747 : nan
36,209,224,613,730 : nan
37,562,575,643,817 : nan
38,232,567,607,891 : nan
39,323,346,822,992 : nan
42,120,193,412,947 : nan
43,56,526,652,802 : nan
43,131,519,523,559 : nan
43,179,323,406,908 : nan
43,189,400,513,683 : nan
44,281,434,847,868 : nan
46,140,512,589,708 : nan
49,52,153,215,544 : nan
50,56,495,699,979 : nan
50,128,154,262,966 : nan
52,70,510,673,710 : nan
52,126,174,308,359 : nan
52,296,587,606,996 : nan
54,297,336,718,886 : nan
55,127,187,467,835 : nan
55,213,428,867,960 : nan
55,251,650,671,940 : nan
57,469,671,850,931 : nan
58,96,120,160,349 : nan
58,197,310,355,612 : nan
60,132,296,438,970 : nan
61,407,704,708,850 : nan
61,469,604,796,919 : nan
63,118,141,207,959 : nan
64,396,580,741,778 : nan
65,132,375,536,589 : nan
67,490,569,582,716 : nan
68,446,516,760,962 : nan
70,133,354,806,895 : nan
71,85,539,562,612 : nan
71,335,445,461,824 : nan
72,163,549,695,886 : nan
73,210,331,613,903 : nan
73,279,503,812,872 : nan
73,451,743,777,801 : nan
73,617,814,894,985 : nan
75,92,448,503,921 : nan
75,223,250,640,779 : nan
76,292,396,408,666 : nan
78,195,197,332,518 : nan
79,82,151,307,543 : nan
79,100,348,449,467 : nan
79,186,446,600,889 : nan
81,116,124,240,398 : nan
83,139,212,602,933 : nan
83,265,465,736,788 : nan
84,104,259,796,832 : nan
84,160,230,851,955 : nan
87,96,258,316,506 : nan
87,151,318,452,818 : nan
88,218,613,645,947 : nan
90,181,547,614,742 : nan
91,500,654,661,734 : nan
91,514,567,650,688 : nan
91,678,793,819,824 : nan
95,308,474,762,820 : nan
97,202,350,379,680 : nan
97,473,746,812,868 : nan
102,681,697,921,971 : nan
108,151,200,470,495 : nan
113,144,563,683,970 : nan
113,207,401,490,769 : nan
115,149,160,216,999 : nan
117,120,453,660,786 : nan
117,221,410,572,659 : nan
119,190,463,874,900 : nan
119,403,447,633,801 : nan
121,244,608,614,846 : nan
123,261,489,753,800 : nan
125,150,318,618,765 : nan
128,168,477,552,615 : nan
132,356,494,570,684 : nan
132,571,592,827,954 : nan
133,178,335,621,636 : nan
134,297,558,597,615 : nan
135,191,239,554,951 : nan
135,272,276,593,738 : nan
137,180,455,622,745 : nan
137,421,596,715,953 : nan
138,214,347,583,770 : nan
142,675,681,811,914 : nan
146,357,433,726,885 : nan
147,199,304,747,885 : nan
147,498,512,677,868 : nan
151,174,188,711,763 : nan
151,275,339,485,621 : nan
151,516,725,779,804 : nan
154,161,446,671,845 : nan
156,189,362,384,960 : nan
160,305,608,664,951 : nan
162,199,767,840,961 : nan
166,381,454,630,827 : nan
167,637,689,794,890 : nan
168,602,952,992,994 : nan
170,189,322,341,872 : nan
175,398,566,847,944 : nan
176,417,422,713,866 : nan
177,267,393,496,701 : nan
181,383,504,693,806 : nan
182,481,581,794,987 : nan
183,249,735,742,894 : nan
187,189,685,745,976 : nan
187,236,280,405,500 : nan
187,252,449,612,806 : nan
188,202,247,285,949 : nan
188,279,711,745,841 : nan
191,289,537,916,989 : nan
192,278,293,454,855 : nan
192,335,414,608,756 : nan
199,718,803,861,877 : nan
200,317,435,737,779 : nan
204,209,420,511,714 : nan
204,358,487,791,889 : nan
205,404,755,821,986 : nan
206,259,666,754,939 : nan
208,354,528,541,855 : nan
210,373,400,570,787 : nan
210,475,502,905,980 : nan
217,439,611,817,821 : nan
222,456,465,660,934 : nan
222,504,895,916,927 : nan
223,240,777,821,924 : nan
228,328,439,610,993 : nan
228,351,583,681,857 : nan
232,294,311,517,912 : nan
232,394,481,517,720 : nan
232,568,701,866,988 : nan
244,249,716,740,990 : nan
258,498,655,735,861 : nan
262,391,474,764,979 : nan
262,493,495,785,846 : nan
263,404,475,647,672 : nan
266,530,572,596,637 : nan
267,346,355,495,522 : nan
271,389,559,682,730 : nan
275,338,459,492,827 : nan
281,374,491,660,842 : nan
281,421,570,705,985 : nan
282,369,541,676,775 : nan
285,356,373,513,738 : nan
290,410,430,750,767 : nan
290,457,600,748,809 : nan
294,367,452,548,848 : nan
300,508,670,736,992 : nan
304,383,582,650,702 : nan
305,534,596,823,840 : nan
306,636,703,885,954 : nan
316,558,602,833,955 : nan
317,332,409,659,919 : nan
318,620,715,804,814 : nan
332,396,738,827,849 : nan
333,375,669,761,797 : nan
333,407,497,617,923 : nan
334,386,415,681,840 : nan
359,552,702,871,928 : nan
364,417,512,551,779 : nan
367,489,497,769,780 : nan
368,426,691,895,992 : nan
372,539,829,930,931 : nan
390,432,481,507,574 : nan
390,566,763,854,994 : nan
391,408,582,709,949 : nan
396,483,615,685,786 : nan
420,501,515,698,855 : nan
422,425,822,839,847 : nan
424,586,855,860,952 : nan
425,426,487,506,725 : nan
479,598,643,705,984 : nan
491,591,624,778,914 : nan
512,531,609,663,898 : nan
560,617,673,716,920 : nan
569,577,648,660,988 : nan
606,670,729,872,940 : nan
1,205,224,545,583,792 : nan
1,326,471,519,893,902 : nan
2,66,333,714,725,787 : nan
3,161,314,502,655,760 : nan
3,352,457,486,588,696 : nan
5,179,647,802,895,916 : nan
5,468,612,761,804,868 : nan
6,80,231,536,646,763 : nan
10,305,459,641,763,879 : nan
11,113,326,506,649,801 : nan
11,223,401,596,622,897 : nan
11,445,484,548,624,870 : nan
12,68,366,367,413,990 : nan
12,97,198,515,831,883 : nan
12,181,269,381,636,960 : nan
12,213,486,681,805,997 : nan
13,128,281,381,822,993 : nan
16,139,542,858,869,925 : nan
18,26,158,734,897,927 : nan
19,56,487,559,608,863 : nan
22,44,105,270,668,892 : nan
24,63,225,256,509,774 : nan
24,293,324,573,696,957 : nan
26,47,276,328,539,934 : nan
27,93,260,456,846,858 : nan
27,182,584,596,623,653 : nan
27,252,277,744,824,929 : nan
27,356,367,404,580,750 : nan
28,314,635,737,837,921 : nan
29,62,155,200,566,572 : nan
29,99,202,472,554,830 : nan
31,61,157,592,694,757 : nan
32,246,525,663,886,894 : nan
33,62,342,568,635,813 : nan
34,143,291,404,672,699 : nan
36,54,219,264,268,707 : nan
37,56,78,220,355,658 : nan
41,105,275,593,622,843 : nan
42,71,145,203,292,845 : nan
45,114,518,557,819,902 : nan
46,305,339,516,620,892 : nan
48,145,175,188,724,871 : nan
49,209,221,409,419,954 : nan
51,342,501,625,635,971 : nan
52,235,730,775,796,805 : nan
53,66,667,845,859,900 : nan
54,108,209,461,538,835 : nan
54,129,161,344,496,904 : nan
54,177,457,551,626,819 : nan
55,322,334,465,816,979 : nan
59,163,358,408,526,824 : nan
59,282,324,822,834,865 : nan
61,142,444,470,843,873 : nan
62,229,519,585,715,924 : nan
63,117,158,343,860,879 : nan
63,117,250,260,667,743 : nan
64,241,486,732,882,936 : nan
65,197,415,461,642,766 : nan
66,81,505,819,912,941 : nan
66,195,343,466,543,849 : nan
68,146,243,246,423,985 : nan
68,530,646,830,923,986 : nan
69,265,351,523,730,792 : nan
70,109,401,680,689,748 : nan
72,327,374,407,478,727 : nan
75,146,329,342,364,716 : nan
75,154,290,375,765,768 : nan
75,231,234,436,722,832 : nan
75,354,570,651,792,993 : nan
75,439,698,843,904,914 : nan
75,535,589,731,871,888 : nan
77,102,104,293,416,966 : nan
77,189,270,440,720,763 : nan
78,84,139,275,346,440 : nan
78,303,697,752,824,964 : nan
79,128,610,695,803,833 : nan
80,267,563,581,602,949 : nan
80,386,403,455,464,803 : nan
82,85,91,340,441,528 : nan
84,192,257,764,781,827 : nan
90,177,575,576,689,737 : nan
90,673,750,810,811,838 : nan
92,537,592,795,833,857 : nan
93,98,476,699,705,882 : nan
95,148,172,339,653,733 : nan
96,377,411,449,539,770 : nan
96,395,761,775,831,931 : nan
97,330,399,628,645,753 : nan
97,417,468,479,492,740 : nan
98,145,213,563,797,965 : nan
101,147,195,428,496,883 : nan
103,195,252,571,701,912 : nan
104,340,660,721,774,911 : nan
104,547,847,862,864,950 : nan
106,243,332,355,401,825 : nan
107,295,368,638,911,942 : nan
108,337,526,673,711,836 : nan
110,210,228,472,779,920 : nan
110,358,804,818,893,899 : nan
115,156,193,458,483,706 : nan
117,233,642,668,713,734 : nan
117,363,585,658,935,974 : nan
118,252,401,423,628,976 : nan
119,271,430,459,798,915 : nan
121,157,250,795,922,949 : nan
124,224,548,569,641,942 : nan
125,325,514,546,789,921 : nan
125,336,444,886,894,924 : nan
126,271,515,553,593,881 : nan
127,241,256,345,480,963 : nan
127,246,267,515,689,740 : nan
127,322,503,517,759,989 : nan
127,323,391,521,719,887 : nan
127,366,371,547,575,728 : nan
128,231,346,640,727,833 : nan
130,226,316,403,815,832 : nan
131,174,270,659,713,983 : nan
133,134,545,841,886,911 : nan
133,208,333,649,818,937 : nan
136,360,673,687,777,886 : nan
138,161,209,255,507,606 : nan
138,229,371,447,810,900 : nan
139,386,402,566,718,728 : nan
140,332,570,860,948,990 : nan
144,451,664,743,751,941 : nan
147,183,509,545,721,803 : nan
147,202,217,325,514,609 : nan
148,159,162,343,497,584 : nan
149,512,642,678,748,810 : nan
151,185,248,280,437,945 : nan
151,318,341,485,677,742 : nan
152,173,618,724,891,931 : nan
152,255,600,611,722,946 : nan
154,424,493,521,524,659 : nan
157,316,385,589,934,961 : nan
158,277,295,433,790,841 : nan
159,390,568,603,690,997 : nan
160,521,548,744,856,926 : nan
164,173,410,499,666,779 : nan
166,248,326,471,563,855 : nan
166,687,735,739,771,959 : nan
169,194,280,356,392,680 : nan
169,358,384,490,582,734 : nan
176,239,400,693,866,907 : nan
176,266,367,551,753,930 : nan
179,513,727,757,881,884 : nan
181,316,444,727,867,911 : nan
181,395,536,606,734,769 : nan
184,519,653,685,831,923 : nan
188,267,297,490,723,925 : nan
188,275,450,807,822,915 : nan
188,350,360,578,795,967 : nan
190,220,642,645,660,942 : nan
197,199,224,445,530,979 : nan
198,247,355,631,905,973 : nan
201,409,687,775,816,885 : nan
205,422,429,457,463,729 : nan
205,642,652,754,862,962 : nan
207,252,441,467,529,920 : nan
209,293,479,559,878,948 : nan
217,232,610,699,941,948 : nan
219,533,610,680,802,805 : nan
220,284,416,684,844,894 : nan
223,465,577,627,679,836 : nan
227,267,369,784,827,829 : nan
228,415,494,495,784,970 : nan
233,237,264,838,915,958 : nan
234,491,667,886,953,996 : nan
235,403,512,819,933,993 : nan
239,428,640,751,844,999 : nan
242,283,577,747,801,845 : nan
244,259,535,653,844,892 : nan
247,360,720,762,777,821 : nan
252,476,512,929,951,961 : nan
260,470,655,807,900,908 : nan
262,678,739,786,792,999 : nan
263,301,736,896,897,976 : nan
279,346,373,631,924,930 : nan
280,281,407,679,943,987 : nan
280,307,331,422,782,841 : nan
282,501,532,901,924,973 : nan
282,675,858,888,925,981 : nan
284,385,502,727,848,917 : nan
287,329,454,609,719,976 : nan
290,482,588,740,798,877 : nan
294,361,428,602,678,902 : nan
296,332,559,588,862,962 : nan
303,378,388,559,772,809 : nan
305,327,547,742,798,873 : nan
308,537,697,716,804,940 : nan
310,653,755,825,909,967 : nan
311,358,557,683,806,981 : nan
319,381,525,632,666,678 : nan
324,462,480,645,968,981 : nan
332,441,552,784,893,987 : nan
352,469,482,704,734,980 : nan
356,380,477,607,687,950 : nan
359,507,720,759,855,955 : nan
359,509,606,689,906,945 : nan
363,521,588,667,707,776 : nan
371,437,475,567,672,893 : nan
372,418,492,544,585,921 : nan
414,564,678,742,787,893 : nan
430,482,521,569,595,921 : nan
434,496,539,576,586,783 : nan
464,566,757,856,866,987 : nan
486,505,537,587,684,934 : nan
490,499,591,663,708,901 : nan
520,541,823,844,851,891 : nan
585,825,891,961,972,979 : nan
594,643,692,900,924,956 : nan
