1 1 1
2 1 1
3 1 1
4 1 1
5 1 1
6 1 1
7 1 1
8 1 1
9 1 1
10 1 1
11 2 1
12 2 1
13 2 1
14 2 1
15 2 1
16 2 1
17 2 1
18 2 1
19 1 1
20 1 1
21 1 1
22 1 1
23 1 1
24 1 1
25 1 1
26 1 1
27 1 1
28 1 1
29 1 1
30 1 1
31 1 1
32 2 1
33 2 1
34 2 1
35 2 1
36 2 1
37 2 1
38 2 1
39 2 1
40 2 1
41 2 1
42 2 1
43 1 1
44 1 1
45 1 1
46 1 1
47 1 1
48 1 1
49 1 1
50 1 1
51 1 1
52 1 1
53 2 1
54 2 1
55 2 1
56 2 1
57 2 1
58 2 1
59 2 1
60 2 1
61 2 1
62 2 1
63 1 1
64 1 1
65 1 1
66 1 1
67 1 1
68 1 1
69 1 2
70 1 2
71 2 2
72 2 2
73 1 2
74 2 2
75 2 2
76 1 1
77 1 2
78 1 2
79 1 2
80 1 2
81 2 2
82 2 2
83 2 2
84 1 2
85 1 2
86 1 2
87 1 2
88 1 1
89 2 2
90 2 2
91 1 1
92 1 1
93 1 2
94 1 2
95 2 2
96 2 1
97 2 2
98 2 2
99 1 1
100 1 2
101 2 2
102 2 2
103 2 2
104 2 2
105 2 2
106 2 2
107 2 2
108 2 2
109 2 1
110 2 2
111 2 2
112 1 2
113 2 2
114 2 2
115 2 1
116 2 2
117 2 2
118 1 2
119 1 2
120 1 2
121 1 2
122 1 2
123 1 2
124 1 2
125 1 2
126 2 2
127 2 2
128 2 2
129 2 2
130 2 2
131 2 2
132 2 2
133 2 2
134 2 2
135 1 2
136 1 2
137 1 2
138 2 2
139 2 2
140 2 2
141 1 2
142 2 2
143 1 1
144 2 2
145 2 2
146 2 2
147 2 2
148 1 2
149 2 2
150 1 2
151 2 2
152 2 2
153 2 2
154 1 1
155 1 2
156 1 2
157 2 2
158 1 2
159 1 2
160 1 2
161 1 2
162 1 2
163 1 2
164 1 2
165 1 2
166 2 2
167 1 2
168 2 2
169 1 2
170 1 2
171 2 2
172 2 2
173 2 2
174 2 2
175 2 2
176 2 1
177 1 2
178 2 2
179 2 2
180 2 2
181 1 2
182 2 2
183 2 2
184 1 2
185 2 2
186 2 2
187 2 2
188 2 2
189 1 2
190 2 2
191 1 2
192 1 2
193 1 2
194 1 2
195 1 2
196 2 2
197 2 2
198 1 2
199 1 2
200 1 2
201 1 2
202 2 2
203 1 2
204 1 2
205 2 2
206 1 2
207 1 2
208 1 2
209 1 2
210 1 2
211 2 2
212 1 2
213 1 2
214 1 2
215 1 2
216 2 2
217 1 2
218 1 2
219 2 2
220 1 2
221 2 2
222 2 2
223 2 2
224 2 2
225 2 2
226 1 2
227 1 2
228 2 2
229 2 2
230 2 2
231 2 2
232 1 2
233 2 2
234 2 2
235 2 2
236 2 2
237 2 2
238 1 2
239 1 2
240 1 2
241 1 2
242 2 2
243 1 2
244 1 2
245 1 2
246 2 2
247 2 2
248 2 2
249 1 2
250 1 2
251 1 2
252 1 2
253 1 2
254 1 2
255 2 2
256 2 2
257 2 2
258 1 2
259 1 2
260 2 2
261 2 2
262 2 2
263 2 2
264 2 2
265 2 2
266 2 2
267 2 2
268 2 2
269 2 2
270 2 2
271 1 2
272 2 2
273 2 2
274 1 2
275 1 2
276 2 2
277 2 2
278 1 2
279 1 2
280 1 2
281 1 2
282 2 2
