-0.763951301574707
-0.8961882988611858
-1.2301967144012451
-0.7831480503082275
-0.7744135856628418
-0.5941153764724731
-0.850627064704895
-1.2025971412658691
-0.4774458408355713
-0.7741668224334717
-0.8234524726867676
-0.7859055995941162
-1.153730869293213
-0.6034936904907227
-1.1777410507202148
-0.610908031463623
-0.1944335699081421
-1.1619586944580078
-0.9071222543716431
-0.917689283688863
-1.0312964916229248
-1.4231302738189697
-0.8245260715484619
-1.097877025604248
-1.1549999713897705
-1.1043972969055176
-0.9797156254450481
-1.1383779446283975
-1.0310287475585938
-1.0230753421783447
-0.8905178308486938
-0.9586067795753479
-0.8872134685516357
-0.20811331272125244
-0.5273221731185913
-0.301227331161499
-0.3606452941894531
-0.8966598510742188
-0.06891798973083496
-1.2160913944244385
-1.1566108862559
-0.8338929812113445
-0.935479720433553
-0.7132035493850708
-0.8075510263442993
-1.025354822476705
-0.736473838488261
-0.6599856615066528
-1.107938528060913
-0.742057204246521
-0.78673255443573
-1.0227274894714355
-0.9005655447642009
-0.861808180809021
-1.3199999332427979
-0.7586134672164917
-1.0072834491729736
-0.9898793697357178
-0.7209434509277344
-0.8453612327575684
-0.8288310766220093
-1.2095725536346436
-1.2283389568328857
-0.9032440185546875
-0.7654724915822346
-0.9840446710586548
-1.2371442317962646
-0.939405083656311
-1.221182107925415
-0.7176351547241211
-1.136855443318685
-1.130606492360433
-1.0992489655812583
-0.9965186516443889
-0.8618886470794678
-1.1718803644180298
-1.0276221235593161
-0.9867084821065266
-0.7765389680862427
-0.975670337677002
-0.9817404747009277
-0.855303168296814
-0.9581808646519978
-0.967638373374939
-0.5958945751190186
-0.9900810718536377
-0.9266687234242756
-1.0174384117126465
-0.4961496591567993
-0.903643012046814
-0.964091698328654
-0.8704580068588257
-1.0889992713928223
-0.6358633041381836
-0.7202044725418091
-0.6610894203186035
-1.1710034608840942
-1.1459119319915771
-1.0784766674041748
-0.7006281614303589
-1.1101996103922525
-0.742529034614563
-0.33766305446624756
-0.9519840478897095
-1.0450630187988281
-0.791774074236552
-1.0230464935302734
-0.7361307144165039
-1.131495793660482
-1.0062602361043296
-0.8897472620010376
-1.0762255191802979
-0.8580434322357178
-0.8921488523483276
-1.1582349936167398
-1.024994134902954
-0.8905682563781738
-0.6848932504653931
-0.9275013208389282
-1.0057666301727295
-0.7219082117080688
-1.1189100742340088
-0.7035096883773804
-0.866968035697937
-1.0296401977539062
-1.1698145866394043
-0.7274107933044434
-0.8651821613311768
-0.9279797077178955
-0.9892237186431885
-0.825411319732666
-0.8290647268295288
-0.5768598318099976
-1.1715247631072998
-0.6596068143844604
-1.1439012686411538
-1.0889773766199746
-0.9594261646270752
-0.9443918069203694
-1.0889992713928223
-0.7825291156768799
-0.7591186761856079
-0.9071462154388428
-0.653119683265686
-0.9648555517196655
-0.8331115245819092
-0.8270878791809082
-0.5561602115631104
-0.8565161228179932
-0.7574755350748699
-0.9119640986124675
-0.5123217105865479
-0.7965579032897949
-0.9897319078445435
-0.9900377988815308
-1.175736665725708
-0.8836117585500081
-1.0789375305175781
-0.9732856750488281
-1.0889992713928223
-0.7755554914474487
-0.9331864515940349
-0.888992428779602
-0.5793317556381226
-1.0459237098693848
-0.7374368906021118
-0.776239275932312
-1.0833768844604492
-0.7936856746673584
-1.0528126756350198
-0.9296916723251343
-0.9353674650192261
-1.0537084738413491
-1.0124273300170898
-1.1549999713897705
-0.8717792828877766
-1.4300000667572021
-1.301142930984497
-0.8616993427276611
-1.009039362271627
-0.8282270828882854
-1.2311776479085288
-0.9073511362075806
-1.2021429538726807
-0.9899901151657104
-1.099985122680664
-0.2395690679550171
-0.9549109141031902
-0.9538644750912983
-0.8661750555038452
-1.2707859675089517
-0.7416908740997314
-1.2214012940724692
-0.8955623308817546
-1.0199771324793496
-0.24983441829681396
-1.0716835260391235
-0.9073622226715088
-0.6627633571624756
-0.9612176418304443
-0.9420472383499146
-1.080381155014038
-0.7824448347091675
-0.22965145111083984
-0.9259723822275798
-0.20216608047485352
-0.831012487411499
-0.9695546229680378
-0.8275449275970459
-0.861839771270752
-0.379497766494751
-1.3698274294535318
-0.9378966093063354
-1.0024034579594931
-0.8981235424677532
-1.1000478267669678
-0.8700347344080608
-0.7920665740966797
-1.0046906073888144
-1.0156044960021973
-1.1756703853607178
-1.1412358283996582
-0.7444398005803425
-0.7425276041030884
-0.8489745457967122
-0.9059505462646484
-1.017228364944458
-1.2542200088500977
-0.3297598361968994
-1.2005655765533447
-0.7562189102172852
-1.035244901974996
-1.0230464935302734
-0.9188003540039062
-0.8285785118738811
-0.7425152063369751
-0.8906199932098389
-0.9623570442199707
-1.2374999523162842
-0.790703296661377
-0.9010790586471558
-0.4949948787689209
-1.2361183166503906
-0.8376676241556804
-1.0367931922276816
-0.9898793697357178
-0.7895255088806152
-0.8005434274673462
-1.1361804803212485
-0.9316736459732056
-0.7615803480148315
-0.7813665866851807
-1.0607760349909463
-0.9350094795227051
-0.7160955667495728
-0.4376105070114136
-0.4741854667663574
-0.9042311906814575
-0.7186465660730998
-0.6442155440648396
-0.9503463109334309
-0.6174324750900269
-0.4258159796396892
-1.098883867263794
-0.7685098648071289
-0.8325391411781311
-0.6358110904693604
-1.0690533320109048
-0.7174285650253296
-0.8570472002029419
-0.7916916608810425
-0.795175274213155
-0.8512495557467143
-1.1822130680084229
-0.977213482062022
-1.193893015384674
-0.5424206256866455
-0.8906894127527873
-0.6661227941513062
-1.2418692906697593
-1.2336885929107666
-0.9636233448982239
-1.0791199207305908
-0.9157630205154419
-0.8438287973403931
-0.8886598348617554
-1.3245081901550293
-0.9252473910649617
-0.9072537422180176
-0.7835203409194946
-1.0447901089986167
-1.1750774383544922
-0.7423770427703857
-0.5902998447418213
-0.9568548202514648
-1.0257873137791953
-0.5257793664932251
-0.773087203502655
-0.8340627749760945
-0.6875295639038086
-1.0964246988296509
-0.93095862865448
-1.2406554222106934
-0.9075913429260254
-0.9143619537353516
-1.1707358360290527
-0.8209940195083618
-1.354206164677938
-1.0890727043151855
-0.5028505325317383
-0.9193971554438274
-0.7712843418121338
-1.2574775218963623
-1.4503531455993652
-1.2037688493728638
-0.9904792706171672
-0.9916249910990398
-0.5488401651382446
-0.9224848747253418
-0.8925973176956177
-0.8217589855194092
-0.9068448543548584
-0.853524128595988
-0.8615940809249878
-0.9817147652308147
-0.7003977298736572
-0.9098612070083618
-0.5915578603744507
-1.3506660858790078
-1.127805471420288
-0.9239267508188884
-0.7590245008468628
-0.7992221117019653
-0.7931709289550781
-0.9375309944152832
-1.1241005261739097
-1.154970407485962
-0.6158014535903931
-0.7774169445037842
-1.0237500667572021
-0.788313627243042
-0.795090913772583
-0.9770373106002808
-0.886482338110606
-0.8547931909561157
-1.037151555220286
-1.1436322530110679
-0.992722471555074
-1.002702216307322
-0.8879384994506836
-0.5329875946044922
-0.9789355595906575
-0.8799223899841309
-1.0084385871887207
-1.254023551940918
-1.1549999713897705
-0.8799617290496826
-0.9166066646575928
-1.1095938881238303
-0.8921754360198975
-1.1732850074768066
-0.9890323877334595
-0.44482898712158203
-0.617565393447876
-1.0890398025512695
-0.4010658264160156
-0.6959254741668701
-0.922435998916626
-0.8685259819030762
-1.1220591068267822
-1.034306287765503
-1.1159437696139016
-0.793352484703064
-0.992477297782898
-0.9491825501124065
-0.44441676139831543
-1.3120129108428955
-0.861617922782898
-0.9485225677490234
-0.9159886638323467
-1.0806950132052102
-1.408384084701538
-1.0978991985321045
-1.0889992713928223
-1.2772322495778403
-0.5698814392089844
-1.294870138168335
-0.7474064826965332
-0.9687416553497314
-0.7520642280578613
-0.9607143799463909
-0.942821741104126
-1.0941577355066934
-1.0353688200314841
-0.9334025382995605
-1.0463129679361978
-0.913245439529419
-1.0146015485127768
-0.8715626001358032
-1.1773392359415689
-1.062469244003296
-0.907532811164856
-0.8886599540710449
-0.8244634866714478
-0.7457320690155029
-1.1440620422363281
-1.1549999713897705
-0.8578953742980957
-0.4995126724243164
-1.2118608951568604
-1.1549055576324463
-0.9318338235219319
-1.2021429538726807
-1.0249791145324707
-0.8433970212936401
-0.8573014736175537
-0.9883242845535278
-0.9069303274154663
-0.7837270498275757
-0.46628308296203613
-0.8625844717025757
-0.9887714385986328
-1.0421133836110434
-0.6158014535903931
-1.075112501780192
-0.9245549440383911
-0.8473848104476929
-0.8761407136917114
-1.3149835268656411
-0.6719557046890259
-0.9132442474365234
-0.6818193197250366
-0.6527897119522095
-0.9351061582565308
-0.677575945854187
-0.9899901151657104
-1.0994131565093994
-1.064779301484426
-1.00499959786733
-1.1549999713897705
-1.0395612716674805
-0.7719674507776897
-1.0049207210540771
-1.1549999713897705
-0.8549637794494629
-0.836998204390208
-0.8270338773727417
-1.1847779750823975
-0.931078314781189
-1.1459400653839111
-1.1646512746810913
-1.0112287600835166
-1.125732660293579
-0.7686922550201416
-0.7061991691589355
-0.8737131754557292
-1.1421366135279336
-1.1699244976043701
-0.7807921965916951
-0.8741710186004639
-0.7439196109771729
-0.6464938720067341
-0.8468354940414429
-0.8307337760925293
-1.1218383312225342
-0.888903021812439
-0.7660834789276123
-1.1524163087209067
-0.5341527462005615
-0.7332924604415894
-0.20182371139526367
-1.2481431166330972
-1.0174273053805032
-0.9900788068771362
-1.077273110548655
-0.9877538283665974
-1.284693956375122
-0.8303261995315552
-1.1273527145385742
-1.1965514421463013
-0.9735363721847534
-0.9893608093261719
-0.8446121613184612
-1.0815191268920898
-0.9675499995549519
-1.0062477588653564
-1.0770645141601562
-1.0495340824127197
-0.7425832748413086
-1.0993181069691977
-0.9929428100585938
-0.7057590484619141
-0.7658709287643433
-0.5277127027511597
-1.0889992713928223
-0.473952054977417
-0.9865506887435913
-0.6978919506072998
-0.8420447111129761
-0.8693040410677593
-1.0158903201421103
-0.6619617938995361
-0.7307226657867432
-0.922435998916626
-0.8844521840413411
-0.9349749088287354
-0.6208088397979736
-1.3199999332427979
-0.6591068506240845
-0.9670966863632202
-0.9899901151657104
-0.9623737335205078
-0.4988623857498169
-0.7377010583877563
-0.8314909934997559
-1.0879478454589844
-0.9516726732254028
-0.8464957475662231
-0.920346736907959
-0.9899336099624634
-0.9474379618962605
-1.0889992713928223
-0.6598649024963379
-0.9739290078481038
-0.9073703289031982
-0.24220752716064453
-1.0889992713928223
-1.0918850104014077
-0.6105548143386841
-1.099985122680664
-0.9652818441390991
-1.0055875778198242
-0.8698490460713704
-1.1046688556671143
-0.969774603843689
-1.0359280109405518
-0.9891321659088135
-0.9899901151657104
-1.1619293689727783
-0.938578228155772
-0.5616089105606079
-0.9771823883056641
-0.8800617456436157
-1.1019790172576904
-1.1855656305948892
-0.7577556371688843
-0.6384377479553223
-1.075270414352417
-0.5456130504608154
-0.8361886739730835
-1.1717302799224854
-0.49695467948913574
-0.9341170787811279
-1.124529560407003
-0.885927677154541
-0.9921802282333374
-0.9780553976694744
-1.0250732898712158
-1.0839157104492188
-0.8165110349655151
-1.0175397396087646
-1.0526148080825806
-1.1444053649902344
-1.2719941139221191
-0.9488980571428935
-0.9961690107981365
-0.9670299291610718
-0.9519751071929932
-0.841530442237854
-0.849738359451294
-1.0609422326087952
-0.6246168613433838
-0.948814868927002
-0.8743236064910889
-1.0114984512329102
-0.6916992664337158
-0.9546506404876709
-1.042891502380371
-0.7036258180936177
-1.0485284328460693
-0.9892237186431885
-0.41689229011535645
-1.1342377662658691
-1.2729392051696777
-0.9076091845830281
-0.8693129420280457
-1.1583959658940635
-1.1317908763885498
-1.0601379474004111
-0.8886599540710449
-0.9442081451416016
-1.0124677022298179
-0.6611276865005493
-0.8639479875564575
-0.49323010444641113
-0.9404224157333374
-1.0527587731679282
-1.097106417020162
-0.9659510850906372
-0.9317754507064819
-1.0889992713928223
-0.7029150724411011
-1.0764846801757812
-1.0609455903371177
-0.8286540508270264
-0.8574957847595215
-0.8967317938804626
-1.0490924318631492
-0.6613707542419434
-1.0725529193878174
-0.9900522232055664
-1.1168745358784995
-0.6594711542129517
-0.7987228631973267
-0.9297260046005249
-0.9682313203811646
-0.6971219778060913
-0.6638750235239665
-1.070317029953003
-1.1686135133107505
-0.7903707027435303
-0.8092118104298909
-0.6596119403839111
-0.4130667448043823
-0.8850095272064209
-1.1549999713897705
-1.1462944746017456
-0.9618373711903889
-1.0940661430358887
-0.9294371604919434
-0.9857774178187053
-1.255840539932251
-0.783806324005127
-0.8543225924173992
-0.5515735149383545
-1.1330218315124512
-1.3639049530029297
-0.5991286039352417
-0.9453531901041667
-0.9076423645019531
-0.8508386611938477
-0.78303062915802
-1.0889992713928223
-0.7414388656616211
-0.6649311780929565
-0.9100544850031536
-0.86385178565979
-1.0853236118952432
-1.0538612604141235
-1.179614782333374
-1.031296968460083
-0.7587625980377197
-1.0445100466410318
-0.6200094223022461
-1.0265388886133828
-0.9316388368606567
-1.107372303803762
-0.8250304460525513
-0.9392057657241821
-0.7613884210586548
-0.9899901151657104
-0.6430492401123047
-0.7576198577880859
-0.8533458709716797
-1.0410908063252768
-0.8473946054776509
-1.0991828441619873
-0.7958300113677979
-0.918723464012146
-1.0228843688964844
-1.2369496822357178
-0.9524016380310059
-0.9961708784103394
-0.502108097076416
-1.0386611421902976
-0.7177602450052898
-0.9419271151224773
-1.2745540142059326
-0.9256393909454346
-0.5025689601898193
-0.9026445945103962
-0.7996235092480977
-0.8201839923858643
-0.6256507635116577
-0.7247564792633057
-0.7534260749816895
-0.7668464183807373
-0.7960461378097534
-1.005852778752645
-0.9652818441390991
-0.9147786696751912
-0.8085206747055054
-0.8757529656092327
-0.9898793697357178
-1.062657574812571
-0.8557429313659668
-0.807101845741272
-0.9736422300338745
-0.7973395586013794
-0.7957435846328735
-0.9321000576019287
-1.0167238314946494
-1.1629786491394043
-1.2021429538726807
-0.6685798168182373
-0.7393949031829834
-0.6590808629989624
-0.9094543655713399
-0.6256922483444214
-0.5852012634277344
-0.824993371963501
-1.1539451281229653
-0.9612411657969158
-1.1868535677591958
-0.9566147327423096
-0.848138689994812
-1.1158215999603271
-0.9555411736170452
-1.1645170052846274
-0.9889997243881226
-0.9486364126205444
-1.0445663928985596
-1.2014784812927246
-0.9148110151290894
-0.8576432466506958
-1.0150273839632669
-0.7870172262191772
-1.0889992713928223
-0.9822586178779602
-1.1004465421040854
-1.0016628901163735
-1.2109989325205484
-0.17209851741790771
-0.8657341003417969
-0.9292001724243164
-0.7823402881622314
-0.7837902307510376
-0.9187089204788208
-1.1253289381663003
-0.7004942893981934
-0.7425664067268372
-1.1916413307189941
-1.0725071430206299
-0.8285863399505615
-0.899835745493571
-1.0058925151824951
-0.9667360782623291
-1.026322364807129
-0.7417093515396118
-0.8239045143127441
-0.8680025339126587
-0.8070645729700725
-0.7935036818186443
-1.24399995803833
-0.8825106620788574
-0.8623299598693848
-1.0417436162630715
-0.7809311151504517
-0.8077117204666138
-1.0607068538665771
-0.8251305818557739
-0.8568642139434814
-1.0725617408752441
-1.0061732530593872
-1.068446477254232
-0.4966977834701538
-0.6871410608291626
-1.0416082739830017
-0.8470128774642944
-0.8149179220199585
-0.5574518442153931
-1.0184995929400125
-1.0889992713928223
-0.9073611497879028
-0.9505108594894409
-1.019348700841268
-0.9353214502334595
-0.3615391254425049
-0.9476219415664673
-0.832786997159322
-0.9071795543034871
-1.0289970636367798
-1.1549999713897705
-0.9487460454305012
-1.0065576632817588
-0.9485928813616435
-0.9544954299926758
-0.18835163116455078
-0.9879463911056519
-1.2498619755109153
-1.061540126800537
-1.105690916379293
-0.478102445602417
-0.7633188962936401
-0.9453289111455281
-1.0527576208114624
-0.8072474002838135
-0.6665849685668945
-0.35239994525909424
-0.8644348382949829
-0.6894334554672241
-0.4819674491882324
-0.8375751574834187
-0.6196752786636353
-0.8760029474894206
-0.8174018859863281
-0.9893722534179688
-1.019426941871643
-0.5685327053070068
-0.6890546083450317
-0.7662385702133179
-1.1205454667409263
-0.8662897348403931
-0.9801824887593586
-1.098905324935913
-1.237553358078003
-0.994393527507782
-0.9091604948043823
-0.9879227479298909
-0.6693577766418457
-0.6042275031407673
-0.9203925132751465
-0.7014225721359253
-1.2037734985351562
-0.44143402576446533
-1.1549999713897705
-0.9798606634140015
-0.757312536239624
-0.8907535076141357
-0.8580431938171387
-0.9253783623377483
-1.057459533214569
-0.587093710899353
-1.0889992713928223
-0.568727970123291
-0.6023537715276082
-0.908104658126831
-1.0114476680755615
-0.5317226648330688
-0.7247825860977173
-0.4393354654312134
-1.1549999713897705
-0.5943593581517537
-0.917514443397522
-1.1148263812065125
-0.7677954435348511
-0.8895577192306519
-1.1333189010620117
-0.8059713840484619
-0.750286340713501
-0.8757424751917522
-0.707629919052124
-1.2021429538726807
-1.351858377456665
-0.6270173788070679
-0.9807438850402832
-0.8408800363540649
-1.1196446418762207
-0.9545260667800903
-0.8603134155273438
-1.1834723949432373
-0.9388043284416199
-0.7576055526733398
-0.9781697193781536
-0.8875135183334351
-1.1536863644917807
-0.8789358139038086
-0.9057501554489136
-0.47211503982543945
-1.104858636856079
-0.9449984629948933
-0.6110438108444214
-1.0018677711486816
-0.47828853130340576
-0.9694072008132935
-1.0233128070831299
-0.7835258444150288
-0.8250788450241089
-0.25088655948638916
-1.0559141635894775
-0.9565215110778809
-0.796066164970398
-0.9054906368255615
-1.06266317764918
-0.4928867816925049
-1.0031190315882363
-0.8939269979794819
-0.8585244019826253
-1.0719740390777588
-1.2256782054901123
-0.9752024809519451
-1.0121285120646157
-0.8662892580032349
-0.9270578225453694
-0.8797366619110107
-0.28657543659210205
-1.00657320022583
-0.9542361497879028
-0.7011135816574097
-0.848385492960612
-0.8984597126642864
-0.7782190243403118
-1.08363405863444
-0.7870651483535767
-0.9394878149032593
-0.604273796081543
-0.8955702980359395
-0.975932240486145
-0.8230165243148804
-1.081963300704956
-1.0221021572748819
-0.8353826602300007
-0.8084526062011719
-1.2127304077148438
-0.7554148435592651
-1.367142915725708
-0.7184805075327556
-0.9156705141067505
-1.3610713481903076
-0.9074779748916626
-0.9771864414215088
-1.1047523419062295
-1.011740525563558
-0.8788681030273438
-1.171444515387217
-0.7188058694203694
-1.0378270149230957
-0.7981348037719727
-0.8532570203145344
-0.7906205654144287
-0.6176201105117798
-1.0462679862976074
-1.1700146198272705
-0.7423244714736938
-0.8489279747009277
-1.009291092554728
-1.1216362714767456
-0.9577759504318237
-0.6611769199371338
-0.8229256868362427
-0.6938681602478027
-1.0671611229578652
-0.3856319189071655
-0.8079726696014404
-0.9970685243606567
-0.9887714385986328
-0.9886753559112549
-0.6046184301376343
-0.5437401533126831
-0.9158456722895305
-0.8468842506408691
-1.0310287475585938
-1.253152052561442
-1.2147521575291953
-0.9738969802856445
-0.6879407167434692
-0.9972497224807739
-1.083406686782837
-0.9161645174026489
-1.0903137922286987
-0.41336023807525635
-0.9652818441390991
-0.9927493333816528
-1.0055615901947021
-0.9542361497879028
-0.9068039655685425
-0.9482336441675823
-1.218630313873291
-1.0293368498484292
-1.0752503673235574
-1.007063627243042
-0.6765472888946533
-0.9863035678863525
-0.5996683835983276
-0.8246110677719116
-0.2526935338973999
-0.964114507039388
-0.831796685854594
-0.8408799171447754
-1.0996913512547812
-0.7581405639648438
-0.792858362197876
-1.0521979133288064
-1.00473952293396
-0.7836096286773682
-1.055877447128296
-0.8049105008443196
-1.1548817157745361
-1.0889992713928223
-0.7587734460830688
-0.9502232074737549
-0.9404220581054688
-0.8269661664962769
-0.243072509765625
-0.9899901151657104
-0.5692592859268188
-0.687917947769165
-1.107837200164795
-1.0410034656524658
-0.9899901151657104
-1.1282973289489746
-0.7682340145111084
-0.7419993877410889
-1.0373422304789224
-0.791980504989624
-1.1444433530171714
-0.9252564509709675
-0.9271334409713745
-1.0889992713928223
-0.935084342956543
-1.279590129852295
-0.9899901151657104
-0.7930210828781128
-0.9289100170135498
-0.8293741941452026
-0.9924849271774292
-0.9822891155878704
-0.9044232368469238
-0.7872017224629719
-0.4336578845977783
-1.1297979354858398
-0.9000032742818196
-1.1121443112691245
-0.8989347219467163
-0.8662892580032349
-0.6999759674072266
-1.2834372520446777
-1.062807321548462
-0.9635454416275024
-1.0889992713928223
-1.1597380638122559
-0.8272300561269124
-0.8006948232650757
-0.9801192283630371
-0.5887081623077393
-0.8368207216262817
-0.591962456703186
-1.1382105350494385
-0.905231237411499
-0.5929520130157471
-0.8613011837005615
-1.0313453674316406
-1.151712417602539
-0.9585332870483398
-0.354633092880249
-0.9430778821309407
-0.8813316424687703
-0.8251231908798218
-1.2905767758687339
-1.3199918270111084
-0.9761005640029907
-1.0183846950531006
-0.9033198356628418
-1.1262388428052268
-1.1814187367757163
-1.142512023448944
-1.155057668685913
-1.182446002960205
-1.1014178593953452
-0.8578919172286987
-1.0721869468688965
-0.8091005086898804
-0.9203104972839355
-1.0500574509302774
-1.1877880096435547
-1.1877140998840332
-1.253999948501587
-0.8416043519973755
-1.0959041118621826
-0.6294820308685303
-0.8682626287142436
-1.0987300872802734
-0.8021653890609741
-0.9010672569274902
-0.6176830530166626
-0.9071474075317383
-0.9081059296925862
-0.9131671190261841
-0.9893024166425068
-1.0644053220748901
-0.7034616470336914
-0.6283938884735107
-0.8662892580032349
-1.100032091140747
-0.6948312520980835
-0.8284996747970581
-0.9873429536819458
-0.15498924255371094
-0.7562417984008789
-0.9354397853215535
-1.1845276355743408
-0.946184515953064
-0.7666044235229492
-0.8806846141815186
-1.0422242085138955
-0.8678581714630127
-1.1406566699345908
-0.9072786569595337
-0.8607825040817261
-0.8483137289683025
-0.92362380027771
-0.5332130193710327
-1.198352336883545
-1.1457636753718057
-0.7152069807052612
-0.8928908904393513
-0.9447842637697856
-0.7104858954747517
-0.6804707050323486
-1.250953515370687
-0.8471421003341675
-1.0712213516235352
-0.7260851860046387
-0.9692156314849854
-1.031296968460083
-1.0887985229492188
-0.7275626262029011
-0.7683535814285278
-0.9752933780352275
-0.7831943035125732
-1.060890475908915
-0.9066468278566997
-0.9937775532404582
-1.2427691221237183
-0.8612540364265442
-1.3191578388214111
-0.8578575452168782
-0.8690555095672607
-0.7832741737365723
-0.7913326025009155
-1.1615331570307412
-0.9654143651326497
-1.10036571820577
-1.0219421784083047
-1.2212431033452353
-0.31976842880249023
-0.923876126607259
-0.717755913734436
-0.35359156131744385
-0.8344457149505615
-0.7589091062545776
-0.7917524576187134
-0.9012591044108074
-0.7913618087768555
-0.9639954566955566
-0.8376076221466064
-0.9650899171829224
-0.5774986743927002
-0.6707940101623535
-0.7847632169723511
-1.1220166683197021
-1.1493904193242392
-0.9064360857009888
-1.1111897627512612
-0.7833906412124634
-0.6602438688278198
-0.8688193559646606
-0.9469676812489827
-0.9400022029876709
-1.1766481399536133
-1.1499081452687583
-0.9712589979171753
-0.7057446241378784
-1.1098167101542153
-1.2704546451568604
-0.8417013883590698
-0.8423734505971272
-0.9996763070424397
-0.9483802318572998
-1.092016577720642
-0.7018561363220215
-1.2421526908874512
-0.8367244799931843
-0.9121893644332886
-0.7402762174606323
-0.8248096704483032
-0.7895864645640056
-0.5562648773193359
-0.9259238243103027
-0.5934655666351318
-0.5937502384185791
-1.1524798472722373
-1.041443943977356
-1.319892406463623
-0.4800574779510498
-1.051209270954132
-0.9652818441390991
-1.208238661289215
-0.9740975697835286
-0.6806388696034749
-1.187999963760376
-0.7300058603286743
-1.0225970347722373
-0.9848158359527588
-0.8248330354690552
-1.0158422390619912
-0.8586224317550659
-0.8692628542582195
-1.2857136726379395
-0.9917480945587158
-0.8009114265441895
-1.1273099581400552
-0.953152338663737
-0.9090899626413982
-1.1204986572265625
-1.0497041145960488
-1.0598344802856445
-0.9731618563334148
-0.9375547170639038
-0.7551090717315674
-1.0111135045687356
-0.8273183107376099
-0.613253116607666
-1.2044076124827066
-0.9730663696924846
-1.0497376918792725
-0.8962534666061401
-1.123776396115621
-0.9066019058227539
-1.0927468935648599
-0.9625039498011272
-0.9956551194190979
-0.5927659273147583
-0.9444069862365723
-0.9900314807891846
-0.7019737958908081
-0.879455288251241
-0.8004209995269775
-0.8203808069229126
-1.253999948501587
-0.823922872543335
-0.9262697696685791
-1.0074636936187744
-0.964358925819397
-1.253999948501587
-0.895624041557312
-0.7259645462036133
-1.1888879736264548
-0.9648945331573486
-0.9884215195973713
-0.6592528820037842
-0.8568238019943237
-1.0452319780985513
-1.0607502460479736
-1.221755027770996
-0.6600589752197266
-0.8662892580032349
-0.9649481773376465
-1.255025863647461
-0.9932202696800232
-0.7261195182800293
-1.3372392654418945
-0.889901876449585
-0.9899901151657104
-0.906623125076294
-1.2004990577697754
-1.0715304215749106
-0.9330970843633015
-0.9684592485427856
-1.086456537246704
-0.6946078936258953
-1.0973002115885415
-1.0931079387664795
-1.2869999408721924
-0.9901256561279297
-1.2374999523162842
-0.9994339942932129
-0.521914005279541
-0.923612117767334
-0.9192663431167603
-0.8533916473388672
-0.9590474565823872
-1.1422572135925293
-1.1587801774342856
-0.9347001314163208
-1.0993297894795737
-0.6744674444198608
-1.0441396236419678
-1.1429551442464194
-0.9496901035308838
-0.7204381227493286
-0.9652818441390991
-0.8228994607925415
-1.0223233699798584
-1.1186788082122803
-0.9870423475901287
-1.2125182747840881
-0.7107436656951904
-1.0623687903086343
-0.9900207122166951
-1.092470645904541
-0.6929593086242676
-1.0889992713928223
-0.7554930448532104
-1.0093053579330444
-0.3692814111709595
-0.47735595703125
-0.8171132802963257
-0.8402291536331177
-1.0926649570465088
-0.7505545616149902
-0.8414232730865479
-0.7450143098831177
-0.7977082530657451
-0.7319511969884236
-1.1260120471318564
-1.0889992713928223
-0.6959242820739746
-0.8056540886561077
-0.9707014560699463
-1.0288430452346802
-0.5774010419845581
-1.2250941594441733
-0.5783913135528564
-0.7653016646703084
-0.9072160720825195
-0.7942243814468384
-0.9075756072998047
-1.0101592540740967
-1.1326584815979004
-1.0172669092814126
-1.134303331375122
-0.9074599742889404
-1.0785831411679587
-1.176161766052246
-0.862312416235606
-1.253999948501587
-1.1549899578094482
-0.6420087814331055
-0.7427459557851155
-0.4193572998046875
-0.7754602432250977
-0.8250404596328735
-1.209609031677246
-0.7420674562454224
-0.8518672982851665
-0.9491893847783406
-0.8663622140884399
-1.02293062210083
-0.7973266839981079
-0.8662897348403931
-0.9695968627929688
-0.7897416353225708
-0.6271646022796631
-0.948063850402832
-0.8744963804880779
-1.0592727661132812
-0.6867122650146484
-1.030782699584961
-0.9593608578046162
-1.084138810634613
-0.7396731376647949
-0.9355200529098511
-1.1387884616851807
-0.4793267250061035
-0.6730233430862427
-1.0517399112383523
-0.9049116770426433
-0.58559250831604
-1.2576374212900796
-0.7752454280853271
-0.9866549968719482
-0.9478100538253784
-0.7481462955474854
-0.9738340377807617
-0.879570722579956
-1.0764163732528687
-0.8839036226272583
-1.0057306289672852
-1.0174801349639893
-0.8355907201766968
-0.7332168817520142
-1.224626898765564
-0.8610475460688274
-0.6660860776901245
-0.9088002840677898
-0.9896773099899292
-0.9887714385986328
-0.991672158241272
-0.825748085975647
-1.0181858142217002
-1.1989712715148926
-1.0012328624725342
-0.8459404309590657
-0.8907778064409893
-1.0153854688008628
-0.9828299681345622
-0.9886753559112549
-0.8408712148666382
-0.6403924226760864
-0.7717561920483906
-1.1479751269022622
-0.970860481262207
-0.6729408502578735
-1.077808896700541
-0.8240782022476196
-0.8794560432434082
-1.0689257780710855
-0.8525828123092651
-1.1688743034998574
-0.6303552389144897
-1.1548137664794922
-1.0598640441894531
-0.9400042295455933
-1.019733190536499
-1.0346626440684
-1.0828299522399902
-0.8907550573348999
-0.6953376531600952
-1.121389945348104
-1.0023300647735596
-0.6954077482223511
-0.9783328771591187
-0.7420405149459839
-0.911192774772644
-0.9637618064880371
-0.9902300834655762
-0.7834634780883789
-0.9849288463592529
-0.6930590867996216
-1.1283609867095947
-0.7589197158813477
-0.20539569854736328
-0.9650553464889526
-1.1200180053710938
-1.0406471093495688
-0.9900339841842651
-0.6834475994110107
-0.8717973232269287
-1.0960464080174765
-0.8794749577840169
-0.7834047079086304
-0.751407265663147
-0.973524808883667
-1.158644199371338
-0.9769058624903362
-1.1511197090148926
-0.8429737091064453
-0.7818423509597778
-1.0987300872802734
-1.0395774841308594
-0.9881256818771362
-0.7507779598236084
-0.4960646629333496
-0.6432925462722778
-0.8968932628631592
-1.0765169461568198
-0.6817229986190796
-1.1549999713897705
-1.277953863143921
-1.099985122680664
-1.0065653324127197
-0.9494504928588867
-1.0347635746002197
-1.0254511833190918
-0.8630644083023071
-0.9832032720247905
-0.972077488899231
-0.7794932126998901
-0.8328044414520264
-1.0778090953826904
-1.158090591430664
-1.330282211303711
-0.9955458641052246
-0.7100112438201904
-0.9264554182688396
-0.8909976482391357
-0.6985113620758057
-1.1756618022918701
-0.8951470851898193
-1.1961002349853516
-0.9232446352640789
-1.4340932369232178
-1.0623642603556314
-0.8399723172187805
-0.9301589926083882
-0.7975181341171265
-0.7201428413391113
-0.7468162775039673
-0.7320282856623332
-0.6602652072906494
-0.8475061655044556
-0.7580362558364868
-0.9068959951400757
-0.7910527586936951
-0.8413251638412476
-0.8122929334640503
-0.8232580423355103
-1.0594482421875
-0.8457324504852295
-1.0559706687927246
-0.6653434038162231
-0.2725604772567749
-0.9666994412740071
-0.829299807548523
-0.9103569984436035
-1.0802526473999023
-0.9580181042353313
-0.7284121513366699
-0.909422755241394
-0.6851177215576172
-0.9548541307449341
-0.3357895612716675
-1.0889992713928223
-1.1833799680074057
-0.8082431554794312
-1.0751729011535645
-0.8756602605183919
-0.7919719219207764
-0.992469350496928
-0.707115888595581
-1.0890700817108154
-0.9898302157719929
-0.824628472328186
-0.9493380784988403
-0.777436375617981
-0.8342896302541096
-0.6124634742736816
-1.1803851524988809
-1.2284924983978271
-0.8453532457351685
-1.0687117973963418
-1.0047038396199546
-0.5354949235916138
-1.0411234895388284
-1.2577000260353088
-0.8637790679931641
-0.23703289031982422
-0.6866121292114258
-0.9686020612716675
-0.8855771621068318
-0.7287086248397827
-0.7176649570465088
-1.0583282709121704
-1.0228843688964844
-0.5663527250289917
-0.915920615196228
-1.1467140714327493
-0.864517331123352
-0.6340057849884033
-0.99845286210378
-1.0062350034713745
-0.8955892324447632
-0.9094600677490234
-0.9054645299911499
-1.0657432079315186
-1.018769303957621
-0.9490900238355
-1.0865038633346558
-0.7755414247512817
-0.826780875523885
-0.8619094292322795
-0.6849332253138225
-0.9133297204971313
-0.9959288438161213
-1.0175063610076904
-0.9899901151657104
-0.9735321998596191
-1.0840206146240234
-0.5316717624664307
-0.8668020963668823
-0.8390879233678181
-1.1826250553131104
-0.9266289869944255
-0.2958371639251709
-0.7955857316652934
-0.9915754000345867
-1.025752524534861
-1.119696855545044
-0.8423431714375813
-0.909422755241394
-0.9028931458791096
-0.7740140755971272
-0.8719134330749512
-0.9140597979227703
-1.0055875778198242
-0.7993410229682922
-0.9832285245259602
-0.9415608247121174
-0.9666834672292073
-0.8812536001205444
-1.0889992713928223
-0.7239924669265747
-1.0439389944076538
-0.5604068040847778
-0.7446367939313252
-0.9930147926012676
-0.6230826377868652
-0.5114179849624634
-0.7189010381698608
-0.9233623345692952
-0.8963815371195476
-0.7341036796569824
-1.1372017860412598
-0.9130856990814209
-0.8011720577875774
-0.7485735416412354
-0.7572433948516846
-1.0947614113489785
-0.8709859848022461
-0.855941653251648
-1.253999948501587
-0.9423088630040486
-1.0390419761339822
-0.33006083965301514
-0.6221733093261719
-0.821495771408081
-0.8628894488016765
-0.7175867557525635
-0.9146106243133545
-1.006460428237915
-0.9228368997573853
-1.0349375208218894
-0.9279253482818604
-0.9491423765818279
-0.6930947303771973
-0.40964814027150465
-1.0270888805389404
-1.092604160308838
-1.1799519459406533
-0.8653802871704102
-0.997329592704773
-0.9477770328521729
-0.9467743635177612
-0.7024363279342651
-0.9692089557647705
-1.1671570936838784
-0.9137020111083984
-0.8917491436004639
-0.8522966504096985
-1.0231095552444458
-1.0204185644785562
-0.9733434120814006
-0.9285123348236084
-1.2283389568328857
-0.8114349842071533
-1.345872402191162
-0.5514816045761108
-0.8483177026112874
-1.2117445270220437
-1.0340685844421387
-0.75794517993927
-0.9015338023503621
-1.3089807033538818
-0.8422596454620361
-0.3418813943862915
-0.9580618341763814
-0.8234398365020752
-0.596896767616272
-0.8439027070999146
-0.8267025947570801
-1.045936187108358
-0.9254857301712036
-1.1832730770111084
-0.956950306892395
-0.7441048622131348
-1.1780564785003662
-0.8442848523457844
-0.6049220561981201
-0.9063881635665894
-0.7436316013336182
-0.9294637441635132
-0.9894081354141235
-0.9244556625684102
-1.1239647070566812
-0.45129919052124023
-0.6330291032791138
-0.9899901151657104
-0.33003389835357666
-0.8483346700668335
-0.9856137037277222
-0.8457046747207642
-0.8739351034164429
-1.018418788909912
-0.3466118574142456
-0.7258299589157104
-0.9140496651331584
-1.090175231297811
-1.0738787651062012
-0.5850424766540527
-0.8782026569048564
-0.9087933699289958
-0.9702283143997192
-1.2021429538726807
-0.884494423866272
-1.0282934506734214
-0.8033777276674907
-0.7643662691116333
-0.9693785905838013
-0.9814484119415283
-1.0643399755160012
-0.9696857531865437
-0.41692090034484863
-1.0560853481292725
-0.7360759178797405
-1.0889992713928223
-1.0889992713928223
-1.1015717188517251
-0.6351938247680664
-0.9382075071334839
-0.8649482727050781
-0.8844927549362183
-0.865394115447998
-1.0438395341237388
-0.4538053274154663
-0.8024840354919434
-1.0685819586118064
-1.2023083368937173
-0.8970650434494019
-0.8184866905212402
-0.8579534292221069
-1.369480848312378
-0.9801568388938904
-0.8545094331105549
-1.0395793914794922
-1.1924892465273538
-0.9514012336730957
-0.8669208685557048
-0.8106114864349365
-0.9233129024505615
-0.9406705101331074
-0.9269686738650005
-0.7531613111495972
-1.1315333843231201
-0.9677811066309612
-0.5553536415100098
-0.8683236837387085
-0.6899431149164836
-1.3120129108428955
-0.9781036774317424
-0.7359506289164226
-1.0230531692504883
-0.8402187824249268
-0.8227485418319702
-0.8912062644958496
-1.0164306163787842
-0.7380410830179851
-1.0049536228179932
-0.8572126626968384
-0.7605390548706055
-0.9327558279037476
-0.8525959253311157
-0.9897401332855225
-0.867524266242981
-1.310655117034912
-1.0815997123718262
-0.6554684638977051
-1.0710742473602295
-0.9225975275039673
-1.1070717573165894
-0.6690982580184937
-1.0390331745147705
-1.0479440490404763
-0.8576232194900513
-0.8626012802124023
-0.8247652053833008
-0.453554630279541
-1.1137604713439941
-1.0100792249043784
-1.0556614398956299
-1.175797700881958
-1.155052661895752
-0.6847286224365234
-0.841437578201294
-1.1514434814453125
-0.8663170337677002
-0.9458073774973552
-0.8443689346313477
-1.0266859531402588
-0.8349839051564534
-0.9887714385986328
-0.9899901151657104
-0.7821882963180542
-0.5438919067382812
-0.9149003823598225
-0.5975381135940552
-0.7981797456741333
-1.0911206404368081
-0.876244068145752
-0.9677791595458984
-0.7354875802993774
-1.0889992713928223
-1.1425400575002036
-1.043001413345337
-0.7788554430007935
-0.8705741564432781
-0.8198926448822021
-0.7012120485305786
-0.7700783014297485
-0.8910313844680786
-0.8130553960800171
-0.887814998626709
-1.105301340421041
-0.7456539670626323
-1.060821771621704
-0.8506669998168945
-0.8327616453170776
-1.0778985222180686
-0.9940186142921448
-1.0319955348968506
-0.8685259819030762
-0.9447323083877563
-1.0798095862070718
-0.9591911037762959
-1.013289213180542
-0.8853992223739624
-0.9508438905080159
-1.1438536643981934
-1.0889992713928223
-1.054882287979126
-0.9479737083117168
-0.5594617923100789
-0.8662892580032349
-0.8821173508961995
-1.059865951538086
-0.6599848667780559
-1.1238348484039307
-0.9074476957321167
-1.0064951976140342
-0.12664473056793213
-0.7454352378845215
-0.649599552154541
-0.926819125811259
-0.8910501003265381
-0.578183650970459
-0.8993386030197144
-0.5424580574035645
-0.8073283433914185
-0.9193698167800903
-1.0026937325795493
-0.6891928513844807
-1.0642883777618408
-1.187999963760376
-1.3340904712677002
-0.9422110716501872
-1.039039134979248
-0.657884955406189
-0.9469887018203735
-1.10508131980896
-0.9887714385986328
-0.6948493719100952
-1.0393617550532022
-0.8078598976135254
-1.0063705444335938
-0.8990050554275513
-1.0377466678619385
-0.8654618263244629
-0.5425068140029907
-0.9634463787078857
-0.870523492495219
-1.1511706511179605
-0.824630618095398
-0.6191853284835815
-1.0999817848205566
-0.5957189798355103
-1.1320653160413108
-0.879900336265564
-1.0886335372924805
-1.1093461513519287
-0.9653151035308838
-0.8956588506698608
-1.1105299790700278
-0.9481587409973145
-1.1377550760904946
-0.553360104560852
-0.9500118494033813
-0.8892428477605183
-0.7771515846252441
-0.783279259999593
-1.1046359141667685
-1.0319494803746543
-0.9889997243881226
-1.256948153177897
-0.840388298034668
-0.991333285967509
-0.9395238161087036
-1.0730152130126953
-1.1426172256469727
-1.0226893424987793
-1.193415641784668
-0.5874255895614624
-1.1756067276000977
-1.0133800506591797
-1.261354684829712
-0.7592356204986572
-0.6931369304656982
-0.7416917880376179
-1.2021429538726807
-1.0620951652526855
-1.2660345236460366
-0.841383695602417
-1.0743465423583984
-1.173509657382965
-0.698910117149353
-1.0334027608235679
-0.5463793277740479
-1.099985122680664
-1.0531687935193381
-0.951493004957835
-0.9451615413029988
-1.1617073019345603
-0.8630789518356323
-1.0436905225118003
-1.0113744139671326
-0.9899035692214966
-1.0319361686706543
-1.2323561112085977
-0.7913024425506592
-1.1704208056131997
-0.7364619970321655
-1.433469851811727
-0.7173941135406494
-1.0889992713928223
-1.113578955332438
-1.1679447491963706
-1.1313493251800537
-1.228370189666748
-0.9107352495193481
-1.181866486867269
-1.1384105682373047
-0.9045666456222534
-1.0320423245429993
-1.113785743713379
-0.9091604948043823
-0.6049885749816895
-0.9899901151657104
-0.7305499315261841
-1.0334283908208213
-0.618638277053833
-0.9368123610814412
-1.10514497756958
-1.0600826740264893
-1.0372178554534912
-1.2282829284667969
-0.7572106122970581
-0.7981975078582764
-0.739141861597697
-1.0545776287714639
-0.8895080089569092
-0.7607306241989136
-0.9554427464803059
-0.9202331304550171
-0.9899901151657104
-0.5927091836929321
-0.731180230776469
-1.0404181480407715
-0.3451094627380371
-0.6274131933848064
-1.2138920625050864
-0.9657038847605388
-0.5572719573974609
-1.3029463291168213
-1.0461153984069824
-0.9314533472061157
-1.1079065004984536
-1.0602669715881348
-1.0758817195892334
-0.6244077682495117
-0.5356990098953247
-1.1487111846605935
-1.0292799472808838
-0.8727526267369587
-1.0611571073532104
-0.9420545498530071
-1.1406779289245605
-0.8252153396606445
-0.6733808517456055
-0.7087798118591309
-0.8722885847091675
-0.6834946870803833
-0.8170076608657837
-1.0743465423583984
-0.602271556854248
-1.2152019341786704
-1.073653221130371
-0.8964943488438923
-0.8384382724761963
-0.7472668886184692
-1.0026504000027976
-0.7472265958786011
-0.9565846920013428
-0.9747742811838787
-1.0994547605514526
-1.1798070470492044
-0.8013347387313843
-1.0593311389287314
-0.8734206358591716
-0.563753604888916
-0.632044792175293
-1.096862236658732
-1.0247007608413696
-1.0889992713928223
-0.8599555095036824
-0.6680505275726318
-1.134197473526001
-0.8067456483840942
-0.4092940092086792
-0.9652818441390991
-0.9871005614598591
-0.9745837450027466
-0.9398193359375
-0.9757754405339558
-1.0054497718811035
-0.7013362646102905
-0.9143519401550293
-0.9185855388641357
-0.8107290267944336
-0.8523181676864624
-1.0183979868888855
-0.8680150508880615
-0.8079206943511963
-0.7233480215072632
-1.0848870277404785
-0.5620855093002319
-0.9817922512690227
-0.6832393407821655
-1.2994091510772705
-0.7428054809570312
-1.2704684734344482
-0.9994142850240071
-0.9249007701873779
-0.9516618251800537
-0.9619965553283691
-0.4071803092956543
-0.821246862411499
-1.172105590502421
-1.1252529621124268
-1.1280641555786133
-1.0551729202270508
-0.9117518663406372
-1.03470778465271
-0.9270752469698589
-0.9502748648325603
-0.9889860153198242
-1.131059149901072
-0.23436975479125977
-0.9864414930343628
-0.7566282749176025
-1.045346736907959
-0.7958335876464844
-0.9898793697357178
-0.8518580198287964
-1.1673663655916848
-0.6683233976364136
-1.026789665222168
-0.8373371362686157
-0.9496926069259644
-0.7617278099060059
-0.4804149866104126
-0.7919307947158813
-1.1196725368499756
-0.8637790679931641
-0.9898719787597656
-1.1429603099822998
-1.0725469589233398
-0.9763059616088867
-0.9919283390045166
-0.979019323984782
-0.8101017475128174
-0.9745289087295532
-1.2451230684916177
-0.7726303339004517
-1.1444970766703286
-0.8408482074737549
-0.8823946714401245
-0.9735676050186157
-0.8247662782669067
-0.8148418664932251
-0.8886599540710449
-1.1368368466695151
-0.9198495546976726
-1.0175025463104248
-1.1714756488800049
-0.6267406940460205
-0.8239072561264038
-0.43382811546325684
-0.8762549161911011
-0.7663648128509521
-0.7670578956604004
-0.8393833637237549
-1.1434366703033447
-0.7876061201095581
-0.9213664929072063
-1.1015427112579346
-0.7986960411071777
-1.1198509534200034
-1.119696855545044
-1.002314567565918
-0.4555041790008545
-1.1314828395843506
-0.8323619763056438
-0.5772484540939331
-1.266983906428019
-0.685899019241333
-1.1442844867706299
-0.9444004098574321
-0.8668070634206135
-1.2413777510325112
-0.8934993147850037
-1.258775234222412
-1.0344028870264688
-1.1757781505584717
-0.9886753559112549
-0.5620549917221069
-0.9584290981292725
-0.962539792060852
-0.9615694284439087
-1.1089508533477783
-1.0182060400644937
-0.6908552646636963
-0.8545089960098267
-1.0930585861206055
-0.8341153860092163
-0.7230567932128906
-1.253999948501587
-1.1887548168500266
-0.9054688215255737
-1.1862478256225586
-0.9363518953323364
-0.9896286725997925
-1.287081241607666
-0.7515329917271931
-1.1359716653823853
-0.8524091243743896
-0.8752071857452393
-0.8525147438049316
-0.7462829351425171
-1.0188917318979898
-1.1989712715148926
-1.1701010068257651
-1.16655824581782
-0.7612321376800537
-1.011397123336792
-0.6553432941436768
-1.2161009311676025
-0.9228861331939697
-1.1587522427241006
-0.7418152093887329
-0.8272426923116047
-0.9400608539581299
-1.0229787826538086
-1.0007922649383545
-0.6688718795776367
-0.9758016268412273
-0.7668283780415852
-0.797427773475647
-0.9626115560531616
-0.7010798454284668
-0.990088939666748
-1.0034923553466797
-0.9160633484522502
-0.8250571489334106
-1.1209443410237632
-0.8525115251541138
-1.0305614471435547
-0.9686692953109741
-0.5684069395065308
-1.002804716428121
-0.899293065071106
-1.1740613778432212
-0.9468811750411987
-0.8580504655838013
-1.15431809425354
-1.1313493251800537
-0.9339020252227783
-0.8488263686498005
-1.189617395401001
-0.9935908317565918
-1.0578796863555908
-1.0714861353238425
-0.8817465702692668
-0.8146393299102783
-1.1360247135162354
-0.8288263082504272
-1.0247931083043418
-0.8149292469024658
-0.7714024782180786
-1.0186405181884766
-0.9650899171829224
-0.5498161315917969
-0.8237651586532593
-0.97329447666804
-0.9928218126296997
-1.023575782775879
-0.857864260673523
-0.836897611618042
-0.7833541631698608
-1.0037224690119424
-0.8589140176773071
-0.7914654016494751
-1.0175752639770508
-1.0971290667851767
-0.9103614886601765
-1.1498671372731528
-0.85200035572052
-1.0435128211975098
-0.68572998046875
-0.7713181575139363
-1.201171557108561
-0.740260124206543
-0.9899972677230835
-0.9038619597752888
-0.7424063682556152
-0.3949841260910034
-1.1073785225550332
-1.1980800429979959
-1.1218383312225342
-0.832848886648814
-0.8678993781407673
-0.5772992372512817
-0.8886599540710449
-1.0511813163757324
-1.1141413052876792
