0,267 : -6
0,288 : -6
2,265 : -20
2,287 : -16
3,356 : -13
4,304 : -25
4,380 : -19
5,343 : -12
6,189 : -19
10,59 : -23
10,172 : -21
11,31 : -29
12,87 : -17
12,182 : -9
13,272 : -20
14,203 : -28
16,237 : -13
17,218 : -17
19,92 : -19
20,247 : -19
20,362 : -19
22,114 : -18
23,27 : -25
23,35 : -15
23,51 : -18
23,180 : -19
24,50 : -24
25,188 : -16
27,172 : -22
27,185 : -20
28,78 : -15
30,198 : -20
30,387 : -30
31,120 : -26
31,316 : -28
31,351 : -27
35,176 : -10
36,68 : -20
36,379 : -19
40,43 : -20
40,221 : -21
40,285 : -22
41,136 : -18
42,316 : -21
42,386 : -22
43,299 : -20
44,212 : -17
44,326 : -22
46,381 : -19
47,109 : -19
47,261 : -18
47,357 : -18
49,315 : -16
50,54 : -25
51,366 : -11
54,327 : -20
54,390 : -22
55,106 : -13
55,159 : -21
56,116 : -13
57,290 : -12
63,232 : -12
64,72 : -22
64,203 : -24
64,275 : -13
66,113 : -19
67,394 : -11
68,242 : -18
68,329 : -16
68,344 : -13
71,112 : -17
72,76 : -20
72,121 : -24
73,139 : -18
73,350 : -14
78,214 : -22
78,372 : -15
79,86 : -21
79,162 : -23
79,211 : -24
79,377 : -27
81,300 : -20
82,88 : -19
83,391 : -13
84,150 : -14
87,315 : -24
87,392 : -21
90,182 : -14
91,265 : -27
93,111 : -19
93,259 : -16
95,337 : -17
97,101 : -16
103,361 : -12
105,306 : -17
106,358 : -19
109,380 : -17
110,274 : -14
111,372 : -18
112,213 : -19
112,383 : -17
114,148 : -21
114,205 : -24
114,388 : -19
115,188 : -14
116,333 : -20
117,294 : -9
119,382 : -11
119,384 : -17
121,391 : -21
123,380 : -16
127,328 : -15
129,328 : -19
130,167 : -17
130,311 : -21
133,328 : -21
135,189 : -18
136,271 : -17
137,172 : -9
138,224 : -11
139,177 : -18
139,247 : -22
139,375 : -22
141,260 : -16
142,323 : -20
144,211 : -21
147,333 : -29
150,218 : -17
152,225 : -19
154,196 : -17
156,172 : -16
156,392 : -19
157,162 : -15
157,264 : -12
157,358 : -14
158,227 : -12
159,193 : -22
159,228 : -21
159,377 : -24
161,176 : -10
165,256 : -28
166,309 : -17
169,233 : -14
172,354 : -19
174,175 : -23
174,272 : -28
176,312 : -8
177,195 : -26
178,231 : -11
181,333 : -20
181,348 : -18
183,279 : -19
185,337 : -17
186,191 : -13
189,389 : -18
190,304 : -20
193,350 : -16
195,314 : -24
198,291 : -20
198,360 : -19
200,337 : -23
200,348 : -22
201,338 : -16
202,287 : -14
203,351 : -24
206,238 : -18
208,225 : -17
208,250 : -20
211,322 : -20
211,327 : -23
212,251 : -19
214,288 : -21
215,281 : -21
217,301 : -14
219,325 : -16
221,242 : -20
230,316 : -19
232,263 : -15
232,275 : -8
235,280 : -20
235,396 : -27
237,396 : -22
241,382 : -11
242,265 : -18
252,378 : -11
256,276 : -26
256,277 : -21
259,388 : -15
260,315 : -20
261,377 : -20
262,326 : -22
263,374 : -23
266,377 : -18
267,354 : -13
279,296 : -17
281,381 : -23
285,314 : -24
287,384 : -24
295,345 : -15
301,341 : -11
303,378 : -14
307,382 : -13
308,385 : -26
311,319 : -24
311,379 : -24
313,331 : -18
315,365 : -15
321,379 : -18
323,324 : -20
330,371 : -15
347,383 : -7
347,399 : -13
353,354 : -17
355,368 : -22
361,379 : -19
367,368 : -15
1,26,183 : -30
1,87,151 : -36
1,204,253 : -28
2,380,389 : -25
3,10,77 : -23
4,68,318 : -29
4,204,230 : -30
6,22,323 : -27
6,72,331 : -31
7,47,255 : -26
8,147,199 : -32
10,198,356 : -32
11,323,340 : -36
13,40,165 : -33
13,148,194 : -25
14,43,235 : -43
14,50,82 : -45
14,57,152 : -37
14,94,242 : -28
14,173,381 : -41
14,217,341 : -31
14,237,257 : -35
17,146,201 : -32
19,43,189 : -36
19,262,356 : -28
21,167,345 : -28
22,23,255 : -29
23,25,238 : -32
24,26,170 : -34
24,312,365 : -23
26,200,304 : -38
26,310,391 : -23
27,82,304 : -43
27,181,340 : -33
30,84,265 : -34
30,301,304 : -38
31,75,360 : -38
32,193,216 : -25
33,125,143 : -31
36,161,264 : -20
38,170,327 : -31
39,259,340 : -32
40,165,209 : -35
41,81,181 : -35
41,102,230 : -34
42,93,263 : -29
45,146,308 : -34
45,190,271 : -25
48,53,210 : -22
50,64,399 : -37
50,70,396 : -42
50,120,213 : -33
51,110,111 : -26
53,69,181 : -26
53,307,371 : -29
54,287,292 : -41
55,58,153 : -33
55,243,351 : -28
58,68,302 : -37
58,81,114 : -37
58,173,243 : -30
60,167,398 : -35
62,175,342 : -25
63,113,267 : -27
65,170,309 : -35
65,338,344 : -25
66,148,225 : -28
69,236,271 : -26
69,336,344 : -19
70,105,199 : -34
70,121,316 : -39
70,212,379 : -32
71,78,143 : -26
72,264,309 : -31
76,192,303 : -30
79,149,257 : -32
79,157,209 : -35
79,288,306 : -31
79,318,329 : -27
81,87,145 : -39
81,139,160 : -30
84,120,323 : -30
86,110,180 : -22
87,187,342 : -36
88,120,167 : -33
88,272,325 : -36
89,203,338 : -30
90,192,324 : -28
91,118,293 : -39
91,125,149 : -31
92,105,174 : -41
92,139,162 : -32
95,198,208 : -28
96,222,376 : -22
97,152,375 : -36
97,298,321 : -31
99,190,385 : -25
100,211,273 : -28
100,227,284 : -28
101,130,268 : -29
101,274,356 : -25
105,126,127 : -32
108,268,375 : -35
110,259,329 : -22
113,162,344 : -28
113,166,274 : -34
121,151,170 : -39
122,221,297 : -30
126,222,301 : -26
127,159,172 : -33
131,249,322 : -26
135,260,267 : -25
139,243,256 : -32
141,259,291 : -28
142,234,363 : -34
142,334,366 : -21
145,156,395 : -35
147,170,381 : -45
147,221,245 : -43
147,371,385 : -44
151,225,364 : -30
151,313,362 : -28
152,179,200 : -33
155,187,219 : -29
156,166,193 : -37
159,163,197 : -30
161,259,331 : -25
162,370,371 : -25
164,193,245 : -31
165,261,281 : -37
166,309,311 : -35
169,336,382 : -19
170,227,278 : -33
173,180,280 : -29
173,203,356 : -36
174,263,337 : -38
177,197,283 : -24
180,377,391 : -30
182,264,397 : -18
184,315,349 : -30
185,348,388 : -26
187,262,340 : -31
195,287,395 : -44
196,214,363 : -39
204,214,359 : -31
204,280,377 : -31
205,227,316 : -37
205,253,381 : -33
206,277,292 : -34
211,368,396 : -45
214,266,319 : -33
217,224,332 : -17
218,278,339 : -29
221,309,350 : -34
223,230,317 : -24
228,304,360 : -36
232,290,398 : -26
234,359,361 : -27
238,270,312 : -28
247,289,342 : -30
247,307,374 : -37
249,279,371 : -31
250,268,390 : -38
255,281,303 : -32
255,310,317 : -22
256,320,324 : -30
256,335,356 : -31
265,348,396 : -37
270,302,362 : -36
276,351,361 : -35
280,308,354 : -32
291,368,396 : -42
319,358,390 : -31
334,386,394 : -28
349,368,369 : -34
0,1,240,365 : -21
0,74,129,214 : -34
1,10,25,260 : -48
1,24,306,393 : -41
1,94,127,250 : -40
2,31,231,309 : -51
2,182,293,387 : -50
2,195,292,350 : -55
2,206,224,287 : -43
3,18,164,339 : -37
3,153,251,379 : -45
3,239,325,363 : -40
4,141,300,374 : -47
5,51,136,302 : -38
5,115,376,381 : -36
6,20,217,338 : -42
6,122,232,253 : -34
6,126,169,252 : -35
7,109,213,387 : -43
7,192,206,207 : -38
9,108,340,388 : -35
10,203,229,390 : -55
11,145,245,268 : -53
11,147,148,219 : -53
11,218,221,258 : -52
11,285,311,329 : -54
13,121,296,380 : -45
13,189,251,302 : -53
14,57,92,279 : -51
14,168,174,284 : -55
14,285,372,375 : -56
15,125,147,236 : -43
16,18,36,76 : -35
16,164,236,247 : -42
17,60,325,377 : -53
17,133,137,330 : -33
18,149,256,337 : -41
19,90,166,398 : -45
19,271,324,399 : -43
20,80,82,258 : -50
20,104,334,351 : -46
20,173,206,381 : -52
21,38,88,105 : -42
21,49,278,362 : -36
22,44,145,228 : -42
23,102,292,366 : -52
24,33,97,375 : -50
25,62,112,390 : -48
25,129,134,382 : -35
25,269,342,348 : -38
27,54,253,329 : -44
27,87,166,286 : -50
27,171,243,262 : -43
28,70,302,385 : -53
28,79,184,233 : -42
28,96,173,374 : -46
29,87,100,108 : -44
30,111,271,355 : -52
30,123,207,341 : -42
31,169,327,357 : -47
31,250,327,328 : -55
32,149,152,183 : -41
33,81,87,153 : -55
33,160,293,323 : -47
33,175,382,393 : -38
37,211,236,342 : -41
39,50,237,316 : -55
39,81,313,389 : -45
39,262,285,381 : -55
40,189,273,293 : -45
40,199,212,333 : -44
41,173,203,240 : -48
41,302,342,364 : -49
42,43,195,236 : -55
42,67,254,333 : -40
42,104,223,227 : -45
42,150,287,367 : -40
42,195,220,283 : -46
43,169,258,339 : -47
44,52,95,144 : -40
44,72,188,365 : -40
44,84,232,296 : -36
44,95,210,286 : -32
44,107,218,323 : -41
46,59,276,353 : -46
46,197,233,285 : -44
47,100,106,335 : -43
47,114,140,384 : -46
48,61,79,236 : -45
49,59,106,307 : -45
52,54,75,102 : -50
52,275,354,386 : -42
53,71,167,230 : -38
56,77,251,281 : -38
57,147,153,178 : -50
58,134,236,373 : -38
59,64,91,346 : -51
59,221,259,301 : -46
59,280,306,355 : -40
61,91,276,352 : -51
61,177,386,392 : -45
61,256,339,398 : -51
61,315,379,390 : -48
62,74,122,339 : -42
63,192,222,328 : -42
63,285,293,303 : -49
64,101,165,170 : -52
65,68,194,251 : -42
68,90,251,317 : -45
69,193,274,298 : -41
70,72,133,218 : -48
72,101,144,320 : -37
73,110,152,309 : -45
74,152,178,201 : -40
74,219,251,294 : -40
75,205,311,391 : -51
78,89,293,338 : -42
79,85,297,357 : -43
80,96,261,321 : -37
80,141,183,235 : -45
81,163,229,387 : -55
81,283,338,372 : -43
82,160,217,311 : -48
82,184,305,361 : -38
82,361,385,395 : -54
83,254,263,354 : -40
84,175,221,297 : -40
85,136,170,368 : -47
85,159,167,298 : -45
87,171,179,215 : -45
88,154,239,284 : -37
89,109,112,168 : -43
90,97,153,328 : -48
90,174,352,390 : -49
91,135,251,252 : -46
92,131,265,396 : -51
92,205,263,273 : -44
93,314,335,393 : -40
94,164,180,206 : -37
94,255,270,272 : -43
97,121,143,272 : -54
98,162,322,372 : -34
98,174,191,351 : -46
98,181,257,268 : -44
98,183,216,395 : -38
102,147,328,391 : -58
102,184,314,396 : -49
102,201,249,388 : -45
102,234,272,343 : -51
103,129,227,283 : -42
103,205,361,394 : -41
104,117,277,306 : -39
104,230,282,358 : -37
105,116,324,372 : -43
105,309,343,387 : -54
107,249,262,398 : -40
110,288,299,311 : -43
111,118,327,346 : -41
111,163,194,349 : -46
113,226,325,370 : -43
114,119,189,333 : -50
115,211,258,292 : -53
116,153,290,319 : -46
117,235,263,331 : -48
120,123,163,300 : -43
122,195,279,281 : -54
126,209,222,357 : -43
130,250,331,385 : -51
135,169,254,290 : -35
139,209,215,231 : -43
139,294,349,377 : -50
141,154,351,368 : -47
145,147,374,376 : -56
146,173,203,272 : -58
147,198,272,297 : -54
148,281,352,387 : -50
152,166,283,301 : -44
153,300,343,389 : -40
154,175,301,359 : -34
156,187,266,298 : -47
157,276,300,371 : -44
158,161,238,351 : -32
161,199,348,387 : -44
162,177,196,311 : -47
163,298,342,351 : -46
164,214,261,281 : -51
167,173,195,229 : -59
168,235,251,330 : -46
171,195,215,335 : -49
171,241,249,373 : -39
171,294,355,387 : -46
173,186,255,268 : -48
173,191,202,221 : -40
174,180,293,315 : -53
174,233,277,359 : -44
174,298,299,360 : -52
178,247,350,362 : -39
178,254,281,390 : -44
181,234,270,362 : -47
183,264,277,370 : -35
189,225,269,388 : -40
190,198,302,387 : -51
194,195,233,309 : -51
195,227,229,362 : -55
201,230,299,343 : -38
205,291,340,366 : -44
210,223,306,391 : -34
217,246,256,293 : -47
238,284,290,325 : -43
240,291,306,396 : -43
241,246,364,396 : -42
254,313,341,343 : -36
279,354,392,397 : -38
308,368,386,395 : -57
0,19,75,100,316 : -44
0,76,272,307,331 : -48
0,133,165,168,266 : -46
0,147,226,253,380 : -49
0,175,229,283,284 : -41
0,196,276,351,390 : -51
0,221,244,272,383 : -47
1,20,87,224,267 : -63
1,57,96,256,268 : -64
2,129,147,196,263 : -68
3,112,122,288,303 : -56
3,269,365,373,383 : -44
4,10,64,234,293 : -71
4,52,127,258,328 : -63
6,123,187,194,247 : -57
7,57,166,179,242 : -53
7,76,141,372,374 : -56
8,46,104,155,392 : -53
9,13,32,46,80 : -51
9,85,338,382,398 : -48
9,138,159,235,346 : -54
9,168,200,207,394 : -54
10,80,228,364,389 : -58
10,131,209,257,267 : -60
11,17,123,174,291 : -72
11,61,76,78,113 : -65
11,103,325,346,393 : -61
11,126,189,360,363 : -73
12,65,109,213,285 : -54
12,128,143,148,358 : -47
13,147,156,241,379 : -69
14,27,87,262,384 : -77
14,39,102,159,226 : -76
14,39,116,234,385 : -76
14,88,252,308,386 : -71
15,29,236,280,327 : -49
15,60,195,258,323 : -70
15,162,165,311,322 : -59
16,166,261,262,370 : -54
17,35,78,129,153 : -54
17,47,141,244,252 : -52
17,54,119,262,316 : -62
17,55,208,329,386 : -60
17,150,174,219,290 : -62
18,76,129,320,331 : -52
19,87,221,288,378 : -62
19,219,235,274,399 : -58
20,26,62,192,389 : -55
20,136,172,246,328 : -58
20,162,231,343,363 : -61
21,23,86,164,333 : -60
21,150,245,279,372 : -56
22,26,246,341,381 : -50
22,37,39,85,250 : -53
22,40,170,292,395 : -66
23,32,179,303,316 : -61
23,43,73,130,152 : -65
23,58,95,196,353 : -60
24,28,89,125,260 : -54
24,113,310,326,387 : -68
24,118,249,326,346 : -61
25,47,79,211,339 : -72
25,167,314,326,369 : -61
26,29,62,130,159 : -57
27,35,247,275,311 : -59
27,82,97,249,374 : -75
28,30,54,199,204 : -66
28,65,105,266,285 : -60
28,106,158,176,372 : -50
28,168,171,308,344 : -56
29,61,143,386,397 : -60
29,69,175,260,348 : -54
29,83,93,263,296 : -53
29,88,198,205,227 : -64
29,214,268,307,335 : -64
30,41,117,376,396 : -68
30,101,106,108,377 : -67
31,60,71,79,349 : -76
31,91,235,256,327 : -83
31,96,214,322,335 : -62
31,118,260,284,380 : -65
32,71,142,319,364 : -53
33,52,134,140,276 : -56
33,69,116,290,314 : -57
33,97,114,286,337 : -60
33,111,176,265,294 : -61
34,131,287,296,349 : -57
34,154,170,319,378 : -52
35,64,113,276,317 : -59
36,39,138,294,398 : -57
36,121,145,286,291 : -61
36,122,123,148,182 : -54
36,127,180,207,334 : -51
38,53,73,304,338 : -61
38,170,248,309,374 : -65
39,43,79,122,212 : -70
41,48,102,365,388 : -56
43,57,80,269,386 : -60
45,56,198,279,283 : -50
45,65,324,347,383 : -46
45,209,312,361,377 : -57
46,131,142,155,301 : -54
46,168,212,257,270 : -60
47,114,268,308,328 : -73
47,156,185,244,281 : -62
48,95,182,187,191 : -50
49,74,100,174,331 : -64
49,199,200,214,265 : -68
51,62,106,330,362 : -54
52,214,231,257,374 : -67
53,55,106,231,302 : -63
53,64,126,194,237 : -57
53,136,186,253,341 : -50
53,221,244,247,260 : -65
54,58,66,157,299 : -59
54,146,172,258,319 : -68
54,238,289,359,363 : -59
55,70,106,236,368 : -68
57,59,165,166,208 : -69
58,112,159,230,363 : -70
58,149,236,375,395 : -60
58,261,326,361,387 : -70
60,85,128,265,374 : -60
60,102,115,335,381 : -65
60,126,145,304,360 : -71
61,105,258,291,384 : -67
62,88,152,253,258 : -60
64,66,155,175,237 : -59
64,146,154,214,375 : -73
66,116,245,297,309 : -60
66,279,285,308,351 : -69
67,104,249,250,326 : -64
67,186,211,229,381 : -62
70,77,118,199,369 : -50
70,121,170,215,265 : -72
70,163,213,339,349 : -65
72,118,197,234,302 : -63
72,222,305,313,316 : -57
73,81,253,331,388 : -60
74,138,142,165,183 : -60
74,151,284,317,394 : -56
74,156,254,293,308 : -68
74,334,371,375,383 : -58
75,86,165,216,384 : -60
76,107,232,299,330 : -48
76,163,180,287,369 : -57
76,179,228,233,374 : -61
79,174,188,317,328 : -71
79,244,288,340,360 : -61
81,115,277,321,393 : -57
81,144,198,339,399 : -63
82,85,93,195,373 : -66
82,104,224,340,373 : -61
83,98,162,215,310 : -46
83,291,336,348,351 : -56
84,90,149,261,391 : -49
86,199,227,276,323 : -64
88,201,256,364,377 : -67
88,211,235,276,356 : -72
88,264,303,368,373 : -60
91,99,167,360,384 : -64
91,102,111,191,193 : -71
92,160,302,305,396 : -62
92,185,284,289,302 : -61
92,218,274,337,357 : -60
97,125,165,166,386 : -71
103,120,170,247,308 : -71
104,181,186,374,385 : -70
104,200,325,384,396 : -75
105,114,173,187,259 : -69
106,143,172,218,293 : -67
106,170,195,249,308 : -80
108,131,184,356,370 : -46
109,203,222,343,369 : -57
112,131,149,164,349 : -62
112,136,233,292,322 : -63
112,174,240,339,395 : -69
113,206,242,387,392 : -65
115,225,248,285,334 : -54
115,245,252,298,303 : -56
117,150,182,216,294 : -47
119,260,316,320,345 : -56
121,153,274,311,375 : -73
121,268,276,318,385 : -71
122,156,172,192,226 : -58
126,154,235,277,384 : -63
126,164,289,303,387 : -64
127,140,300,336,391 : -50
132,179,188,214,316 : -62
132,245,297,315,371 : -58
132,271,295,379,386 : -63
133,157,181,195,249 : -69
143,181,245,278,381 : -62
145,165,266,370,373 : -57
146,196,354,384,393 : -66
146,251,319,355,369 : -61
148,204,283,314,353 : -57
155,209,228,271,316 : -66
155,242,259,368,385 : -68
155,298,304,324,328 : -68
158,165,247,267,278 : -57
167,224,252,271,287 : -61
168,188,254,263,342 : -55
169,196,199,319,354 : -59
169,205,241,367,399 : -49
191,208,238,255,264 : -51
196,199,205,206,269 : -59
204,217,337,353,398 : -58
223,251,291,298,335 : -60
226,314,344,349,396 : -66
241,305,325,390,397 : -51
0,80,91,146,259,360 : -70
0,95,133,345,390,393 : -59
0,152,207,282,368,393 : -58
1,43,160,175,225,318 : -69
1,60,103,250,258,385 : -90
2,24,39,48,151,217 : -79
2,38,100,117,187,240 : -68
2,56,272,278,298,362 : -74
4,33,239,250,284,399 : -76
4,63,113,143,296,387 : -86
4,82,104,338,346,386 : -86
4,103,112,171,289,349 : -85
4,142,212,247,270,386 : -88
4,165,183,249,271,397 : -83
5,8,10,178,333,392 : -65
5,10,51,102,189,378 : -77
5,40,64,261,272,282 : -71
6,68,90,187,278,292 : -81
7,24,39,109,139,363 : -84
7,80,200,224,321,385 : -79
8,119,151,299,345,386 : -71
9,81,186,215,284,380 : -73
9,146,202,213,383,399 : -66
10,49,73,91,160,394 : -78
10,144,241,243,261,353 : -69
10,256,293,327,373,383 : -86
11,16,41,192,268,331 : -86
11,20,215,246,280,313 : -76
11,60,177,271,292,364 : -91
11,80,120,193,274,281 : -85
11,91,139,146,270,368 : -102
12,52,65,203,242,394 : -70
13,17,29,31,222,349 : -86
13,31,138,267,276,354 : -81
13,103,109,120,193,363 : -83
14,50,123,153,304,325 : -97
14,116,156,200,243,344 : -84
16,61,78,143,146,154 : -78
16,121,140,279,291,321 : -75
18,23,156,210,211,238 : -79
18,91,134,189,324,374 : -84
19,45,211,232,295,392 : -72
19,116,197,240,274,307 : -67
20,95,102,195,209,304 : -97
20,247,285,311,333,339 : -97
21,34,68,187,196,201 : -70
21,89,112,154,191,383 : -71
21,94,244,277,305,316 : -63
21,107,192,262,339,366 : -69
22,43,135,144,239,378 : -62
23,103,117,131,165,206 : -83
23,130,229,341,358,375 : -78
24,68,108,177,255,344 : -74
24,205,212,237,276,289 : -81
25,43,105,108,325,326 : -87
25,43,112,189,307,359 : -84
25,120,294,319,354,389 : -75
26,36,106,109,212,331 : -81
26,56,133,155,304,325 : -81
26,77,123,189,323,326 : -81
27,48,91,197,245,310 : -77
27,74,273,278,302,380 : -78
27,125,126,154,182,313 : -74
27,227,271,324,342,345 : -81
29,31,73,92,226,361 : -84
30,32,272,340,353,357 : -81
30,33,198,209,231,349 : -87
30,41,113,192,314,347 : -84
30,49,132,207,331,337 : -80
30,52,156,213,214,270 : -92
30,54,132,138,177,311 : -84
30,118,159,281,326,339 : -95
30,159,163,250,277,324 : -86
31,39,204,229,287,345 : -94
31,66,201,229,282,377 : -82
31,91,127,204,298,300 : -92
32,45,114,119,246,315 : -70
32,52,65,101,190,220 : -63
32,109,172,228,248,262 : -72
33,106,143,157,204,365 : -78
36,39,87,118,164,210 : -82
36,59,90,270,322,330 : -76
37,42,72,107,108,322 : -64
37,44,59,143,285,377 : -84
37,221,225,253,285,396 : -83
38,99,271,292,323,328 : -79
38,101,128,200,218,256 : -73
38,226,256,323,379,392 : -81
39,41,92,177,235,391 : -88
39,52,62,181,227,329 : -77
40,70,173,217,235,237 : -84
41,59,145,279,292,317 : -86
41,132,213,355,385,390 : -82
41,152,171,224,287,337 : -84
42,86,147,201,266,350 : -76
42,189,191,229,237,258 : -81
43,74,110,131,134,312 : -68
44,46,207,287,345,375 : -80
44,57,274,289,305,358 : -67
45,188,219,297,321,357 : -65
46,155,180,208,209,363 : -81
46,214,229,337,348,360 : -86
47,68,160,254,337,397 : -72
47,119,195,314,363,395 : -91
48,73,239,260,265,384 : -72
49,110,127,147,228,355 : -80
50,59,153,222,281,363 : -93
50,60,99,115,189,314 : -83
50,92,97,129,151,326 : -90
50,153,215,331,345,368 : -91
50,155,199,309,352,363 : -88
50,185,190,196,268,377 : -85
50,185,206,241,326,349 : -87
50,203,228,272,297,348 : -88
51,68,75,145,250,276 : -83
51,300,308,357,364,375 : -79
52,77,174,250,309,363 : -88
53,55,102,141,216,250 : -77
53,66,75,133,208,294 : -76
54,102,168,251,291,385 : -92
55,60,89,128,248,267 : -65
55,69,130,183,208,320 : -69
55,136,150,200,287,357 : -83
56,63,183,296,353,394 : -66
57,142,209,290,318,352 : -68
58,127,265,291,327,374 : -88
58,133,281,307,325,345 : -83
59,61,117,215,255,302 : -81
59,146,233,288,338,383 : -80
60,81,129,179,292,395 : -87
60,100,125,192,223,255 : -75
60,123,193,222,321,358 : -78
60,150,171,209,355,387 : -87
61,140,144,270,315,363 : -80
62,167,245,298,300,374 : -82
63,78,133,144,356,398 : -72
63,136,174,235,293,395 : -88
64,76,114,121,226,380 : -85
65,98,130,150,203,310 : -69
66,93,114,132,151,206 : -80
66,118,260,263,330,352 : -71
67,103,108,120,121,287 : -80
67,132,176,204,342,398 : -69
70,93,106,188,200,361 : -84
70,97,105,116,257,376 : -80
71,147,177,225,320,393 : -75
72,104,120,170,187,393 : -88
72,111,221,299,320,362 : -80
73,147,295,302,304,323 : -96
75,83,113,134,244,330 : -66
75,84,111,186,296,317 : -71
75,91,132,251,269,347 : -76
75,168,221,231,248,352 : -71
78,125,147,193,295,390 : -85
79,82,216,334,355,385 : -84
80,116,148,265,300,304 : -83
82,86,88,164,228,245 : -80
82,91,96,151,222,234 : -86
82,139,205,268,285,292 : -100
83,124,155,282,303,315 : -63
86,133,163,178,260,371 : -73
87,151,214,282,326,399 : -88
87,186,200,203,227,306 : -87
89,107,109,135,258,366 : -62
90,142,153,340,343,366 : -72
91,105,167,205,249,360 : -93
92,208,211,234,304,308 : -94
93,150,315,347,364,378 : -69
93,257,280,292,323,395 : -84
95,146,155,252,270,283 : -79
96,145,218,220,314,387 : -76
97,120,193,230,292,326 : -88
98,164,166,220,233,379 : -72
100,185,186,210,304,339 : -75
103,290,318,336,343,357 : -66
104,200,242,303,312,317 : -76
104,243,293,296,326,376 : -79
111,140,163,174,192,223 : -81
111,166,225,226,254,266 : -77
111,176,190,234,299,351 : -77
112,188,208,216,349,356 : -79
112,200,270,338,371,381 : -91
113,147,150,223,224,295 : -83
114,156,233,257,268,299 : -86
115,248,333,352,355,398 : -70
117,144,246,273,333,364 : -67
118,126,187,217,226,388 : -75
121,122,135,146,206,254 : -80
121,179,235,290,319,348 : -83
123,134,159,210,280,375 : -73
124,125,195,278,295,364 : -73
124,133,166,211,248,373 : -73
127,152,156,197,220,349 : -79
129,163,234,307,327,370 : -73
132,183,187,346,353,379 : -75
140,190,211,223,295,313 : -70
142,146,203,237,286,333 : -80
143,176,205,257,312,399 : -77
143,176,220,295,386,396 : -80
145,151,184,270,376,385 : -80
148,157,289,336,384,387 : -78
148,183,212,229,238,333 : -81
165,197,223,270,273,394 : -74
171,229,257,288,308,350 : -77
173,195,244,359,368,371 : -88
185,215,285,289,354,384 : -82
194,203,228,302,311,350 : -84
195,247,268,311,360,375 : -103
207,292,297,321,358,376 : -72
234,296,313,319,321,374 : -81
238,256,309,336,368,399 : -86
