0,267 : -0.07092857142857145
0,288 : 0.07914285714285718
2,265 : -0.031076923076923002
2,287 : 0.07109999999999994
3,356 : -0.09536428571428579
4,304 : 0.06457692307692309
4,380 : 0.012284615384615338
5,343 : -0.07359999999999989
6,189 : 0.0161874999999998
10,59 : 0.07627197802197794
10,172 : -0.16667857142857145
11,31 : 0.08709999999999996
12,87 : -0.29813749999999994
12,182 : -0.26637500000000003
13,272 : 0.0826
14,203 : 0.10654117647058814
16,237 : -0.07745000000000024
17,218 : -0.007249999999999979
19,92 : 0.06711538461538458
20,247 : 0.14417582417582409
20,362 : 0.07358846153846144
22,114 : -0.09135714285714291
23,27 : -0.1803785714285715
23,35 : -0.24221428571428572
23,51 : -0.14350892857142838
23,180 : -0.11008333333333331
24,50 : 0.07324999999999993
25,188 : 0.021166666666666667
27,172 : -0.0999000000000001
27,185 : -0.0032000000000000917
28,78 : -0.0004499999999998394
30,198 : 0.0374411764705882
30,387 : 0.15491176470588242
31,120 : 0.08599999999999997
31,316 : 0.0402499999999999
31,351 : -0.023705128205128156
35,176 : -0.2925
36,68 : -0.18961538461538452
36,379 : -0.08274999999999988
40,43 : 0.02956428571428582
40,221 : -0.15444999999999998
40,285 : 0.026293750000000005
41,136 : 0.06626923076923064
42,316 : 0.027464285714285608
42,386 : 0.00660000000000005
43,299 : -0.04492142857142856
44,212 : -0.026450000000000085
44,326 : -0.04159999999999986
46,381 : -0.006373076923076981
47,109 : -0.08687499999999981
47,261 : -0.060675000000000257
47,357 : -0.0012750000000001371
49,315 : -0.037437500000000234
50,54 : 0.0014326923076922737
51,366 : -0.07691964285714281
54,327 : -0.11276923076923073
54,390 : 0.06950000000000012
55,106 : 0.09989285714285723
55,159 : 0.027142857142857135
56,116 : 0.012000000000000122
57,290 : 0.1007499999999999
63,232 : -0.1653125000000002
64,72 : -0.00396153846153835
64,203 : 0.0004384615384613877
64,275 : -0.1889519230769232
66,113 : 0.010888461538461458
67,394 : 0.052999999999999936
68,242 : -0.14865384615384603
68,329 : -0.10006043956043964
68,344 : -0.02807692307692311
71,112 : -0.1049500000000001
72,76 : 0.08984615384615391
72,121 : 0.03233846153846165
73,139 : 0.04794999999999994
73,350 : 0.05372500000000002
78,214 : -0.06858125000000004
78,372 : -0.07396666666666674
79,86 : 0.043294117647058816
79,162 : -0.09336764705882361
79,211 : -0.0695882352941175
79,377 : 0.017418067226890765
81,300 : 0.023671428571428565
82,88 : 0.15685000000000004
83,391 : -0.03502142857142854
84,150 : -0.09285714285714297
87,315 : -0.08453124999999995
87,392 : -0.08315625000000004
90,182 : -0.20615000000000006
91,265 : 0.09200641025641032
93,111 : 0.030815384615384578
93,259 : -0.15664999999999996
95,337 : -0.028041666666666742
97,101 : -0.04293749999999985
103,361 : 0.06400000000000006
105,306 : -0.04457692307692307
106,358 : -0.12121428571428572
109,380 : -0.16534999999999989
110,274 : -0.14592500000000008
111,372 : -0.15344871794871806
112,213 : 0.08713750000000009
112,383 : 0.06774999999999998
114,148 : -0.03789285714285695
114,205 : 0.012357142857142955
114,388 : -0.05573809523809503
115,188 : -0.024833333333333263
116,333 : -0.07134615384615373
117,294 : 0.09066666666666678
119,382 : -0.19330357142857135
119,384 : 0.009206730769230842
121,391 : -0.07414999999999994
123,380 : 0.019999999999999907
127,328 : 0.11488461538461525
129,328 : 0.029292307692307618
130,167 : 0.0017500000000001403
130,311 : -0.013718750000000002
133,328 : 0.008942307692307638
135,189 : 0.017542857142857082
136,271 : 0.009083333333333332
137,172 : -0.24650000000000016
138,224 : 0.020999999999999908
139,177 : 0.11834999999999996
139,247 : -0.04971428571428582
139,375 : 0.08739285714285727
141,260 : -0.07112499999999988
142,323 : -0.10997857142857148
144,211 : 0.001979166666666643
147,333 : 0.05892884615384619
150,218 : -0.04775000000000018
152,225 : 0.005684615384615288
154,196 : 0.09924999999999984
156,172 : 0.06882142857142859
156,392 : 0.049940476190476146
157,162 : -0.044083333333333474
157,264 : -0.20685714285714285
157,358 : -0.09633333333333338
158,227 : -0.06837500000000007
159,193 : 0.09623214285714288
159,228 : 0.05600000000000005
159,377 : -0.03125
161,176 : -0.12750000000000017
165,256 : 0.06021874999999999
166,309 : 0.011178571428571371
169,233 : -0.10756250000000023
172,354 : -0.1259999999999999
174,175 : -0.010166666666666657
174,272 : 0.04789285714285718
176,312 : -0.011214285714285843
177,195 : 0.05042499999999994
178,231 : 0.020000000000000018
181,333 : -0.03799999999999981
181,348 : -0.015499999999999847
183,279 : -0.027124999999999844
185,337 : -0.02299999999999991
186,191 : 0.02833333333333332
189,389 : -0.05992857142857133
190,304 : 0.09424999999999994
193,350 : -0.06974999999999998
195,314 : 0.15327499999999994
198,291 : -0.015499999999999847
198,360 : 0.015624999999999889
200,337 : 0.13182500000000008
200,348 : 0.0633999999999999
201,338 : -0.04400000000000004
202,287 : -0.2309000000000001
203,351 : -0.04085384615384591
206,238 : 0.03649999999999998
208,225 : -0.032299999999999995
208,250 : 0.08753846153846156
211,322 : -0.03331250000000008
211,327 : 0.020781249999999973
212,251 : -0.00649999999999995
214,288 : 0.031197916666666603
215,281 : 0.10825000000000018
217,301 : 9.999999999998899e-05
219,325 : 0.10503846153846153
221,242 : -0.19240000000000013
230,316 : -0.009250000000000203
232,263 : -0.18181249999999993
232,275 : -0.2911250000000001
235,280 : 0.035666666666666624
235,396 : 0.11346875000000001
237,396 : 0.05413749999999995
241,382 : -0.24162499999999998
242,265 : -0.11692307692307691
252,378 : 0.07922321428571433
256,276 : -0.04421428571428576
256,277 : 0.026270833333333354
259,388 : 0.025583333333333402
260,315 : -0.09037499999999987
261,377 : 0.05195714285714281
262,326 : 0.09160000000000001
263,374 : -0.10175000000000001
266,377 : -0.023294642857143
267,354 : -0.07525000000000004
279,296 : 0.08139999999999992
281,381 : 0.016890109890109972
285,314 : 0.04093750000000007
287,384 : -0.04110769230769251
295,345 : 0.06445000000000012
301,341 : 0.08866964285714285
303,378 : 0.013642857142857068
307,382 : -0.2287785714285715
308,385 : 0.1436026785714286
311,319 : 0.029249999999999998
311,379 : -0.08418750000000008
313,331 : 0.0878461538461538
315,365 : -0.1113928571428573
321,379 : -0.04665000000000008
323,324 : -0.02959999999999985
330,371 : 0.0019374999999999254
347,383 : 0.08755000000000002
347,399 : 0.007000000000000006
353,354 : -0.10595833333333338
355,368 : 0.07259375000000001
361,379 : -0.06962500000000027
367,368 : -0.07078125000000002
1,26,183 : 0.10317500000000002
1,87,151 : 0.17456250000000006
1,204,253 : 0.1412500000000001
2,380,389 : 0.13627500000000003
3,10,77 : 0.15508214285714295
4,68,318 : 0.1151875
4,204,230 : 0.12403846153846154
6,22,323 : 0.1278571428571429
6,72,331 : 0.1001153846153846
7,47,255 : 0.141725
8,147,199 : 0.11694999999999989
10,198,356 : 0.10944464285714284
11,323,340 : 0.15906071428571433
13,40,165 : 0.16948124999999992
13,148,194 : 0.157917857142857
14,43,235 : 0.1950718487394958
14,50,82 : 0.20861617647058828
14,57,152 : 0.19334558823529413
14,94,242 : 0.12210294117647069
14,173,381 : 0.21652731092436972
14,217,341 : 0.16772752100840338
14,237,257 : 0.20289705882352926
17,146,201 : 0.12275000000000003
19,43,189 : 0.17566785714285715
19,262,356 : 0.12917500000000004
21,167,345 : 0.15694583333333334
22,23,255 : 0.08628303571428564
23,25,238 : 0.1324535714285715
24,26,170 : 0.1710624999999999
24,312,365 : 0.08699999999999997
26,200,304 : 0.17726875000000009
26,310,391 : 0.13870000000000005
27,82,304 : 0.2041312500000001
27,181,340 : 0.160825
30,84,265 : 0.10801341305753076
30,301,304 : 0.12079411764705883
31,75,360 : 0.22249999999999992
32,193,216 : 0.13256250000000014
33,125,143 : 0.22724999999999995
36,161,264 : -0.02300000000000013
38,170,327 : 0.15856875000000004
39,259,340 : 0.153775
40,165,209 : 0.1514875
41,81,181 : 0.1394546703296703
41,102,230 : 0.2200653846153846
42,93,263 : 0.14005
45,146,308 : 0.15902142857142854
45,190,271 : 0.18325000000000002
48,53,210 : 0.1740357142857143
50,64,399 : 0.12597355769230767
50,70,396 : 0.2183942307692308
50,120,213 : 0.13787499999999986
51,110,111 : 0.04847115384615397
53,69,181 : 0.08253571428571427
53,307,371 : 0.14949999999999997
54,287,292 : 0.1545653846153846
55,58,153 : 0.19393269230769228
55,243,351 : 0.12147390109890133
58,68,302 : 0.09388557692307697
58,81,114 : 0.11292857142857149
58,173,243 : 0.14729464285714267
60,167,398 : 0.15516249999999998
62,175,342 : 0.1407166666666666
63,113,267 : 0.10857692307692302
65,170,309 : 0.1481744047619047
65,338,344 : 0.14376562500000012
66,148,225 : 0.167775
69,236,271 : 0.0845446428571428
69,336,344 : 0.10914732142857142
70,105,199 : 0.2310192307692308
70,121,316 : 0.16677115384615382
70,212,379 : 0.16149326923076912
71,78,143 : 0.16319615384615394
72,264,309 : 0.03107829670329665
76,192,303 : 0.14425
79,149,257 : 0.1403823529411764
79,157,209 : 0.10883823529411774
79,288,306 : 0.08985784313725498
79,318,329 : 0.12999474789915966
81,87,145 : 0.17632589285714284
81,139,160 : 0.14907142857142852
84,120,323 : 0.09284374999999989
86,110,180 : 0.12836458333333323
87,187,342 : 0.11806706730769223
88,120,167 : 0.151625
88,272,325 : 0.1467733516483516
89,203,338 : 0.14165000000000005
90,192,324 : 0.14717500000000006
91,118,293 : 0.18804285714285718
91,125,149 : 0.0877202380952381
92,105,174 : 0.14301602564102567
92,139,162 : 0.1273749999999999
95,198,208 : 0.16225
96,222,376 : 0.22054285714285715
97,152,375 : 0.17934271978021976
97,298,321 : 0.16207499999999997
99,190,385 : 0.14596874999999998
100,211,273 : 0.17845312499999988
100,227,284 : 0.20662500000000006
101,130,268 : 0.17231875000000008
101,274,356 : 0.11389999999999989
105,126,127 : 0.1276346153846154
108,268,375 : 0.21413928571428564
110,259,329 : 0.04808749999999984
113,162,344 : 0.13442307692307698
113,166,274 : 0.15515934065934078
121,151,170 : 0.17623749999999982
122,221,297 : 0.18114166666666676
126,222,301 : 0.1902062499999999
127,159,172 : 0.12226785714285726
131,249,322 : 0.13737500000000002
135,260,267 : 0.0665714285714285
139,243,256 : 0.12247098214285723
141,259,291 : 0.1220730769230769
142,234,363 : 0.18228749999999994
142,334,366 : 0.11465714285714279
145,156,395 : 0.18795535714285716
147,170,381 : 0.1351461538461538
147,221,245 : 0.18937500000000007
147,371,385 : 0.165203125
151,225,364 : 0.12405
151,313,362 : 0.15739999999999998
152,179,200 : 0.1794899038461537
155,187,219 : 0.10186057692307693
156,166,193 : 0.19463928571428568
159,163,197 : 0.19537500000000008
161,259,331 : -0.01221153846153844
162,370,371 : 0.12882142857142864
164,193,245 : 0.1893125
165,261,281 : 0.18307901785714276
166,309,311 : 0.1486941964285714
169,336,382 : 0.04299999999999993
170,227,278 : 0.18907499999999988
173,180,280 : 0.11511111111111116
173,203,356 : 0.13107857142857138
174,263,337 : 0.13727083333333334
177,197,283 : 0.14608333333333334
180,377,391 : 0.1073238095238096
182,264,397 : 0.0748705357142857
184,315,349 : 0.09937499999999999
185,348,388 : 0.09191666666666665
187,262,340 : 0.17708269230769225
195,287,395 : 0.213225
196,214,363 : 0.19787812500000013
204,214,359 : 0.152390625
204,280,377 : 0.14030357142857142
205,227,316 : 0.16498214285714274
205,253,381 : 0.09467582417582432
206,277,292 : 0.162296875
211,368,396 : 0.1559218750000001
214,266,319 : 0.1313437500000001
217,224,332 : 0.011008333333333287
218,278,339 : 0.14481581196581195
221,309,350 : 0.20071249999999996
223,230,317 : 0.19558333333333344
228,304,360 : 0.19696875000000003
232,290,398 : 0.034150000000000014
234,359,361 : 0.1397410714285714
238,270,312 : 0.07918214285714287
247,289,342 : 0.16016071428571432
247,307,374 : 0.12343749999999987
249,279,371 : 0.15375000000000005
250,268,390 : 0.16299230769230766
255,281,303 : 0.1530678571428571
255,310,317 : 0.17725000000000002
256,320,324 : 0.12592723214285706
256,335,356 : 0.13539999999999996
265,348,396 : 0.21175600961538465
270,302,362 : 0.20985714285714296
276,351,361 : 0.14379395604395606
280,308,354 : 0.13172023809523814
291,368,396 : 0.21569711538461545
319,358,390 : 0.13295673076923076
334,386,394 : 0.1287476190476191
349,368,369 : 0.17530937499999988
0,1,240,365 : 0.1580357142857144
0,74,129,214 : 0.23786636904761904
1,10,25,260 : 0.13727976190476188
1,24,306,393 : 0.18344166666666661
1,94,127,250 : 0.17118461538461538
2,31,231,309 : 0.14753174603174612
2,182,293,387 : 0.13627836134453786
2,195,292,350 : 0.21704010416666664
2,206,224,287 : 0.24116851242690063
3,18,164,339 : 0.17880036630036622
3,153,251,379 : 0.12474193434770353
3,239,325,363 : 0.1555827838827838
4,141,300,374 : 0.20660384615384608
5,51,136,302 : 0.13485000000000014
5,115,376,381 : 0.16862170584045566
6,20,217,338 : 0.1390479781348789
6,122,232,253 : 0.1198738425925926
6,126,169,252 : 0.08868749999999992
7,109,213,387 : 0.21731022408963574
7,192,206,207 : 0.2147256493506493
9,108,340,388 : 0.14203333333333334
10,203,229,390 : 0.16865091575091584
11,145,245,268 : 0.2466666666666667
11,147,148,219 : 0.1680250000000001
11,218,221,258 : 0.1995083333333333
11,285,311,329 : 0.17533125000000005
13,121,296,380 : 0.2127349206349206
13,189,251,302 : 0.1613820512820513
14,57,92,279 : 0.2147609351432881
14,168,174,284 : 0.19693888888888889
14,285,372,375 : 0.18905698529411763
15,125,147,236 : 0.17827222222222228
16,18,36,76 : 0.18520238095238106
16,164,236,247 : 0.15499896854048478
17,60,325,377 : 0.19093406593406603
17,133,137,330 : 0.059083333333333266
18,149,256,337 : 0.14633779761904764
19,90,166,398 : 0.14537976190476198
19,271,324,399 : 0.21726123188405788
20,80,82,258 : 0.23076666666666668
20,104,334,351 : 0.12398901098901094
20,173,206,381 : 0.18772664835164843
21,38,88,105 : 0.18797008547008554
21,49,278,362 : 0.21787222222222224
22,44,145,228 : 0.17351666666666665
23,102,292,366 : 0.1681380952380952
24,33,97,375 : 0.222922619047619
25,62,112,390 : 0.17652991452991473
25,129,134,382 : 0.13428571428571434
25,269,342,348 : 0.18318333333333336
27,54,253,329 : 0.13927906389906386
27,87,166,286 : 0.15953779761904752
27,171,243,262 : 0.18452380952380942
28,70,302,385 : 0.2223405448717949
28,79,184,233 : 0.1278594771241831
28,96,173,374 : 0.1487170138888888
29,87,100,108 : 0.15331597222222226
30,111,271,355 : 0.16315011312217198
30,123,207,341 : 0.17365226278011203
31,169,327,357 : 0.15045277777777788
31,250,327,328 : 0.21416666666666673
32,149,152,183 : 0.1649887152777777
33,81,87,153 : 0.21168463827838835
33,160,293,323 : 0.18266369047619058
33,175,382,393 : 0.12309484126984138
37,211,236,342 : 0.16293333333333326
39,50,237,316 : 0.23417142857142847
39,81,313,389 : 0.19960873015873004
39,262,285,381 : 0.1994823717948716
40,189,273,293 : 0.17557491496598632
40,199,212,333 : 0.21217564102564113
41,173,203,240 : 0.16847564102564105
41,302,342,364 : 0.17877179487179495
42,43,195,236 : 0.19386369047619045
42,67,254,333 : 0.1731999999999999
42,104,223,227 : 0.1953055555555555
42,150,287,367 : 0.09644999999999992
42,195,220,283 : 0.20728611111111095
43,169,258,339 : 0.19906410256410256
44,52,95,144 : 0.19000000000000006
44,72,188,365 : 0.09169047619047621
44,84,232,296 : 0.10880548780487798
44,95,210,286 : 0.21486031746031742
44,107,218,323 : 0.1789289682539682
46,59,276,353 : 0.1859406593406594
46,197,233,285 : 0.12818125000000025
47,100,106,335 : 0.16436760018214935
47,114,140,384 : 0.19567948717948713
48,61,79,236 : 0.13268697478991598
49,59,106,307 : 0.16689647435897437
52,54,75,102 : 0.23193589743589726
52,275,354,386 : 0.026183333333333336
53,71,167,230 : 0.14141666666666675
56,77,251,281 : 0.15884157509157504
57,147,153,178 : 0.17259157509157497
58,134,236,373 : 0.18690575396825393
59,64,91,346 : 0.19968284493284483
59,221,259,301 : 0.10982692307692299
59,280,306,355 : 0.13830085470085474
61,91,276,352 : 0.21439682539682536
61,177,386,392 : 0.19489999999999996
61,256,339,398 : 0.17319150641025638
61,315,379,390 : 0.16987820512820517
62,74,122,339 : 0.22590598290598285
63,192,222,328 : 0.18005128205128196
63,285,293,303 : 0.16376696428571424
64,101,165,170 : 0.17426666666666668
65,68,194,251 : 0.1509920634920633
68,90,251,317 : 0.19774245607787266
69,193,274,298 : 0.14964325396825406
70,72,133,218 : 0.15350256410256424
72,101,144,320 : 0.18405139652014657
73,110,152,309 : 0.1722599397590362
74,152,178,201 : 0.17765099116569694
74,219,251,294 : 0.14567094017094018
75,205,311,391 : 0.16283392857142864
78,89,293,338 : 0.1679857142857143
79,85,297,357 : 0.15824334488181224
80,96,261,321 : 0.21554285714285715
80,141,183,235 : 0.1559666666666666
81,163,229,387 : 0.16963488472311994
81,283,338,372 : 0.12730555555555556
82,160,217,311 : 0.1386284722222223
82,184,305,361 : 0.18314999999999992
82,361,385,395 : 0.24002916666666663
83,254,263,354 : 0.15250547619047605
84,175,221,297 : 0.15313243122266995
85,136,170,368 : 0.15970039682539683
85,159,167,298 : 0.21067857142857138
87,171,179,215 : 0.21013333333333328
88,154,239,284 : 0.189025
89,109,112,168 : 0.2040991596638655
90,97,153,328 : 0.20752019230769225
90,174,352,390 : 0.17224102564102572
91,135,251,252 : 0.17111747913628983
92,131,265,396 : 0.19084348290598285
92,205,263,273 : 0.17712362637362633
93,314,335,393 : 0.18264166666666648
94,164,180,206 : 0.17883580246913577
94,255,270,272 : 0.14470476190476178
97,121,143,272 : 0.19185265567765564
98,162,322,372 : 0.15332775725232628
98,174,191,351 : 0.1527708333333333
98,181,257,268 : 0.19813333333333327
98,183,216,395 : 0.20090178571428563
102,147,328,391 : 0.1621173076923078
102,184,314,396 : 0.18758125000000003
102,201,249,388 : 0.15284722222222225
102,234,272,343 : 0.21407619047619042
103,129,227,283 : 0.15166666666666673
103,205,361,394 : 0.1727063492063493
104,117,277,306 : 0.17758084045584044
104,230,282,358 : 0.16743162393162392
105,116,324,372 : 0.14786262751585344
105,309,343,387 : 0.1457934712346477
107,249,262,398 : 0.20587500000000014
110,288,299,311 : 0.1503517361111112
111,118,327,346 : 0.2062148656898657
111,163,194,349 : 0.18762747252747258
113,226,325,370 : 0.1849333333333334
114,119,189,333 : 0.15395897435897432
115,211,258,292 : 0.1987291666666665
116,153,290,319 : 0.2059498834498834
117,235,263,331 : 0.15275384615384613
120,123,163,300 : 0.22505833333333325
122,195,279,281 : 0.15784285714285717
126,209,222,357 : 0.18980833333333347
130,250,331,385 : 0.20449296652421667
135,169,254,290 : 0.17438099489795922
139,209,215,231 : 0.2129791666666666
139,294,349,377 : 0.1692529100529101
141,154,351,368 : 0.17067932692307686
145,147,374,376 : 0.21571041666666657
146,173,203,272 : 0.23432857142857133
147,198,272,297 : 0.1734321428571427
148,281,352,387 : 0.21499299719887954
152,166,283,301 : 0.151790293040293
153,300,343,389 : 0.2198945054945054
154,175,301,359 : 0.15673951531850017
156,187,266,298 : 0.1828697344322343
157,276,300,371 : 0.13173809523809543
158,161,238,351 : 0.07251996336996347
161,199,348,387 : 0.12940722142515548
162,177,196,311 : 0.19628437499999996
163,298,342,351 : 0.18882051282051293
164,214,261,281 : 0.20650297619047608
167,173,195,229 : 0.2246471611721611
168,235,251,330 : 0.17758076923076926
171,195,215,335 : 0.20103333333333318
171,241,249,373 : 0.1871611111111111
171,294,355,387 : 0.22700555555555546
173,186,255,268 : 0.20124999999999993
173,191,202,221 : 0.09703095238095238
174,180,293,315 : 0.129123015873016
174,233,277,359 : 0.16392857142857142
174,298,299,360 : 0.19199166666666656
178,247,350,362 : 0.20536190476190475
178,254,281,390 : 0.17299652014652
181,234,270,362 : 0.23689642857142867
183,264,277,370 : 0.10313761701261692
189,225,269,388 : 0.13955555555555554
190,198,302,387 : 0.1554843137254901
194,195,233,309 : 0.15542976190476188
195,227,229,362 : 0.22325000000000017
201,230,299,343 : 0.15102407407407414
205,291,340,366 : 0.1359741758241757
210,223,306,391 : 0.14399875283446706
217,246,256,293 : 0.16992232142857155
238,284,290,325 : 0.16493968395945124
240,291,306,396 : 0.20135576923076914
241,246,364,396 : 0.16942857142857148
254,313,341,343 : 0.1168502645502647
279,354,392,397 : 0.14522916666666674
308,368,386,395 : 0.22759434523809519
0,19,75,100,316 : 0.19901250000000004
0,76,272,307,331 : 0.2100620349718696
0,133,165,168,266 : 0.19389888392857135
0,147,226,253,380 : 0.19398809523809513
0,175,229,283,284 : 0.22166620020604388
0,196,276,351,390 : 0.2179251373626374
0,221,244,272,383 : 0.2112312500000001
1,20,87,224,267 : 0.14165925480769226
1,57,96,256,268 : 0.17079799107142868
2,129,147,196,263 : 0.1597375000000001
3,112,122,288,303 : 0.1722541149068323
3,269,365,373,383 : 0.1511662583056479
4,10,64,234,293 : 0.2103571428571428
4,52,127,258,328 : 0.23188221153846156
6,123,187,194,247 : 0.20846793052342405
7,57,166,179,242 : 0.1927022177419353
7,76,141,372,374 : 0.15270390701953795
8,46,104,155,392 : 0.18663108974358977
9,13,32,46,80 : 0.1943569444444445
9,85,338,382,398 : 0.09841571428571416
9,138,159,235,346 : 0.18585714285714272
9,168,200,207,394 : 0.20917857142857144
10,80,228,364,389 : 0.1875553571428572
10,131,209,257,267 : 0.15749999999999997
11,17,123,174,291 : 0.22555448717948723
11,61,76,78,113 : 0.215938450561995
11,103,325,346,393 : 0.21442596153846138
11,126,189,360,363 : 0.23196874999999995
12,65,109,213,285 : 0.1535256510416666
12,128,143,148,358 : 0.10294855769230782
13,147,156,241,379 : 0.14346830357142837
14,27,87,262,384 : 0.2061557904411765
14,39,102,159,226 : 0.23492415966386548
14,39,116,234,385 : 0.27130381433823525
14,88,252,308,386 : 0.21675881954047427
15,29,236,280,327 : 0.18834951923076915
15,60,195,258,323 : 0.23153749999999995
15,162,165,311,322 : 0.1534515805189457
16,166,261,262,370 : 0.13574416572184422
17,35,78,129,153 : 0.12092152944711543
17,47,141,244,252 : 0.15517724508281572
17,54,119,262,316 : 0.1496868131868132
17,55,208,329,386 : 0.15590411434934515
17,150,174,219,290 : 0.1727726190476191
18,76,129,320,331 : 0.21105082011584453
19,87,221,288,378 : 0.12567174145299131
19,219,235,274,399 : 0.1998035714285714
20,26,62,192,389 : 0.1928438794900751
20,136,172,246,328 : 0.1646140611929977
20,162,231,343,363 : 0.16091283653846156
21,23,86,164,333 : 0.18736482300251844
21,150,245,279,372 : 0.16945833333333338
22,26,246,341,381 : 0.18075552586000954
22,37,39,85,250 : 0.1561729124270791
22,40,170,292,395 : 0.21614687499999996
23,32,179,303,316 : 0.1714990221088437
23,43,73,130,152 : 0.18097915521978014
23,58,95,196,353 : 0.17773262648809507
24,28,89,125,260 : 0.14860182429453273
24,113,310,326,387 : 0.2072739253393665
24,118,249,326,346 : 0.2757877976190475
25,47,79,211,339 : 0.19210948105203607
25,167,314,326,369 : 0.19496061643835616
26,29,62,130,159 : 0.21205178571428562
27,35,247,275,311 : 0.08781129464285709
27,82,97,249,374 : 0.2430799098996349
28,30,54,199,204 : 0.20400497573611387
28,65,105,266,285 : 0.1696344150641026
28,106,158,176,372 : 0.10103897598283496
28,168,171,308,344 : 0.1908707291666667
29,61,143,386,397 : 0.20880769230769214
29,69,175,260,348 : 0.1693107378375096
29,83,93,263,296 : 0.19759839901477805
29,88,198,205,227 : 0.18535982142857144
29,214,268,307,335 : 0.19913124999999998
30,41,117,376,396 : 0.2364583097662143
30,101,106,108,377 : 0.18126564982336202
31,60,71,79,349 : 0.20182941176470592
31,91,235,256,327 : 0.2651213541666666
31,96,214,322,335 : 0.1709687499999999
31,118,260,284,380 : 0.19966041666666656
32,71,142,319,364 : 0.1592647508176399
33,52,134,140,276 : 0.2089642857142857
33,69,116,290,314 : 0.1529250000000002
33,97,114,286,337 : 0.19830880357142844
33,111,176,265,294 : 0.13824519230769217
34,131,287,296,349 : 0.162725
34,154,170,319,378 : 0.1349478510895883
35,64,113,276,317 : 0.13505053997726424
36,39,138,294,398 : 0.17093694444444452
36,121,145,286,291 : 0.19620576923076916
36,122,123,148,182 : 0.17638749999999992
36,127,180,207,334 : 0.14193083561175668
38,53,73,304,338 : 0.1752580128205129
38,170,248,309,374 : 0.22595401785714275
39,43,79,122,212 : 0.18559684290382816
41,48,102,365,388 : 0.175045684434613
43,57,80,269,386 : 0.15673703938176753
45,56,198,279,283 : 0.17346763392857145
45,65,324,347,383 : 0.15169465084626998
45,209,312,361,377 : 0.15752119132981912
46,131,142,155,301 : 0.1882239211309522
46,168,212,257,270 : 0.25566607142857145
47,114,268,308,328 : 0.20917032967032967
47,156,185,244,281 : 0.1914396168963508
48,95,182,187,191 : 0.16555853593548897
49,74,100,174,331 : 0.2098782051282052
49,199,200,214,265 : 0.2065861778846153
51,62,106,330,362 : 0.1402236034798534
52,214,231,257,374 : 0.20883593749999996
53,55,106,231,302 : 0.1975455357142858
53,64,126,194,237 : 0.17604464285714272
53,136,186,253,341 : 0.144827380952381
53,221,244,247,260 : 0.18461829133521568
54,58,66,157,299 : 0.16761187162618074
54,146,172,258,319 : 0.20596153846153842
54,238,289,359,363 : 0.20561950549450547
55,70,106,236,368 : 0.20573682393025972
57,59,165,166,208 : 0.2203513357303133
58,112,159,230,363 : 0.19433348214285706
58,149,236,375,395 : 0.21730133928571427
58,261,326,361,387 : 0.1768264705882352
60,85,128,265,374 : 0.19451895604395597
60,102,115,335,381 : 0.23810781250000002
60,126,145,304,360 : 0.249565625
61,105,258,291,384 : 0.21887019230769234
62,88,152,253,258 : 0.20603125
64,66,155,175,237 : 0.17923854166666675
64,146,154,214,375 : 0.2307134443681318
66,116,245,297,309 : 0.178652380952381
66,279,285,308,351 : 0.18177382383241747
67,104,249,250,326 : 0.22084919871794872
67,186,211,229,381 : 0.20024829727564097
70,77,118,199,369 : 0.21815868818681317
70,121,170,215,265 : 0.2088403846153848
70,163,213,339,349 : 0.22353365384615387
72,118,197,234,302 : 0.19541874999999997
72,222,305,313,316 : 0.17860135529567112
73,81,253,331,388 : 0.17906002747252747
74,138,142,165,183 : 0.19153763241525434
74,151,284,317,394 : 0.20910962009803913
74,156,254,293,308 : 0.19117142857142866
74,334,371,375,383 : 0.14454356712564542
75,86,165,216,384 : 0.17549751030219785
76,107,232,299,330 : 0.10952110968439133
76,163,180,287,369 : 0.14222465198863632
76,179,228,233,374 : 0.19799687500000018
79,174,188,317,328 : 0.15219325037707387
79,244,288,340,360 : 0.18924136029411764
81,115,277,321,393 : 0.17304909010950897
81,144,198,339,399 : 0.17144413919413926
82,85,93,195,373 : 0.20681686419359413
82,104,224,340,373 : 0.19232955128205131
83,98,162,215,310 : 0.16185629921259836
83,291,336,348,351 : 0.1674107142857143
84,90,149,261,391 : 0.10886743682849165
86,199,227,276,323 : 0.14832812499999992
88,201,256,364,377 : 0.1683370535714287
88,211,235,276,356 : 0.18376852678571431
88,264,303,368,373 : 0.14781566220238096
91,99,167,360,384 : 0.24395604258104264
91,102,111,191,193 : 0.1665199519230769
92,160,302,305,396 : 0.23629466002747246
92,185,284,289,302 : 0.23920000000000008
92,218,274,337,357 : 0.17608290474060806
97,125,165,166,386 : 0.21199776785714286
103,120,170,247,308 : 0.2371332589285715
104,181,186,374,385 : 0.22713741987179492
104,200,325,384,396 : 0.21252680288461523
105,114,173,187,259 : 0.17596565545715392
106,143,172,218,293 : 0.18616634615384609
106,170,195,249,308 : 0.23986607142857141
108,131,184,356,370 : 0.17936888640873017
109,203,222,343,369 : 0.15154235668789817
112,131,149,164,349 : 0.20705714285714272
112,136,233,292,322 : 0.17607276023890783
112,174,240,339,395 : 0.19514919871794867
113,206,242,387,392 : 0.1801671380090497
115,225,248,285,334 : 0.18189620234073356
115,245,252,298,303 : 0.17462500000000003
117,150,182,216,294 : 0.15681175595238095
119,260,316,320,345 : 0.2016919742063492
121,153,274,311,375 : 0.21792141140109889
121,268,276,318,385 : 0.20438325892857145
122,156,172,192,226 : 0.20946955401563605
126,154,235,277,384 : 0.20461442307692312
126,164,289,303,387 : 0.20324264705882356
127,140,300,336,391 : 0.18261379358830143
132,179,188,214,316 : 0.1969120535714286
132,245,297,315,371 : 0.20307961165048527
132,271,295,379,386 : 0.24117349782067254
133,157,181,195,249 : 0.19274331140350864
143,181,245,278,381 : 0.19279807692307682
145,165,266,370,373 : 0.1986000744047618
146,196,354,384,393 : 0.22248990384615375
146,251,319,355,369 : 0.19960048076923076
148,204,283,314,353 : 0.17515625000000012
155,209,228,271,316 : 0.19636160714285722
155,242,259,368,385 : 0.16570312500000006
155,298,304,324,328 : 0.22828377403846156
158,165,247,267,278 : 0.12149776785714284
167,224,252,271,287 : 0.17192243923611117
168,188,254,263,342 : 0.17437499999999995
169,196,199,319,354 : 0.1977027209051725
169,205,241,367,399 : 0.11165587418002909
191,208,238,255,264 : 0.1293250339059675
196,199,205,206,269 : 0.20316815476190475
204,217,337,353,398 : 0.18891681957186535
223,251,291,298,335 : 0.17016826923076933
226,314,344,349,396 : 0.22061937595565773
241,305,325,390,397 : 0.1525504807692306
0,80,91,146,259,360 : 0.23123757832080183
0,95,133,345,390,393 : 0.22863924662094026
0,152,207,282,368,393 : 0.1937621033374537
1,43,160,175,225,318 : 0.17277655133025716
1,60,103,250,258,385 : 0.23983923076923064
2,24,39,48,151,217 : 0.1911073333333333
2,38,100,117,187,240 : 0.17654724166115643
2,56,272,278,298,362 : 0.19436947767857138
4,33,239,250,284,399 : 0.2007326923076922
4,63,113,143,296,387 : 0.21290461569534713
4,82,104,338,346,386 : 0.2311718103641489
4,103,112,171,289,349 : 0.22383792502853772
4,142,212,247,270,386 : 0.21709186813186798
4,165,183,249,271,397 : 0.19539716444270017
5,8,10,178,333,392 : 0.16700814132104447
5,10,51,102,189,378 : 0.16008071428571424
5,40,64,261,272,282 : 0.14557726234549762
6,68,90,187,278,292 : 0.1716134871794871
7,24,39,109,139,363 : 0.20806545068027205
7,80,200,224,321,385 : 0.2110655226577337
8,119,151,299,345,386 : 0.17268282952468006
9,81,186,215,284,380 : 0.21265159733706473
9,146,202,213,383,399 : 0.16330777777777783
10,49,73,91,160,394 : 0.1896659077880184
10,144,241,243,261,353 : 0.1652336190476189
10,256,293,327,373,383 : 0.196515892857143
11,16,41,192,268,331 : 0.22275538461538458
11,20,215,246,280,313 : 0.20137204201170067
11,60,177,271,292,364 : 0.2502199999999999
11,80,120,193,274,281 : 0.2232707085714286
11,91,139,146,270,368 : 0.236105
12,52,65,203,242,394 : 0.1545745550906552
13,17,29,31,222,349 : 0.21364666666666654
13,31,138,267,276,354 : 0.18377476190476183
13,103,109,120,193,363 : 0.23633792134831455
14,50,123,153,304,325 : 0.26590659881554424
14,116,156,200,243,344 : 0.18614604925932632
16,61,78,143,146,154 : 0.22672832817799493
16,121,140,279,291,321 : 0.2041352550262181
18,23,156,210,211,238 : 0.16139740506991962
18,91,134,189,324,374 : 0.1740591050970306
19,45,211,232,295,392 : 0.1297578307576277
19,116,197,240,274,307 : 0.14588010416666664
20,95,102,195,209,304 : 0.20430583333333308
20,247,285,311,333,339 : 0.2058410027472526
21,34,68,187,196,201 : 0.1464156691343732
21,89,112,154,191,383 : 0.16730541802980736
21,94,244,277,305,316 : 0.15180658410576486
21,107,192,262,339,366 : 0.19059485514485508
22,43,135,144,239,378 : 0.16107887450199188
23,103,117,131,165,206 : 0.1807028694811258
23,130,229,341,358,375 : 0.17695965498324528
24,68,108,177,255,344 : 0.1640718384615385
24,205,212,237,276,289 : 0.21149285714285715
25,43,105,108,325,326 : 0.20333014085914092
25,43,112,189,307,359 : 0.19299192340696014
25,120,294,319,354,389 : 0.15889090835492214
26,36,106,109,212,331 : 0.16724288745737004
26,56,133,155,304,325 : 0.22210394271279432
26,77,123,189,323,326 : 0.19467954177897562
27,48,91,197,245,310 : 0.15967428571428588
27,74,273,278,302,380 : 0.19770816017315995
27,125,126,154,182,313 : 0.14022900733010268
27,227,271,324,342,345 : 0.1926549999999999
29,31,73,92,226,361 : 0.19625589743589755
30,32,272,340,353,357 : 0.16254193277310924
30,33,198,209,231,349 : 0.23035480892589055
30,41,113,192,314,347 : 0.17723274041712178
30,49,132,207,331,337 : 0.2417557110915194
30,52,156,213,214,270 : 0.22116754201680666
30,54,132,138,177,311 : 0.21547784951168558
30,118,159,281,326,339 : 0.24116152974625849
30,159,163,250,277,324 : 0.21348465847877607
31,39,204,229,287,345 : 0.23205474358974354
31,66,201,229,282,377 : 0.20346897435897426
31,91,127,204,298,300 : 0.24715351851851863
32,45,114,119,246,315 : 0.13180591250735463
32,52,65,101,190,220 : 0.17785271023193538
32,109,172,228,248,262 : 0.16692426501035196
33,106,143,157,204,365 : 0.17106813186813186
36,39,87,118,164,210 : 0.17991892857142844
36,59,90,270,322,330 : 0.1612305026313059
37,42,72,107,108,322 : 0.16740821476819756
37,44,59,143,285,377 : 0.17970194210625556
37,221,225,253,285,396 : 0.1820234554470982
38,99,271,292,323,328 : 0.2281319515281066
38,101,128,200,218,256 : 0.19630503820960699
38,226,256,323,379,392 : 0.1833774803268765
39,41,92,177,235,391 : 0.21142503332980633
39,52,62,181,227,329 : 0.18225642857142843
40,70,173,217,235,237 : 0.21861387700019275
41,59,145,279,292,317 : 0.23298987901769608
41,132,213,355,385,390 : 0.24272818866943868
41,152,171,224,287,337 : 0.19353515772106689
42,86,147,201,266,350 : 0.19421100833333327
42,189,191,229,237,258 : 0.19244769230769232
43,74,110,131,134,312 : 0.14489094431480998
44,46,207,287,345,375 : 0.18398178846039648
44,57,274,289,305,358 : 0.1513836089940661
45,188,219,297,321,357 : 0.17414866212316227
46,155,180,208,209,363 : 0.23238333333333328
46,214,229,337,348,360 : 0.22878427467621665
47,68,160,254,337,397 : 0.1248495858240718
47,119,195,314,363,395 : 0.20464499999999997
48,73,239,260,265,384 : 0.16531360759118063
49,110,127,147,228,355 : 0.1866003713428357
50,59,153,222,281,363 : 0.260495989010989
50,60,99,115,189,314 : 0.22616412878787873
50,92,97,129,151,326 : 0.24959354628422425
50,153,215,331,345,368 : 0.21246360712177847
50,155,199,309,352,363 : 0.2520110776692651
50,185,190,196,268,377 : 0.18630495178291095
50,185,206,241,326,349 : 0.2256258018867925
50,203,228,272,297,348 : 0.19829452380952373
51,68,75,145,250,276 : 0.18485576483516497
51,300,308,357,364,375 : 0.16777428571428588
52,77,174,250,309,363 : 0.2009530927630928
53,55,102,141,216,250 : 0.21733027580450703
53,66,75,133,208,294 : 0.21842336138175367
54,102,168,251,291,385 : 0.23132519230769222
55,60,89,128,248,267 : 0.15578558625336925
55,69,130,183,208,320 : 0.17943316145256527
55,136,150,200,287,357 : 0.16997001794043776
56,63,183,296,353,394 : 0.16806926544178968
57,142,209,290,318,352 : 0.20754000000000006
58,127,265,291,327,374 : 0.21397138709246788
58,133,281,307,325,345 : 0.2200446734935152
59,61,117,215,255,302 : 0.20169673402631116
59,146,233,288,338,383 : 0.20590959697678457
60,81,129,179,292,395 : 0.2411239078674947
60,100,125,192,223,255 : 0.19939152536422677
60,123,193,222,321,358 : 0.2220016240586602
60,150,171,209,355,387 : 0.23772764705882354
61,140,144,270,315,363 : 0.2134584002693869
62,167,245,298,300,374 : 0.24885968183934326
63,78,133,144,356,398 : 0.15841086206896549
63,136,174,235,293,395 : 0.2130590476190477
64,76,114,121,226,380 : 0.18347043956043962
65,98,130,150,203,310 : 0.12557212033338794
66,93,114,132,151,206 : 0.20171524329382406
66,118,260,263,330,352 : 0.1862413337577392
67,103,108,120,121,287 : 0.21012855739717629
67,132,176,204,342,398 : 0.15698049648506163
70,93,106,188,200,361 : 0.18444529983972946
70,97,105,116,257,376 : 0.2145749948392004
71,147,177,225,320,393 : 0.15979675205566102
72,104,120,170,187,393 : 0.20779999999999998
72,111,221,299,320,362 : 0.16591471480900066
73,147,295,302,304,323 : 0.2241176547619047
75,83,113,134,244,330 : 0.17214387573964507
75,84,111,186,296,317 : 0.1954770012210011
75,91,132,251,269,347 : 0.20513317686937838
75,168,221,231,248,352 : 0.2191074999999999
78,125,147,193,295,390 : 0.20853841495527004
79,82,216,334,355,385 : 0.22143341386554627
80,116,148,265,300,304 : 0.20780892134524243
82,86,88,164,228,245 : 0.22484000000000004
82,91,96,151,222,234 : 0.2515976765276646
82,139,205,268,285,292 : 0.23688598214285705
83,124,155,282,303,315 : 0.14711037468615196
86,133,163,178,260,371 : 0.18487567955054085
87,151,214,282,326,399 : 0.20201931697292075
87,186,200,203,227,306 : 0.1855711609604146
89,107,109,135,258,366 : 0.17256883644810483
90,142,153,340,343,366 : 0.18397254580424138
91,105,167,205,249,360 : 0.24712231897465986
92,208,211,234,304,308 : 0.22759223901098902
93,150,315,347,364,378 : 0.13899339285714285
93,257,280,292,323,395 : 0.2214179215128128
95,146,155,252,270,283 : 0.20561472759047805
96,145,218,220,314,387 : 0.1955069094304388
97,120,193,230,292,326 : 0.22551291666666662
98,164,166,220,233,379 : 0.18551693252478674
100,185,186,210,304,339 : 0.2328378692380626
103,290,318,336,343,357 : 0.17077733032504216
104,200,242,303,312,317 : 0.16962283190203475
104,243,293,296,326,376 : 0.208535770529917
111,140,163,174,192,223 : 0.2213733045202857
111,166,225,226,254,266 : 0.18925439604046734
111,176,190,234,299,351 : 0.1651860079310078
112,188,208,216,349,356 : 0.18429611111111122
112,200,270,338,371,381 : 0.19448183088098348
113,147,150,223,224,295 : 0.15543935113366225
114,156,233,257,268,299 : 0.22906097505668943
115,248,333,352,355,398 : 0.2063584070521547
117,144,246,273,333,364 : 0.20871358676659024
118,126,187,217,226,388 : 0.2087508562271061
121,122,135,146,206,254 : 0.17327058278981688
121,179,235,290,319,348 : 0.19247697660818708
123,134,159,210,280,375 : 0.1950455663567453
124,125,195,278,295,364 : 0.2027794444444444
124,133,166,211,248,373 : 0.1880071428571426
127,152,156,197,220,349 : 0.20057725601491005
129,163,234,307,327,370 : 0.18455571428571438
132,183,187,346,353,379 : 0.20056598595848596
140,190,211,223,295,313 : 0.21111646345970903
142,146,203,237,286,333 : 0.1936525977336221
143,176,205,257,312,399 : 0.15735772615840715
143,176,220,295,386,396 : 0.16241663461538458
145,151,184,270,376,385 : 0.25510357142857143
148,157,289,336,384,387 : 0.20566853599613455
148,183,212,229,238,333 : 0.19239028104960954
165,197,223,270,273,394 : 0.19001652425150195
171,229,257,288,308,350 : 0.21355052045177036
173,195,244,359,368,371 : 0.18670063636363632
185,215,285,289,354,384 : 0.20041099884736724
194,203,228,302,311,350 : 0.19903625000000003
195,247,268,311,360,375 : 0.26121250000000007
207,292,297,321,358,376 : 0.2179688895859473
234,296,313,319,321,374 : 0.2024872743955095
238,256,309,336,368,399 : 0.1491430119417967
