0,267 : -0.31666666666666665
0,288 : 0.0
267,354 : -0.21666666666666612
214,288 : -0.3166666666666669
2,265 : -0.21666666666666634
2,287 : 0.1000000000000002
91,265 : 0.7041666666666667
242,265 : -0.13999999999999957
202,287 : 0.8333333333333335
287,384 : 0.41666666666666685
4,304 : -0.21666666666666656
4,380 : 0.41666666666666685
190,304 : 0.10000000000000009
109,380 : 0.1000000000000002
123,380 : 0.8333333333333335
6,189 : 1.15
135,189 : 1.15
189,389 : 1.15
10,59 : 0.09999999999999998
10,172 : 1.9708333333333337
27,172 : 0.2241666666666674
137,172 : 2.226666666666667
156,172 : 1.3008333333333337
172,354 : 0.9708333333333342
11,31 : 1.675
31,120 : 1.675
31,316 : 0.8783333333333337
31,351 : 0.5483333333333333
12,87 : -0.1899999999999996
12,182 : -0.21666666666666634
87,315 : 0.5433333333333336
87,392 : -0.19000000000000006
90,182 : 0.10000000000000009
13,272 : 0.10000000000000009
174,272 : 0.20000000000000018
14,203 : 0.7041666666666668
64,203 : 0.05000000000000038
203,351 : -0.3749999999999998
16,237 : 0.10000000000000009
237,396 : 0.10000000000000009
17,218 : 0.10000000000000009
150,218 : 0.20000000000000018
20,247 : -0.375
20,362 : 0.10000000000000009
139,247 : 1.05
22,114 : 2.041666666666667
114,148 : 2.041666666666667
114,205 : 2.041666666666667
114,388 : 1.2499999999999996
23,27 : -0.1399999999999999
23,35 : 0.4483333333333335
23,51 : 1.3400000000000003
23,180 : 1.5166666666666666
27,185 : -1.1399999999999997
35,176 : 0.04166666666666674
51,366 : 0.10000000000000009
24,50 : 0.10000000000000009
50,54 : 0.8333333333333336
25,188 : 0.10000000000000009
115,188 : 0.10000000000000009
185,337 : 0.10000000000000009
28,78 : 0.8333333333333335
78,214 : 0.41666666666666663
78,372 : 0.41666666666666663
30,198 : 0.9333333333333336
30,387 : 0.10000000000000009
198,291 : 0.9916666666666667
198,360 : 0.9916666666666667
42,316 : 0.3266666666666669
230,316 : 0.5616666666666668
161,176 : 0.9916666666666667
176,312 : 0.9916666666666667
36,68 : 0.3900000000000001
36,379 : 0.29000000000000015
68,242 : 0.30583333333333385
68,329 : 1.675
68,344 : 1.675
311,379 : 0.7016666666666671
321,379 : 1.5166666666666666
361,379 : 1.34
40,43 : 0.7333333333333336
40,221 : 2.220446049250313e-16
40,285 : 0.31666666666666665
43,299 : 0.10000000000000009
221,242 : -0.8233333333333328
285,314 : -0.3166666666666669
41,136 : 0.10000000000000009
136,271 : 0.10000000000000009
42,386 : 0.10000000000000009
44,212 : 0.10000000000000009
44,326 : 0.10000000000000009
212,251 : 0.10000000000000009
262,326 : 0.10000000000000009
46,381 : 0.10000000000000009
281,381 : 0.20000000000000018
47,109 : 0.1000000000000002
47,261 : -0.058333333333333015
47,357 : 0.8333333333333335
261,377 : -0.216666666666666
49,315 : 1.675
260,315 : 1.44
315,365 : 1.675
54,327 : -0.058333333333333015
54,390 : 0.8333333333333335
211,327 : 0.35833333333333384
55,106 : -0.4750000000000001
55,159 : 0.5750000000000002
106,358 : -0.31666666666666665
159,193 : 0.575
159,228 : 1.3583333333333334
159,377 : 0.10000000000000131
56,116 : 0.10000000000000009
116,333 : 0.8333333333333336
63,232 : 0.8333333333333335
232,263 : 0.8333333333333336
232,275 : 0.1000000000000002
64,72 : 0.05000000000000049
64,275 : -0.6333333333333331
72,76 : 0.7041666666666668
72,121 : 0.09999999999999998
71,112 : 0.9916666666666667
112,213 : 0.9916666666666667
112,383 : 0.5166666666666666
121,391 : -0.21666666666666679
73,139 : 1.0500000000000003
73,350 : -0.47499999999999987
139,177 : 1.0500000000000003
139,375 : 1.7249999999999999
193,350 : -0.4750000000000003
111,372 : -0.3166666666666669
79,86 : 0.9916666666666671
79,162 : -0.21666666666666612
79,211 : 0.3083333333333349
79,377 : -0.21666666666666534
157,162 : -0.05833333333333335
144,211 : 1.516666666666667
211,322 : 1.516666666666667
266,377 : 0.9916666666666671
83,391 : 0.10000000000000009
84,150 : 0.10000000000000009
156,392 : -0.8866666666666667
93,111 : 0.0
93,259 : 0.0
259,388 : -0.4750000000000003
95,337 : 0.8333333333333335
200,337 : 0.4166666666666665
103,361 : 0.10000000000000009
157,358 : 0.41666666666666674
347,383 : -0.21666666666666679
147,333 : 0.8333333333333335
181,333 : 0.41666666666666663
119,382 : 0.516666666666667
119,384 : -0.6333333333333331
241,382 : 0.9916666666666667
307,382 : 0.9916666666666667
127,328 : 1.15
129,328 : 1.15
133,328 : 1.15
130,167 : 0.10000000000000009
130,311 : 0.3266666666666669
311,319 : 0.5616666666666669
177,195 : -0.47499999999999987
141,260 : 0.10000000000000009
142,323 : 0.10000000000000009
323,324 : 0.10000000000000009
152,225 : 0.10000000000000009
208,225 : 0.20000000000000018
157,264 : 0.8333333333333335
165,256 : 1.15
256,276 : 1.15
256,277 : 1.15
353,354 : 0.4666666666666669
174,175 : 0.10000000000000009
195,314 : 0.0
181,348 : -0.3166666666666669
200,348 : -0.3166666666666669
183,279 : 0.10000000000000009
279,296 : 0.10000000000000009
208,250 : 0.10000000000000009
215,281 : 0.10000000000000009
217,301 : 0.10000000000000009
301,341 : 0.10000000000000009
263,374 : 0.10000000000000009
235,280 : 0.10000000000000009
235,396 : 0.10000000000000009
252,378 : 0.10000000000000009
303,378 : 0.10000000000000009
347,399 : 0.10000000000000009
355,368 : 0.10000000000000009
367,368 : 0.10000000000000009
3,356 : nan
5,343 : nan
19,92 : nan
57,290 : nan
66,113 : nan
67,394 : nan
81,300 : nan
82,88 : nan
97,101 : nan
105,306 : nan
110,274 : nan
117,294 : nan
138,224 : nan
154,196 : nan
158,227 : nan
166,309 : nan
169,233 : nan
178,231 : nan
186,191 : nan
201,338 : nan
206,238 : nan
219,325 : nan
295,345 : nan
308,385 : nan
313,331 : nan
330,371 : nan
13,40,165 : 0.10000000000000009
40,165,209 : 0.10000000000000009
211,368,396 : 0.10000000000000009
291,368,396 : 0.10000000000000009
1,26,183 : nan
1,87,151 : nan
1,204,253 : nan
2,380,389 : nan
3,10,77 : nan
4,68,318 : nan
4,204,230 : nan
6,22,323 : nan
6,72,331 : nan
7,47,255 : nan
8,147,199 : nan
10,198,356 : nan
11,323,340 : nan
13,148,194 : nan
14,43,235 : nan
14,50,82 : nan
14,57,152 : nan
14,94,242 : nan
14,173,381 : nan
14,217,341 : nan
14,237,257 : nan
17,146,201 : nan
19,43,189 : nan
19,262,356 : nan
21,167,345 : nan
22,23,255 : nan
23,25,238 : nan
24,26,170 : nan
24,312,365 : nan
26,200,304 : nan
26,310,391 : nan
27,82,304 : nan
27,181,340 : nan
30,84,265 : nan
30,301,304 : nan
31,75,360 : nan
32,193,216 : nan
33,125,143 : nan
36,161,264 : nan
38,170,327 : nan
39,259,340 : nan
41,81,181 : nan
41,102,230 : nan
42,93,263 : nan
45,146,308 : nan
45,190,271 : nan
48,53,210 : nan
50,64,399 : nan
50,70,396 : nan
50,120,213 : nan
51,110,111 : nan
53,69,181 : nan
53,307,371 : nan
54,287,292 : nan
55,58,153 : nan
55,243,351 : nan
58,68,302 : nan
58,81,114 : nan
58,173,243 : nan
60,167,398 : nan
62,175,342 : nan
63,113,267 : nan
65,170,309 : nan
65,338,344 : nan
66,148,225 : nan
69,236,271 : nan
69,336,344 : nan
70,105,199 : nan
70,121,316 : nan
70,212,379 : nan
71,78,143 : nan
72,264,309 : nan
76,192,303 : nan
79,149,257 : nan
79,157,209 : nan
79,288,306 : nan
79,318,329 : nan
81,87,145 : nan
81,139,160 : nan
84,120,323 : nan
86,110,180 : nan
87,187,342 : nan
88,120,167 : nan
88,272,325 : nan
89,203,338 : nan
90,192,324 : nan
91,118,293 : nan
91,125,149 : nan
92,105,174 : nan
92,139,162 : nan
95,198,208 : nan
96,222,376 : nan
97,152,375 : nan
97,298,321 : nan
99,190,385 : nan
100,211,273 : nan
100,227,284 : nan
101,130,268 : nan
101,274,356 : nan
105,126,127 : nan
108,268,375 : nan
110,259,329 : nan
113,162,344 : nan
113,166,274 : nan
121,151,170 : nan
122,221,297 : nan
126,222,301 : nan
127,159,172 : nan
131,249,322 : nan
135,260,267 : nan
139,243,256 : nan
141,259,291 : nan
142,234,363 : nan
142,334,366 : nan
145,156,395 : nan
147,170,381 : nan
147,221,245 : nan
147,371,385 : nan
151,225,364 : nan
151,313,362 : nan
152,179,200 : nan
155,187,219 : nan
156,166,193 : nan
159,163,197 : nan
161,259,331 : nan
162,370,371 : nan
164,193,245 : nan
165,261,281 : nan
166,309,311 : nan
169,336,382 : nan
170,227,278 : nan
173,180,280 : nan
173,203,356 : nan
174,263,337 : nan
177,197,283 : nan
180,377,391 : nan
182,264,397 : nan
184,315,349 : nan
185,348,388 : nan
187,262,340 : nan
195,287,395 : nan
196,214,363 : nan
204,214,359 : nan
204,280,377 : nan
205,227,316 : nan
205,253,381 : nan
206,277,292 : nan
214,266,319 : nan
217,224,332 : nan
218,278,339 : nan
221,309,350 : nan
223,230,317 : nan
228,304,360 : nan
232,290,398 : nan
234,359,361 : nan
238,270,312 : nan
247,289,342 : nan
247,307,374 : nan
249,279,371 : nan
250,268,390 : nan
255,281,303 : nan
255,310,317 : nan
256,320,324 : nan
256,335,356 : nan
265,348,396 : nan
270,302,362 : nan
276,351,361 : nan
280,308,354 : nan
319,358,390 : nan
334,386,394 : nan
349,368,369 : nan
0,1,240,365 : nan
0,74,129,214 : nan
1,10,25,260 : nan
1,24,306,393 : nan
1,94,127,250 : nan
2,31,231,309 : nan
2,182,293,387 : nan
2,195,292,350 : nan
2,206,224,287 : nan
3,18,164,339 : nan
3,153,251,379 : nan
3,239,325,363 : nan
4,141,300,374 : nan
5,51,136,302 : nan
5,115,376,381 : nan
6,20,217,338 : nan
6,122,232,253 : nan
6,126,169,252 : nan
7,109,213,387 : nan
7,192,206,207 : nan
9,108,340,388 : nan
10,203,229,390 : nan
11,145,245,268 : nan
11,147,148,219 : nan
11,218,221,258 : nan
11,285,311,329 : nan
13,121,296,380 : nan
13,189,251,302 : nan
14,57,92,279 : nan
14,168,174,284 : nan
14,285,372,375 : nan
15,125,147,236 : nan
16,18,36,76 : nan
16,164,236,247 : nan
17,60,325,377 : nan
17,133,137,330 : nan
18,149,256,337 : nan
19,90,166,398 : nan
19,271,324,399 : nan
20,80,82,258 : nan
20,104,334,351 : nan
20,173,206,381 : nan
21,38,88,105 : nan
21,49,278,362 : nan
22,44,145,228 : nan
23,102,292,366 : nan
24,33,97,375 : nan
25,62,112,390 : nan
25,129,134,382 : nan
25,269,342,348 : nan
27,54,253,329 : nan
27,87,166,286 : nan
27,171,243,262 : nan
28,70,302,385 : nan
28,79,184,233 : nan
28,96,173,374 : nan
29,87,100,108 : nan
30,111,271,355 : nan
30,123,207,341 : nan
31,169,327,357 : nan
31,250,327,328 : nan
32,149,152,183 : nan
33,81,87,153 : nan
33,160,293,323 : nan
33,175,382,393 : nan
37,211,236,342 : nan
39,50,237,316 : nan
39,81,313,389 : nan
39,262,285,381 : nan
40,189,273,293 : nan
40,199,212,333 : nan
41,173,203,240 : nan
41,302,342,364 : nan
42,43,195,236 : nan
42,67,254,333 : nan
42,104,223,227 : nan
42,150,287,367 : nan
42,195,220,283 : nan
43,169,258,339 : nan
44,52,95,144 : nan
44,72,188,365 : nan
44,84,232,296 : nan
44,95,210,286 : nan
44,107,218,323 : nan
46,59,276,353 : nan
46,197,233,285 : nan
47,100,106,335 : nan
47,114,140,384 : nan
48,61,79,236 : nan
49,59,106,307 : nan
52,54,75,102 : nan
52,275,354,386 : nan
53,71,167,230 : nan
56,77,251,281 : nan
57,147,153,178 : nan
58,134,236,373 : nan
59,64,91,346 : nan
59,221,259,301 : nan
59,280,306,355 : nan
61,91,276,352 : nan
61,177,386,392 : nan
61,256,339,398 : nan
61,315,379,390 : nan
62,74,122,339 : nan
63,192,222,328 : nan
63,285,293,303 : nan
64,101,165,170 : nan
65,68,194,251 : nan
68,90,251,317 : nan
69,193,274,298 : nan
70,72,133,218 : nan
72,101,144,320 : nan
73,110,152,309 : nan
74,152,178,201 : nan
74,219,251,294 : nan
75,205,311,391 : nan
78,89,293,338 : nan
79,85,297,357 : nan
80,96,261,321 : nan
80,141,183,235 : nan
81,163,229,387 : nan
81,283,338,372 : nan
82,160,217,311 : nan
82,184,305,361 : nan
82,361,385,395 : nan
83,254,263,354 : nan
84,175,221,297 : nan
85,136,170,368 : nan
85,159,167,298 : nan
87,171,179,215 : nan
88,154,239,284 : nan
89,109,112,168 : nan
90,97,153,328 : nan
90,174,352,390 : nan
91,135,251,252 : nan
92,131,265,396 : nan
92,205,263,273 : nan
93,314,335,393 : nan
94,164,180,206 : nan
94,255,270,272 : nan
97,121,143,272 : nan
98,162,322,372 : nan
98,174,191,351 : nan
98,181,257,268 : nan
98,183,216,395 : nan
102,147,328,391 : nan
102,184,314,396 : nan
102,201,249,388 : nan
102,234,272,343 : nan
103,129,227,283 : nan
103,205,361,394 : nan
104,117,277,306 : nan
104,230,282,358 : nan
105,116,324,372 : nan
105,309,343,387 : nan
107,249,262,398 : nan
110,288,299,311 : nan
111,118,327,346 : nan
111,163,194,349 : nan
113,226,325,370 : nan
114,119,189,333 : nan
115,211,258,292 : nan
116,153,290,319 : nan
117,235,263,331 : nan
120,123,163,300 : nan
122,195,279,281 : nan
126,209,222,357 : nan
130,250,331,385 : nan
135,169,254,290 : nan
139,209,215,231 : nan
139,294,349,377 : nan
141,154,351,368 : nan
145,147,374,376 : nan
146,173,203,272 : nan
147,198,272,297 : nan
148,281,352,387 : nan
152,166,283,301 : nan
153,300,343,389 : nan
154,175,301,359 : nan
156,187,266,298 : nan
157,276,300,371 : nan
158,161,238,351 : nan
161,199,348,387 : nan
162,177,196,311 : nan
163,298,342,351 : nan
164,214,261,281 : nan
167,173,195,229 : nan
168,235,251,330 : nan
171,195,215,335 : nan
171,241,249,373 : nan
171,294,355,387 : nan
173,186,255,268 : nan
173,191,202,221 : nan
174,180,293,315 : nan
174,233,277,359 : nan
174,298,299,360 : nan
178,247,350,362 : nan
178,254,281,390 : nan
181,234,270,362 : nan
183,264,277,370 : nan
189,225,269,388 : nan
190,198,302,387 : nan
194,195,233,309 : nan
195,227,229,362 : nan
201,230,299,343 : nan
205,291,340,366 : nan
210,223,306,391 : nan
217,246,256,293 : nan
238,284,290,325 : nan
240,291,306,396 : nan
241,246,364,396 : nan
254,313,341,343 : nan
279,354,392,397 : nan
308,368,386,395 : nan
0,19,75,100,316 : nan
0,76,272,307,331 : nan
0,133,165,168,266 : nan
0,147,226,253,380 : nan
0,175,229,283,284 : nan
0,196,276,351,390 : nan
0,221,244,272,383 : nan
1,20,87,224,267 : nan
1,57,96,256,268 : nan
2,129,147,196,263 : nan
3,112,122,288,303 : nan
3,269,365,373,383 : nan
4,10,64,234,293 : nan
4,52,127,258,328 : nan
6,123,187,194,247 : nan
7,57,166,179,242 : nan
7,76,141,372,374 : nan
8,46,104,155,392 : nan
9,13,32,46,80 : nan
9,85,338,382,398 : nan
9,138,159,235,346 : nan
9,168,200,207,394 : nan
10,80,228,364,389 : nan
10,131,209,257,267 : nan
11,17,123,174,291 : nan
11,61,76,78,113 : nan
11,103,325,346,393 : nan
11,126,189,360,363 : nan
12,65,109,213,285 : nan
12,128,143,148,358 : nan
13,147,156,241,379 : nan
14,27,87,262,384 : nan
14,39,102,159,226 : nan
14,39,116,234,385 : nan
14,88,252,308,386 : nan
15,29,236,280,327 : nan
15,60,195,258,323 : nan
15,162,165,311,322 : nan
16,166,261,262,370 : nan
17,35,78,129,153 : nan
17,47,141,244,252 : nan
17,54,119,262,316 : nan
17,55,208,329,386 : nan
17,150,174,219,290 : nan
18,76,129,320,331 : nan
19,87,221,288,378 : nan
19,219,235,274,399 : nan
20,26,62,192,389 : nan
20,136,172,246,328 : nan
20,162,231,343,363 : nan
21,23,86,164,333 : nan
21,150,245,279,372 : nan
22,26,246,341,381 : nan
22,37,39,85,250 : nan
22,40,170,292,395 : nan
23,32,179,303,316 : nan
23,43,73,130,152 : nan
23,58,95,196,353 : nan
24,28,89,125,260 : nan
24,113,310,326,387 : nan
24,118,249,326,346 : nan
25,47,79,211,339 : nan
25,167,314,326,369 : nan
26,29,62,130,159 : nan
27,35,247,275,311 : nan
27,82,97,249,374 : nan
28,30,54,199,204 : nan
28,65,105,266,285 : nan
28,106,158,176,372 : nan
28,168,171,308,344 : nan
29,61,143,386,397 : nan
29,69,175,260,348 : nan
29,83,93,263,296 : nan
29,88,198,205,227 : nan
29,214,268,307,335 : nan
30,41,117,376,396 : nan
30,101,106,108,377 : nan
31,60,71,79,349 : nan
31,91,235,256,327 : nan
31,96,214,322,335 : nan
31,118,260,284,380 : nan
32,71,142,319,364 : nan
33,52,134,140,276 : nan
33,69,116,290,314 : nan
33,97,114,286,337 : nan
33,111,176,265,294 : nan
34,131,287,296,349 : nan
34,154,170,319,378 : nan
35,64,113,276,317 : nan
36,39,138,294,398 : nan
36,121,145,286,291 : nan
36,122,123,148,182 : nan
36,127,180,207,334 : nan
38,53,73,304,338 : nan
38,170,248,309,374 : nan
39,43,79,122,212 : nan
41,48,102,365,388 : nan
43,57,80,269,386 : nan
45,56,198,279,283 : nan
45,65,324,347,383 : nan
45,209,312,361,377 : nan
46,131,142,155,301 : nan
46,168,212,257,270 : nan
47,114,268,308,328 : nan
47,156,185,244,281 : nan
48,95,182,187,191 : nan
49,74,100,174,331 : nan
49,199,200,214,265 : nan
51,62,106,330,362 : nan
52,214,231,257,374 : nan
53,55,106,231,302 : nan
53,64,126,194,237 : nan
53,136,186,253,341 : nan
53,221,244,247,260 : nan
54,58,66,157,299 : nan
54,146,172,258,319 : nan
54,238,289,359,363 : nan
55,70,106,236,368 : nan
57,59,165,166,208 : nan
58,112,159,230,363 : nan
58,149,236,375,395 : nan
58,261,326,361,387 : nan
60,85,128,265,374 : nan
60,102,115,335,381 : nan
60,126,145,304,360 : nan
61,105,258,291,384 : nan
62,88,152,253,258 : nan
64,66,155,175,237 : nan
64,146,154,214,375 : nan
66,116,245,297,309 : nan
66,279,285,308,351 : nan
67,104,249,250,326 : nan
67,186,211,229,381 : nan
70,77,118,199,369 : nan
70,121,170,215,265 : nan
70,163,213,339,349 : nan
72,118,197,234,302 : nan
72,222,305,313,316 : nan
73,81,253,331,388 : nan
74,138,142,165,183 : nan
74,151,284,317,394 : nan
74,156,254,293,308 : nan
74,334,371,375,383 : nan
75,86,165,216,384 : nan
76,107,232,299,330 : nan
76,163,180,287,369 : nan
76,179,228,233,374 : nan
79,174,188,317,328 : nan
79,244,288,340,360 : nan
81,115,277,321,393 : nan
81,144,198,339,399 : nan
82,85,93,195,373 : nan
82,104,224,340,373 : nan
83,98,162,215,310 : nan
83,291,336,348,351 : nan
84,90,149,261,391 : nan
86,199,227,276,323 : nan
88,201,256,364,377 : nan
88,211,235,276,356 : nan
88,264,303,368,373 : nan
91,99,167,360,384 : nan
91,102,111,191,193 : nan
92,160,302,305,396 : nan
92,185,284,289,302 : nan
92,218,274,337,357 : nan
97,125,165,166,386 : nan
103,120,170,247,308 : nan
104,181,186,374,385 : nan
104,200,325,384,396 : nan
105,114,173,187,259 : nan
106,143,172,218,293 : nan
106,170,195,249,308 : nan
108,131,184,356,370 : nan
109,203,222,343,369 : nan
112,131,149,164,349 : nan
112,136,233,292,322 : nan
112,174,240,339,395 : nan
113,206,242,387,392 : nan
115,225,248,285,334 : nan
115,245,252,298,303 : nan
117,150,182,216,294 : nan
119,260,316,320,345 : nan
121,153,274,311,375 : nan
121,268,276,318,385 : nan
122,156,172,192,226 : nan
126,154,235,277,384 : nan
126,164,289,303,387 : nan
127,140,300,336,391 : nan
132,179,188,214,316 : nan
132,245,297,315,371 : nan
132,271,295,379,386 : nan
133,157,181,195,249 : nan
143,181,245,278,381 : nan
145,165,266,370,373 : nan
146,196,354,384,393 : nan
146,251,319,355,369 : nan
148,204,283,314,353 : nan
155,209,228,271,316 : nan
155,242,259,368,385 : nan
155,298,304,324,328 : nan
158,165,247,267,278 : nan
167,224,252,271,287 : nan
168,188,254,263,342 : nan
169,196,199,319,354 : nan
169,205,241,367,399 : nan
191,208,238,255,264 : nan
196,199,205,206,269 : nan
204,217,337,353,398 : nan
223,251,291,298,335 : nan
226,314,344,349,396 : nan
241,305,325,390,397 : nan
0,80,91,146,259,360 : nan
0,95,133,345,390,393 : nan
0,152,207,282,368,393 : nan
1,43,160,175,225,318 : nan
1,60,103,250,258,385 : nan
2,24,39,48,151,217 : nan
2,38,100,117,187,240 : nan
2,56,272,278,298,362 : nan
4,33,239,250,284,399 : nan
4,63,113,143,296,387 : nan
4,82,104,338,346,386 : nan
4,103,112,171,289,349 : nan
4,142,212,247,270,386 : nan
4,165,183,249,271,397 : nan
5,8,10,178,333,392 : nan
5,10,51,102,189,378 : nan
5,40,64,261,272,282 : nan
6,68,90,187,278,292 : nan
7,24,39,109,139,363 : nan
7,80,200,224,321,385 : nan
8,119,151,299,345,386 : nan
9,81,186,215,284,380 : nan
9,146,202,213,383,399 : nan
10,49,73,91,160,394 : nan
10,144,241,243,261,353 : nan
10,256,293,327,373,383 : nan
11,16,41,192,268,331 : nan
11,20,215,246,280,313 : nan
11,60,177,271,292,364 : nan
11,80,120,193,274,281 : nan
11,91,139,146,270,368 : nan
12,52,65,203,242,394 : nan
13,17,29,31,222,349 : nan
13,31,138,267,276,354 : nan
13,103,109,120,193,363 : nan
14,50,123,153,304,325 : nan
14,116,156,200,243,344 : nan
16,61,78,143,146,154 : nan
16,121,140,279,291,321 : nan
18,23,156,210,211,238 : nan
18,91,134,189,324,374 : nan
19,45,211,232,295,392 : nan
19,116,197,240,274,307 : nan
20,95,102,195,209,304 : nan
20,247,285,311,333,339 : nan
21,34,68,187,196,201 : nan
21,89,112,154,191,383 : nan
21,94,244,277,305,316 : nan
21,107,192,262,339,366 : nan
22,43,135,144,239,378 : nan
23,103,117,131,165,206 : nan
23,130,229,341,358,375 : nan
24,68,108,177,255,344 : nan
24,205,212,237,276,289 : nan
25,43,105,108,325,326 : nan
25,43,112,189,307,359 : nan
25,120,294,319,354,389 : nan
26,36,106,109,212,331 : nan
26,56,133,155,304,325 : nan
26,77,123,189,323,326 : nan
27,48,91,197,245,310 : nan
27,74,273,278,302,380 : nan
27,125,126,154,182,313 : nan
27,227,271,324,342,345 : nan
29,31,73,92,226,361 : nan
30,32,272,340,353,357 : nan
30,33,198,209,231,349 : nan
30,41,113,192,314,347 : nan
30,49,132,207,331,337 : nan
30,52,156,213,214,270 : nan
30,54,132,138,177,311 : nan
30,118,159,281,326,339 : nan
30,159,163,250,277,324 : nan
31,39,204,229,287,345 : nan
31,66,201,229,282,377 : nan
31,91,127,204,298,300 : nan
32,45,114,119,246,315 : nan
32,52,65,101,190,220 : nan
32,109,172,228,248,262 : nan
33,106,143,157,204,365 : nan
36,39,87,118,164,210 : nan
36,59,90,270,322,330 : nan
37,42,72,107,108,322 : nan
37,44,59,143,285,377 : nan
37,221,225,253,285,396 : nan
38,99,271,292,323,328 : nan
38,101,128,200,218,256 : nan
38,226,256,323,379,392 : nan
39,41,92,177,235,391 : nan
39,52,62,181,227,329 : nan
40,70,173,217,235,237 : nan
41,59,145,279,292,317 : nan
41,132,213,355,385,390 : nan
41,152,171,224,287,337 : nan
42,86,147,201,266,350 : nan
42,189,191,229,237,258 : nan
43,74,110,131,134,312 : nan
44,46,207,287,345,375 : nan
44,57,274,289,305,358 : nan
45,188,219,297,321,357 : nan
46,155,180,208,209,363 : nan
46,214,229,337,348,360 : nan
47,68,160,254,337,397 : nan
47,119,195,314,363,395 : nan
48,73,239,260,265,384 : nan
49,110,127,147,228,355 : nan
50,59,153,222,281,363 : nan
50,60,99,115,189,314 : nan
50,92,97,129,151,326 : nan
50,153,215,331,345,368 : nan
50,155,199,309,352,363 : nan
50,185,190,196,268,377 : nan
50,185,206,241,326,349 : nan
50,203,228,272,297,348 : nan
51,68,75,145,250,276 : nan
51,300,308,357,364,375 : nan
52,77,174,250,309,363 : nan
53,55,102,141,216,250 : nan
53,66,75,133,208,294 : nan
54,102,168,251,291,385 : nan
55,60,89,128,248,267 : nan
55,69,130,183,208,320 : nan
55,136,150,200,287,357 : nan
56,63,183,296,353,394 : nan
57,142,209,290,318,352 : nan
58,127,265,291,327,374 : nan
58,133,281,307,325,345 : nan
59,61,117,215,255,302 : nan
59,146,233,288,338,383 : nan
60,81,129,179,292,395 : nan
60,100,125,192,223,255 : nan
60,123,193,222,321,358 : nan
60,150,171,209,355,387 : nan
61,140,144,270,315,363 : nan
62,167,245,298,300,374 : nan
63,78,133,144,356,398 : nan
63,136,174,235,293,395 : nan
64,76,114,121,226,380 : nan
65,98,130,150,203,310 : nan
66,93,114,132,151,206 : nan
66,118,260,263,330,352 : nan
67,103,108,120,121,287 : nan
67,132,176,204,342,398 : nan
70,93,106,188,200,361 : nan
70,97,105,116,257,376 : nan
71,147,177,225,320,393 : nan
72,104,120,170,187,393 : nan
72,111,221,299,320,362 : nan
73,147,295,302,304,323 : nan
75,83,113,134,244,330 : nan
75,84,111,186,296,317 : nan
75,91,132,251,269,347 : nan
75,168,221,231,248,352 : nan
78,125,147,193,295,390 : nan
79,82,216,334,355,385 : nan
80,116,148,265,300,304 : nan
82,86,88,164,228,245 : nan
82,91,96,151,222,234 : nan
82,139,205,268,285,292 : nan
83,124,155,282,303,315 : nan
86,133,163,178,260,371 : nan
87,151,214,282,326,399 : nan
87,186,200,203,227,306 : nan
89,107,109,135,258,366 : nan
90,142,153,340,343,366 : nan
91,105,167,205,249,360 : nan
92,208,211,234,304,308 : nan
93,150,315,347,364,378 : nan
93,257,280,292,323,395 : nan
95,146,155,252,270,283 : nan
96,145,218,220,314,387 : nan
97,120,193,230,292,326 : nan
98,164,166,220,233,379 : nan
100,185,186,210,304,339 : nan
103,290,318,336,343,357 : nan
104,200,242,303,312,317 : nan
104,243,293,296,326,376 : nan
111,140,163,174,192,223 : nan
111,166,225,226,254,266 : nan
111,176,190,234,299,351 : nan
112,188,208,216,349,356 : nan
112,200,270,338,371,381 : nan
113,147,150,223,224,295 : nan
114,156,233,257,268,299 : nan
115,248,333,352,355,398 : nan
117,144,246,273,333,364 : nan
118,126,187,217,226,388 : nan
121,122,135,146,206,254 : nan
121,179,235,290,319,348 : nan
123,134,159,210,280,375 : nan
124,125,195,278,295,364 : nan
124,133,166,211,248,373 : nan
127,152,156,197,220,349 : nan
129,163,234,307,327,370 : nan
132,183,187,346,353,379 : nan
140,190,211,223,295,313 : nan
142,146,203,237,286,333 : nan
143,176,205,257,312,399 : nan
143,176,220,295,386,396 : nan
145,151,184,270,376,385 : nan
148,157,289,336,384,387 : nan
148,183,212,229,238,333 : nan
165,197,223,270,273,394 : nan
171,229,257,288,308,350 : nan
173,195,244,359,368,371 : nan
185,215,285,289,354,384 : nan
194,203,228,302,311,350 : nan
195,247,268,311,360,375 : nan
207,292,297,321,358,376 : nan
234,296,313,319,321,374 : nan
238,256,309,336,368,399 : nan
