0,267 : -0.11218908155409935
0,288 : 0.025878276801213795
2,265 : -0.10726826864748507
2,287 : 0.02646419144835155
3,356 : -0.12583598536790497
4,304 : -0.009830374724490332
4,380 : -0.05382141078599956
5,343 : -0.10062068254079182
6,189 : -0.03628096767309552
10,59 : -0.0015731076171299208
10,172 : -0.206973723429837
11,31 : 0.02117363466463318
12,87 : -0.3171185645445407
12,182 : -0.2846677648365936
13,272 : 0.0025482378080139423
14,203 : 0.028249063573041022
16,237 : -0.12844348407607287
17,218 : -0.04896286429269581
19,92 : -0.02158975279515074
20,247 : 0.06394266722960196
20,362 : 0.0012074740545218177
22,114 : -0.15394864883315584
23,27 : -0.20460455144188172
23,35 : -0.27495287901201504
23,51 : -0.172988304676724
23,180 : -0.14237852006630858
24,50 : 0.027556791962544125
25,188 : -0.04984112290700704
27,172 : -0.1422908867849373
27,185 : -0.05523791152397539
28,78 : -0.05235065228023128
30,198 : -0.011617358794872246
30,387 : 0.0935255995320694
31,120 : 0.03415040197572772
31,316 : -0.03202716669992567
31,351 : -0.08002645842566003
35,176 : -0.31703587231819275
36,68 : -0.23584637512079665
36,379 : -0.1444721120836414
40,43 : -0.01933510711852393
40,221 : -0.17930022176708071
40,285 : -0.03144218137974475
41,136 : -0.007001309355415097
42,316 : -0.033711790323293744
42,386 : -0.04016762627674053
43,299 : -0.10012687936687614
44,212 : -0.10063856276952099
44,326 : -0.08856473075478766
46,381 : -0.08014618244285554
47,109 : -0.12408131089235619
47,261 : -0.10979298935427861
47,357 : -0.06353864123854547
49,315 : -0.09644865563715976
50,54 : -0.04953069192165649
51,366 : -0.11769845704874893
54,327 : -0.1630573129239421
54,390 : -0.016182172978299603
55,106 : 0.054897017853809515
55,159 : -0.024338394674276342
56,116 : -0.07155193871810583
57,290 : 0.04205545247651399
63,232 : -0.2035317140859374
64,72 : -0.0741367559253403
64,203 : -0.049226511990002386
64,275 : -0.22761261245732167
66,113 : -0.04748543110982206
67,394 : -0.02942825945052152
68,242 : -0.18353078974093417
68,329 : -0.1561855449781957
68,344 : -0.07376328206791039
71,112 : -0.13572782375393522
72,76 : 0.03684742051582324
72,121 : -0.029045964053848072
73,139 : -0.013007090644080233
73,350 : -0.01669919448094337
78,214 : -0.11380075521856425
78,372 : -0.10248230823474813
79,86 : -0.0334467912865859
79,162 : -0.13472009303973254
79,211 : -0.10315804914230253
79,377 : -0.04666117505243195
81,300 : -0.03855928508442341
82,88 : 0.08568558539833349
83,391 : -0.0736662459863533
84,150 : -0.1376267806547431
87,315 : -0.1272334255110774
87,392 : -0.12804135299706676
90,182 : -0.23927812102825086
91,265 : 0.03260659379696951
93,111 : -0.05216453233224705
93,259 : -0.21361729533400187
95,337 : -0.0763345557705517
97,101 : -0.1036286676788265
103,361 : -0.0067195548701697305
105,306 : -0.10915570702872812
106,358 : -0.14949492635833161
109,380 : -0.19438136084484414
110,274 : -0.19574218056226877
111,372 : -0.1961354386763725
112,213 : 0.021606644013651533
112,383 : 0.006830319837593857
114,148 : -0.09124537762328377
114,205 : -0.061163337864715395
114,388 : -0.09057415007916814
115,188 : -0.09192763158247752
116,333 : -0.11896520129139243
117,294 : 0.012755664484308538
119,382 : -0.22350189146891486
119,384 : -0.03328653879628152
121,391 : -0.12554044824647947
123,380 : -0.05362562635331525
127,328 : 0.06457594973230796
129,328 : -0.04462379526774818
130,167 : -0.05768003719988668
130,311 : -0.06360734243272326
133,328 : -0.05995347733451273
135,189 : -0.01888555108072376
136,271 : -0.04146052393395472
137,172 : -0.2492398902330244
138,224 : -0.04636702411918092
139,177 : 0.06018567635320349
139,247 : -0.1144116358677012
139,375 : 0.017282196650589055
141,260 : -0.10767271713178328
142,323 : -0.15612882038054243
144,211 : -0.03671718290865522
147,333 : 0.0005685722894942513
150,218 : -0.07290019486613142
152,225 : -0.0542468079707803
154,196 : 0.03621143670575555
156,172 : 0.0066832237312755005
156,392 : -0.021545759067856718
157,162 : -0.09850861302279901
157,264 : -0.2550776315189054
157,358 : -0.1515428377886514
158,227 : -0.09501973311849721
159,193 : 0.017390220981281845
159,228 : -0.012401444659265515
159,377 : -0.09045777173081282
161,176 : -0.15909938870266016
165,256 : -0.010850400355701506
166,309 : -0.03724606563279975
169,233 : -0.17080770243606058
172,354 : -0.15206464546951626
174,175 : -0.06970960149554761
174,272 : -0.010082291132758048
176,312 : -0.03471909823819552
177,195 : -0.003893693067209103
178,231 : -0.05632022401356407
181,333 : -0.1044926592112203
181,348 : -0.08533026284217327
183,279 : -0.06454154769862908
185,337 : -0.07252746341573735
186,191 : -0.016517426684214298
189,389 : -0.1088421659033243
190,304 : 0.021751525282275086
193,350 : -0.12545173854886382
195,314 : 0.08320145106990451
198,291 : -0.07222795748152122
198,360 : -0.06959886210840982
200,337 : 0.06960196277343678
200,348 : 0.01298741736184117
201,338 : -0.11780640999747716
202,287 : -0.24438132459543516
203,351 : -0.07425484064362697
206,238 : -0.03538949897952648
208,225 : -0.0811294326236629
208,250 : 0.01761353847202618
211,322 : -0.09379976868735596
211,327 : -0.045501524678024374
212,251 : -0.06419375464139243
214,288 : -0.037289689228122924
215,281 : 0.04386162619292888
217,301 : -0.04824324484569864
219,325 : 0.03677947308526974
221,242 : -0.23888356821477208
230,316 : -0.08475478886641019
232,263 : -0.20878270690702205
232,275 : -0.3074865631963304
235,280 : -0.026188178361859382
235,396 : 0.045539182207528506
237,396 : -0.029811364119664674
241,382 : -0.2709507079580393
242,265 : -0.15956122456714494
252,378 : 0.007652233094603833
256,276 : -0.06818265829352721
256,277 : -0.04017570918398694
259,388 : -0.012125206363791108
260,315 : -0.142502151409458
261,377 : -0.00760058550657261
262,326 : 0.014928211785822931
263,374 : -0.1593686896032449
266,377 : -0.08825260438828897
267,354 : -0.10535229084358777
279,296 : 0.01846812065527148
281,381 : -0.05357027757033794
285,314 : -0.03291283144544943
287,384 : -0.08303112708197968
295,345 : -0.008286093748407053
301,341 : 0.03219393752265809
303,378 : -0.03170798015604204
307,382 : -0.263700270178298
308,385 : 0.07959700844481343
311,319 : -0.04505585070536
311,379 : -0.13601122563735402
313,331 : 0.012692012114350781
315,365 : -0.1536480123592554
321,379 : -0.10535393219990086
323,324 : -0.06872476032646513
330,371 : -0.040576030874027946
347,383 : 0.03144849954763684
347,399 : -0.03899696018020049
353,354 : -0.13299450611056174
355,368 : 0.008854922325379322
361,379 : -0.12246459735747495
367,368 : -0.1092144243595059
1,26,183 : -0.0007240245232553733
1,87,151 : 0.10441347921383015
1,204,253 : 0.03338528448190181
2,380,389 : 0.03802071769682258
3,10,77 : 0.057770004216800785
4,68,318 : 0.018606539861946048
4,204,230 : 0.029597456049476722
6,22,323 : 0.03806421417891981
6,72,331 : 0.008124999625558349
7,47,255 : 0.057266273903451514
8,147,199 : 0.058635056937742736
10,198,356 : 0.005824155834742939
11,323,340 : 0.08616425122767812
13,40,165 : 0.08784805433495113
13,148,194 : 0.0648451575916491
14,43,235 : 0.12244500647605361
14,50,82 : 0.14385752777115335
14,57,152 : 0.11852028815547633
14,94,242 : 0.025169590459355518
14,173,381 : 0.13792776297139897
14,217,341 : 0.07309425251895607
14,237,257 : 0.12186749950014897
17,146,201 : 0.04555347722961467
19,43,189 : 0.09273465874344966
19,262,356 : 0.04575455772803805
21,167,345 : 0.06825523989584614
22,23,255 : -0.007507637963295011
23,25,238 : 0.03181313170853439
24,26,170 : 0.09305532537493333
24,312,365 : -0.015199260683524729
26,200,304 : 0.10020992469054246
26,310,391 : 0.03429829984797528
27,82,304 : 0.11761261679204682
27,181,340 : 0.07407281728260395
30,84,265 : 0.02500875471699482
30,301,304 : 0.030854588624438795
31,75,360 : 0.1484809370220066
32,193,216 : 0.040687303700118416
33,125,143 : 0.14713295776636948
36,161,264 : -0.09302216993633805
38,170,327 : 0.08892636099407358
39,259,340 : 0.0673398749136147
40,165,209 : 0.07262956748532412
41,81,181 : 0.06424256784084559
41,102,230 : 0.14101251516494706
42,93,263 : 0.042409730243699206
45,146,308 : 0.07873941412502738
45,190,271 : 0.10769369185906008
48,53,210 : 0.06188390064287541
50,64,399 : 0.05704779226827372
50,70,396 : 0.15873292273447104
50,120,213 : 0.05537920435222854
51,110,111 : -0.049068917344149865
53,69,181 : 0.008140353246115728
53,307,371 : 0.048026645074136676
54,287,292 : 0.0846191390777169
55,58,153 : 0.08834179857222568
55,243,351 : 0.013145833338826352
58,68,302 : 0.015415936049944623
58,81,114 : 0.044924597116344334
58,173,243 : 0.06755154765449034
60,167,398 : 0.07658810324680498
62,175,342 : 0.05151419348013864
63,113,267 : 0.018101263248147204
65,170,309 : 0.05369808541226606
65,338,344 : 0.039131905433183234
66,148,225 : 0.07436938258239334
69,236,271 : -0.016096846259398667
69,336,344 : -0.0018095439847776174
70,105,199 : 0.16486772479462042
70,121,316 : 0.08960231492868587
70,212,379 : 0.07235883049178637
71,78,143 : 0.06753625560399656
72,264,309 : -0.06272288555794381
76,192,303 : 0.06997208645821218
79,149,257 : 0.04808860106368784
79,157,209 : 0.04421619149625444
79,288,306 : 0.012730633437246897
79,318,329 : 0.023039348982687224
81,87,145 : 0.0924020030748548
81,139,160 : 0.05480434052483818
84,120,323 : -0.005855876207761845
86,110,180 : 0.034971148046717526
87,187,342 : 0.02027435871598493
88,120,167 : 0.07730633194427494
88,272,325 : 0.07237955700470344
89,203,338 : 0.07096285281442727
90,192,324 : 0.047466463095554356
91,118,293 : 0.132988127793505
91,125,149 : 0.009688812529508706
92,105,174 : 0.06288612289105378
92,139,162 : 0.034802869918933554
95,198,208 : 0.05863365591142955
96,222,376 : 0.13800502815459104
97,152,375 : 0.1090114005235594
97,298,321 : 0.08339543224464474
99,190,385 : 0.06250195600465869
100,211,273 : 0.08686208867662071
100,227,284 : 0.13307043422627962
101,130,268 : 0.08506526833120054
101,274,356 : 0.019312286513124555
105,126,127 : 0.04087351534513772
108,268,375 : 0.1468326525972401
110,259,329 : -0.06545964324288556
113,162,344 : 0.03558779754270436
113,166,274 : 0.05981299048139055
121,151,170 : 0.09908845268275812
122,221,297 : 0.08331326240147963
126,222,301 : 0.09271570781769478
127,159,172 : 0.026528939962609188
131,249,322 : 0.04423737193484811
135,260,267 : -0.009432777403445058
139,243,256 : 0.02350165562709461
141,259,291 : 0.03413665913892672
142,234,363 : 0.11041159939425915
142,334,366 : 0.037660514628977015
145,156,395 : 0.11044125832087148
147,170,381 : 0.05775453194355107
147,221,245 : 0.1249964992692505
147,371,385 : 0.09768014857243301
151,225,364 : 0.04132873797671632
151,313,362 : 0.07476482172584342
152,179,200 : 0.10136587411288889
155,187,219 : 0.02450634256372919
156,166,193 : 0.09400604501710319
159,163,197 : 0.11432690825683456
161,259,331 : -0.0958323665171874
162,370,371 : 0.01699603891660506
164,193,245 : 0.10240425598188996
165,261,281 : 0.09554844253438399
166,309,311 : 0.07801845072333657
169,336,382 : -0.047270152236615015
170,227,278 : 0.11322627239908867
173,180,280 : 0.004882796832857084
173,203,356 : 0.03615345988135199
174,263,337 : 0.05346792746643014
177,197,283 : 0.04134677904874362
180,377,391 : -0.005784795264180742
182,264,397 : -0.031692135624429074
184,315,349 : 0.025018948269042163
185,348,388 : 0.0038828584805405963
187,262,340 : 0.09053830127178553
195,287,395 : 0.14448465113910447
196,214,363 : 0.1358699072996723
204,214,359 : 0.06622360755179169
204,280,377 : 0.042130404339722594
205,227,316 : 0.07728642669359032
205,253,381 : 0.030059777143088384
206,277,292 : 0.0851406860771029
211,368,396 : 0.08649187340377917
214,266,319 : 0.04253562646292486
217,224,332 : -0.009464033145177186
218,278,339 : 0.040530817696357024
221,309,350 : 0.1065802260758022
223,230,317 : 0.08349753162923457
228,304,360 : 0.14082357225399633
232,290,398 : -0.06618598279881516
234,359,361 : 0.052202405920538264
238,270,312 : 0.006789676354385099
247,289,342 : 0.06238621521004095
247,307,374 : 0.0336109969563918
249,279,371 : 0.04389321358286369
250,268,390 : 0.08402673054997967
255,281,303 : 0.06781408463198735
255,310,317 : 0.09238430826273714
256,320,324 : 0.03510398991978503
256,335,356 : 0.04015352289440144
265,348,396 : 0.12106056154355016
270,302,362 : 0.14342328729815546
276,351,361 : 0.059201177812236994
280,308,354 : 0.03778566691115259
291,368,396 : 0.15186602567514784
319,358,390 : 0.04008532268503395
334,386,394 : 0.029022839658318533
349,368,369 : 0.0988057029713959
0,1,240,365 : 0.06493381054884384
0,74,129,214 : 0.15397976335740537
1,10,25,260 : 0.04911461279088758
1,24,306,393 : 0.09740039083898511
1,94,127,250 : 0.07306378255250634
2,31,231,309 : 0.06811188797239609
2,182,293,387 : 0.04604380787408646
2,195,292,350 : 0.13113204920753896
2,206,224,287 : 0.1519468608953104
3,18,164,339 : 0.09173461292202323
3,153,251,379 : 0.021907552863154045
3,239,325,363 : 0.06151419082576737
4,141,300,374 : 0.12468300562704926
5,51,136,302 : 0.0415564850855098
5,115,376,381 : 0.06950379686993313
6,20,217,338 : 0.04575355250565494
6,122,232,253 : 0.01481555618044117
6,126,169,252 : 0.007743278855099178
7,109,213,387 : 0.1319448157612183
7,192,206,207 : 0.11855721064469693
9,108,340,388 : 0.04704816014313906
10,203,229,390 : 0.09353923847211121
11,145,245,268 : 0.17521080778690845
11,147,148,219 : 0.09357688070179115
11,218,221,258 : 0.1154147606050514
11,285,311,329 : 0.08765252753930097
13,121,296,380 : 0.12153390715129297
13,189,251,302 : 0.09609254023510194
14,57,92,279 : 0.13733783122412724
14,168,174,284 : 0.12097218168408663
14,285,372,375 : 0.10607795250352836
15,125,147,236 : 0.10849416184563754
16,18,36,76 : 0.1011565707421841
16,164,236,247 : 0.056588371007955884
17,60,325,377 : 0.10974637636053686
17,133,137,330 : -0.0026650525770695044
18,149,256,337 : 0.0485889481684324
19,90,166,398 : 0.047416223166946714
19,271,324,399 : 0.12746756236018586
20,80,82,258 : 0.14507753261508827
20,104,334,351 : 0.04822014782715034
20,173,206,381 : 0.1112027734365334
21,38,88,105 : 0.10619843369098236
21,49,278,362 : 0.12700338623008012
22,44,145,228 : 0.07050369097549991
23,102,292,366 : 0.08713576936136203
24,33,97,375 : 0.14652678446955691
25,62,112,390 : 0.10799889579337008
25,129,134,382 : 0.041407200394264376
25,269,342,348 : 0.10289002549278636
27,54,253,329 : 0.045440414772452975
27,87,166,286 : 0.06813904162171391
27,171,243,262 : 0.09353716882571927
28,70,302,385 : 0.1379510578680092
28,79,184,233 : 0.03840476149644523
28,96,173,374 : 0.06035154803747267
29,87,100,108 : 0.07305441136012802
30,111,271,355 : 0.09539928150516219
30,123,207,341 : 0.0770381052040684
31,169,327,357 : 0.06806089320634179
31,250,327,328 : 0.15160357288492576
32,149,152,183 : 0.06646422388595219
33,81,87,153 : 0.11849071666126976
33,160,293,323 : 0.09733308551308328
33,175,382,393 : 0.028058550899444534
37,211,236,342 : 0.08109910098748385
39,50,237,316 : 0.16379220854653276
39,81,313,389 : 0.12684382192140786
39,262,285,381 : 0.13441896234110084
40,189,273,293 : 0.08216852860035895
40,199,212,333 : 0.127527632144802
41,173,203,240 : 0.09442508688356333
41,302,342,364 : 0.10603694487857795
42,43,195,236 : 0.11192189671429553
42,67,254,333 : 0.07501809922485358
42,104,223,227 : 0.1061987538165764
42,150,287,367 : 0.017758836368825137
42,195,220,283 : 0.1278842421593943
43,169,258,339 : 0.11181398392795583
44,52,95,144 : 0.0915889316524261
44,72,188,365 : -0.005256223418743877
44,84,232,296 : 0.019396238412112243
44,95,210,286 : 0.11719638481885797
44,107,218,323 : 0.08221610385130729
46,59,276,353 : 0.11352042863479106
46,197,233,285 : 0.06263310954080603
47,100,106,335 : 0.06801091798453596
47,114,140,384 : 0.10890761166882224
48,61,79,236 : 0.045463711741693724
49,59,106,307 : 0.07726643697075397
52,54,75,102 : 0.1521361207608739
52,275,354,386 : -0.03948248115968567
53,71,167,230 : 0.058807317941453996
56,77,251,281 : 0.07145122483014354
57,147,153,178 : 0.08212894467477982
58,134,236,373 : 0.09068459512613514
59,64,91,346 : 0.13018338526853934
59,221,259,301 : 0.01935664532646031
59,280,306,355 : 0.06473915617831016
61,91,276,352 : 0.1487416598173822
61,177,386,392 : 0.1142274927719763
61,256,339,398 : 0.10183461440578145
61,315,379,390 : 0.07972912332778781
62,74,122,339 : 0.14476929003775751
63,192,222,328 : 0.08787682296174193
63,285,293,303 : 0.0697519781300816
64,101,165,170 : 0.0884451715981679
65,68,194,251 : 0.0733319133652105
68,90,251,317 : 0.10547418431752131
69,193,274,298 : 0.052737886642518994
70,72,133,218 : 0.07194543617259408
72,101,144,320 : 0.09236420543267909
73,110,152,309 : 0.08287876900738123
74,152,178,201 : 0.07903557619206081
74,219,251,294 : 0.05254779020533229
75,205,311,391 : 0.08146595076891405
78,89,293,338 : 0.07364207457339089
79,85,297,357 : 0.05938585482344294
80,96,261,321 : 0.12004431288374084
80,141,183,235 : 0.06865110809250419
81,163,229,387 : 0.10591490407051019
81,283,338,372 : 0.030065719986218764
82,160,217,311 : 0.04792911809076272
82,184,305,361 : 0.09657842810708628
82,361,385,395 : 0.18038734809152912
83,254,263,354 : 0.05842891423196728
84,175,221,297 : 0.06108078873680123
85,136,170,368 : 0.08031126594581828
85,159,167,298 : 0.12830212502461247
87,171,179,215 : 0.11925703890104611
88,154,239,284 : 0.09965494076773584
89,109,112,168 : 0.11745951210747319
90,97,153,328 : 0.11363339629821878
90,174,352,390 : 0.08923224404593733
91,135,251,252 : 0.07923208187045694
92,131,265,396 : 0.10854983006801577
92,205,263,273 : 0.09799506920977519
93,314,335,393 : 0.10062684717483561
94,164,180,206 : 0.08087859586068713
94,255,270,272 : 0.06852656481369601
97,121,143,272 : 0.1134354024469445
98,162,322,372 : 0.05235748936626494
98,174,191,351 : 0.0628570113299215
98,181,257,268 : 0.11203520020735436
98,183,216,395 : 0.1118462343371136
102,147,328,391 : 0.07937581202516364
102,184,314,396 : 0.10528037226503884
102,201,249,388 : 0.06070458399305256
102,234,272,343 : 0.1368637874444808
103,129,227,283 : 0.06155126871552896
103,205,361,394 : 0.0985751953254369
104,117,277,306 : 0.07999666352469437
104,230,282,358 : 0.07732488958928452
105,116,324,372 : 0.04800286383326269
105,309,343,387 : 0.06550877681570977
107,249,262,398 : 0.11541184533864246
110,288,299,311 : 0.05755360908342355
111,118,327,346 : 0.10820856058259443
111,163,194,349 : 0.10207275589431264
113,226,325,370 : 0.09399466099059695
114,119,189,333 : 0.07780944580079174
115,211,258,292 : 0.13457152186783528
116,153,290,319 : 0.11612539784643305
117,235,263,331 : 0.07602993291559412
120,123,163,300 : 0.1532146417561816
122,195,279,281 : 0.07532572689415395
126,209,222,357 : 0.1155131042000832
130,250,331,385 : 0.10957130989044594
135,169,254,290 : 0.07833245111913978
139,209,215,231 : 0.14412885189508895
139,294,349,377 : 0.07891711310651772
141,154,351,368 : 0.08155394413476813
145,147,374,376 : 0.15518697504597478
146,173,203,272 : 0.17120490639485586
147,198,272,297 : 0.10567319015036569
148,281,352,387 : 0.1297284226206893
152,166,283,301 : 0.05796074251015293
153,300,343,389 : 0.13148466422017646
154,175,301,359 : 0.05436473797795027
156,187,266,298 : 0.09024373264903718
157,276,300,371 : 0.05324022657095051
158,161,238,351 : -0.015946432803854105
161,199,348,387 : 0.036142384390301596
162,177,196,311 : 0.10123808481043162
163,298,342,351 : 0.09956412716809815
164,214,261,281 : 0.13051921884830042
167,173,195,229 : 0.16204761596679373
168,235,251,330 : 0.0947462040370558
171,195,215,335 : 0.1267272181050051
171,241,249,373 : 0.0972018333183341
171,294,355,387 : 0.14475288681014586
173,186,255,268 : 0.11771333344071744
173,191,202,221 : 0.029091804140889077
174,180,293,315 : 0.04509780064781166
174,233,277,359 : 0.072700130719488
174,298,299,360 : 0.1156852319965852
178,247,350,362 : 0.11401317355189444
178,254,281,390 : 0.08677882455065078
181,234,270,362 : 0.15708808591543255
183,264,277,370 : 0.002687457580892172
189,225,269,388 : 0.04987628308593717
190,198,302,387 : 0.09124298749034476
194,195,233,309 : 0.08903850523972279
195,227,229,362 : 0.14146634207749986
201,230,299,343 : 0.05021232982436252
205,291,340,366 : 0.05499203506271366
210,223,306,391 : 0.04653578364276012
217,246,256,293 : 0.08639487393379763
238,284,290,325 : 0.06492794305827088
240,291,306,396 : 0.10922025042319972
241,246,364,396 : 0.08010166759119708
254,313,341,343 : 0.01312105605324343
279,354,392,397 : 0.046016395529580145
308,368,386,395 : 0.1609453689878615
0,19,75,100,316 : 0.10782113449556607
0,76,272,307,331 : 0.11844421468604582
0,133,165,168,266 : 0.12103074236089162
0,147,226,253,380 : 0.10684263353738965
0,175,229,283,284 : 0.12700045617695555
0,196,276,351,390 : 0.13891743481509944
0,221,244,272,383 : 0.1272744308231195
1,20,87,224,267 : 0.04806844569936941
1,57,96,256,268 : 0.08000776025477818
2,129,147,196,263 : 0.07503404165280114
3,112,122,288,303 : 0.08067279624481283
3,269,365,373,383 : 0.056162115466158014
4,10,64,234,293 : 0.13401590493614335
4,52,127,258,328 : 0.15238031362390014
6,123,187,194,247 : 0.11817019005704044
7,57,166,179,242 : 0.10008005511056361
7,76,141,372,374 : 0.06595264851501126
8,46,104,155,392 : 0.10330827306767176
9,13,32,46,80 : 0.10123269417251879
9,85,338,382,398 : 0.002820247122965913
9,138,159,235,346 : 0.10765469843034026
9,168,200,207,394 : 0.12347640436498741
10,80,228,364,389 : 0.11126011487158194
10,131,209,257,267 : 0.06716496354324786
11,17,123,174,291 : 0.13720519150129262
11,61,76,78,113 : 0.1277703607415972
11,103,325,346,393 : 0.1376611266861294
11,126,189,360,363 : 0.15441966551745823
12,65,109,213,285 : 0.06529512937700643
12,128,143,148,358 : 0.02036115665288296
13,147,156,241,379 : 0.06327787213731573
14,27,87,262,384 : 0.12700137245519771
14,39,102,159,226 : 0.15735897255995668
14,39,116,234,385 : 0.17987503673743355
14,88,252,308,386 : 0.12308657651247645
15,29,236,280,327 : 0.10365459090447338
15,60,195,258,323 : 0.153538305546717
15,162,165,311,322 : 0.06315622609600213
16,166,261,262,370 : 0.04511442300177726
17,35,78,129,153 : 0.02609846571467378
17,47,141,244,252 : 0.059991576177909955
17,54,119,262,316 : 0.08095334778484531
17,55,208,329,386 : 0.06553338485916205
17,150,174,219,290 : 0.09555303417307781
18,76,129,320,331 : 0.11977596175333072
19,87,221,288,378 : 0.03462845125539171
19,219,235,274,399 : 0.11187290762260071
20,26,62,192,389 : 0.10359466802564454
20,136,172,246,328 : 0.07323794181511123
20,162,231,343,363 : 0.06896277807630369
21,23,86,164,333 : 0.10330752453680714
21,150,245,279,372 : 0.07795683184998514
22,26,246,341,381 : 0.08818663784681968
22,37,39,85,250 : 0.06518991493717308
22,40,170,292,395 : 0.13494854319196925
23,32,179,303,316 : 0.0791222768414428
23,43,73,130,152 : 0.08955488739191586
23,58,95,196,353 : 0.08957079948700164
24,28,89,125,260 : 0.05480287950251195
24,113,310,326,387 : 0.12633595334508052
24,118,249,326,346 : 0.1866456819513489
25,47,79,211,339 : 0.10993882118168596
25,167,314,326,369 : 0.10976394940273804
26,29,62,130,159 : 0.1256229001231136
27,35,247,275,311 : -0.0031811608781002754
27,82,97,249,374 : 0.15428248322544258
28,30,54,199,204 : 0.11361678056309943
28,65,105,266,285 : 0.0878899783882442
28,106,158,176,372 : 0.010350143856139415
28,168,171,308,344 : 0.10097213501208302
29,61,143,386,397 : 0.13042976944673812
29,69,175,260,348 : 0.08394532865355742
29,83,93,263,296 : 0.10359913856190073
29,88,198,205,227 : 0.1002333167283398
29,214,268,307,335 : 0.11959631077178934
30,41,117,376,396 : 0.15873885356521167
30,101,106,108,377 : 0.0946016300217456
31,60,71,79,349 : 0.12654749245857944
31,91,235,256,327 : 0.18776386948927382
31,96,214,322,335 : 0.0903977345659841
31,118,260,284,380 : 0.11266340911600248
32,71,142,319,364 : 0.06917272412939801
33,52,134,140,276 : 0.11593535629826945
33,69,116,290,314 : 0.06536402224342674
33,97,114,286,337 : 0.10449279446796311
33,111,176,265,294 : 0.06058675715295325
34,131,287,296,349 : 0.07673669207385014
34,154,170,319,378 : 0.04517607680457447
35,64,113,276,317 : 0.04614441062644514
36,39,138,294,398 : 0.07901249275767541
36,121,145,286,291 : 0.11064202050988259
36,122,123,148,182 : 0.08303621006147066
36,127,180,207,334 : 0.04962260188198386
38,53,73,304,338 : 0.08970890272221532
38,170,248,309,374 : 0.13682378880919976
39,43,79,122,212 : 0.09797886726097671
41,48,102,365,388 : 0.08875267444818513
43,57,80,269,386 : 0.07255517646229992
45,56,198,279,283 : 0.08342649356575271
45,65,324,347,383 : 0.06231713757888868
45,209,312,361,377 : 0.06433561668338905
46,131,142,155,301 : 0.09805183419570329
46,168,212,257,270 : 0.16706864524782616
47,114,268,308,328 : 0.12713377406802495
47,156,185,244,281 : 0.10083459537772566
48,95,182,187,191 : 0.0707365195945775
49,74,100,174,331 : 0.13383437352998073
49,199,200,214,265 : 0.1223379915235242
51,62,106,330,362 : 0.04737678470445128
52,214,231,257,374 : 0.12167473015001751
53,55,106,231,302 : 0.11744193253677926
53,64,126,194,237 : 0.09344825668146872
53,136,186,253,341 : 0.061949856982747464
53,221,244,247,260 : 0.09820339417105473
54,58,66,157,299 : 0.07618891962231222
54,146,172,258,319 : 0.12874262774403944
54,238,289,359,363 : 0.1231999027312285
55,70,106,236,368 : 0.11714975786850712
57,59,165,166,208 : 0.12844876319750576
58,112,159,230,363 : 0.11035535405469066
58,149,236,375,395 : 0.12407026217322836
58,261,326,361,387 : 0.10510834749933673
60,85,128,265,374 : 0.11818834791586452
60,102,115,335,381 : 0.15378721329765377
60,126,145,304,360 : 0.16996824218414597
61,105,258,291,384 : 0.14447081736155054
62,88,152,253,258 : 0.11698560692698734
64,66,155,175,237 : 0.10004004687665868
64,146,154,214,375 : 0.14676491590000107
66,116,245,297,309 : 0.09746271182644017
66,279,285,308,351 : 0.10588477701060417
67,104,249,250,326 : 0.13134056692895146
67,186,211,229,381 : 0.11492061050598656
70,77,118,199,369 : 0.123360013583096
70,121,170,215,265 : 0.12708005652342147
70,163,213,339,349 : 0.1355351745995501
72,118,197,234,302 : 0.1239533496152474
72,222,305,313,316 : 0.08714532525166208
73,81,253,331,388 : 0.0912183614373987
74,138,142,165,183 : 0.10459524620684424
74,151,284,317,394 : 0.11427112264554729
74,156,254,293,308 : 0.1240226950633192
74,334,371,375,383 : 0.05191205362439322
75,86,165,216,384 : 0.08753886008368783
76,107,232,299,330 : 0.014486378904734698
76,163,180,287,369 : 0.05093971197805036
76,179,228,233,374 : 0.10721076174080868
79,174,188,317,328 : 0.07099484618029162
79,244,288,340,360 : 0.10519483113669315
81,115,277,321,393 : 0.07713670151695995
81,144,198,339,399 : 0.08259101637823019
82,85,93,195,373 : 0.11851451791966683
82,104,224,340,373 : 0.10540441021101599
83,98,162,215,310 : 0.07032695103549857
83,291,336,348,351 : 0.07960978822075893
84,90,149,261,391 : 0.008598883141024083
86,199,227,276,323 : 0.06970329105637119
88,201,256,364,377 : 0.08957313168792758
88,211,235,276,356 : 0.10174638823824755
88,264,303,368,373 : 0.05698674166105455
91,99,167,360,384 : 0.1614395531249192
91,102,111,191,193 : 0.08117838106612274
92,160,302,305,396 : 0.14716888191961885
92,185,284,289,302 : 0.15761269427746538
92,218,274,337,357 : 0.08855882479235333
97,125,165,166,386 : 0.13674318745843705
103,120,170,247,308 : 0.15376869011147998
104,181,186,374,385 : 0.14402770804179443
104,200,325,384,396 : 0.13087945459695016
105,114,173,187,259 : 0.08691723808608931
106,143,172,218,293 : 0.10158883046391365
106,170,195,249,308 : 0.16091291930460316
108,131,184,356,370 : 0.07952282402299393
109,203,222,343,369 : 0.06327443954177436
112,131,149,164,349 : 0.12455664866322536
112,136,233,292,322 : 0.08544459211539157
112,174,240,339,395 : 0.11703572730947553
113,206,242,387,392 : 0.09600335508174385
115,225,248,285,334 : 0.0952324422128219
115,245,252,298,303 : 0.09032697523590716
117,150,182,216,294 : 0.06665979871128958
119,260,316,320,345 : 0.10852161116333559
121,153,274,311,375 : 0.13285340634144194
121,268,276,318,385 : 0.13150289467437626
122,156,172,192,226 : 0.11965610785688585
126,154,235,277,384 : 0.11737058407343226
126,164,289,303,387 : 0.11348740965163961
127,140,300,336,391 : 0.08871768476780484
132,179,188,214,316 : 0.11825373085481172
132,245,297,315,371 : 0.11062636426543948
132,271,295,379,386 : 0.15388040400752523
133,157,181,195,249 : 0.10076267950150841
143,181,245,278,381 : 0.11139702266670004
145,165,266,370,373 : 0.11282330378079863
146,196,354,384,393 : 0.13326981916446645
146,251,319,355,369 : 0.11868811409895952
148,204,283,314,353 : 0.10044197713205205
155,209,228,271,316 : 0.11655912705950955
155,242,259,368,385 : 0.08346332438518589
155,298,304,324,328 : 0.14511442637066496
158,165,247,267,278 : 0.03656428651187538
167,224,252,271,287 : 0.07663167685038241
168,188,254,263,342 : 0.08712864017860089
169,196,199,319,354 : 0.10838144745612999
169,205,241,367,399 : 0.020941360129783426
191,208,238,255,264 : 0.03675178249184863
196,199,205,206,269 : 0.11609443377614315
204,217,337,353,398 : 0.10145592079996346
223,251,291,298,335 : 0.08008355518506227
226,314,344,349,396 : 0.13121276850548613
241,305,325,390,397 : 0.07314255235773692
0,80,91,146,259,360 : 0.1465528342392609
0,95,133,345,390,393 : 0.14722573338666467
0,152,207,282,368,393 : 0.10745705051269838
1,43,160,175,225,318 : 0.08381644711797898
1,60,103,250,258,385 : 0.15771388441778544
2,24,39,48,151,217 : 0.10609278333370864
2,38,100,117,187,240 : 0.0933211456782519
2,56,272,278,298,362 : 0.10786186686058274
4,33,239,250,284,399 : 0.11841067237744574
4,63,113,143,296,387 : 0.1300411827384702
4,82,104,338,346,386 : 0.1466925395207852
4,103,112,171,289,349 : 0.14098225173069567
4,142,212,247,270,386 : 0.1399838550498066
4,165,183,249,271,397 : 0.11135686888640262
5,8,10,178,333,392 : 0.08015048709516093
5,10,51,102,189,378 : 0.08180160173326523
5,40,64,261,272,282 : 0.05982224517385981
6,68,90,187,278,292 : 0.08905175698971546
7,24,39,109,139,363 : 0.12219788987875813
7,80,200,224,321,385 : 0.1253375806412802
8,119,151,299,345,386 : 0.08424372978833028
9,81,186,215,284,380 : 0.1215438115832953
9,146,202,213,383,399 : 0.07817014711883452
10,49,73,91,160,394 : 0.107269202129744
10,144,241,243,261,353 : 0.08373087718219574
10,256,293,327,373,383 : 0.11153826211045936
11,16,41,192,268,331 : 0.13825814014929638
11,20,215,246,280,313 : 0.11918304773148924
11,60,177,271,292,364 : 0.17459500124953742
11,80,120,193,274,281 : 0.13880758253093683
11,91,139,146,270,368 : 0.15182284022196169
12,52,65,203,242,394 : 0.06498696654670222
13,17,29,31,222,349 : 0.12796843920895673
13,31,138,267,276,354 : 0.11229542978066342
13,103,109,120,193,363 : 0.15409958107001187
14,50,123,153,304,325 : 0.18394259262172985
14,116,156,200,243,344 : 0.102585749428178
16,61,78,143,146,154 : 0.14114243089190026
16,121,140,279,291,321 : 0.1172418249814845
18,23,156,210,211,238 : 0.07788380677457218
18,91,134,189,324,374 : 0.09082549480207724
19,45,211,232,295,392 : 0.041908670795317904
19,116,197,240,274,307 : 0.06076017368130293
20,95,102,195,209,304 : 0.13084632967464072
20,247,285,311,333,339 : 0.13344370577492826
21,34,68,187,196,201 : 0.05967072147810004
21,89,112,154,191,383 : 0.08482661868491659
21,94,244,277,305,316 : 0.06100300154009164
21,107,192,262,339,366 : 0.1024170519457801
22,43,135,144,239,378 : 0.07338631712325028
23,103,117,131,165,206 : 0.09509366016455034
23,130,229,341,358,375 : 0.0928889507112981
24,68,108,177,255,344 : 0.08099303747942899
24,205,212,237,276,289 : 0.12602699814977747
25,43,105,108,325,326 : 0.1186267004571171
25,43,112,189,307,359 : 0.11362014684684607
25,120,294,319,354,389 : 0.06669461552153577
26,36,106,109,212,331 : 0.08002100860560124
26,56,133,155,304,325 : 0.13774669768593795
26,77,123,189,323,326 : 0.11254616931739536
27,48,91,197,245,310 : 0.07669422648467283
27,74,273,278,302,380 : 0.1130703437711853
27,125,126,154,182,313 : 0.05317928859976573
27,227,271,324,342,345 : 0.10784745196927248
29,31,73,92,226,361 : 0.11741823533917528
30,32,272,340,353,357 : 0.08512694075686034
30,33,198,209,231,349 : 0.14437471338742114
30,41,113,192,314,347 : 0.09381991104144782
30,49,132,207,331,337 : 0.15727996063170835
30,52,156,213,214,270 : 0.13992102826030306
30,54,132,138,177,311 : 0.12987835898722166
30,118,159,281,326,339 : 0.15900542560092867
30,159,163,250,277,324 : 0.13108165993220156
31,39,204,229,287,345 : 0.1448420488246691
31,66,201,229,282,377 : 0.11914297021407239
31,91,127,204,298,300 : 0.1653117298442185
32,45,114,119,246,315 : 0.04911983506665263
32,52,65,101,190,220 : 0.09203658926252023
32,109,172,228,248,262 : 0.0806476740696882
33,106,143,157,204,365 : 0.08828721632521064
36,39,87,118,164,210 : 0.09583943879293033
36,59,90,270,322,330 : 0.0808232652707851
37,42,72,107,108,322 : 0.07832809620958803
37,44,59,143,285,377 : 0.0964004863407204
37,221,225,253,285,396 : 0.09551944730669004
38,99,271,292,323,328 : 0.14923163729408218
38,101,128,200,218,256 : 0.11189899816825533
38,226,256,323,379,392 : 0.1000371509597141
39,41,92,177,235,391 : 0.12560538902739837
39,52,62,181,227,329 : 0.09232738991008005
40,70,173,217,235,237 : 0.1286615999898677
41,59,145,279,292,317 : 0.14677587990303742
41,132,213,355,385,390 : 0.15414376175907685
41,152,171,224,287,337 : 0.10875771428399139
42,86,147,201,266,350 : 0.11456147620566992
42,189,191,229,237,258 : 0.10565543126535848
43,74,110,131,134,312 : 0.0526874082099118
44,46,207,287,345,375 : 0.09809711710791524
44,57,274,289,305,358 : 0.060543913725762843
45,188,219,297,321,357 : 0.0888189923927225
46,155,180,208,209,363 : 0.14843611446658467
46,214,229,337,348,360 : 0.14379198153409756
47,68,160,254,337,397 : 0.04111167073229949
47,119,195,314,363,395 : 0.12304394860228773
48,73,239,260,265,384 : 0.08147961145489369
49,110,127,147,228,355 : 0.10110250259643327
50,59,153,222,281,363 : 0.17772156395572414
50,60,99,115,189,314 : 0.14416359172943594
50,92,97,129,151,326 : 0.16968606407395248
50,153,215,331,345,368 : 0.12893777280468888
50,155,199,309,352,363 : 0.16825201702010317
50,185,190,196,268,377 : 0.10155299761219505
50,185,206,241,326,349 : 0.14302867563745492
50,203,228,272,297,348 : 0.11434769754293583
51,68,75,145,250,276 : 0.09669639096580462
51,300,308,357,364,375 : 0.08564589850422644
52,77,174,250,309,363 : 0.1184832235316794
53,55,102,141,216,250 : 0.13619366550659007
53,66,75,133,208,294 : 0.1334653392927414
54,102,168,251,291,385 : 0.15264640304140842
55,60,89,128,248,267 : 0.0732861180982235
55,69,130,183,208,320 : 0.09425505609519269
55,136,150,200,287,357 : 0.086524662040946
56,63,183,296,353,394 : 0.08527435430731367
57,142,209,290,318,352 : 0.1273242744213352
58,127,265,291,327,374 : 0.12815741766868116
58,133,281,307,325,345 : 0.1352371634505234
59,61,117,215,255,302 : 0.11563100177874186
59,146,233,288,338,383 : 0.1258589634049493
60,81,129,179,292,395 : 0.15469879708623235
60,100,125,192,223,255 : 0.11057780380533422
60,123,193,222,321,358 : 0.13699194054695296
60,150,171,209,355,387 : 0.15832900954328932
61,140,144,270,315,363 : 0.12650056694168832
62,167,245,298,300,374 : 0.1586818854309765
63,78,133,144,356,398 : 0.07367301471165
63,136,174,235,293,395 : 0.12347968163297884
64,76,114,121,226,380 : 0.10218313507835597
65,98,130,150,203,310 : 0.04359335155119093
66,93,114,132,151,206 : 0.11509605680666313
66,118,260,263,330,352 : 0.09578263709009849
67,103,108,120,121,287 : 0.12353990163160533
67,132,176,204,342,398 : 0.06573690724950332
70,93,106,188,200,361 : 0.10042243867553291
70,97,105,116,257,376 : 0.12884996814935568
71,147,177,225,320,393 : 0.07603393451602403
72,104,120,170,187,393 : 0.11853535180848918
72,111,221,299,320,362 : 0.08094550572910642
73,147,295,302,304,323 : 0.14105265044543103
75,83,113,134,244,330 : 0.08572820387900004
75,84,111,186,296,317 : 0.10826236242324438
75,91,132,251,269,347 : 0.11979423954928681
75,168,221,231,248,352 : 0.1307053351676153
78,125,147,193,295,390 : 0.12105723603868301
79,82,216,334,355,385 : 0.14082747154321051
80,116,148,265,300,304 : 0.12047993966949799
82,86,88,164,228,245 : 0.14432778430387683
82,91,96,151,222,234 : 0.16882056543536872
82,139,205,268,285,292 : 0.15737020978099525
83,124,155,282,303,315 : 0.06527284928635824
86,133,163,178,260,371 : 0.09895684582570818
87,151,214,282,326,399 : 0.11915051250397224
87,186,200,203,227,306 : 0.1001433139906196
89,107,109,135,258,366 : 0.08914125353414337
90,142,153,340,343,366 : 0.09386852197254747
91,105,167,205,249,360 : 0.16135039043571775
92,208,211,234,304,308 : 0.14179058377932618
93,150,315,347,364,378 : 0.05348442217011207
93,257,280,292,323,395 : 0.13582691867903862
95,146,155,252,270,283 : 0.11941244736718681
96,145,218,220,314,387 : 0.10739130199718372
97,120,193,230,292,326 : 0.1452826524102564
98,164,166,220,233,379 : 0.09652070800546841
100,185,186,210,304,339 : 0.14831013971925489
103,290,318,336,343,357 : 0.08595866579387368
104,200,242,303,312,317 : 0.08355136296170296
104,243,293,296,326,376 : 0.12552469416349032
111,140,163,174,192,223 : 0.1398181203977925
111,166,225,226,254,266 : 0.10035705112783366
111,176,190,234,299,351 : 0.07671680827813332
112,188,208,216,349,356 : 0.1041722723873566
112,200,270,338,371,381 : 0.10970138185146161
113,147,150,223,224,295 : 0.07167104220842657
114,156,233,257,268,299 : 0.1403661266286358
115,248,333,352,355,398 : 0.11736403906373805
117,144,246,273,333,364 : 0.1229975049737877
118,126,187,217,226,388 : 0.12296537178218048
121,122,135,146,206,254 : 0.08519357514409687
121,179,235,290,319,348 : 0.10705725898757446
123,134,159,210,280,375 : 0.11218505524437938
124,125,195,278,295,364 : 0.12175267840716797
124,133,166,211,248,373 : 0.10804200783169671
127,152,156,197,220,349 : 0.11482966032898856
129,163,234,307,327,370 : 0.1061879900179109
132,183,187,346,353,379 : 0.112852189202993
140,190,211,223,295,313 : 0.1210195223358369
142,146,203,237,286,333 : 0.10707619848618743
143,176,205,257,312,399 : 0.07047493362352542
143,176,220,295,386,396 : 0.08362232325220254
145,151,184,270,376,385 : 0.17159126935612823
148,157,289,336,384,387 : 0.11865274623688948
148,183,212,229,238,333 : 0.10882098257479544
165,197,223,270,273,394 : 0.10523763039512812
171,229,257,288,308,350 : 0.1262882160289983
173,195,244,359,368,371 : 0.10147987326853214
185,215,285,289,354,384 : 0.11511838109796702
194,203,228,302,311,350 : 0.11583242646476655
195,247,268,311,360,375 : 0.18124623978333676
207,292,297,321,358,376 : 0.13120278615798264
234,296,313,319,321,374 : 0.11407284006082496
238,256,309,336,368,399 : 0.0651436898633484
