0,267 : -0.0760446
0,288 : 0.0721576
2,265 : -0.0516335
2,287 : 0.0645084
3,356 : -0.096799
4,304 : 0.0446161
4,380 : 0.00398695
5,343 : -0.0737153
6,189 : 0.00960362
10,59 : 0.0507624
10,172 : -0.17172
11,31 : 0.076595
12,87 : -0.297186
12,182 : -0.266809
13,272 : 0.0668547
14,203 : 0.0852537
16,237 : -0.0840758
17,218 : -0.0106832
19,92 : 0.0419837
20,247 : 0.119287
20,362 : 0.0584326
22,114 : -0.104174
23,27 : -0.18068
23,35 : -0.246483
23,51 : -0.14461
23,180 : -0.109712
24,50 : 0.0695965
25,188 : 0.00422466
27,172 : -0.102911
27,185 : -0.0116771
28,78 : -0.00914598
30,198 : 0.0314767
30,387 : 0.145481
31,120 : 0.0837237
31,316 : 0.0202731
31,351 : -0.0321602
35,176 : -0.29219
36,68 : -0.194485
36,379 : -0.0989367
40,43 : 0.0240706
40,221 : -0.153347
40,285 : 0.0186998
41,136 : 0.0431981
42,316 : 0.0179166
42,386 : 0.0046019
43,299 : -0.0509504
44,212 : -0.0427171
44,326 : -0.0476243
46,381 : -0.023941
47,109 : -0.0911576
47,261 : -0.0676048
47,357 : -0.0128675
49,315 : -0.0464059
50,54 : -0.00357842
51,366 : -0.0784838
54,327 : -0.118754
54,390 : 0.0494919
55,106 : 0.0980836
55,159 : 0.021832
56,116 : -0.00942028
57,290 : 0.090849
63,232 : -0.168649
64,72 : -0.0192683
64,203 : -0.00801742
64,275 : -0.187658
66,113 : 1.66893e-06
67,394 : 0.039995
68,242 : -0.149987
68,329 : -0.108646
68,344 : -0.0328349
71,112 : -0.105955
72,76 : 0.0830689
72,121 : 0.0172675
73,139 : 0.0425034
73,350 : 0.0384055
78,214 : -0.0775175
78,372 : -0.0741601
79,86 : 0.0272711
79,162 : -0.0948076
79,211 : -0.071177
79,377 : 0.00452113
81,300 : 0.0115009
82,88 : 0.1402
83,391 : -0.0394686
84,150 : -0.0967376
87,315 : -0.0889266
87,392 : -0.0868918
90,182 : -0.207688
91,265 : 0.0804504
93,111 : 0.0083434
93,259 : -0.159971
95,337 : -0.033528
97,101 : -0.0515529
103,361 : 0.0484952
105,306 : -0.0561488
106,358 : -0.123345
109,380 : -0.166867
110,274 : -0.153178
111,372 : -0.159707
112,213 : 0.0701677
112,383 : 0.0533332
114,148 : -0.0446224
114,205 : -0.00923753
114,388 : -0.0564166
115,188 : -0.0385002
116,333 : -0.0741459
117,294 : 0.0756203
119,382 : -0.194886
119,384 : 0.00793403
121,391 : -0.0821106
123,380 : 0.0145849
127,328 : 0.108457
129,328 : 0.00898135
130,167 : -0.0035944
130,311 : -0.0175956
133,328 : -0.00666285
135,189 : 0.0145105
136,271 : 0.00327641
137,172 : -0.246531
138,224 : 0.0137376
139,177 : 0.11462
139,247 : -0.0670536
139,375 : 0.0751634
141,260 : -0.073393
142,323 : -0.114849
144,211 : 0.00364196
147,333 : 0.0434227
150,218 : -0.0478338
152,225 : -0.00843823
154,196 : 0.087111
156,172 : 0.0562024
156,392 : 0.0325673
157,162 : -0.0539265
157,264 : -0.214241
157,358 : -0.104436
158,227 : -0.0683225
159,193 : 0.0728528
159,228 : 0.0499513
159,377 : -0.0418403
161,176 : -0.13084
165,256 : 0.0448104
166,309 : 0.00252557
169,233 : -0.119902
172,354 : -0.126435
174,175 : -0.0194615
174,272 : 0.0429972
176,312 : -0.00909269
177,195 : 0.0452988
178,231 : 0.0138543
181,333 : -0.0472265
181,348 : -0.0295081
183,279 : -0.0277894
185,337 : -0.0296336
186,191 : 0.0233217
189,389 : -0.0676157
190,304 : 0.0797781
193,350 : -0.0789996
195,314 : 0.134321
198,291 : -0.0224106
198,360 : 0.00356895
200,337 : 0.115423
200,348 : 0.0541149
201,338 : -0.0606697
202,287 : -0.231183
203,351 : -0.0422328
206,238 : 0.0266415
208,225 : -0.039863
208,250 : 0.0717067
211,322 : -0.0462092
211,327 : 0.00734633
212,251 : -0.0136379
214,288 : 0.00959712
215,281 : 0.0941132
217,301 : -0.00385308
219,325 : 0.0970105
221,242 : -0.20085
230,316 : -0.0216417
232,263 : -0.182424
232,275 : -0.291272
235,280 : 0.0267258
235,396 : 0.0996251
237,396 : 0.0290557
241,382 : -0.24236
242,265 : -0.119452
252,378 : 0.0705338
256,276 : -0.0435541
256,277 : 0.0199702
259,388 : 0.023368
260,315 : -0.101118
261,377 : 0.046289
262,326 : 0.0680363
263,374 : -0.115564
266,377 : -0.0348727
267,354 : -0.0773052
279,296 : 0.0753581
281,381 : 0.00740886
285,314 : 0.0230587
287,384 : -0.0445186
295,345 : 0.0515212
301,341 : 0.0823968
303,378 : 0.0115822
307,382 : -0.231675
308,385 : 0.132031
311,319 : 0.0048871
311,379 : -0.0935117
313,331 : 0.0698465
315,365 : -0.113567
321,379 : -0.0569823
323,324 : -0.0321336
330,371 : 0.00147659
347,383 : 0.0845229
347,399 : 0.00588053
353,354 : -0.106412
355,368 : 0.063594
361,379 : -0.0722069
367,368 : -0.0748492
1,26,183 : -0.0876276
1,87,151 : 0.0513163
1,204,253 : -0.0504017
2,380,389 : -0.0367869
3,10,77 : -0.0407772
4,68,318 : -0.119756
4,204,230 : -0.0320826
6,22,323 : -0.0313062
6,72,331 : -0.0959988
7,47,255 : -0.0365834
8,147,199 : -0.03003
10,198,356 : -0.103621
11,323,340 : 0.0325835
13,40,165 : 0.0254858
13,148,194 : -0.0018513
14,43,235 : 0.0690784
14,50,82 : 0.105051
14,57,152 : 0.0658581
14,94,242 : -0.0469586
14,173,381 : 0.0850382
14,217,341 : -0.0387436
14,237,257 : 0.0706229
17,146,201 : -0.0292693
19,43,189 : -0.0332412
19,262,356 : -0.0539926
21,167,345 : -0.002276
22,23,255 : -0.119251
23,25,238 : -0.0645489
24,26,170 : 0.0284832
24,312,365 : -0.126227
26,200,304 : 0.0165162
26,310,391 : -0.0985308
27,82,304 : 0.0401334
27,181,340 : 0.022884
30,84,265 : -0.0597637
30,301,304 : -0.0639713
31,75,360 : 0.0860819
32,193,216 : 0.00268761
33,125,143 : 0.0893487
36,161,264 : -0.234491
38,170,327 : 0.0464434
39,259,340 : 0.00410332
40,165,209 : -0.0183388
41,81,181 : 0.0196211
41,102,230 : 0.0718823
42,93,263 : -0.0521608
45,146,308 : 0.0124036
45,190,271 : 0.0163727
48,53,210 : -0.0186742
50,64,399 : -0.0162508
50,70,396 : 0.136786
50,120,213 : -0.0209439
51,110,111 : -0.154412
53,69,181 : -0.0876969
53,307,371 : -0.03319
54,287,292 : 0.00475295
55,58,153 : -0.0168052
55,243,351 : -0.0957056
58,68,302 : -0.0819517
58,81,114 : -0.0030399
58,173,243 : 0.00564885
60,167,398 : 0.0207136
62,175,342 : -0.00552609
63,113,267 : -0.097266
65,170,309 : -0.0308138
65,338,344 : -0.0619563
66,148,225 : -0.00330365
69,236,271 : -0.117752
69,336,344 : -0.11143
70,105,199 : 0.106644
70,121,316 : 0.0257641
70,212,379 : 0.00568827
71,78,143 : -0.0461085
72,264,309 : -0.205466
76,192,303 : -0.0114358
79,149,257 : -0.0244183
79,157,209 : -0.0586523
79,288,306 : -0.106121
79,318,329 : -0.0888337
81,87,145 : 0.0419697
81,139,160 : -0.0237899
84,120,323 : -0.1165
86,110,180 : -0.0643902
87,187,342 : -0.0593306
88,120,167 : 0.0350109
88,272,325 : 0.0360436
89,203,338 : -0.0221481
90,192,324 : -0.0327951
91,118,293 : 0.095046
91,125,149 : -0.0803518
92,105,174 : -0.000556012
92,139,162 : -0.0698474
95,198,208 : -0.0323022
96,222,376 : 0.0910957
97,152,375 : 0.0519954
97,298,321 : 0.0360496
99,190,385 : -0.0191689
100,211,273 : 0.00170885
100,227,284 : 0.0804351
101,130,268 : 0.00242001
101,274,356 : -0.0729001
105,126,127 : -0.0190881
108,268,375 : 0.100928
110,259,329 : -0.189663
113,162,344 : -0.0848487
113,166,274 : -0.0142225
121,151,170 : 0.0539068
122,221,297 : -0.00809324
126,222,301 : 0.0041854
127,159,172 : -0.0684192
131,249,322 : -0.0266685
135,260,267 : -0.142016
139,243,256 : -0.0675287
141,259,291 : -0.0900542
142,234,363 : 0.0507688
142,334,366 : -0.0504619
145,156,395 : 0.0483022
147,170,381 : 0.0108736
147,221,245 : 0.0422041
147,371,385 : 0.0286341
151,225,364 : -0.0183952
151,313,362 : 0.0326525
152,179,200 : 0.0223673
155,187,219 : -0.0375556
156,166,193 : 0.0144348
159,163,197 : 0.0566313
161,259,331 : -0.234867
162,370,371 : -0.0931519
164,193,245 : 0.0361978
165,261,281 : 0.00247367
166,309,311 : 0.0200452
169,336,382 : -0.194269
170,227,278 : 0.0576794
173,180,280 : -0.102467
173,203,356 : -0.0919894
174,263,337 : -0.0354541
177,197,283 : -0.0170162
180,377,391 : -0.123219
182,264,397 : -0.175135
184,315,349 : -0.058186
185,348,388 : -0.0638491
187,262,340 : 0.0213143
195,287,395 : 0.10191
196,214,363 : 0.0918637
204,214,359 : 0.00830982
204,280,377 : -0.0418367
205,227,316 : -0.00452236
205,253,381 : -0.0630336
206,277,292 : 0.0192993
211,368,396 : 0.0259632
214,266,319 : -0.0101444
217,224,332 : -0.172815
218,278,339 : -0.048777
221,309,350 : 0.0133411
223,230,317 : 0.00547385
228,304,360 : 0.114823
232,290,398 : -0.217253
234,359,361 : -0.0341042
238,270,312 : -0.0823165
247,289,342 : -0.00620204
247,307,374 : -0.0388223
249,279,371 : -0.0248529
250,268,390 : 0.0420423
255,281,303 : -0.00770559
255,310,317 : 0.00393961
256,320,324 : -0.045666
256,335,356 : -0.050184
265,348,396 : 0.0530424
270,302,362 : 0.0994477
276,351,361 : -0.00470728
280,308,354 : -0.036885
291,368,396 : 0.0942926
319,358,390 : -0.0396817
334,386,394 : -0.0669136
349,368,369 : 0.0159905
0,1,240,365 : -0.0564303
0,74,129,214 : 0.0599685
1,10,25,260 : -0.0907506
1,24,306,393 : -0.0265867
1,94,127,250 : -0.0801471
2,31,231,309 : -0.0470216
2,182,293,387 : -0.0944438
2,195,292,350 : -0.00802984
2,206,224,287 : 0.0156021
3,18,164,339 : -0.0573372
3,153,251,379 : -0.11373
3,239,325,363 : -0.0897244
4,141,300,374 : 0.00738709
5,51,136,302 : -0.128808
5,115,376,381 : -0.0703865
6,20,217,338 : -0.10265
6,122,232,253 : -0.127715
6,126,169,252 : -0.116064
7,109,213,387 : 0.0254585
7,192,206,207 : 0.0234449
9,108,340,388 : -0.0637139
10,203,229,390 : -0.00752855
11,145,245,268 : 0.112551
11,147,148,219 : -0.0154228
11,218,221,258 : 0.0026484
11,285,311,329 : -0.0434816
13,121,296,380 : -0.0232829
13,189,251,302 : 0.0125204
14,57,92,279 : 0.0252559
14,168,174,284 : 0.0300638
14,285,372,375 : -0.00843372
15,125,147,236 : -0.00733901
16,18,36,76 : -0.0230176
16,164,236,247 : -0.0686052
17,60,325,377 : -0.0171303
17,133,137,330 : -0.194583
18,149,256,337 : -0.0902832
19,90,166,398 : -0.0791432
19,271,324,399 : 0.00303559
20,80,82,258 : 0.03995
20,104,334,351 : -0.069294
20,173,206,381 : 0.0233177
21,38,88,105 : 0.00690747
21,49,278,362 : 0.00926411
22,44,145,228 : -0.060211
23,102,292,366 : -0.0478219
24,33,97,375 : 0.0750274
25,62,112,390 : -0.0123002
25,129,134,382 : -0.0989583
25,269,342,348 : 2.27491e-05
27,54,253,329 : -0.0923395
27,87,166,286 : -0.0758421
27,171,243,262 : -0.0223163
28,70,302,385 : 0.0382492
28,79,184,233 : -0.0867964
28,96,173,374 : -0.0491506
29,87,100,108 : -0.0013041
30,111,271,355 : -0.00998718
30,123,207,341 : -0.045663
31,169,327,357 : -0.0603646
31,250,327,328 : 0.0823669
32,149,152,183 : -0.0610162
33,81,87,153 : 0.0186253
33,160,293,323 : -0.0150816
33,175,382,393 : -0.13006
37,211,236,342 : -0.0147625
39,50,237,316 : 0.054367
39,81,313,389 : 0.0332629
39,262,285,381 : 0.0636543
40,189,273,293 : -0.0401232
40,199,212,333 : 0.0133262
41,173,203,240 : -0.00557953
41,302,342,364 : 0.0322687
42,43,195,236 : -0.00663473
42,67,254,333 : -0.037037
42,104,223,227 : -0.0125339
42,150,287,367 : -0.168753
42,195,220,283 : 0.00984546
43,169,258,339 : -0.0151634
44,52,95,144 : -0.0316521
44,72,188,365 : -0.170126
44,84,232,296 : -0.152237
44,95,210,286 : -0.0295191
44,107,218,323 : -0.0594302
46,59,276,353 : 0.0283492
46,197,233,285 : -0.0230756
47,100,106,335 : -0.0596992
47,114,140,384 : -0.00558219
48,61,79,236 : -0.0523321
49,59,106,307 : -0.0231325
52,54,75,102 : 0.063833
52,275,354,386 : -0.207823
53,71,167,230 : -0.0523207
56,77,251,281 : -0.0945552
57,147,153,178 : -0.0473956
58,134,236,373 : -0.0289312
59,64,91,346 : 0.0337758
59,221,259,301 : -0.14009
59,280,306,355 : -0.0359496
61,91,276,352 : 0.0717806
61,177,386,392 : -0.00212412
61,256,339,398 : 0.032237
61,315,379,390 : -0.0327429
62,74,122,339 : 0.0414196
63,192,222,328 : -0.0505616
63,285,293,303 : -0.0403343
64,101,165,170 : -0.0330566
65,68,194,251 : -0.0774931
68,90,251,317 : -0.0326146
69,193,274,298 : -0.104386
70,72,133,218 : -0.0296486
72,101,144,320 : -0.0805338
73,110,152,309 : -0.0487166
74,152,178,201 : -0.0482717
74,219,251,294 : -0.0595901
75,205,311,391 : -0.0217487
78,89,293,338 : -0.0555432
79,85,297,357 : -0.0613241
80,96,261,321 : 0.00741027
80,141,183,235 : -0.049614
81,163,229,387 : 0.0373631
81,283,338,372 : -0.0914387
82,160,217,311 : -0.0876742
82,184,305,361 : -0.0216047
82,361,385,395 : 0.0930437
83,254,263,354 : -0.0967737
84,175,221,297 : -0.0680007
85,136,170,368 : -0.0225996
85,159,167,298 : 0.0299623
87,171,179,215 : 0.026325
88,154,239,284 : -0.0362556
89,109,112,168 : -0.00863448
90,97,153,328 : 0.00108851
90,174,352,390 : -0.00552973
91,135,251,252 : -0.0427835
92,131,265,396 : 0.0111773
92,205,263,273 : 0.00507363
93,314,335,393 : -0.00885906
94,164,180,206 : -0.0456608
94,255,270,272 : -0.0524047
97,121,143,272 : 0.0165742
98,162,322,372 : -0.0788106
98,174,191,351 : -0.0642733
98,181,257,268 : 0.00731529
98,183,216,395 : 0.00469198
102,147,328,391 : -0.0404162
102,184,314,396 : -0.00905071
102,201,249,388 : -0.0449481
102,234,272,343 : 0.0394093
103,129,227,283 : -0.0603297
103,205,361,394 : 0.00549945
104,117,277,306 : -0.0595282
104,230,282,358 : -0.0377517
105,116,324,372 : -0.104575
105,309,343,387 : -0.0290171
107,249,262,398 : 0.00585377
110,288,299,311 : -0.0882196
111,118,327,346 : -0.0278161
111,163,194,349 : 0.00690814
113,226,325,370 : -0.0191957
114,119,189,333 : -0.0702454
115,211,258,292 : 0.0383123
116,153,290,319 : -0.0164618
117,235,263,331 : -0.0220119
120,123,163,300 : 0.0596418
122,195,279,281 : -0.0310268
126,209,222,357 : 0.00290906
130,250,331,385 : -0.0106103
135,169,254,290 : -0.0817229
139,209,215,231 : 0.0511137
139,294,349,377 : -0.0560647
141,154,351,368 : -0.0516282
145,147,374,376 : 0.0771887
146,173,203,272 : 0.0963098
147,198,272,297 : -0.00300121
148,281,352,387 : 0.0398636
152,166,283,301 : -0.0745482
153,300,343,389 : 0.0293043
154,175,301,359 : -0.0943762
156,187,266,298 : -0.0174732
157,276,300,371 : -0.095141
158,161,238,351 : -0.209512
161,199,348,387 : -0.132273
162,177,196,311 : -0.0323039
163,298,342,351 : 0.00923668
164,214,261,281 : 0.0194149
167,173,195,229 : 0.0794872
168,235,251,330 : -0.0289298
171,195,215,335 : 0.0403906
171,241,249,373 : -0.0236411
171,294,355,387 : 0.056832
173,186,255,268 : 0.0241374
173,191,202,221 : -0.14815
174,180,293,315 : -0.0848084
174,233,277,359 : -0.0460833
174,298,299,360 : 0.0129337
178,247,350,362 : -0.0175723
178,254,281,390 : -0.0238336
181,234,270,362 : 0.0580459
183,264,277,370 : -0.154256
189,225,269,388 : -0.0961196
190,198,302,387 : 0.011999
194,195,233,309 : -0.0072976
195,227,229,362 : 0.0389657
201,230,299,343 : -0.0911238
205,291,340,366 : -0.0795609
210,223,306,391 : -0.0958313
217,246,256,293 : -0.0446937
238,284,290,325 : -0.082568
240,291,306,396 : -0.00741656
241,246,364,396 : -0.0641909
254,313,341,343 : -0.130919
279,354,392,397 : -0.0640094
308,368,386,395 : 0.0960077
0,19,75,100,316 : -0.0135427
0,76,272,307,331 : 0.00954068
0,133,165,168,266 : 0.00455122
0,147,226,253,380 : -0.0367961
0,175,229,283,284 : 0.00444037
0,196,276,351,390 : 0.0292249
0,221,244,272,383 : -0.00731711
1,20,87,224,267 : -0.109116
1,57,96,256,268 : -0.0497753
2,129,147,196,263 : -0.0493617
3,112,122,288,303 : -0.0924529
3,269,365,373,383 : -0.120254
4,10,64,234,293 : 0.0166319
4,52,127,258,328 : 0.0413868
6,123,187,194,247 : -0.0280286
7,57,166,179,242 : -0.0328427
7,76,141,372,374 : -0.0999179
8,46,104,155,392 : -0.0398943
9,13,32,46,80 : -0.0282541
9,85,338,382,398 : -0.176732
9,138,159,235,346 : -0.0223815
9,168,200,207,394 : -0.00501345
10,80,228,364,389 : -0.0149631
10,131,209,257,267 : -0.0749165
11,17,123,174,291 : 0.0209626
11,61,76,78,113 : -0.0175228
11,103,325,346,393 : 0.0407008
11,126,189,360,363 : 0.0578356
12,65,109,213,285 : -0.105256
12,128,143,148,358 : -0.163288
13,147,156,241,379 : -0.0699719
14,27,87,262,384 : 0.000455564
14,39,102,159,226 : 0.0541367
14,39,116,234,385 : 0.0771828
14,88,252,308,386 : 0.00956389
15,29,236,280,327 : -0.012133
15,60,195,258,323 : 0.0154996
15,162,165,311,322 : -0.0952541
16,166,261,262,370 : -0.113723
17,35,78,129,153 : -0.136288
17,47,141,244,252 : -0.0826422
17,54,119,262,316 : -0.0508027
17,55,208,329,386 : -0.0752558
17,150,174,219,290 : -0.0410255
18,76,129,320,331 : -0.034669
19,87,221,288,378 : -0.147887
19,219,235,274,399 : -0.0230669
20,26,62,192,389 : -0.0312716
20,136,172,246,328 : -0.0833752
20,162,231,343,363 : -0.0685098
21,23,86,164,333 : -0.0348986
21,150,245,279,372 : -0.0577102
22,26,246,341,381 : -0.0600412
22,37,39,85,250 : -0.0711504
22,40,170,292,395 : 0.0321252
23,32,179,303,316 : -0.058058
23,43,73,130,152 : -0.0617919
23,58,95,196,353 : -0.0347365
24,28,89,125,260 : -0.114151
24,113,310,326,387 : -0.0195354
24,118,249,326,346 : 0.0705719
25,47,79,211,339 : -0.0112245
25,167,314,326,369 : -0.0268879
26,29,62,130,159 : -0.00843381
27,35,247,275,311 : -0.201097
27,82,97,249,374 : 0.0330369
28,30,54,199,204 : -0.00439787
28,65,105,266,285 : -0.032656
28,106,158,176,372 : -0.145767
28,168,171,308,344 : -0.0170499
29,61,143,386,397 : 0.0213903
29,69,175,260,348 : -0.0692386
29,83,93,263,296 : -0.0443012
29,88,198,205,227 : -0.0262711
29,214,268,307,335 : 0.0278841
30,41,117,376,396 : 0.031462
30,101,106,108,377 : -0.045037
31,60,71,79,349 : 0.00838682
31,91,235,256,327 : 0.089186
31,96,214,322,335 : -0.0414312
31,118,260,284,380 : 0.00135683
32,71,142,319,364 : -0.0818011
33,52,134,140,276 : 0.00464526
33,69,116,290,314 : -0.0959327
33,97,114,286,337 : -0.0190949
33,111,176,265,294 : -0.078728
34,131,287,296,349 : -0.0864329
34,154,170,319,378 : -0.160214
35,64,113,276,317 : -0.110585
36,39,138,294,398 : -0.0647865
36,121,145,286,291 : -0.0178597
36,122,123,148,182 : -0.0668248
36,127,180,207,334 : -0.110891
38,53,73,304,338 : -0.0463319
38,170,248,309,374 : 0.0218403
39,43,79,122,212 : -0.0370144
41,48,102,365,388 : -0.0468628
43,57,80,269,386 : -0.0641499
45,56,198,279,283 : -0.0652246
45,65,324,347,383 : -0.141629
45,209,312,361,377 : -0.1111
46,131,142,155,301 : -0.0392648
46,168,212,257,270 : 0.0503139
47,114,268,308,328 : -0.00697691
47,156,185,244,281 : -0.0512322
48,95,182,187,191 : -0.0974279
49,74,100,174,331 : 0.00908638
49,199,200,214,265 : -0.0165782
51,62,106,330,362 : -0.120245
52,214,231,257,374 : 0.00904565
53,55,106,231,302 : -0.00572754
53,64,126,194,237 : -0.0620747
53,136,186,253,341 : -0.0879235
53,221,244,247,260 : -0.0466467
54,58,66,157,299 : -0.0534482
54,146,172,258,319 : 0.0166247
54,238,289,359,363 : 0.00188066
55,70,106,236,368 : -0.0206689
57,59,165,166,208 : 6.32882e-05
58,112,159,230,363 : -0.0381952
58,149,236,375,395 : 0.00293348
58,261,326,361,387 : -0.0215567
60,85,128,265,374 : -0.0204474
60,102,115,335,381 : 0.0336099
60,126,145,304,360 : 0.0826977
61,105,258,291,384 : 0.0406265
62,88,152,253,258 : -0.00115675
64,66,155,175,237 : -0.0317117
64,146,154,214,375 : 0.0193851
66,116,245,297,309 : -0.015599
66,279,285,308,351 : 0.00108366
67,104,249,250,326 : 0.0187109
67,186,211,229,381 : -0.0137361
70,77,118,199,369 : -0.00525236
70,121,170,215,265 : 0.0195216
70,163,213,339,349 : 0.0315515
72,118,197,234,302 : 0.00348143
72,222,305,313,316 : -0.0792973
73,81,253,331,388 : -0.0511987
74,138,142,165,183 : -0.0350968
74,151,284,317,394 : -0.0170245
74,156,254,293,308 : 0.028523
74,334,371,375,383 : -0.0940297
75,86,165,216,384 : -0.0250532
76,107,232,299,330 : -0.163568
76,163,180,287,369 : -0.112781
76,179,228,233,374 : -0.0296016
79,174,188,317,328 : -0.0651962
79,244,288,340,360 : -0.0493317
81,115,277,321,393 : -0.0566411
81,144,198,339,399 : -0.0445459
82,85,93,195,373 : -0.0183935
82,104,224,340,373 : -0.0281159
83,98,162,215,310 : -0.0947988
83,291,336,348,351 : -0.0710928
84,90,149,261,391 : -0.157708
86,199,227,276,323 : -0.061761
88,201,256,364,377 : -0.0239516
88,211,235,276,356 : -0.0135815
88,264,303,368,373 : -0.097493
91,99,167,360,384 : 0.0422284
91,102,111,191,193 : -0.0630953
92,160,302,305,396 : 0.0210533
92,185,284,289,302 : 0.0490011
92,218,274,337,357 : -0.0479381
97,125,165,166,386 : 0.00323893
103,120,170,247,308 : 0.0445784
104,181,186,374,385 : 0.0371006
104,200,325,384,396 : 0.0273729
105,114,173,187,259 : -0.0405659
106,143,172,218,293 : -0.0419309
106,170,195,249,308 : 0.0467479
108,131,184,356,370 : -0.060117
109,203,222,343,369 : -0.0776243
112,131,149,164,349 : -0.0118506
112,136,233,292,322 : -0.0630226
112,174,240,339,395 : 0.00405347
113,206,242,387,392 : -0.0541975
115,225,248,285,334 : -0.047335
115,245,252,298,303 : -0.0271164
117,150,182,216,294 : -0.0844582
119,260,316,320,345 : -0.0497743
121,153,274,311,375 : 0.0152289
121,268,276,318,385 : 0.0115355
122,156,172,192,226 : -0.00603416
126,154,235,277,384 : -0.0208992
126,164,289,303,387 : -0.0160903
127,140,300,336,391 : -0.051262
132,179,188,214,316 : 0.00813892
132,245,297,315,371 : -0.0306114
132,271,295,379,386 : 0.0328128
133,157,181,195,249 : -0.0443065
143,181,245,278,381 : -0.00763323
145,165,266,370,373 : -0.0241157
146,196,354,384,393 : 0.0237613
146,251,319,355,369 : 0.00321826
148,204,283,314,353 : -0.0276653
155,209,228,271,316 : -0.00224906
155,242,259,368,385 : -0.0663031
155,298,304,324,328 : 0.0165254
158,165,247,267,278 : -0.145787
167,224,252,271,287 : -0.071601
168,188,254,263,342 : -0.0455511
169,196,199,319,354 : -0.0564095
169,205,241,367,399 : -0.149783
191,208,238,255,264 : -0.116957
196,199,205,206,269 : -0.016468
204,217,337,353,398 : -0.0573948
223,251,291,298,335 : -0.0442245
226,314,344,349,396 : -0.00576113
241,305,325,390,397 : -0.0411969
0,80,91,146,259,360 : 0.0171663
0,95,133,345,390,393 : 0.00807596
0,152,207,282,368,393 : -0.0270353
1,43,160,175,225,318 : -0.0727443
1,60,103,250,258,385 : 0.0551085
2,24,39,48,151,217 : -0.0384491
2,38,100,117,187,240 : -0.0534385
2,56,272,278,298,362 : -0.0276912
4,33,239,250,284,399 : -0.0142231
4,63,113,143,296,387 : -0.020894
4,82,104,338,346,386 : 0.0245013
4,103,112,171,289,349 : 0.0124495
4,142,212,247,270,386 : 0.0115447
4,165,183,249,271,397 : -0.0293688
5,8,10,178,333,392 : -0.120434
5,10,51,102,189,378 : -0.10909
5,40,64,261,272,282 : -0.11721
6,68,90,187,278,292 : -0.0702326
7,24,39,109,139,363 : -0.0177596
7,80,200,224,321,385 : -0.0198954
8,119,151,299,345,386 : -0.0654979
9,81,186,215,284,380 : -0.0250708
9,146,202,213,383,399 : -0.11544
10,49,73,91,160,394 : -0.04978
10,144,241,243,261,353 : -0.0724809
10,256,293,327,373,383 : -0.0200982
11,16,41,192,268,331 : 0.01105
11,20,215,246,280,313 : -0.00880146
11,60,177,271,292,364 : 0.0641926
11,80,120,193,274,281 : 0.00638368
11,91,139,146,270,368 : 0.0346922
12,52,65,203,242,394 : -0.116998
13,17,29,31,222,349 : -0.00844731
13,31,138,267,276,354 : -0.0441897
13,103,109,120,193,363 : 0.00560327
14,50,123,153,304,325 : 0.0634035
14,116,156,200,243,344 : -0.0337143
16,61,78,143,146,154 : -0.00549488
16,121,140,279,291,321 : -0.0302106
18,23,156,210,211,238 : -0.104624
18,91,134,189,324,374 : -0.0472519
19,45,211,232,295,392 : -0.140815
19,116,197,240,274,307 : -0.0919719
20,95,102,195,209,304 : 0.00838885
20,247,285,311,333,339 : 0.0233548
21,34,68,187,196,201 : -0.128362
21,89,112,154,191,383 : -0.0914168
21,94,244,277,305,316 : -0.0945256
21,107,192,262,339,366 : -0.0586355
22,43,135,144,239,378 : -0.118683
23,103,117,131,165,206 : -0.0575392
23,130,229,341,358,375 : -0.0716865
24,68,108,177,255,344 : -0.096472
24,205,212,237,276,289 : 0.000719476
25,43,105,108,325,326 : -0.00871169
25,43,112,189,307,359 : -0.0340208
25,120,294,319,354,389 : -0.0997979
26,36,106,109,212,331 : -0.0799514
26,56,133,155,304,325 : -0.0176403
26,77,123,189,323,326 : -0.0525825
27,48,91,197,245,310 : -0.0758639
27,74,273,278,302,380 : -0.0384668
27,125,126,154,182,313 : -0.1251
27,227,271,324,342,345 : -0.0191313
29,31,73,92,226,361 : -0.00271573
30,32,272,340,353,357 : -0.0536911
30,33,198,209,231,349 : 0.0140863
30,41,113,192,314,347 : -0.0688172
30,49,132,207,331,337 : 0.023808
30,52,156,213,214,270 : 0.0150643
30,54,132,138,177,311 : -0.0176725
30,118,159,281,326,339 : 0.0327643
30,159,163,250,277,324 : 0.00830453
31,39,204,229,287,345 : 0.0253624
31,66,201,229,282,377 : -0.0135489
31,91,127,204,298,300 : 0.0414939
32,45,114,119,246,315 : -0.132031
32,52,65,101,190,220 : -0.0637582
32,109,172,228,248,262 : -0.0715082
33,106,143,157,204,365 : -0.0583614
36,39,87,118,164,210 : -0.0493981
36,59,90,270,322,330 : -0.0743913
37,42,72,107,108,322 : -0.0861238
37,44,59,143,285,377 : -0.0627792
37,221,225,253,285,396 : -0.0551214
38,99,271,292,323,328 : 0.00966294
38,101,128,200,218,256 : -0.0435525
38,226,256,323,379,392 : -0.066213
39,41,92,177,235,391 : -0.0113484
39,52,62,181,227,329 : -0.0469899
40,70,173,217,235,237 : -0.0171885
41,59,145,279,292,317 : 0.0293759
41,132,213,355,385,390 : 0.0465786
41,152,171,224,287,337 : -0.0367042
42,86,147,201,266,350 : -0.0252089
42,189,191,229,237,258 : -0.0473621
43,74,110,131,134,312 : -0.113015
44,46,207,287,345,375 : -0.0647589
44,57,274,289,305,358 : -0.129527
45,188,219,297,321,357 : -0.0624251
46,155,180,208,209,363 : 0.0204074
46,214,229,337,348,360 : 0.0266928
47,68,160,254,337,397 : -0.124622
47,119,195,314,363,395 : -0.00703909
48,73,239,260,265,384 : -0.0795184
49,110,127,147,228,355 : -0.0508683
50,59,153,222,281,363 : 0.068821
50,60,99,115,189,314 : -0.013946
50,92,97,129,151,326 : 0.0531801
50,153,215,331,345,368 : -0.0124991
50,155,199,309,352,363 : 0.0508036
50,185,190,196,268,377 : -0.0527151
50,185,206,241,326,349 : 0.000274463
50,203,228,272,297,348 : -0.0258982
51,68,75,145,250,276 : -0.0435237
51,300,308,357,364,375 : -0.0672261
52,77,174,250,309,363 : -0.0182362
53,55,102,141,216,250 : -0.00661751
53,66,75,133,208,294 : -0.018116
54,102,168,251,291,385 : 0.036898
55,60,89,128,248,267 : -0.104951
55,69,130,183,208,320 : -0.0583548
55,136,150,200,287,357 : -0.0749253
56,63,183,296,353,394 : -0.0741389
57,142,209,290,318,352 : -0.0186867
58,127,265,291,327,374 : -0.00307019
58,133,281,307,325,345 : 0.00758264
59,61,117,215,255,302 : -0.00211854
59,146,233,288,338,383 : -0.016758
60,81,129,179,292,395 : 0.0393662
60,100,125,192,223,255 : -0.0197827
60,123,193,222,321,358 : -0.0164826
60,150,171,209,355,387 : 0.0424584
61,140,144,270,315,363 : 0.00302973
62,167,245,298,300,374 : 0.0455038
63,78,133,144,356,398 : -0.0897553
63,136,174,235,293,395 : 0.00342549
64,76,114,121,226,380 : -0.0421368
65,98,130,150,203,310 : -0.135851
66,93,114,132,151,206 : 0.000907457
66,118,260,263,330,352 : -0.0457991
67,103,108,120,121,287 : -0.00877293
67,132,176,204,342,398 : -0.0932745
70,93,106,188,200,361 : -0.049417
70,97,105,116,257,376 : 0.0214003
71,147,177,225,320,393 : -0.0989472
72,104,120,170,187,393 : -0.00932015
72,111,221,299,320,362 : -0.0975005
73,147,295,302,304,323 : 0.0185233
75,83,113,134,244,330 : -0.0723885
75,84,111,186,296,317 : -0.0446137
75,91,132,251,269,347 : -0.0362786
75,168,221,231,248,352 : -0.00684331
78,125,147,193,295,390 : -0.0302441
79,82,216,334,355,385 : 0.0256821
80,116,148,265,300,304 : -0.01078
82,86,88,164,228,245 : 0.03327
82,91,96,151,222,234 : 0.03214
82,139,205,268,285,292 : 0.0422174
83,124,155,282,303,315 : -0.129354
86,133,163,178,260,371 : -0.059139
87,151,214,282,326,399 : -0.00833531
87,186,200,203,227,306 : -0.0617029
89,107,109,135,258,366 : -0.100311
90,142,153,340,343,366 : -0.0504265
91,105,167,205,249,360 : 0.0356036
92,208,211,234,304,308 : 0.025021
93,150,315,347,364,378 : -0.142535
93,257,280,292,323,395 : 0.0127176
95,146,155,252,270,283 : -0.0179678
96,145,218,220,314,387 : 0.000691311
97,120,193,230,292,326 : 0.0286104
98,164,166,220,233,379 : -0.04938
100,185,186,210,304,339 : 0.0108454
103,290,318,336,343,357 : -0.0767699
104,200,242,303,312,317 : -0.0727391
104,243,293,296,326,376 : -0.0059638
111,140,163,174,192,223 : 0.0129584
111,166,225,226,254,266 : -0.0595583
111,176,190,234,299,351 : -0.0801227
112,188,208,216,349,356 : -0.0476333
112,200,270,338,371,381 : -0.0423328
113,147,150,223,224,295 : -0.0936237
114,156,233,257,268,299 : 0.0169311
115,248,333,352,355,398 : -0.0460007
117,144,246,273,333,364 : -0.0237161
118,126,187,217,226,388 : -0.0195286
121,122,135,146,206,254 : -0.0720859
121,179,235,290,319,348 : -0.0358078
123,134,159,210,280,375 : -0.0514406
124,125,195,278,295,364 : -0.0306492
124,133,166,211,248,373 : -0.0524273
127,152,156,197,220,349 : -0.0201921
129,163,234,307,327,370 : -0.0224336
132,183,187,346,353,379 : -0.0132792
140,190,211,223,295,313 : -0.0288841
142,146,203,237,286,333 : -0.0430295
143,176,205,257,312,399 : -0.100641
143,176,220,295,386,396 : -0.068625
145,151,184,270,376,385 : 0.0446252
148,157,289,336,384,387 : -0.0391336
148,183,212,229,238,333 : -0.0318395
165,197,223,270,273,394 : -0.0372794
171,229,257,288,308,350 : -0.0135822
173,195,244,359,368,371 : -0.0442902
185,215,285,289,354,384 : -0.0132733
194,203,228,302,311,350 : -0.021692
195,247,268,311,360,375 : 0.0720017
207,292,297,321,358,376 : -0.0142411
234,296,313,319,321,374 : -0.0284256
238,256,309,336,368,399 : -0.107235
