-0.5196611881256104
-0.3862727880477905
-0.358784556388855
-0.4308040142059326
-0.36068785190582275
-0.4045792818069458
-0.5700316429138184
-0.2486722469329834
-0.45322585105895996
-0.29772818088531494
-0.24410676956176758
-0.24345934391021729
-0.4140740633010864
-0.1998995542526245
-0.4208439588546753
-0.402482271194458
-0.20650339126586914
-0.2868530750274658
-0.32374465465545654
-0.40846574306488037
-0.1869981288909912
-0.34649479389190674
-0.32667839527130127
-0.322498083114624
-0.30781376361846924
-0.312127947807312
-0.28699803352355957
-0.20651781558990479
-0.22096049785614014
-0.18607985973358154
-0.3884134292602539
-0.3119053840637207
-0.3277400732040405
-0.25165319442749023
-0.2678152322769165
-0.47923409938812256
-0.16526150703430176
-0.43709492683410645
-0.2776092290878296
-0.3533109426498413
-0.37568986415863037
-0.22530603408813477
-0.28898143768310547
-0.18493473529815674
-0.24188292026519775
-0.5727267265319824
-0.39307737350463867
-0.39794135093688965
-0.3258930444717407
-0.3313521146774292
-0.4116809368133545
-0.23818182945251465
-0.3035151958465576
-0.3495142459869385
-0.4282395839691162
-0.3974008560180664
-0.39248228073120117
-0.3865046501159668
-0.20324254035949707
-0.4114718437194824
-0.2848939895629883
-0.2875816822052002
-0.5039021968841553
-0.29981768131256104
-0.23639178276062012
-0.19189393520355225
-0.24899113178253174
-0.3429272174835205
-0.30114996433258057
-0.3973022699356079
-0.2309579849243164
-0.23428821563720703
-0.42201995849609375
-0.11094343662261963
-0.30690646171569824
-0.26276421546936035
-0.182328462600708
-0.11911892890930176
-0.34806299209594727
-0.41141796112060547
-0.3814457654953003
-0.38017725944519043
-0.2924790382385254
-0.2526789903640747
-0.4751894474029541
-0.20402181148529053
-0.24819648265838623
-0.38736939430236816
-0.3443481922149658
-0.22356092929840088
-0.3621431589126587
-0.4429600238800049
-0.40935254096984863
-0.20921146869659424
-0.38784968852996826
-0.24240875244140625
-0.30243968963623047
-0.28582310676574707
-0.33575427532196045
-0.43441295623779297
-0.34347403049468994
-0.39126741886138916
-0.27897655963897705
-0.3960456848144531
-0.1980268955230713
-0.2199634313583374
-0.19369041919708252
-0.38714170455932617
-0.4796496629714966
-0.1740814447402954
-0.33029210567474365
-0.17444205284118652
-0.3008474111557007
-0.3869692087173462
-0.3418421745300293
-0.39923155307769775
-0.3472956418991089
-0.2227153778076172
-0.20876538753509521
-0.2692418098449707
-0.28582727909088135
-0.40834832191467285
-0.3905634880065918
-0.3733348846435547
-0.26799702644348145
-0.336830735206604
-0.2337653636932373
-0.1795276403427124
-0.3411366939544678
-0.3694016933441162
-0.23956918716430664
-0.2689610719680786
-0.3949241638183594
-0.27558040618896484
-0.3953115940093994
-0.3998304605484009
-0.47192585468292236
-0.4322774410247803
-0.3581554889678955
-0.37007081508636475
-0.346138596534729
-0.21082627773284912
-0.36672770977020264
-0.34982967376708984
-0.5403585433959961
-0.350069522857666
-0.2590731382369995
-0.4116319417953491
-0.33009254932403564
-0.3567272424697876
-0.25114762783050537
-0.15062105655670166
-0.1720256805419922
-0.3102229833602905
-0.29585158824920654
-0.28987371921539307
-0.471612811088562
-0.40367376804351807
-0.2775413990020752
-0.3266935348510742
-0.13152480125427246
-0.24645459651947021
-0.4717264175415039
-0.44222378730773926
-0.19809949398040771
-0.10388147830963135
-0.44158482551574707
-0.2645496129989624
-0.3140139579772949
-0.32229650020599365
-0.3555305004119873
-0.24410557746887207
-0.33105528354644775
-0.4275449514389038
-0.27328312397003174
-0.31623268127441406
-0.46537601947784424
-0.43571484088897705
-0.2120755910873413
-0.3116312026977539
-0.14689302444458008
-0.214988112449646
-0.3408142328262329
-0.25020647048950195
-0.3516697883605957
-0.35278403759002686
-0.4135674238204956
-0.42146551609039307
-0.40828120708465576
-0.3680386543273926
-0.2820901870727539
-0.20475459098815918
-0.16850817203521729
-0.33000242710113525
-0.26629865169525146
-0.29955196380615234
-0.3713568449020386
-0.3764835596084595
-0.10595273971557617
-0.5174710750579834
-0.29806435108184814
-0.2693432569503784
-0.4114001989364624
-0.38299381732940674
-0.3628329038619995
-0.39202141761779785
-0.3958878517150879
-0.4125804901123047
-0.15152990818023682
-0.3868422508239746
-0.3285166025161743
-0.319244384765625
-0.3757007122039795
-0.43253540992736816
-0.38509130477905273
-0.3388504981994629
-0.3123518228530884
-0.1401231288909912
-0.2896023988723755
-0.22011876106262207
-0.20256304740905762
-0.24160444736480713
-0.3206278085708618
-0.22631549835205078
-0.35480237007141113
-0.38025856018066406
-0.1980588436126709
-0.2903563976287842
-0.4166243076324463
-0.1816096305847168
-0.39970552921295166
-0.3943694829940796
-0.3328303098678589
-0.2308746576309204
-0.31798040866851807
-0.3412224054336548
-0.29150962829589844
-0.18610477447509766
-0.21103227138519287
-0.3565785884857178
-0.25676167011260986
-0.4038681983947754
-0.34033823013305664
-0.24405598640441895
-0.2404111623764038
-0.31616199016571045
-0.37606096267700195
-0.27657997608184814
-0.2986842393875122
-0.2690795660018921
-0.2267773151397705
-0.3362898826599121
-0.3616889715194702
-0.23869705200195312
-0.26200079917907715
-0.29525303840637207
-0.348577618598938
-0.4118523597717285
-0.4720773696899414
-0.22132658958435059
-0.24494802951812744
-0.408984899520874
-0.4645853042602539
-0.5750268697738647
-0.3061411380767822
-0.2863199710845947
-0.15782880783081055
-0.2613948583602905
-0.26578497886657715
-0.27651703357696533
-0.40227842330932617
-0.3145221471786499
-0.4899632930755615
-0.536363959312439
-0.2459644079208374
-0.40460526943206787
-0.37697088718414307
-0.4288167953491211
-0.1476041078567505
-0.29313647747039795
-0.1734917163848877
-0.3262135982513428
-0.2798495292663574
-0.2645531892776489
-0.3018798828125
-0.2668764591217041
-0.3365011215209961
-0.42087554931640625
-0.11387240886688232
-0.2871891260147095
-0.36479878425598145
-0.2573963403701782
-0.22654640674591064
-0.24365174770355225
-0.3176988363265991
-0.3467879295349121
-0.3611801862716675
-0.43309569358825684
-0.506682276725769
-0.3082786798477173
-0.24806320667266846
-0.25629663467407227
-0.25722503662109375
-0.32201898097991943
-0.23724877834320068
-0.3562932014465332
-0.3881387710571289
-0.38842713832855225
-0.3440673351287842
-0.30094635486602783
-0.2937037944793701
-0.3392690420150757
-0.29734957218170166
-0.38184261322021484
-0.2857898473739624
-0.20150601863861084
-0.27380168437957764
-0.32759714126586914
-0.23918771743774414
-0.3211570978164673
-0.2853584289550781
-0.27839064598083496
-0.3205314874649048
-0.22684049606323242
-0.24562358856201172
-0.2839277982711792
-0.27553343772888184
-0.5406681299209595
-0.3736947774887085
-0.24299359321594238
-0.1458367109298706
-0.2014312744140625
-0.35962748527526855
-0.2399582862854004
-0.334086537361145
-0.3475196361541748
-0.2363344430923462
-0.21460258960723877
-0.19994664192199707
-0.46029138565063477
-0.1765676736831665
-0.28163397312164307
-0.4791151285171509
-0.38286375999450684
-0.28579938411712646
-0.36372268199920654
-0.43184900283813477
-0.17872703075408936
-0.0902712345123291
-0.32503485679626465
-0.17421770095825195
-0.2780466079711914
-0.42106807231903076
-0.27057039737701416
-0.34604954719543457
-0.29620087146759033
-0.2684619426727295
-0.2851299047470093
-0.3058367967605591
-0.3936539888381958
-0.2965660095214844
-0.45735037326812744
-0.37681472301483154
-0.15669846534729004
-0.21730732917785645
-0.21794557571411133
-0.3879040479660034
-0.2301626205444336
-0.27450478076934814
-0.2908097505569458
-0.411004900932312
-0.35156166553497314
-0.2333531379699707
-0.31939589977264404
-0.26940226554870605
-0.31499624252319336
-0.2302337884902954
-0.3528859615325928
-0.29742908477783203
-0.36974942684173584
-0.30429887771606445
-0.3212912082672119
-0.35651659965515137
-0.3125877380371094
-0.2579345703125
-0.2442009449005127
-0.21111607551574707
-0.23845219612121582
-0.3291548490524292
-0.23459672927856445
-0.24384963512420654
-0.5465608835220337
-0.45076870918273926
-0.27194738388061523
-0.28491854667663574
-0.32045066356658936
-0.36207056045532227
-0.3476306200027466
-0.37569522857666016
-0.21728968620300293
-0.33967649936676025
-0.4602469205856323
-0.30226433277130127
-0.4220876693725586
-0.2918405532836914
-0.3084934949874878
-0.27556324005126953
-0.3479878902435303
-0.23746073246002197
-0.40597736835479736
-0.4182814359664917
-0.37990570068359375
-0.48454952239990234
-0.3648186922073364
-0.16940009593963623
-0.320512056350708
-0.27361583709716797
-0.2665973901748657
-0.4232974052429199
-0.34841012954711914
-0.31101465225219727
-0.29390835762023926
-0.44843506813049316
-0.26569664478302
-0.25776994228363037
-0.3294808864593506
-0.40684330463409424
-0.42736196517944336
-0.2639482021331787
-0.3173435926437378
-0.38269317150115967
-0.17447364330291748
-0.4425846338272095
-0.31202971935272217
-0.45463645458221436
-0.1658632755279541
-0.20797038078308105
-0.3877127170562744
-0.37614905834198
-0.21007609367370605
-0.2588381767272949
-0.28265511989593506
-0.301250696182251
-0.3173309564590454
-0.26365435123443604
-0.4187542200088501
-0.37249720096588135
-0.44867634773254395
-0.332572340965271
-0.3002432584762573
-0.17846155166625977
-0.37333977222442627
-0.27860260009765625
-0.185857892036438
-0.31012678146362305
-0.21254372596740723
-0.3797694444656372
-0.28868424892425537
-0.19412660598754883
-0.2768685817718506
-0.46092069149017334
-0.10850667953491211
-0.24384593963623047
-0.2185196876525879
-0.15893197059631348
-0.31299149990081787
-0.45112144947052
-0.361478328704834
-0.3564434051513672
-0.36116981506347656
-0.32685256004333496
-0.2577768564224243
-0.4191746711730957
-0.4279594421386719
-0.36304664611816406
-0.47399449348449707
-0.41475772857666016
-0.4713473320007324
-0.033911705017089844
-0.13588666915893555
-0.23380720615386963
-0.32571685314178467
-0.27686429023742676
-0.35504162311553955
-0.308779239654541
-0.30878329277038574
-0.47286713123321533
-0.3950023651123047
-0.3181164264678955
-0.30143141746520996
-0.37663066387176514
-0.4786643981933594
-0.3532332579294841
-0.44579148292541504
-0.5478061040242512
-0.3112847010294597
-0.3593213955561321
-0.42897586027781176
-0.3078904151916504
-0.4218711853027344
-0.19297822316487623
-0.4104479948679607
-0.31211022535959887
-0.12743345896403002
-0.3233588139216106
-0.3136162757873535
-0.29668120543162035
-0.3271852731704712
-0.31475134690602613
-0.36235924561818433
-0.3490248521169026
-0.42882259686787916
-0.3681189219156902
-0.3547697067260742
-0.30845228830973315
-0.257553259531657
-0.18806366125742602
-0.2825932105382283
-0.24044295152028394
-0.3038791815439861
-0.24187095959981275
-0.3390436569849651
-0.26877125104268385
-0.27741706371307373
-0.34745657444000244
-0.36162805557250977
-0.43304661909739184
-0.3070828517278035
-0.42130986849466967
-0.35273452599843336
-0.36054511864980054
-0.3034086227416992
-0.35699689388275146
-0.2963705062866211
-0.32594823837280273
-0.2129894495010376
-0.316340724627177
-0.19910645484924316
-0.29753736654917406
-0.4353539148966472
-0.353961706161499
-0.48585613568623853
-0.29369843006134033
-0.411938985188802
-0.3481050729751587
-0.532809853553772
-0.2646307945251465
-0.3001288970311482
-0.42665557066599535
-0.3331300814946492
-0.39159019788106275
-0.33241705099741625
-0.35923266410827637
-0.3172215223312378
-0.28415616353352857
-0.3381072680155437
-0.2191965182622273
-0.3010078271230061
-0.3389434417088826
-0.34763769308726
-0.22460150718688965
-0.3298668464024861
-0.4236457347869873
-0.3301347494125366
-0.3919581572214763
-0.4233004252115886
-0.4160001277923584
-0.36985953648885084
-0.2968758742014568
-0.4749494791030884
-0.33825584252675367
-0.3779872258504231
-0.3606518109639485
-0.3087909619013469
-0.3574320077896118
-0.2872929175694783
-0.3760582605997722
-0.41362651189168287
-0.20467495918273926
-0.30076845486958814
-0.3210033575693767
-0.3948270479838054
-0.37058822313944506
-0.3408052921295166
-0.34920759995778394
-0.43412836392720533
-0.3266677061716716
-0.29004740715026855
-0.4032611846923828
-0.4167898098627727
-0.2714993556340535
-0.4986030260721843
-0.3604868253072102
-0.37439378102620435
-0.31826885541280103
-0.2725615898768108
-0.26021734873453783
-0.27899070580800367
-0.4187211592992146
-0.435748815536499
-0.41703879833221436
-0.3236311674118042
-0.4073732296625774
-0.4014451503753662
-0.4374312559763591
-0.19057544072469068
-0.2622861862182617
-0.27096243699391676
-0.3583094278971355
-0.33762502670288086
-0.36925955613454176
-0.3484015464782715
-0.31563218434651685
-0.3479868173599243
-0.31479434172312426
-0.227259914080302
-0.284397800763448
-0.3897169431050618
-0.31396754582722974
-0.2843203544616699
-0.3125762939453125
-0.4412163098653157
-0.3037550449371338
-0.4185638030370076
-0.27217344443003344
-0.37517897288004565
-0.27146259943644213
-0.3549645741780598
-0.261867602666219
-0.30063486099243164
-0.32184342543284106
-0.2589380741119385
-0.33730506896972656
-0.36325581868489576
-0.3184851408004761
-0.4209731419881184
-0.37879439194997144
-0.3151064316431682
-0.384405255317688
-0.3082118829091389
-0.3674858808517456
-0.3638612429300945
-0.300940712292989
-0.4171984990437825
-0.2328507502873738
-0.268306056658427
-0.31592210133870435
-0.33014416694641113
-0.28536713123321533
-0.3315122127532959
-0.3231982787450154
-0.32466602325439453
-0.3261465628941853
-0.34890572230021166
-0.18612253665924072
-0.3688533306121826
-0.23664963245391846
-0.33994531631469727
-0.3761913776397705
-0.3754936456680298
-0.401652177174886
-0.34584105014801025
-0.2816468079884846
-0.28484857082366943
-0.32222322622934985
-0.2789493799209595
-0.3941766023635864
-0.3719250758488972
-0.29347312450408936
-0.24486045042673754
-0.42692236105601
-0.3790735801060994
-0.32724873224894213
-0.24286786715189623
-0.3136889934539795
-0.3078327178955078
-0.37377520402272535
-0.33504768212636304
-0.3107557694117229
-0.31970461209615064
-0.20820752779642748
-0.29800315697987867
-0.33635667959849047
-0.2777861754099529
-0.3535130023956299
-0.29446605841318774
-0.2607811292012532
-0.23418072859446215
-0.37149226665496826
-0.2865936756134033
-0.27400243282318115
-0.39649430910746264
-0.25788605213165283
-0.4371016820271809
-0.44048893451690674
-0.33525474866231275
-0.3072600762049358
-0.28722616036732984
-0.30125725269317627
-0.31671575705210375
-0.38147974014282227
-0.37085910638173414
-0.35545786221822095
-0.3263893127441406
-0.3230454126993816
-0.2277803818384807
-0.06259926160176588
-0.2739828030268352
-0.363796313603719
-0.29042418797810865
-0.238425612449646
-0.24847781658172607
-0.41837100187937426
-0.38086589177449537
-0.3711388508478801
-0.27883406480153394
-0.28710838158925367
-0.2979156573613484
-0.33794685204823804
-0.3021373748779297
-0.2139606475830078
-0.43483173847198486
-0.32098941008249926
-0.2581249872843425
-0.38100218772888184
-0.4316281874974568
-0.2693039576212566
-0.3751009702682495
-0.43486897150675463
-0.3054471810658772
-0.35645997524261475
-0.36432456970214844
-0.35556113719940186
-0.23867269357045484
-0.30591094493865967
-0.3425342639287312
-0.34615421295166016
-0.4084251324335735
-0.25694894790649414
-0.2788060108820598
-0.4442960023880005
-0.38665620485941576
-0.2936439116795857
-0.31116628646850586
-0.30073094367980957
-0.4114375511805217
-0.28076871236165357
-0.3833531936009724
-0.36689678827921557
-0.3089700142542522
-0.3322721322377522
-0.21614289283752441
-0.2921031713485718
-0.28883540630340576
-0.41790831089019775
-0.45935356616973877
-0.23694678147633863
-0.3039971590042114
-0.27955750624338793
-0.3106780846913655
-0.32958292961120605
-0.16342886288960767
-0.327146053314209
-0.3068300882975261
-0.28521728515625
-0.3126830657323201
-0.3394446770350139
-0.3156733115514119
-0.2799856662750244
-0.24964682261149096
-0.21910309791564941
-0.299998124440511
-0.25522327423095703
-0.3528515100479126
-0.33515000343322754
-0.3370556036631267
-0.39961775143941236
-0.40368096033732104
-0.35023391246795654
-0.2934307257334392
-0.34867803255716967
-0.345330039660136
-0.3353054920832317
-0.37627379099528
-0.2916713158289592
-0.2414381901423137
-0.29139184951782227
-0.416814923286438
-0.3938237031300862
-0.3127520481745403
-0.37120163440704346
-0.2292229731877644
-0.28171141942342115
-0.17735743522644043
-0.34907543659210205
-0.25722714265187574
-0.3008542855580647
-0.33994762102762865
-0.3912545839945476
-0.33093861738840746
-0.31187824408213305
-0.3438588778177898
-0.3231860399246216
-0.3425376812616985
-0.2727492650349934
-0.38073130448659254
-0.32463606198628736
-0.23435680071512865
-0.37238526344299316
-0.3343252738316853
-0.3098601500193279
-0.33024911085764574
-0.27797389030456543
-0.2927199204762776
-0.4807585875193279
-0.3363851308822632
-0.34293135007222486
-0.3781546354293823
-0.2678168614705403
-0.2577961285909016
-0.2690544525782268
-0.2573543389638264
-0.346939245859782
-0.3343339761098225
-0.2932583888371785
-0.3502624034881592
-0.376517653465271
-0.2929771741231282
-0.25431104501088453
-0.21589982509613037
-0.29840004444122314
-0.32132482528686523
-0.37616729736328125
-0.4456853469212849
-0.3092966079711914
-0.40025933583577467
-0.22158920764923096
-0.2678221861521404
-0.34655865033467603
-0.41709351539611816
-0.21778198083241773
-0.2478334903717041
-0.3564021587371826
-0.32068963845570875
-0.35963126023610426
-0.3846287329991658
-0.326657772064209
-0.4218656222025554
-0.24008162816365552
-0.3665881951649983
-0.4384005069732666
-0.3422315518061321
-0.3376088937123616
-0.5330037275950115
-0.27724528312683105
-0.4564589659372966
-0.42475247383117676
-0.3591470718383789
-0.42562452952067065
-0.30584255854288744
-0.29267076651255297
-0.33851965268452955
-0.3325343529383342
-0.32448999087015795
-0.316503922144572
-0.3205047051111858
-0.2959458827972412
-0.23868060111999512
-0.2907641331354778
-0.30557358264923096
-0.2942688465118408
-0.4138683478037517
-0.29925032456715894
-0.2854004700978596
-0.35444418589274096
-0.38645569483439135
-0.3497469425201416
-0.29381465911865234
-0.2851834694544475
-0.26051910718282056
-0.34779961903889967
-0.3679452737172444
-0.38538360595703125
-0.2788923581441243
-0.22534493605295824
-0.36244070529937744
-0.29831202824910474
-0.3484910726547241
-0.2972060044606526
-0.31800830364227295
-0.24559640884399414
-0.2806114355723064
-0.3549739122390747
-0.25101637840270996
-0.2992155154546101
-0.2617966334025066
-0.20931355158487963
-0.3137166897455852
-0.3877760569254558
-0.2743584712346394
-0.3522975047429402
-0.3613246281941731
-0.2789658308029175
-0.29304937521616625
-0.2684352397918701
-0.38196520010630297
-0.26292781035105395
-0.314428448677063
-0.37623767058054614
-0.36824047565460205
-0.35740184783935547
-0.4540869792302449
-0.37780209382375074
-0.29330829779307055
-0.4621356725692749
-0.39240356286366773
-0.233683427174886
-0.2337463299433391
-0.3907822767893474
-0.2995429039001465
-0.4218630790710449
-0.2068128983179729
-0.3536498943964641
-0.35705010096232104
-0.3458388646443684
-0.39037648836771655
-0.27873826026916504
-0.21106481552124023
-0.24271917343139648
-0.1452613671620686
-0.3225618998209636
-0.31681883335113525
-0.2680210272471111
-0.29951282342274976
-0.3766795794169109
-0.31936327616373705
-0.4018453359603882
-0.27408885955810547
-0.21040256818135572
-0.24856817722320557
-0.5261226495107014
-0.3973235289255779
-0.4312513669331868
-0.28857251008351636
-0.3312577406565349
-0.13345229625701904
-0.4067768255869548
-0.3797588348388672
-0.3486792246500652
-0.3149096965789795
-0.37463577588399244
-0.32746056715647387
-0.3031891187032063
-0.30769995848337817
-0.3309704860051472
-0.3684633175532024
-0.5435956319173176
-0.34100512663523364
-0.31880811850229906
-0.3965001106262207
-0.42874765396118164
-0.31280195713043213
-0.2678602536519368
-0.23669985930124926
-0.2414679924647014
-0.23027106126149488
-0.2608624299367268
-0.3938008944193523
-0.2910888592402141
-0.35172339280446363
-0.3231907685597737
-0.38546319802602125
-0.4087753693262737
-0.3116720517476399
-0.3435765504837036
-0.2873450915018718
-0.40555806954701734
-0.40590624014536547
-0.28134055932362867
-0.30001183350880933
-0.38774426778157545
-0.2512057224909465
-0.24602202574412035
-0.39264392852783203
-0.36557277043660474
-0.3241860866546631
-0.15269736448923754
-0.33303332328796387
-0.39679694175720215
-0.2562062740325928
-0.25478784243265795
-0.27981205781300855
-0.2977379163106282
-0.3404386440912883
-0.33674653371175123
-0.21810869375864672
-0.24196751912434888
-0.26035169760386156
-0.21598072846730543
-0.2515575091044109
-0.2005262772242229
-0.44450958569844556
-0.3301724592844646
-0.25049634774525953
-0.27589587370554614
-0.33028837045033765
-0.2835841576258342
-0.3149268627166748
-0.2830773591995239
-0.21507132053375244
-0.3921699126561482
-0.3121899366378784
-0.3409242630004883
-0.3219432830810547
-0.32218778133392334
-0.24323717753092455
-0.3465898036956787
-0.35864714781443285
-0.3939096927642822
-0.2789951960245769
-0.3510206540425618
-0.2431007226308186
-0.2940812508265178
-0.2705154816309612
-0.3199533621470134
-0.33722972869873047
-0.22112137079238892
-0.2816480199495952
-0.21029120683670044
-0.30280977487564087
-0.3461774388949077
-0.33147219816843676
-0.4238028128941853
-0.44780214627583814
-0.27547248204549146
-0.322379469871521
-0.2406826615333557
-0.30142438411712646
-0.3933028777440388
-0.33453132708867384
-0.33910971879959106
-0.3664973179499309
-0.2685550848642986
-0.29672704140345263
-0.30212821563084913
-0.36898169914881396
-0.25420576333999634
-0.38548998037974047
-0.372480571269989
-0.3056522607803345
-0.3170929948488872
-0.29179638624191284
-0.3200110197067261
-0.3432850639025371
-0.3558429479598999
-0.35056291023890185
-0.3901225129763286
-0.32886346181233717
-0.3947642048199971
-0.3562695185343425
-0.38383811712265015
-0.41965939601262403
-0.3561207254727681
-0.30349346001942945
-0.2896841963132222
-0.3756525715192158
-0.2902974486351013
-0.3108773032824199
-0.27456810077031446
-0.3857419490814209
-0.3573834300041199
-0.3057745695114136
-0.3408695260683696
-0.3154096007347107
-0.27386415004730225
-0.2830401659011841
-0.23067587614059448
-0.3433596293131511
-0.335802932580312
-0.26180378595987963
-0.28766832749048876
-0.3436392744382222
-0.2918526530265808
-0.196371575196584
-0.46836706002553297
-0.4168210029602051
-0.385308067003886
-0.3964425524075825
-0.38453906774520874
-0.394932468732198
-0.3207062284151714
-0.4385659694671631
-0.3376207947731018
-0.3525003989537556
-0.3812408049901326
-0.3185590704282124
-0.39231197039286303
-0.3209850788116455
-0.368627945582072
-0.38702468077341723
-0.33352130651474
-0.3770258227984111
-0.3638345996538799
-0.3388851682345073
-0.27468816439310717
-0.2765583793322246
-0.4022601048151653
-0.2537659009297688
-0.3003797729810078
-0.34782503048578906
-0.2813307444254558
-0.4376072088877361
-0.3075058658917744
-0.3225256005922954
-0.4689580798149109
-0.37739656368891406
-0.3293587168057759
-0.2748590111732483
-0.3705633282661438
-0.32404967149098707
-0.31381448109944654
-0.4002578854560852
-0.3892042636871338
-0.3387125929196675
-0.31835738817850756
-0.3602057099342346
-0.3179552952448528
-0.3297495643297832
-0.3767323295275371
-0.29657636086146044
-0.3347445925076802
-0.3222821752230327
-0.34184161822001147
-0.32510574658711744
-0.36375129222869873
-0.43061582247416186
-0.3147927323977153
-0.4481810927391052
-0.35492165883382154
-0.3382174770037334
-0.33048359553019213
-0.36077719926834106
-0.3507993618647258
-0.24746108055114746
-0.19087211290995287
-0.38853883743286133
-0.31428358952204394
-0.29539753993352247
-0.342831015586853
-0.3048703074455261
-0.3153603672981262
-0.28851995865503954
-0.39557820558547974
-0.2834551930427551
-0.38285724322001147
-0.3273260990778606
-0.27973639965057373
-0.37089614073435473
-0.32785433530807495
-0.3525278369585674
-0.3357874949773152
-0.3391579588254292
-0.374872903029124
-0.36688335736592603
-0.44208411375681567
-0.3421756625175476
-0.4285204609235127
-0.36120220025380445
-0.2969966928164165
-0.35747969150543213
-0.4089984099070232
-0.32297579447428393
-0.26085156202316284
-0.2528844277064006
-0.362895667552948
-0.3478023807207744
-0.23881669839223219
-0.4036302367846172
-0.28284784158070875
-0.31664143006006884
-0.38070704539616895
-0.30946558713912964
-0.35393385092417406
-0.3183247447013855
-0.4225652019182842
-0.3423072497049968
-0.33908112843831373
-0.4089238444964092
-0.2196004788080852
-0.2698955535888672
-0.34053204456965136
-0.245833973089854
-0.28396441539128614
-0.36029762029647827
-0.26390216747919726
-0.301081120967865
-0.33411924044291186
-0.3587415019671123
-0.4106609423955281
-0.37548027435938525
-0.21473761399586988
-0.2618811925252278
-0.3596521814664204
-0.276272714138031
-0.3201633493105571
-0.34282771746317553
-0.40794632832209277
-0.2645352284113567
-0.31551609436670947
-0.37373552719752
-0.23971708615620924
-0.42482566833496094
-0.2968573967615764
-0.2744888265927632
-0.23034779230753588
-0.371450165907542
-0.3861660758654277
-0.30058687925338745
-0.34762934843699145
-0.3742116689682007
-0.3218952616055806
-0.28871373335520434
-0.32969911893208814
-0.4685761332511902
-0.2956991195678711
-0.3751280903816223
-0.309646765391032
-0.37495400508244825
-0.2863471110661824
-0.3660887281099956
-0.30224631230036425
-0.265367607275645
-0.3576148748397827
-0.3869517842928569
-0.37025415897369385
-0.3710120121637981
-0.45301232735315966
-0.2356185714403789
-0.2608519593874614
-0.26228785514831543
-0.3136587540308635
-0.3193145990371704
-0.31131595373153687
-0.3133572737375896
-0.2681087056795757
-0.3011898398399353
-0.4034661650657654
-0.3612558444341023
-0.3247760931650798
-0.4048523505528767
-0.3407424290974934
-0.3907998204231262
-0.34940185149510694
-0.2642614245414734
-0.2676322261492412
-0.34754506746927905
-0.3784166375796001
-0.2714760899543762
-0.23000321785608935
-0.37120930353800463
-0.36429915825525927
-0.3270771304766338
-0.34530470768610644
-0.3025451103846233
-0.30070134003957105
-0.32196386655171705
-0.3302207191785176
-0.4356964627901714
-0.3778209090232849
-0.4020048181215923
-0.2957101265589397
-0.3868138591448467
-0.34681604305903124
-0.3294525146484375
-0.2766803503036499
-0.43064643939336134
-0.3161439895629883
-0.37817972898483276
-0.3152801990509033
-0.21284578243891406
-0.3822752833366394
-0.2448927561442058
-0.4051221410433452
-0.3094129959742229
-0.3631702264149983
-0.3122394482294719
-0.3828161756197612
-0.3032151063283284
-0.32170379161834717
-0.3804726799329121
-0.30490396420160937
-0.2930594484011333
-0.27487907807032275
-0.44390666484832764
-0.3367266058921814
-0.16968772808710741
-0.31089669466018677
-0.356238563855489
-0.4244164824485779
-0.3575910528500874
-0.3710934519767761
-0.2588875095049541
-0.3286790053049724
-0.3283193111419678
-0.3656467596689861
-0.22746680180231738
-0.41471980015436816
-0.44711947441101074
-0.403300404548645
-0.3769409259160359
-0.2962557872136433
-0.42535732189814257
-0.30115604400634766
-0.3144049644470215
-0.3930778900782268
-0.3402999838193257
-0.3695575793584187
-0.2961582541465759
-0.329356849193573
-0.2322471340497334
-0.3383596340815227
-0.3922728498776753
-0.3625747958819072
-0.25331137577692675
-0.2586994767189026
-0.22313731908798218
-0.4643542766571045
-0.3418996731440227
-0.3941004673639934
-0.32536782821019483
-0.2912105123202007
-0.40765939156214404
-0.2682895064353943
-0.3614003459612529
-0.3600145777066548
-0.308668851852417
-0.22697752714157104
-0.23109628756841016
-0.32965620358784986
-0.3331317504247029
-0.41539686918258667
-0.42204771439234423
-0.36899189154307055
-0.30981624126434326
-0.3968950311342876
-0.30945964654286695
-0.3391494949658711
-0.3574650684992473
-0.4624695976575215
-0.35832029581069946
-0.3980082472165425
-0.3851963678995769
-0.2829667727152507
-0.34074620405832934
-0.36222114165623975
-0.4511118928591411
-0.295136034488678
-0.26270830631256104
-0.2367060581843059
-0.3576893607775371
-0.4083705345789592
-0.2744858662287395
-0.3465244770050049
-0.2739642858505249
-0.33703855673472094
-0.3329968055089314
-0.29216164350509644
-0.3606985608736675
-0.3230201800664265
-0.27567859490712476
-0.27519041299819946
-0.28090810775756836
-0.2483129700024922
-0.46966526905695605
-0.295081873734792
-0.28404865662256884
-0.2620136340459187
-0.25284586350123095
-0.388517181078593
-0.3683469891548157
-0.2992296417554219
-0.3245124618212383
-0.3077849745750427
-0.364719311396281
-0.28953707218170166
-0.3409165541330974
-0.36612542470296217
-0.30920169750849413
-0.4250075419743855
-0.28112713495890307
-0.3879388372103374
-0.2403250734011333
-0.2035537759462993
-0.30986207723617554
-0.292442003885905
-0.3032751282056172
-0.3905904293060303
-0.2743797500928242
-0.2619144916534424
-0.3026957114537556
-0.36512587467829394
-0.20632942517598463
-0.33694245417912794
-0.3373136520385742
-0.39834817250569654
-0.28885120153427124
-0.42202842235565186
-0.3770478367805481
-0.23606723546981812
-0.2677035331726074
-0.38676818211873365
-0.34765507777531934
-0.35915605227152514
-0.37693689266840624
-0.4124147295951843
-0.37754388650258375
-0.3873191475868225
-0.42755991220474243
-0.42297160625457764
-0.34401158491770434
-0.4297639926274617
-0.2998396555582683
-0.289457122484843
-0.3201524019241333
-0.3489199479420979
-0.42261443535486864
-0.24221432209014893
-0.2873973250389099
-0.3421009381612141
-0.28840156396230054
-0.39034920930862427
-0.2845993240674336
-0.17208212614059448
-0.23797806104024244
-0.3465863068898518
-0.364022433757782
-0.29199169079462695
-0.2933221459388733
-0.28002071380615234
-0.39940518140792847
-0.25454227129618334
-0.281497061252594
-0.3641138275464375
-0.33082405726114916
-0.3080388903617859
-0.36668082078297926
-0.20112498601277662
-0.3052654663721721
-0.3363638917605083
-0.27734424670537305
-0.32405189673105883
-0.37343233823776245
-0.28019219636917114
-0.35442318518956495
-0.24139336744944262
-0.3330891728401184
-0.32252218325932813
-0.32149682442347216
-0.2874839504559834
-0.34749841690063477
-0.25148324171702074
-0.31044904390970873
-0.283668299516042
-0.33062191804250074
-0.23712887366612745
-0.29141304890314745
-0.362250526746114
-0.3134265343348186
-0.3091061909993489
-0.30012200276056933
-0.18376596768697095
-0.2650656898816426
-0.325961709022522
-0.24947863817214966
-0.2286624709765117
-0.3928640286127727
-0.24419560035069776
-0.30339646339416504
-0.3203207850456238
-0.34576982259750366
-0.3519126772880554
-0.2887263894081116
-0.3817004362742107
-0.2989586591720581
-0.2995286981264751
-0.31913242737452197
-0.2395825982093811
-0.3743103345235188
-0.33360483249028516
-0.31577899058659864
-0.3476510445276897
-0.32756427923838305
-0.2849161624908447
-0.37804561853408813
-0.3133724729220073
-0.33762810627619433
-0.36106799046198534
-0.2618450323740642
-0.35363006591796875
-0.34937055905659986
-0.3430883685747783
-0.3653546373049419
-0.314230461915334
-0.4316445589065552
-0.3419266144434612
-0.3049402634302776
-0.35926753282546997
-0.36715930700302124
-0.39445561170578003
-0.2725321054458618
-0.38292640447616577
-0.3766958316167195
-0.29717000325520826
-0.31100594997406006
-0.21597872177759814
-0.33293394247690844
-0.37607345978418993
-0.3229600985844929
-0.4185047626495362
-0.3907395482063294
-0.3052563548088074
-0.26448820829391484
-0.3310129642486572
-0.27041345834732056
-0.3309734821319581
-0.3313691020011902
-0.3918563842773437
-0.3449771761894227
-0.3433867216110229
-0.2999154448509216
-0.44854533672332764
-0.46374697685241695
-0.36220275163650517
-0.3700464129447938
-0.3364584565162658
-0.21735326051712045
-0.3984119772911072
-0.20709258317947388
-0.31676467657089225
-0.4252710819244385
-0.3269320487976075
-0.3488193869590759
-0.24878528118133536
-0.33022907972335824
-0.3652107477188111
-0.2421183228492736
-0.34114736318588257
-0.3714936614036559
-0.3621913909912109
-0.3276537179946899
-0.3254900336265565
-0.3151056289672851
-0.34034235477447505
-0.34745534658432
-0.3528713583946228
-0.33763751983642587
-0.45172100067138676
-0.2662292003631592
-0.32005687952041617
-0.2841931104660034
-0.3497248768806458
-0.3143046498298645
-0.27235401868820186
-0.33624517917633057
-0.35843815803527823
-0.320874309539795
-0.3707255840301513
-0.2702632665634155
-0.31367678642272945
-0.35723936557769775
-0.3137823820114136
-0.2754034161567689
-0.3076570272445678
-0.2673625826835633
-0.34017094373702994
-0.3212515354156493
-0.3531278967857361
-0.3076014637947082
-0.37865914106369014
-0.3806280374526978
-0.29828580617904654
-0.31536680459976196
-0.3763570547103883
-0.314884638786316
-0.4320999741554261
-0.40228749513626094
-0.41162952184677115
-0.346141517162323
-0.25958681106567383
-0.3271612405776978
-0.36614378690719596
-0.4573720216751098
-0.31857389211654663
-0.34385045766830435
-0.3076379179954529
-0.3125234007835389
-0.38945128917694083
-0.41242274045944205
-0.3541247844696045
-0.4150882601737975
-0.3677325606346131
-0.3956013321876526
-0.33984032869339
-0.3563371419906616
-0.2819243907928466
-0.308366060256958
-0.3702759385108947
-0.316222643852234
-0.3663701057434081
-0.28509587049484253
-0.3084711194038392
-0.25454392433166495
-0.41668419837951665
-0.35447167158126835
-0.39212357997894287
-0.37200086116790776
-0.38708798885345463
-0.3909620523452759
-0.3280634045600892
-0.39469242095947266
-0.3439964413642884
-0.3483578443527222
-0.31966811418533325
-0.29967734813690194
-0.2656429529190063
-0.2774659872055054
-0.1724226713180541
-0.3433949232101441
-0.2607552528381347
-0.2521986722946168
-0.3180270791053772
-0.3181743741035461
-0.3578232526779175
-0.39916189908981314
-0.3363906860351562
-0.32616685628890996
-0.33374009132385263
-0.33007460832595825
-0.3802782654762269
-0.20059343576431266
-0.32872090339660653
-0.25639917850494376
-0.26407763957977304
-0.4112297177314759
-0.3800750017166137
-0.3440459489822387
-0.29699811935424814
-0.37507152557373047
-0.4169004082679748
-0.3626168966293335
-0.32100051641464233
-0.3116835236549378
-0.2824702501296996
-0.26701562404632573
-0.3790789127349854
-0.3522444128990174
-0.29172230958938594
-0.2716919660568238
-0.4355212688446044
-0.2744302511215211
-0.3703329563140869
-0.44648990631103525
-0.3275774955749511
-0.3009603142738342
-0.304520058631897
-0.3438103199005127
-0.31833109855651864
-0.39388568401336665
-0.3854457020759583
-0.36928272247314453
-0.39289836883544926
-0.35286300182342534
-0.36032482385635367
-0.39421719312667847
-0.3746948480606078
-0.3572993874549866
-0.24959191083908072
-0.2823183417320252
-0.3053401470184327
-0.31295177936553964
-0.36930092573165885
-0.36057922840118417
-0.36638895273208627
-0.35356825590133667
-0.3255668044090272
-0.39329222440719613
-0.2886260271072387
-0.37352601289749154
-0.33753314018249503
-0.3309682726860046
-0.3192929148674011
-0.36724067926406856
-0.34577299356460567
-0.34735220670700073
-0.3302493572235108
-0.3578916430473327
-0.2886451959609986
-0.32555533647537227
-0.3451780200004577
-0.3381498456001282
-0.3463816404342652
-0.36676857471466073
-0.3505157232284546
-0.32062989473342896
-0.27956651449203496
-0.32638971805572514
-0.25566264390945426
-0.3160988450050355
-0.30754811763763423
-0.33492372035980233
-0.16672714948654166
-0.2756723999977111
-0.2936792016029357
-0.40629819631576547
-0.32735909223556514
-0.413992989063263
-0.3801896691322326
-0.37728599309921274
-0.3381324648857116
-0.33168312311172476
-0.27023324966430673
-0.26397606134414664
-0.3111594557762145
-0.287403404712677
-0.2887336254119872
-0.3065063953399658
-0.3201407194137573
-0.3369739174842834
-0.32558448314666744
-0.3115151286125184
-0.3485092520713806
-0.3074452042579652
-0.3603058695793151
-0.27989817857742305
-0.3274019718170167
-0.3179790139198304
-0.35544389486312866
-0.3041588187217712
-0.3514196991920471
-0.29338551759719844
-0.26722530126571664
-0.2511834025382995
-0.35894322395324707
-0.3677717089653014
-0.39405858516693115
-0.36327822208404537
-0.4589020609855652
-0.28629333972930904
-0.30901066064834604
-0.38038182258605957
-0.28244829177856445
-0.3290173530578613
-0.30280258655548087
-0.30752741098403935
-0.2951947212219239
-0.3331831455230714
-0.2935575723648072
-0.388292634487152
-0.34111872911453256
-0.3193713426589966
-0.2722868561744689
-0.31049325466155997
-0.31102799177169804
-0.3058840155601501
-0.3712650775909423
-0.30102280378341684
-0.3908827543258666
-0.3167887449264526
-0.3044644713401794
-0.3101706385612488
-0.26843026876449594
-0.2639603734016418
-0.3209897994995117
-0.27409675121307364
-0.26946345567703256
-0.26534516811370845
-0.3605506420135498
-0.3537693262100219
-0.40528960227966304
-0.39665107727050786
-0.4522021293640137
-0.2647611021995544
-0.34979898929595943
-0.30152034759521484
-0.31736142635345455
-0.3116897821426392
-0.3779784560203552
-0.332093858718872
-0.4005378365516663
-0.3534583926200867
-0.39263581037521367
-0.2980591058731079
-0.38071047067642216
-0.31895394325256343
-0.4105088829994201
-0.36707266569137564
-0.30287543535232553
-0.34953936338424674
-0.20051815509796134
-0.3561889171600341
-0.33737630844116206
-0.3653767704963684
-0.3549359440803528
-0.3800032138824463
-0.37113895416259757
-0.348231565952301
-0.35628850460052486
-0.2661999225616456
-0.3628389239311218
-0.35822864770889273
-0.44486883878707895
-0.23199714422225948
-0.31486718654632573
-0.32263070344924927
-0.30087577104568486
-0.31770890951156616
-0.3739483475685119
-0.30962125062942514
-0.35797473192214957
-0.3454197645187378
-0.31887750625610356
-0.275037944316864
-0.2788183093070984
-0.27465405464172354
-0.3926257371902466
-0.37974956035614005
-0.3917251348495483
-0.3092592239379883
-0.299295687675476
-0.3364822387695312
-0.34507937431335445
-0.2549671053886413
-0.31370826959609976
-0.3443609118461608
-0.2797886371612548
-0.3154907822608948
-0.32498464584350595
-0.35823142528533936
-0.24869345426559453
-0.3208394527435303
-0.40615365505218515
-0.35850222110748287
-0.27926796674728394
-0.28622170686721793
-0.3438545942306519
-0.3008712172508239
-0.25334280729293823
-0.296186912059784
-0.32204967737197876
-0.32067787647247314
-0.31781712770462045
-0.3877966523170471
-0.3302601218223571
-0.29429419040679927
-0.3355504870414734
-0.3927771210670472
-0.2714233517646789
-0.3615667343139648
-0.3875431180000306
-0.2222854614257812
-0.31176089048385625
-0.36285593509674063
-0.34299485683441167
-0.3524443507194519
-0.38346599340438847
-0.282989001274109
-0.32430022954940796
-0.3212206840515137
-0.33747632503509517
-0.3602151155471802
-0.3412059545516968
-0.3248710274696349
-0.28537511825561523
-0.3722856163978576
-0.2874089479446411
-0.266797947883606
-0.29584671258926387
-0.3753390908241272
-0.34906951189041147
-0.33433409929275504
-0.38771529197692867
-0.258102571964264
-0.324916160106659
-0.3217949748039246
-0.3111058235168458
-0.29551156759262076
-0.23511544466018686
-0.3361686706542968
-0.3774527788162232
-0.3785823225975036
-0.3285908341407775
-0.3274412512779237
-0.315532886981964
-0.407217800617218
-0.3636471390724183
-0.3812193512916564
-0.3499126434326172
-0.34185280799865714
-0.39794443845748906
-0.3986598968505859
-0.3155927896499633
-0.30198991298675537
-0.39530861377716064
-0.3429837465286254
-0.3202165365219116
-0.25724227428436275
-0.3713256359100341
-0.3570314049720764
-0.29542914628982553
-0.35034674406051636
-0.3377347946166993
-0.3031823992729188
-0.36464809179306035
-0.311412513256073
-0.24312264919281001
-0.33416079282760625
-0.2590842127799988
-0.2859337449073791
-0.4128423452377319
-0.3651094675064086
-0.2861551761627197
-0.40214867591857906
-0.43025425672531137
-0.35481557846069345
-0.31996618509292607
-0.3046874761581422
-0.4046240210533143
-0.2869529008865357
-0.3393424987792968
-0.30519036054611215
-0.3829454898834228
-0.3303795814514161
-0.31502437591552734
-0.42011531591415396
-0.3220692515373229
-0.29603369235992427
-0.2953854680061341
-0.27657656669616704
-0.2944649100303649
-0.3153880119323731
-0.3583082199096679
-0.3340334653854371
-0.31223437786102304
-0.3500822305679321
-0.4042256593704223
-0.29475289583206177
-0.38139419555664067
-0.3769731163978576
-0.30574963092803964
-0.35032925605773935
-0.2707332730293275
-0.37621339559555045
-0.31397736072540283
-0.3687804937362671
-0.3460416674613953
-0.23690674304962167
-0.2896704077720642
-0.40129008293151847
-0.3045934319496155
-0.4402262806892394
-0.34354209899902344
-0.3794299483299255
-0.3553987979888915
-0.37104983329772945
-0.3153884768486024
-0.3541265368461608
-0.2836192846298218
-0.27011826038360587
-0.23325639963150024
-0.3217368602752686
-0.3787293195724488
-0.3579961895942687
-0.26798778772354126
-0.3309171199798584
-0.35622595548629765
-0.3654998540878296
-0.23586306571960458
-0.3575497746467591
-0.29883147478103633
-0.3970826268196106
-0.24603370428085336
-0.2591834187507629
-0.25698143243789673
-0.28231966495513916
-0.36838111877441415
-0.3333396077156068
-0.37986238002777095
-0.28172723054885873
-0.2886628746986388
-0.27780843973159786
-0.33258343935012813
-0.33274583816528325
-0.36518698930740356
-0.3185515642166137
-0.3841944098472596
-0.36832315921783443
-0.3423847079277038
-0.28743412494659415
-0.35621867179870614
-0.35856029987335214
-0.3149938344955445
-0.25829093456268315
-0.33933209180831914
-0.39013729095458993
-0.3019119024276733
-0.28919354677200326
-0.36616432666778564
-0.19987822771072383
-0.3053859233856202
-0.37710639238357535
-0.3166813135147095
-0.3629015207290649
-0.42255187034606934
-0.29132094383239737
-0.25688554048538204
-0.3273705244064331
-0.35739494562149043
-0.21266267299652108
-0.29921516180038443
-0.32969819307327275
-0.3736577749252319
-0.33777087926864624
-0.364445436000824
-0.26844927072525016
-0.36730693578720097
-0.25983445644378667
-0.45375854969024654
-0.302683699131012
-0.34094455242156974
-0.35361951192220054
-0.3175730466842652
-0.41405897140502934
-0.3420219977696737
-0.3371791203816732
-0.28359354337056475
-0.42258056004842115
-0.3824296792348225
-0.3580469369888306
-0.364074452718099
-0.3044138511021932
-0.3967830260594687
-0.34145001570383715
-0.3143860658009847
-0.31958787441253667
-0.3604293902715048
-0.4012441635131836
-0.35136176745096837
-0.32891410986582437
-0.40541654427846274
-0.2568319241205852
-0.3401704708735147
-0.2718966166178385
-0.3437868197758993
-0.2927608410517375
-0.3738650560379029
-0.39686470031738286
-0.3553821802139283
-0.3331650575002034
-0.3379989941914876
-0.387688660621643
-0.37086947758992506
-0.29496390819549556
-0.35472071170806885
-0.32894631226857496
-0.3340752840042114
-0.3180677016576132
-0.40159173806508375
-0.29402397473653163
-0.29851085344950357
-0.37884991168975835
-0.31879850228627515
-0.24973822434743242
-0.3046403725941975
-0.2942608356475831
-0.3556817531585694
-0.316763703028361
-0.33968360424041744
-0.30679368178049726
-0.36146941979726166
-0.31711371739705396
-0.41990717252095533
-0.30267726580301924
-0.28968497117360426
-0.36564858754475904
-0.30917732715606694
-0.31236361662546797
-0.32617003122965493
-0.30854264895121264
-0.27331845760345463
-0.34861311117808014
-0.33498574892679844
-0.41174572308858237
-0.32168634732564283
-0.300584610303243
-0.3567915519078573
-0.30262316068013506
-0.3585240761439006
-0.3215226014455159
-0.37605030536651607
-0.3015186150868734
-0.4270883003870647
-0.38843675454457594
-0.2873431682586669
-0.34232028325398756
-0.3001185496648153
-0.4287286917368571
-0.3900107145309448
-0.3760836124420166
-0.3187687476476033
-0.3406416177749634
-0.35448503494262695
-0.3407098531723023
-0.43871328035990387
-0.30066895484924316
-0.32231077353159576
-0.34464512666066494
-0.2981228828430176
-0.31412048339843746
-0.2918088754018149
-0.35300591786702484
-0.35114410718282074
-0.3359949827194213
-0.29386714299519867
-0.37018516063690177
-0.3422698418299357
-0.29256695906321206
-0.328113349278768
-0.2969417651494344
-0.38598051071166983
-0.3727230151494345
-0.2916086276372274
-0.3313098748524983
-0.3150834083557128
-0.40175945758819576
-0.30000172456105556
-0.33748390674591056
-0.3057134071985881
-0.3378449598948161
-0.3039504210154216
-0.3363685607910156
-0.3327920675277709
-0.3403988043467203
-0.28956969579060865
-0.3599972248077392
-0.3629940589269003
-0.2855359395345052
-0.3258368571599324
-0.29134938716888437
-0.4399039268493652
-0.3258053541183472
-0.30700682799021406
-0.36060643196105957
-0.35440924962361664
-0.3352010647455852
-0.3301660696665445
-0.3515483379364013
-0.2544963598251342
-0.44965012868245435
-0.37336055437723803
-0.3326714754104614
-0.3077426671981811
-0.34077208836873374
-0.3152284065882365
-0.26300765673319493
-0.272261095046997
-0.35718533992767343
-0.2795230229695638
-0.3655599196751913
-0.3035865942637126
-0.33105030059814444
-0.3556899229685466
-0.3845462719599406
-0.3245621124903362
-0.3624049743016562
-0.35119444529215493
-0.35258351167043056
-0.4139909187952677
-0.33842258453369145
-0.3193607171376547
-0.2721872647603354
-0.34141464233398433
-0.35456233819325766
-0.3623566150665283
-0.3817883650461833
-0.4140141010284424
-0.30924375057220455
-0.2600487788518271
-0.3118219057718912
-0.3570776065190633
-0.36871153513590493
-0.29689323107401533
-0.26614844004313154
-0.27817727724711094
-0.3698890209197998
-0.3074511369069417
-0.3494750658671062
-0.34740224679311127
-0.32880355517069493
-0.27881015936533604
-0.3189832051595052
-0.41106770038604745
-0.3492947101593018
-0.418131415049235
-0.3221143404642741
-0.3082241853078207
-0.2799934466679892
-0.2681608120600383
-0.3340335607528686
-0.34356033007303877
-0.3233551581700642
-0.3341624418894449
-0.3468950510025024
-0.29386560122172045
-0.29358821709950766
-0.28607036272684727
-0.3198979854583741
-0.3080294529596965
-0.36896787484486904
-0.2988868157068889
-0.4141174872716269
-0.39405690034230556
-0.35777404308319083
-0.34253427187601715
-0.3006885051727295
-0.3550900618235271
-0.3064681212107341
-0.39423509438832594
-0.34237615267435717
-0.3206869602203368
-0.3554106076558432
-0.3492812633514404
-0.36074344317118334
-0.3428304433822631
-0.3329043706258139
-0.33617846171061205
-0.3926790555318196
-0.3707221508026124
-0.3392940839131673
-0.3272511800130209
-0.4377243359883627
-0.39004156589508066
-0.26899766127268476
-0.393087347348531
-0.33002341588338213
-0.3848420302073161
-0.3571094989776611
-0.3227277437845866
-0.3492706775665284
-0.26177252133687334
-0.30076400438944506
-0.2961445331573487
-0.24840300877889
-0.3040243943532308
-0.32910311222076416
-0.3337478717168172
-0.3238360325495402
-0.3361552635828653
-0.33141775925954176
-0.37365946769714364
-0.3549540519714356
-0.28495438098907466
-0.31317052046457916
-0.36262086232503266
-0.2770487229029337
-0.32200901508331303
-0.36551836331685394
-0.3458630641301472
-0.38241256078084307
-0.30576558907826734
-0.3280131340026855
-0.3561611334482828
-0.29271762371063237
-0.39306395848592124
-0.3410074472427369
-0.2814184347788493
-0.36995964050292973
-0.3303068002065024
-0.3110775629679361
-0.3886069059371948
-0.32513678073883057
-0.26960301399230957
-0.3824585119883219
-0.45558183987935386
-0.3789900302886964
-0.3149109601974487
-0.3636886040369669
-0.3626339356104533
-0.34071540037790937
-0.3103117624918619
-0.25047980149587
-0.3357454220453897
-0.3688925663630167
-0.2893437385559081
-0.3761793057123819
-0.3279995203018189
-0.33093209266662593
-0.29465455214182534
-0.39291911919911704
-0.31030232111612954
-0.3595975319544473
-0.327539857228597
-0.3137813568115235
-0.33897012074788413
-0.3719933986663819
-0.29563463528951006
-0.3246779600779215
-0.4065545558929444
-0.28124044736226406
-0.3059405565261841
-0.303558882077535
-0.3815809726715087
-0.3308983405431112
-0.34455634752909337
-0.41061728000640874
-0.3944995641708373
-0.23905833562215162
-0.36624553203582755
-0.2709754864374796
-0.26139850616455074
-0.3070514361063639
-0.32879722118377686
-0.32819234530131025
-0.31271154085795083
-0.31006920337677
-0.3635253190994263
-0.2726496458053589
-0.3163869619369506
-0.3257037639617919
-0.3013852516810098
-0.36047449906667084
-0.2864506800969442
-0.293654171625773
-0.2901292165120444
-0.31634394327799487
-0.3049590826034545
-0.3600304126739502
-0.26845828692118334
-0.3494350830713908
-0.3659228006998698
-0.42619005839029955
-0.3695071061452231
-0.25854835510253915
-0.24951642354329429
-0.2493998130162558
-0.330815347035726
-0.32885677019755044
-0.3129438956578572
-0.38859192530314135
-0.4092206796010336
-0.3055162588755289
-0.2839340130488077
-0.3945295492808023
-0.36423120498657235
-0.36926594575246185
-0.3630308230717978
-0.3105088233947755
-0.3570883750915528
-0.36160770257314057
-0.34079639911651616
-0.31424995263417554
-0.3833608945210776
-0.3951952060063679
-0.35065550009409585
-0.37875480651855464
-0.3535680850346883
-0.3597326914469401
-0.3970828374226889
-0.3855870326360067
-0.33601180712382006
-0.34228168328603115
-0.3021311680475871
-0.32704219023386627
-0.3571372509002686
-0.25832685629526764
-0.32756826877594003
-0.30922050476074214
-0.40688303311665863
-0.3559509197870889
-0.33401120503743487
-0.347204041481018
-0.25707083543141684
-0.3078752835591634
-0.28596713542938224
-0.3119541962941488
-0.38083245754241934
-0.3393497864405315
-0.37315263748168936
-0.34003138542175293
-0.36330525875091557
-0.36767282485961905
-0.39214189847310377
-0.31262493928273516
-0.3777970870335896
-0.3150564988454183
-0.28589165210723877
-0.3261211872100831
-0.2671721140543619
-0.33672930399576817
-0.2712576389312744
-0.2713121732076009
-0.3103305180867513
-0.30336816310882564
-0.28064035574595136
-0.3776409069697062
-0.30529844760894775
-0.3746302525202434
-0.3254392703374227
-0.2783075412114462
-0.3268938223520914
-0.31541144847869873
-0.3675353924433391
-0.2816510359446207
-0.35473761558532724
-0.37820071379343667
-0.42091535727183027
-0.32556014060974126
-0.3282219171524048
-0.3344443718592325
-0.33892359733581534
-0.3013238430023193
-0.3128855943679809
-0.3488659063975017
-0.2801992654800416
-0.3237495183944703
-0.3530084053675333
-0.3342330217361451
-0.31377092202504486
-0.31545607248942065
-0.3589769760767618
-0.28807625770568857
-0.3371186574300131
-0.38092692693074537
-0.2533396085103352
-0.2921959241231282
-0.3396326541900634
-0.30461463928222665
-0.3580267270406088
-0.32140371799469003
-0.3629265069961547
-0.3285256306330362
-0.2225477933883666
-0.36144011020660405
-0.31792960961659755
-0.2659226655960083
-0.3192750136057536
-0.34950284957885747
-0.3620966355005899
-0.3178279161453248
-0.3745039860407511
-0.37553879419962555
-0.3204456488291423
-0.4078926722208658
-0.3237686554590862
-0.37418498992919913
-0.34489796956380214
-0.28742994467417393
-0.2805712461471557
-0.27939981619517007
-0.332069492340088
-0.3247257312138876
-0.29746054013570156
-0.3169601837793985
-0.3367795546849568
-0.33265287876129146
-0.30161065260569253
-0.36073469320933027
-0.3938748836517334
-0.3364467144012451
-0.36176051298777256
-0.32366570631662994
-0.2713174263636271
-0.32270449002583823
-0.3159964084625244
-0.3293473879496256
-0.38676347732543936
-0.31002407073974614
-0.3059739271799724
-0.38333284854888916
-0.26947565078735347
-0.3891048192977906
-0.2942471027374267
-0.3385666290918985
-0.3168261925379434
-0.35655940373738604
-0.3583832025527953
-0.3336579322814941
-0.3016138871510823
-0.3425862073898316
-0.3428366899490356
-0.31382253964742035
-0.3084939877192179
-0.2710636536280313
-0.3350617408752441
-0.2944650093714396
-0.3353672266006469
-0.3272308349609374
-0.2443073908487956
-0.2701006571451823
-0.364831805229187
-0.39281670252482104
-0.36961526870727535
-0.359081784884135
-0.39431197643280025
