28,39,100,114
2,48,53,271
23,74,160,171
5,18,107,509
33,46,77,528
30,41,68,877
59,68,72,539
14,46,183,324
9,27,158,462
56,134,144,168
19,69,248,260
17,122,208,371
34,60,226,261
17,59,170,612
15,24,159,874
8,63,332,576
18,177,199,277
7,83,323,335
60,144,180,380
21,26,431,517
12,36,243,728
20,131,311,378
11,195,242,253
26,43,152,835
75,148,173,333
64,103,173,512
6,81,310,615
136,153,192,218
72,90,94,748
8,214,250,324
45,144,159,562
38,72,377,446
84,107,202,257
47,91,302,386
44,88,157,416
29,105,191,734
43,235,245,259
17,173,174,404
26,64,591,610
34,72,351,398
14,83,352,555
39,103,166,663
107,109,225,432
13,237,281,479
1,87,273,632
138,139,317,338
16,78,443,813
128,153,181,338
24,26,863,924
48,66,257,678
43,142,364,418
7,117,419,587
12,69,547,889
81,146,300,354
4,40,579,668
20,194,200,785
113,190,191,624
117,125,197,945
86,89,174,824
80,99,249,597
6,110,407,679
19,120,580,751
27,211,335,652
35,82,352,794
62,122,381,859
17,75,707,802
42,218,223,732
79,85,569,581
80,193,257,362
93,139,382,477
90,148,309,613
10,63,759,927
69,123,301,895
60,118,510,566
66,246,308,362
48,150,601,645
27,190,533,822
2,154,498,985
64,337,340,550
28,217,396,967
61,316,390,495
100,166,247,609
78,196,259,708
106,153,291,454
12,87,672,847
52,147,616,729
1,128,638,721
129,192,278,519
143,235,350,423
78,187,350,865
26,212,478,935
189,232,285,383
82,158,273,531
25,371,432,607
137,149,302,996
66,314,330,398
125,133,403,522
5,308,369,720
102,105,323,766
97,201,317,442
58,220,341,627
61,157,535,644
242,250,312,327
11,377,538,865
133,329,330,482
18,232,879,896
87,136,437,685
9,347,514,991
138,198,296,846
2,45,46
122,226,299,807
196,219,228,890
188,224,370,582
25,465,484,577
140,234,463,595
129,251,330,438
22,334,578,645
68,210,438,958
100,341,391,625
70,289,399,512
65,271,477,478
6,25,147
85,124,519,884
32,399,419,626
89,276,512,542
81,107,648,725
113,184,535,722
145,206,509,750
199,230,288,915
40,250,564,709
10,260,741,888
11,213,388,486
103,232,401,820
11,41,120
4,580,598,917
145,394,417,448
151,184,376,712
3,6,185
85,315,386,841
46,303,614,726
141,299,439,464
152,169,345,870
139,295,339,944
126,247,342,718
233,254,281,466
40,445,520,599
35,53,55
125,332,429,500
119,169,547,961
2,516,569,909
224,322,375,518
56,152,799,840
65,347,610,871
59,386,811,899
151,221,623,867
26,535,862,877
20,420,737,927
113,268,443,751
16,244,423,476
184,273,348,806
130,309,480,862
13,410,639,705
6,32,371
103,308,570,721
4,523,828,858
34,413,566,890
109,359,396,797
58,376,667,984
156,177,397,692
142,361,395,858
140,320,509,673
51,66,116
172,262,420,575
35,278,677,876
211,291,436,441
274,325,347,475
75,464,550,736
146,290,502,959
110,183,823,954
126,209,909,982
37,61,139
116,213,775,995
233,323,553,557
239,326,333,735
230,296,606,954
22,163,473,853
30,31,475
106,397,601,894
51,539,890,919
225,290,593,914
53,415,733,937
57,426,693,939
149,542,585,908
265,269,572,597
221,284,483,816
47,460,643,873
159,303,431,951
4,23,506
112,256,949,993
204,317,490,780
9,93,184
16,123,235
127,470,473,946
155,228,719,899
188,425,534,560
248,352,399,438
1,75,255
66,72,152
201,431,470,474
45,551,814,830
195,238,728,842
4,7,404
326,388,402,509
183,266,403,734
37,141,147
154,350,406,740
25,812,873,947
189,204,626,844
68,446,638,913
30,31,416
40,504,687,882
96,307,706,979
14,122,194
269,339,402,849
20,23,910
221,395,582,816
19,147,248
240,257,628,893
24,134,267
245,388,702,771
16,78,575
140,548,820,947
242,336,692,843
358,561,590,619
191,489,597,939
294,327,569,881
297,398,568,623
88,582,762,902
181,484,599,627
198,515,606,810
11,16,798
367,390,487,693
124,483,665,978
54,676,732,804
15,66,436
8,125,265
188,444,560,928
211,442,603,796
156,257,791,947
54,139,183
32,37,396
19,72,563
3,109,381
7,10,759
208,336,686,807
22,111,300
130,521,668,916
325,335,508,805
201,399,440,854
9,176,198
104,223,329,642
171,394,847,938
324,390,529,748
41,209,459,904
278,353,488,958
86,91,119
138,584,699,716
208,362,842,948
281,500,541,582
346,352,528,740
45,54,422
214,580,834,857
50,172,174
339,437,598,878
318,405,540,717
177,456,769,831
310,491,559,957
349,428,430,633
112,353,460,611
71,141,246
37,110,299
64,100,344
73,118,259
304,397,478,956
76,145,259
109,146,152
136,677,707,735
12,28,54
97,129,175
116,675,982,990
452,558,564,598
15,120,486
391,418,539,816
131,136,212
5,71,715
42,193,200
6,145,476
114,147,177
37,229,239
42,68,574
65,172,243
62,95,265
63,72,446
323,331,910,939
21,63,952
364,370,874,930
12,100,592
378,572,712,904
74,113,855
69,209,293
22,80,710
256,563,739,796
116,149,353
3,243,575
21,149,996
18,103,700
40,133,527
58,126,437
456,493,600,732
122,130,379
5,123,656
107,246,464,663
87,97,338
135,298,451,931
56,76,651
39,85,425
1,257,383
15,363,388
69,112,501
33,94,815
267,418,707,755
140,217,222
327,469,714,854
119,186,227
58,83,485
91,181,193
102,122,387
12,238,543
2,361,375
15,181,505
7,270,370
195,655,932,964
46,84,456
20,274,465
49,288,336
5,207,908
84,121,481
415,449,723,938
57,234,434
15,212,961
33,203,845
79,329,384
494,516,864,936
144,182,252
34,360,387
89,109,532
155,224,244
59,161,569
18,160,981
141,225,391
111,239,303
8,211,780
35,274,389
467,554,869,969
316,882,975,982
3,336,439
441,453,883,999
74,274,442
29,378,474
23,317,528
122,140,456
426,548,749,870
66,142,656
80,164,256
4,303,503
50,144,824
86,195,305
76,143,895
49,236,542
356,644,754,972
92,95,404
102,111,428
496,572,865,896
375,778,891,921
7,172,658
23,175,761
17,164,692
37,203,463
114,198,301
159,180,241
52,95,696
444,476,902,993
56,117,705
176,198,312
39,374,477
72,286,500
98,258,276
55,324,519
49,318,543
93,105,770
107,141,843
26,384,746
437,875,907,943
551,645,829,949
43,380,498
20,369,746
28,391,859
2,379,789
81,102,833
106,125,839
9,425,573
91,179,495
56,216,861
127,169,611
6,263,685
60,327,431
121,255,298
133,203,506
10,280,852
23,356,882
58,200,795
88,115,845
31,579,610
170,226,379
23,352,916
113,197,554
150,245,546
24,398,519
95,229,457
74,527,617
22,490,585
423,666,669,867
119,131,876
154,159,287
142,215,525
90,195,497
171,224,252
90,204,613
62,346,404
23,55,164
43,235,924
47,167,897
47,331,409
84,148,757
43,318,832
25,28
137,185,756
61,358,691
26,462,891
9,517,830
19,27
87,229,779
8,9
49,408,505
43,459,560
92,292,461
57,338,711
33,572,821
32,449,744
40,376,635
117,377,483
129,356,568
92,177,979
83,162,872
127,228,977
93,215,861
8,514,764
93,279,487
97,323,414
11,15
86,359,503
27,452,631
103,277,494
144,182,694
111,291,532
149,268,548
33,592,630
7,15
151,275,282
22,545,710
54,366,765
176,186,474
64,326,868
12,542,765
672,808,832,931
78,332,924
48,283,878
12,533,827
687,695,883,974
63,292,870
119,214,997
101,367,403
25,447,707
57,322,953
125,176,786
3,5
136,287,429
21,608,1000
17,80,189
95,238,627
227,267,280
94,194,946
10,74
217,309,372
115,241,977
126,275,521
69,377,887
214,260,311
30,770,922
89,310,894
29,669,933
250,312,335
156,345,585
82,289,974
26,38
225,236,704
41,518,666
12,65
16,795,934
152,264,622
193,236,944
87,354,662
53,519,639
69,602,743
21,60
2,79
42,399,830
106,407,420
123,265,786
59,621,803
96,277,663
148,288,752
208,254,556
24,804,920
83,347,810
24,38
136,328,692
147,341,948
53,621,683
171,222,730
44,74
104,275,825
222,226,656
36,50,385
205,255,592
146,285,912
228,375,618
29,712,919
132,435,595
99,384,913
35,608,989
149,563,602
31,673,978
145,407,448
265,323,340
54,435,987
124,415,453
210,226,804
292,328,329
169,224,837
34,502,940
143,261,813
169,315,602
4,809,831
53,471,644
150,363,983
35,574,988
27,44
195,207,757
43,623,738
17,879,994
126,309,770
216,282,950
243,362,956
160,271,782
49,768,911
25,84
5,111
210,464,537
4,125
192,581,586
64,71
54,781,943
59,725,841
90,625,782
24,144
43,723,968
57,673,701
197,527,583
116,410,794
162,402,619
134,562,906
58,650,826
88,529,950
67,799,809
28,82
47,67
205,394,841
312,322,409
100,451,733
194,325,972
210,556,613
128,526,821
65,70
48,51
285,292,613
126,535,802
36,71
190,426,584
7,129
115,131,241
173,553,559
88,624,848
70,77
38,79
77,675,716
304,371,599
166,289,883
150,444,814
314,361,412
61,787,904
31,94
44,682,689
37,50
115,583,932
70,706,973
313,342,608
96,516,817
44,77
225,365,636
41,784,864
87,397,838
61,643,657
178,279,895
38,56
202,349,785
114,625,736
180,495,603
58,675,830
198,527,605
145,410,768
158,256,639
38,901,918
132,440,929
11,134
174,383,801
86,550,662
28,102
285,320,619
39,62
25,111
104,544,754
229,592,600
53,60
374,509,585
395,717,745,985
104,686,842
334,396,489
41,128,553
55,137
118,901,977
133,792,953
32,239
389,437,594
68,123
366,392,875
30,230
76,137
180,406,811
76,142
109,769,985
19,194
192,538,768
352,357,703
49,121
243,604,907
221,433,683
48,99
85,789,832
295,407,456
190,605,925
153,502,637
108,776,808
18,241
214,411,691
192,458,829
13,159
75,82
269,372,857
36,96
74,184
82,672,905
193,625,685
309,447,564
133,784,880
185,596,648
238,457,630
3,232
118,784,891
8,209
125,766,837
2,226
51,112
295,422,448
3,189
264,401,612
280,466,608
29,211
8,242
377,480,508
219,506,800
202,599,981
238,458,638
51,119
206,433,779
98,680,859
117,891,917
11,215
33,175
354,593,622
36,92
80,697,819
105,835,862
170,561,921
172,600,806
62,140
111,898,943
242,409,854
165,581,887
98,779,825
47,105
278,549,581
359,428,585
279,485,536
40,97
138,734,783
30,203
52,139
69,108
168,578,739
281,283,772
218,554,709
231,571,772
1,236
36,135
42,151
302,488,789
5,373
33,317
113,115
94,130
255,447,992
255,571,735
163,646,868
431,562,563
99,108
364,433,812
57,211
228,683,966
391,612,798
287,517,717
160,658,807
82,103
92,128
54,232
3,255
348,469,654
13,249
95,100
446,570,591
77,157
314,518,702
45,192
79,219
58,216
173,630,936
198,860,930
46,201
394,612,876
284,424,947
355,551,903
266,620,780
16,271
32,344
361,601,641
251,573,888
118,143
265,411,760
114,136
74,311
22,389
349,430,772
67,200
369,604,713
153,736,752
75,199
108,143
174,713,907
71,220
254,615,953
33,266
74,306
76,228
289,594,933
348,544,688
100,148
243,649,709
45,169
93,138
57,216
49,239
155,977,997
74,296
281,525,924
488,534,541
185,652,849
155,867,905
288,590,987
208,733,943
264,518,866
223,749,881
343,507,665
177,697,906
372,491,760
15,252
163,706,898
268,515,721
98,147
28,289
251,529,978
219,676,906
356,429,917
115,127
432,593,625
30,356
31,342
311,499,850
156,884,888
77,214
338,527,644
326,489,883
282,465,653
8,368
293,525,793
332,498,870
89,121
4,286
259,524,938
450,475,515
62,204
390,566,995
56,186
10,253,419
96,110
90,114
20,272
29,248
53,186
473,494,594
272,537,939
95,122
75,220
233,633,981
295,530,773
73,175
20,268
45,244,471
6,367
222,764,773
1,357
18,345
37,231
233,653,817
88,129
23,474
143,161
3,565
37,392
123,186
78,371
10,485
28,590
33,598
85,154
14,487
49,374
16,534
73,261
18,481
18,401
469,606,670
412,467,688
318,796,903
65,307
106,223
296,826,885
246,629,979
13,424
383,959,980
305,646,917
78,284
60,306
137,171
1,478
366,846,876
138,234
537,617,851
132,191
482,496,860
142,178
16,415
471,582,762
73,380
42,348
89,188
5,435
79,355
1,430
72,364
116,235
521,584,941
137,222
36,328
110,208
75,310
357,648,684
131,234
56,361
126,187
121,181
24,546
70,344
436,449,903
20,606
349,715,838
412,434,654
69,386
123,165
375,719,932
47,387
14,482
79,330
12,552
68,267
150,196
77,340
492,524,840
302,771,966
91,210
468,560,695
21,560
76,365
61,311
32,505
14,453
143,178
32,615
47,303
393,681,839
52,393
13,432
29,605
353,811,955
547,616,662
132,223
44,319
71,276
486,546,781
280,781,958
85,227
25,613
142,161
65,289
13,539
14,579
35,264
14,588
416,529,712
311,837,900
268,886,926
129,187
1,491
98,189
127,182
13,568
33,442
109,170
34,361
129,180
530,576,835
124,237
77,372
11,541
293,823,867
135,160
83,179
48,259
427,439,786
9,463
501,621,930
479,540,978
59,379
378,636,923
128,240
91,168
460,463,806
21,421
99,205
406,597,950
30,522
108,182
7,589
146,207
55,249
19,555
31,507
260,962,969
39,385
10,452
562,591,929
67,507
20,810
97,260
164,244
81,389
157,217
27,972
157,223
179,183
19,834
73,540
132,190,942
549,799,861
17,681
84,246
101,262
32,681
132,343
83,312
8,675
105,321
533,668,751
76,468
29,635
24,784
572,777,851
120,315
138,247
46,573
532,647,739
13,708
13,690
9,869
114,369
32,767
187,191
50,490
14,718
161,178
458,912,960
140,307
84,333
110,359
29,954
82,304
7,805
596,664,737
66,462
84,354
81,358
22,753
158,245
64,561
46,605
68,398
57,503
414,629,788
148,287
131,270
137,251
3,936
409,698,851
405,800,848
52,609
61,548
95,359
1,752
14,916
551,818,871
22,878
9,929
148,328
124,284
56,445
130,387
26,940
121,318
528,771,911
34,415
4,922
29,861
138,275
77,526
34,424
135,337
557,626,679
59,454
163,236
27,926
31,799
144,256
5,633
44,475
50,478
426,801,945
62,520
189,220
443,695,740
76,510
462,941,999
73,413,513
31,815
200,211
590,912,938
141,383
52,472
98,324
227,245
18,893
188,235
79,408
445,843,953
588,774,788
101,334
42,422
531,678,965
215,219
482,754,850
60,405
170,224
133,343
48,425
21,840
15,966
64,609
127,293
112,314
17,797
2,689
96,382
25,700
106,360
101,365
31,979
24,664
120,318
90,360
27,984
108,249
30,726
55,466
27,910
207,208
52,453
128,357
2,750
512,898,981
401,647,866
51,618
101,349
52,567
499,828,869
21,803
70,455
624,718,822
113,248
67,558
143,314
479,696,804
92,393
545,732,908
23,850
595,847,934
154,178
92,341
523,701,929
19,760
112,302
204,220
65,577
118,267
70,557
6,844
593,710,819
146,262
21,779
622,825,826
73,270,892
50,604
209,241
19,682
10,846
147,277
87,304
182,232
45,406
40,470
6,807
53,601
587,654,688
142,261
41,436
44,555
30,689
91,380
175,194
79,583
126,321
97,253
104,324
161,278
165,351,471
176,279
63,852
708,862,989
39,797
41,795
659,783,790
203,296
223,346
695,708,775
671,843,905
231,358
167,251
34,687
120,501
105,483
106,616
67,916
57,962
63,983
158,302
51,694
62,801
120,497
96,481
232,310
71,802
136,453
234,303
141,556
139,473
172,313
35,835
119,433
102,543
70,933
162,365
135,520
104,496
58,886
42,761
75,791
775,858,976
200,376
46,869
166,290
205,249
123,569
107,567
40,823
227,363
134,568
97,411
38,764
199,291
49,755
112,410
168,297
130,434
750,789,928
86,620
199,366
215,314
170,252
63,845
67,888
173,299
635,805,997
193,263
145,406
98,457
176,322
228,264
116,454
213,355
231,290
38,968
62,680
99,565
221,355
51,960
60,935
55,880
81,594
71,628
88,450
70,652
93,522
36,956
218,279
236,254
217,390
176,247
245,286
130,614
135,545
67,766
164,384
233,307
158,283
161,363
206,373
99,421
111,441
160,333
50,931
78,892
146,466
221,368
237,345
162,273
108,513
133,427
42,970
47,853
197,348
216,253
38,874
167,368
229,300
63,716
244,282
52,872
642,657,665
39,887
73,745
98,620
110,592
117,544
167,317
116,395
118,623
234,248
229,339
202,326
174,328
66,988
229,276
101,543
51,848
238,308
195,291
94,522
64,833
39,896
78,935
55,628
61,722
121,567
150,468
88,480
191,343
141,609
68,694
104,419
35,743
71,957
81,497
140,473
101,400
154,267
59,731
67,734
729,766,971
155,350
214,266
44,990
48,800
156,385
145,621
117,549
218,251
113,434
65,945
167,269
738,787,919
216,467
105,658
156,607
227,530
131,656
94,790
134,813
134,803
134,976
274,321
213,476
273,392
230,455
181,577
166,570
326,341
213,413
206,516
169,516
187,470
222,517
96,646
333,355
316,368
132,998
220,550
124,895
137,906
320,366
