23,74,160,171
30,41,68,877
11,195,242,253
26,64,591,610
9,27,158,462
233,254,281,466
47,91,302,386
224,322,375,518
136,153,192,218
42,218,223,732
93,139,382,477
12,69,547,889
40,445,520,599
127,470,473,946
188,224,370,582
294,327,569,881
140,320,509,673
269,339,402,849
72,90,94,748
64,337,340,550
65,347,610,871
211,442,603,796
35,82,352,794
12,87,672,847
184,273,348,806
140,234,463,595
17,59,170,612
78,187,350,865
233,323,553,557
28,217,396,967
25,812,873,947
20,131,311,378
326,388,402,509
52,147,616,729
191,489,597,939
106,153,291,454
85,124,519,884
126,209,909,982
58,220,341,627
199,230,288,915
367,390,487,693
106,397,601,894
86,89,174,824
146,290,502,959
8,63,332,576
125,332,429,500
267,418,707,755
151,221,623,867
128,153,181,338
4,40,579,668
40,250,564,709
81,146,300,354
26,212,478,935
138,139,317,338
61,316,390,495
110,183,823,954
14,46,183,324
33,46,77,528
8,214,250,324
29,105,191,734
21,63,952
47,167,897
86,91,119
35,274,389
119,169,547,961
140,217,222
42,193,200
42,68,574
12,533,827
2,45,46
45,54,422
132,435,595
86,195,305
34,360,387
2,48,53,271
6,145,476
114,198,301
279,485,536
313,342,608
7,270,370
149,268,548
7,172,658
20,369,746
39,85,425
48,150,601,645
89,109,532
46,84,456
58,126,437
37,61,139
14,122,194
122,130,379
93,215,861
29,378,474
32,449,744
139,295,339,944
4,7,404
37,203,463
15,181,505
292,328,329
101,367,403
50,144,824
281,283,772
86,359,503
5,71,715
32,399,419,626
29,669,933
34,502,940
152,264,622
88,115,845
137,185,756
61,358,691
104,275,825
106,407,420
106,125,839
68,210,438,958
35,53,55
87,97,338
49,408,505
22,111,300
111,239,303
102,122,387
282,465,653
124,415,453
295,530,773
102,105,323,766
9,425,573
90,195,497
176,186,474
96,516,817
210,226,804
372,491,760
61,643,657
79,329,384
49,768,911
129,251,330,438
97,129,175
210,464,537
88,624,848
108,776,808
43,318,832
22,490,585
47,331,409
48,283,878
63,292,870
53,415,733,937
5,123,656
177,697,906
19,72,563
19,147,248
146,285,912
109,769,985
4,809,831
119,186,227
116,149,353
19,69,248,260
309,447,564
91,181,193
202,349,785
123,265,786
8,125,265
26,384,746
54,139,183
305,646,917
70,706,973
19,120,580,751
83,162,872
10,280,852
31,579,610
596,664,737
192,458,829
98,258,276
414,629,788
251,529,978
129,356,568
45,551,814,830
52,95,696
109,146,152
33,203,845
33,572,821
128,526,821
23,356,882
4,23,506
49,288,336
562,591,929
66,246,308,362
205,255,592
243,649,709
58,650,826
92,292,461
23,55,164
55,324,519
69,209,293
69,602,743
133,203,506
125,133,403,522
40,133,527
156,884,888
238,458,638
56,117,705
117,377,483
3,243,575
16,78,575
72,286,500
133,784,880
48,66,257,678
104,686,842
155,224,244
15,212,961
131,136,212
119,131,876
391,612,798
159,180,241
168,578,739
210,556,613
159,303,431,951
5,207,908
572,777,851
126,535,802
17,879,994
69,112,501
377,480,508
169,224,837
127,169,611
16,795,934
112,256,949,993
136,287,429
287,517,717
39,374,477
383,959,980
87,229,779
24,804,920
355,551,903
150,245,546
150,363,983
452,558,564,598
296,826,885
268,515,721
20,274,465
40,376,635
462,941,999
62,95,265
62,346,404
314,361,412
60,327,431
66,314,330,398
51,66,116
56,216,861
216,282,950
160,271,782
590,912,938
193,236,944
225,236,704
445,843,953
171,222,730
151,184,376,712
151,275,282
219,676,906
219,506,800
446,570,591
3,6,185
3,109,381
390,566,995
27,452,631
59,725,841
80,164,256
27,211,335,652
17,164,692
113,197,554
170,561,921
125,176,786
231,571,772
99,384,913
59,621,803
150,444,814
260,962,969
531,678,965
406,597,950
2,361,375
228,375,618
54,781,943
352,357,703
169,315,602
197,527,583
254,615,953
160,658,807
353,811,955
501,621,930
217,309,372
16,123,235
49,318,543
149,563,602
284,424,947
141,225,391
41,518,666
11,41,120
143,235,350,423
81,107,648,725
82,158,273,531
15,120,486
15,66,436
8,211,780
266,620,780
278,549,581
53,471,644
119,214,997
354,593,622
98,779,825
479,540,978
148,288,752
138,734,783
163,646,868
117,891,917
359,428,585
280,466,608
84,121,481
1,87,273,632
126,247,342,718
121,255,298
154,159,287
30,31,416
30,31,475
155,867,905
492,524,840
93,279,487
1,257,383
1,75,255
142,215,525
172,600,806
170,226,379
378,636,923
33,94,815
208,254,556
295,422,448
41,784,864
78,332,924
401,647,866
43,459,560
468,560,695
43,380,498
366,846,876
366,392,875
198,860,930
482,496,860
659,783,790
56,76,651
76,145,259
145,410,768
73,118,259
163,706,898
23,175,761
473,494,594
103,277,494
92,177,979
86,550,662
228,683,966
104,544,754
361,601,641
251,573,888
436,449,903
100,166,247,609
64,100,344
34,60,226,261
60,118,510,566
64,103,173,512
130,309,480,862
21,60
55,137
64,326,868
51,112
18,241
70,344
70,77
21,421
73,175
5,18,107,509
18,160,981
221,368
5,373
101,262
101,365
222,226,656
206,373
96,382
31,94
239,326,333,735
83,179
67,200
143,261,813
78,371
8,242
213,355
70,455
129,187
321,346
202,599,981
20,194,200,785
60,306
36,71
47,105
92,128
37,229,239
128,240
79,330
38,79
240,257,628,893
32,239
73,380
37,141,147
237,345
124,237
182,232
108,182
108,513
113,115
2,154,498,985
156,345,585
76,137
52,393
52,472
7,15
32,37,396
190,541
16,271
51,960
6,81,310,615
77,526
79,219
89,310,894
89,188
14,453
135,520
135,545
167,587
78,284
190,426,584
6,110,407,679
167,317
266,514
187,191
209,241
81,102,833
172,313
120,315
62,204
9,347,514,991
11,215
107,567
37,110,299
204,441
162,552
3,565
48,99
75,199
20,272
75,148,173,333
84,148,757
76,365
67,916
47,67
142,261
173,630,936
7,129
164,244
179,428
44,88,157,416
157,223
2,689
162,402,619
59,454
121,181
33,175
343,382
230,455
42,970
85,315,386,841
343,507,665
31,342
55,249
13,249
13,432
3,336,439
13,690
25,84
46,201
196,219,228,890
150,196
213,413
42,399,830
30,356
163,236
137,171
460,511
316,368
1,478
43,142,364,418
49,236,542
39,62
168,297
57,211
57,216
57,338,711
206,677
24,664
99,421
116,675,982,990
325,344
71,276
364,433,812
36,96
96,110
161,278
44,319
127,182
127,293
189,232,285,383
174,383,801
3,189
94,130
161,363
88,450
147,341,948
388,724
331,819
155,570
358,561,590,619
105,483
70,557
20,23,910
124,1000
104,419
221,355
154,857
202,713
149,986
195,655,932,964
488,534,541
79,583
349,698
200,499
228,264
302,488,789
504,684
258,719
374,611
310,491,559,957
133,427
417,674
173,553,559
297,727
294,584
121,318
319,942
106,223
185,670
142,361,395,858
775,858,976
393,671
240,637
52,567
44,77
30,770,922
140,307
65,307
65,945
28,39,100,114
114,369
39,385
166,289,883
166,963
233,307
25,111
25,28
252,345
27,984
100,341,391,625
82,289,974
82,304
6,367
146,207
37,50
192,581,586
50,490
116,235
77,157
22,334,578,645
22,753
7,589
178,279,895
16,534
82,103
180,747
80,964
18,893
14,718
21,26,431,517
222,764,773
28,82
132,777
165,690
29,211
528,771,911
227,503
61,548
197,925
51,539,890,919
51,694
214,266
43,723,968
38,968
85,742
290,468
8,9
270,778
229,339
225,290,593,914
43,623,738
112,410
179,183
30,726
238,308
12,238,543
12,552
135,337
199,291
59,68,72,539
291,371
405,523
66,72,152
44,74
24,546
19,194
588,749
385,489
178,565
56,152,799,840
194,325,972
29,605
29,248
205,618
131,234
74,113,855
263,545
306,411
11,541
14,83,352,555
98,620
151,467
58,83,485
58,886
114,640
53,186
123,186
89,685
167,269
154,350,406,740
268,886,926
42,348
76,510
158,283
316,420
214,260,311
74,311
109,170
444,901
18,177,199,277
18,481
201,994
158,256,639
928,975
359,475
504,900
351,729
264,513
300,899
201,399,440,854
111,898,943
79,408
589,667
47,853
27,910
537,617,851
9,463
245,897
63,983
56,134,144,168
38,56
91,168
25,447,707
134,803
32,505
508,998
187,470
121,720
71,957
130,521,668,916
334,396,489
130,614
521,523
368,495
603,836
499,828,869
67,766
147,277
134,976
25,465,484,577
435,681
94,522
54,435,987
54,232
91,758
4,286
13,708
36,92
100,148
230,296,606,954
122,140,456
320,571
320,389
14,482
15,252
281,525,924
10,452
143,314
206,516
62,122,381,859
13,159
34,687
98,680,859
45,169
6,844
301,443
148,328
242,549
244,282
208,362,842,948
153,736,752
2,226
145,406
136,453
237,546
285,292,613
607,882
135,160
322,829
456,493,600,732
246,493
117,549
185,596,648
213,738
44,475
31,979
176,279
272,993
262,382
34,72,351,398
74,274,442
205,955
422,604
457,703
218,251
57,234,434
113,434
234,303
263,561
57,426,693,939
32,344
367,392
57,673,701
321,836
301,568
346,417
39,797
116,395
93,822
171,394,847,938
92,95,404
394,425
75,791
75,310
78,892
255,447,992
423,805
762,863
193,484
10,63,759,927
286,874
60,405
642,657,665
372,376
3,232
3,5
177,577
34,424
104,496
84,107,202,257
8,514,764
157,217
201,634
73,261
108,143
21,608,1000
21,560
69,108
381,451
242,336,692,843
451,767
1,430
314,518,702
587,617
132,223
457,710
370,996
83,792
63,716
278,353,488,958
532,647,739
699,774
59,731
118,731
555,850
243,362,956
272,409
387,904
227,245
12,36,243,728
16,415
110,208
233,653,817
416,538
103,655
335,615
40,97
138,247
67,558
141,299,439,464
71,141,246
141,609
165,740
35,835
28,289
35,574,988
28,590
45,192
188,235
26,535,862,877
68,123
231,358
77,675,716
231,933
329,511
459,813
357,915
469,889
340,823
68,446,638,913
87,354,662
249,418
102,543
149,651
163,640
102,111,428
225,921
124,895
387,624
45,144,159,562
24,144
397,609
432,593,625
250,285
171,750
534,722
331,390
511,554
20,268
60,144,180,380
530,576,835
23,850
117,634
206,649
493,896
24,398,519
379,563
98,457
120,318
339,437,598,878
373,719
749,856
24,134,267
11,134
529,856
88,480
369,552
347,567
486,965
39,103,166,663
349,715,838
35,743
296,332
215,949
660,999
12,100,592
12,65
661,975
370,586
65,271,477,478
461,791
240,781
9,93,184
46,573
137,222
342,834
276,967
146,262
350,714
25,371,432,607
97,323,414
97,411
252,421
127,747
374,801
304,371,599
304,616
126,187
31,815
189,204,626,844
204,220
220,676
17,80,189
17,80
17,797
427,952
818,980
365,559
29,635
103,308,570,721
412,434,654
231,871
162,365
337,671
492,547
412,467,688
216,467
216,253
179,688
672,808,832,931
294,595
258,491
4,303,503
4,922
49,239
189,220
536,776
55,628
120,497
47,460,643,873
69,377,887
84,333
472,753
52,872
283,507
7,10,759
10,74
74,306
10,846
138,198,296,846
660,763
64,833
198,527,605
273,392
305,392
64,71
62,680
14,579
30,522
245,388,702,771
38,901,918
30,203
41,436
41,795
101,349
132,440,929
101,400
101,334
19,834
27,190,533,822
360,720
309,312
6,25,147
90,360
360,700
297,793
155,909
112,302
5,111
265,269,572,597
469,606,670
327,689
542,629
479,566
212,540
65,172,243
515,589
355,386
133,343
687,695,883,974
293,723
470,544
50,172,174
50,604
174,328
36,135
118,623
76,228
270,494
78,196,259,708
11,16,798
196,443
48,259
9,869
280,462
59,161,569
92,393
229,300
199,366
11,377,538,865
351,538
73,745
588,774,788
73,540
13,568
90,114
191,682
138,275
13,539
10,260,741,888
126,275,521
295,385
115,892
469,927
483,496
95,238,627
95,122
152,918
109,987
116,213,775,995
213,476
395,866
26,462,891
548,557
158,476
423,940
22,878
22,389
454,459
17,75,707,802
61,787,904
224,405
316,376
104,691
575,578
107,141,843
89,121
565,778
622,713
208,336,686,807
495,782
351,492
195,207,757
207,931
269,751
502,945
356,787
301,611
504,748
325,335,508,805
218,554,709
151,735
286,375
523,990
380,639
28,391,859
769,960
941,984
699,881
204,317,490,780
139,473
596,879
233,633,981
98,324
266,951
183,790
864,973
181,577
500,880
46,303,614,726
66,142,656
148,287
576,863
256,586
234,248
57,322,953
737,970
217,969
334,728
87,136,437,685
403,885
666,727
96,277,663
96,481
150,733
254,407
684,992
499,588
130,701
145,206,509,750
264,401,612
145,621
194,991
373,694
202,326
165,581,887
123,165
76,468
498,530
149,542,585,908
258,652
537,631
114,625,736
91,210
162,637
619,963
320,461
337,848
583,937
59,386,811,899
190,605,925
571,724
106,616
153,704
379,466
221,433,683
272,761
63,852
227,363
129,192,278,519
363,986
118,267
88,529,950
68,267
105,321
156,853
178,811
154,178
1,752
113,190,191,624
9,517,830
156,385
81,497
176,247
230,855
116,410,794
445,902
427,450
32,767
113,184,535,722
74,184
8,209
302,771,966
209,988
313,827
400,620
650,971
197,971
19,760
7,83,323,335
482,754,850
297,524
448,524
223,346
72,364
134,562,906
173,299
513,669
61,311
13,237,281,479
62,140
290,307
185,652,849
201,485
253,654
97,253
36,328
33,598
99,205
274,325,347,475
393,681,839
205,249
180,471
50,931
394,488
409,698,851
33,266
686,820
67,734
2,516,569,909
188,911
90,868
93,105,770
27,44
241,602
15,966
414,515
594,980
348,693
34,413,566,890
35,608,989
53,60
21,779
182,965
319,873
54,366,765
319,714
430,550
132,998
437,875,907,943
207,907
128,357
551,818,871
118,143
77,340
298,447
298,949
580,828
545,831
79,85,569,581
155,977,997
451,905
124,284
4,125
18,345
238,457,630
263,304
322,440
294,306
1,128,638,721
526,558
167,368
229,592,600
674,758
384,742
341,429
95,359
378,458
48,51
80,697,819
115,127
353,645
232,310
165,865
327,634
58,200,795
420,577
188,1000
210,444
636,720
881,942
511,528
29,712,919
110,359
301,920
175,496
401,967
213,705
40,470
125,766,837
383,584
84,246
747,928
282,857
419,774
318,796,903
207,208
446,954
762,827
235,436
556,879
659,665
332,498,870
723,763
315,534
203,999
168,611
52,453
418,730
118,901,977
741,829
455,791
78,935
501,864
212,494
443,695,740
391,520
487,834
442,670
342,667
5,435
755,908
486,546,781
245,286
417,651
449,586
262,955
3,936
364,649
708,862,989
137,251
129,180
53,601
51,848
333,626
31,673,978
86,629
295,756
276,756
521,711
126,321
547,923
338,527,644
661,997
14,916
696,960
787,900
619,765
288,385
549,799,861
275,340
946,952
48,800
389,957
552,603
427,439,786
2,79
646,679
532,818
227,530
94,790
32,615
293,823,867
21,840
25,700
421,793
44,990
533,925
477,838
595,847,934
525,776
372,852
131,270
156,607
240,484
85,789,832
250,606
362,396
36,956
39,896
174,839
902,995
115,583,932
115,918
83,312
426,544
26,38
24,38
15,24,159,874
114,147,177
70,289,399,512
221,395,582,816
80,193,257,362
221,284,483,816
26,43,152,835
214,411,691
156,177,397,692
122,226,299,807
140,548,820,947
4,580,598,917
17,173,174,404
54,676,732,804
593,710,819
281,500,541,582
138,584,699,716
38,874
99,108
330,748
242,885
369,604,713
80,99,249,597
71,628
350,536
450,810
308,337
268,438
806,854
157,926
27,972
460,714
480,991
335,711
30,689
412,809
90,625,782
289,594,933
7,117,419,587
179,809
233,842
661,899
841,866
104,324
50,478
45,406
182,796
144,256
196,413
181,632
203,617
1,236
81,358
408,574
215,219
55,164
75,82
112,314
163,497
