100,234,402 : -11
363,803,905 : -7
150,329,498 : -9
3,269,533 : -10
44,122,625 : -11
26,571,622 : -9
77,296,457 : -11
59,684,838 : -9
306,387,482 : -9
321,345,730 : -8
120,779,831 : -8
394,610,682 : -7
222,432,876 : -9
121,852,992 : -8
111,126,252 : -11
238,329,906 : -8
32,452,631 : -10
105,249,414 : -10
49,142,327 : -12
665,675,942 : -6
213,249,469 : -10
264,471,602 : -8
105,596,654 : -8
35,198,490 : -12
32,488,942 : -10
182,254,336 : -10
1,494,751 : -10
5,272,488 : -11
100,977,981 : -9
174,356,454 : -10
81,490,503 : -9
25,344,939 : -10
23,436,687 : -10
41,486,732 : -10
573,717,959 : -6
125,522,657 : -8
15,45,300 : -13
317,331,386 : -9
54,405,932 : -10
314,523,728 : -7
62,719,981 : -9
33,214,328 : -12
82,349,405 : -10
108,750,770 : -8
18,57,899 : -12
425,545,707 : -7
101,428,797 : -9
24,132,886 : -11
505,633,745 : -6
130,173,310 : -11
50,186,861 : -11
319,842,917 : -7
16,123,430 : -12
7,142,256 : -12
15,408,541 : -10
9,37,508 : -12
21,376,465 : -11
464,816,864 : -7
121,567,588 : -8
251,462,712 : -8
133,329,580 : -9
111,478,996 : -9
607,691,906 : -6
37,376,844 : -10
133,398,576 : -9
235,320,612 : -8
13,28,282 : -13
11,146,252 : -12
87,485,743 : -9
478,780,987 : -7
131,253,360 : -10
198,388,650 : -9
456,732,891 : -7
454,663,711 : -7
204,425,480 : -10
433,693,723 : -7
141,260,598 : -9
223,614,788 : -8
18,20,605 : -12
16,195,282 : -12
12,419,610 : -10
26,51,344 : -13
161,268,273 : -10
30,114,960 : -11
466,748,767 : -7
77,639,866 : -9
572,600,799 : -6
514,881,961 : -6
247,838,950 : -7
271,324,895 : -8
92,113,506 : -10
384,435,794 : -8
99,254,481 : -10
119,722,837 : -8
107,148,851 : -10
170,432,577 : -9
3,538,752 : -9
135,289,297 : -10
42,684,734 : -9
19,118,549 : -11
202,437,690 : -9
39,54,899 : -12
73,144,298 : -12
186,455,828 : -9
97,638,802 : -8
638,754,977 : -6
291,306,507 : -8
356,607,726 : -7
3,44,882 : -12
48,365,374 : -11
24,187,858 : -11
29,280,719 : -10
320,557,778 : -7
283,318,550 : -9
242,266,665 : -8
767,907,984 : -6
7,124,130 : -13
445,470,499 : -8
384,557,837 : -7
199,445,446 : -10
308,741,763 : -7
104,108,843 : -10
21,190,957 : -11
204,564,964 : -8
276,470,724 : -8
237,522,789 : -7
215,471,856 : -9
24,373,771 : -10
68,223,446 : -12
228,314,880 : -8
6,460,531 : -10
50,390,440 : -11
331,902,919 : -7
245,423,539 : -8
439,493,781 : -8
48,92,945 : -11
112,254,670 : -9
161,263,372 : -10
162,547,626 : -8
60,334,836 : -10
187,570,871 : -8
51,293,716 : -10
203,492,509 : -9
311,466,479 : -9
475,661,783 : -7
64,89,801 : -11
476,872,978 : -7
66,452,558 : -10
312,683,935 : -7
116,459,704 : -9
210,828,920 : -8
211,230,256 : -10
288,357,985 : -8
441,575,681 : -7
54,477,480 : -11
747,775,962 : -6
100,516,517 : -9
197,527,623 : -8
30,116,821 : -11
479,571,791 : -7
106,401,841 : -9
550,780,969 : -6
231,513,915 : -7
347,710,784 : -7
131,432,605 : -9
442,633,989 : -7
366,434,625 : -8
27,44,354 : -13
519,695,943 : -6
120,229,579 : -9
21,874,947 : -9
289,856,967 : -7
134,253,916 : -9
81,386,845 : -9
65,343,940 : -10
268,368,740 : -8
70,230,372 : -11
209,216,418 : -11
147,306,448 : -10
540,878,937 : -6
18,22,163 : -14
11,112,426 : -12
208,226,375 : -11
6,67,858 : -12
68,674,792 : -9
14,443,504 : -10
192,392,469 : -10
35,641,818 : -9
406,798,825 : -7
80,982,987 : -9
8,116,281 : -12
56,406,793 : -10
145,275,733 : -9
369,608,700 : -7
239,258,521 : -8
134,218,280 : -11
114,840,876 : -8
22,49,724 : -12
138,173,586 : -10
398,646,859 : -7
267,351,597 : -8
105,313,706 : -9
108,211,533 : -10
466,793,981 : -7
255,318,393 : -10
379,677,694 : -7
51,395,585 : -10
190,575,919 : -8
236,727,849 : -7
74,195,462 : -12
416,730,761 : -7
346,426,482 : -9
573,872,984 : -6
216,409,770 : -9
45,495,790 : -10
17,689,806 : -9
30,45,625 : -12
14,219,813 : -11
658,886,898 : -6
40,154,283 : -12
9,127,136 : -13
149,640,721 : -8
379,667,798 : -7
69,199,459 : -12
630,654,723 : -6
168,379,603 : -9
591,634,701 : -6
449,480,648 : -8
274,684,797 : -7
6,246,943 : -10
94,441,583 : -9
221,243,385 : -10
71,131,409 : -12
14,340,418 : -11
74,549,934 : -9
162,638,907 : -8
735,775,921 : -6
101,198,794 : -10
241,320,430 : -9
147,151,384 : -11
197,397,513 : -9
255,339,578 : -8
250,451,475 : -9
119,206,962 : -10
102,137,889 : -10
103,365,499 : -9
196,485,762 : -9
360,721,787 : -7
269,484,536 : -8
47,708,928 : -9
299,719,728 : -7
629,691,961 : -6
10,155,516 : -11
5,41,58 : -15
137,374,785 : -9
56,285,972 : -10
135,185,760 : -10
126,163,516 : -10
75,104,883 : -11
422,569,670 : -7
150,212,888 : -10
33,82,211 : -13
222,253,263 : -10
213,362,373 : -10
156,554,816 : -8
368,441,666 : -8
145,176,927 : -10
66,225,649 : -11
543,891,996 : -6
78,109,578 : -11
191,358,858 : -9
219,420,804 : -9
591,624,881 : -6
348,366,713 : -8
239,349,375 : -9
102,133,809 : -10
218,475,702 : -9
151,228,479 : -10
82,103,964 : -10
43,500,901 : -9
257,673,973 : -7
216,324,976 : -9
59,312,739 : -10
78,369,561 : -10
160,251,642 : -9
440,461,608 : -8
20,66,539 : -12
175,259,801 : -9
400,690,692 : -7
84,136,187 : -12
293,340,428 : -9
29,185,292 : -12
424,749,811 : -7
234,914,961 : -7
169,358,893 : -9
398,528,645 : -7
104,621,668 : -8
118,645,953 : -8
431,753,805 : -7
297,382,850 : -8
290,727,930 : -7
9,117,951 : -11
213,629,848 : -8
29,45,773 : -12
167,500,596 : -8
174,412,456 : -10
407,518,524 : -7
359,370,806 : -8
16,28,658 : -12
110,515,997 : -8
176,359,615 : -9
44,381,944 : -10
85,290,495 : -10
25,155,946 : -11
129,606,682 : -8
420,450,659 : -8
276,461,913 : -8
152,158,303 : -11
69,71,873 : -12
224,651,881 : -8
681,714,999 : -6
172,601,660 : -8
333,440,628 : -8
592,823,841 : -6
366,731,926 : -7
31,705,952 : -9
95,356,481 : -10
295,438,565 : -8
214,337,688 : -9
4,170,294 : -12
6,148,341 : -12
88,174,238 : -11
10,336,824 : -10
109,273,365 : -10
101,555,702 : -8
36,63,493 : -13
20,307,342 : -11
176,415,424 : -10
209,978,984 : -8
50,57,167 : -14
52,114,683 : -11
139,486,701 : -9
238,469,800 : -8
119,158,548 : -10
1,29,164 : -14
45,73,574 : -12
104,241,912 : -9
290,416,604 : -8
181,448,976 : -9
35,417,709 : -10
11,183,551 : -11
107,124,134 : -12
96,145,911 : -10
239,472,835 : -8
406,437,738 : -8
178,385,546 : -9
184,748,774 : -8
20,200,304 : -12
380,472,494 : -9
302,839,964 : -7
534,670,746 : -6
32,564,750 : -9
611,822,885 : -6
125,236,287 : -10
33,511,649 : -9
451,489,930 : -8
171,346,442 : -10
62,556,741 : -9
25,394,453 : -11
271,358,756 : -8
403,452,558 : -8
343,395,742 : -8
429,440,561 : -8
479,650,878 : -7
286,695,980 : -7
184,355,820 : -9
4,594,604 : -9
2,133,282 : -12
58,400,640 : -10
36,270,317 : -11
283,945,954 : -7
598,734,821 : -6
98,563,717 : -8
79,157,707 : -11
55,180,702 : -11
198,382,824 : -9
196,685,991 : -8
156,319,411 : -10
35,540,941 : -9
1,93,284 : -12
171,636,774 : -8
34,318,718 : -11
5,32,275 : -13
506,807,902 : -6
23,110,224 : -13
132,502,589 : -8
61,160,482 : -12
222,520,827 : -8
2,519,908 : -9
90,207,925 : -10
23,194,997 : -11
38,78,214 : -14
36,399,487 : -11
338,358,563 : -8
91,118,673 : -10
31,494,959 : -10
314,387,643 : -8
425,652,788 : -7
14,377,680 : -10
74,376,697 : -10
180,362,619 : -9
55,330,960 : -10
51,385,410 : -11
116,873,960 : -8
21,139,874 : -11
269,313,655 : -8
139,345,718 : -9
331,399,928 : -8
109,161,927 : -10
4,339,445 : -11
199,572,640 : -8
81,262,472 : -10
41,376,550 : -10
308,402,777 : -8
140,176,583 : -10
30,167,936 : -11
46,632,658 : -9
73,853,877 : -9
70,678,749 : -9
23,220,383 : -12
309,862,864 : -7
114,278,714 : -9
69,606,648 : -9
41,95,481 : -12
90,244,814 : -9
85,235,410 : -10
57,193,521 : -11
163,350,720 : -9
349,586,969 : -7
151,489,894 : -9
49,115,193 : -13
46,676,833 : -9
192,570,757 : -8
197,433,836 : -9
47,764,779 : -9
92,354,715 : -9
342,476,613 : -8
11,411,988 : -10
39,400,913 : -10
78,429,620 : -10
65,524,663 : -9
460,462,485 : -9
463,745,751 : -7
164,279,544 : -9
62,122,495 : -12
66,480,759 : -10
395,577,965 : -7
55,70,128 : -14
49,145,707 : -11
335,616,935 : -7
13,286,341 : -11
579,628,882 : -6
173,183,990 : -10
125,178,501 : -10
179,315,819 : -9
247,464,823 : -8
829,856,894 : -6
82,446,948 : -9
53,363,757 : -10
97,181,611 : -10
268,568,639 : -7
21,63,871 : -12
632,759,821 : -6
156,220,251 : -11
381,422,676 : -8
310,417,428 : -9
44,243,274 : -11
721,762,915 : -6
441,518,911 : -7
59,237,280 : -11
13,265,378 : -11
71,260,261 : -11
54,109,245 : -12
3,113,508 : -11
339,400,616 : -8
312,458,520 : -8
244,787,925 : -7
321,848,896 : -7
10,216,566 : -11
264,747,895 : -7
52,133,951 : -11
19,710,832 : -9
111,203,549 : -10
155,659,773 : -8
241,518,955 : -7
10,156,505 : -11
355,437,814 : -8
67,283,430 : -11
338,371,474 : -9
7,201,473 : -12
88,468,888 : -9
223,301,644 : -9
102,129,865 : -10
70,328,350 : -11
128,134,305 : -11
136,900,973 : -8
171,967,976 : -8
222,415,457 : -10
89,407,595 : -9
91,138,757 : -10
58,423,992 : -10
160,855,973 : -8
450,603,756 : -7
178,277,796 : -9
31,694,805 : -9
180,217,739 : -10
277,308,388 : -9
30,206,312 : -12
60,733,775 : -9
87,591,782 : -8
123,139,399 : -11
149,397,776 : -9
203,383,800 : -9
116,405,912 : -9
725,851,994 : -6
165,289,790 : -9
4,815,870 : -9
457,653,916 : -7
96,693,955 : -8
175,364,397 : -10
75,79,840 : -12
239,322,461 : -9
79,394,810 : -10
491,787,867 : -7
726,879,898 : -6
72,582,797 : -9
12,151,240 : -12
370,553,827 : -7
127,969,975 : -8
56,344,410 : -11
4,372,620 : -10
368,560,647 : -7
88,255,454 : -10
191,233,574 : -9
100,380,705 : -10
103,357,693 : -9
304,553,811 : -7
47,150,501 : -11
203,908,919 : -8
60,206,231 : -12
364,593,776 : -7
66,593,924 : -9
81,221,903 : -10
92,148,323 : -11
345,771,891 : -7
352,736,785 : -7
285,308,938 : -8
96,458,921 : -9
64,200,980 : -11
37,713,896 : -9
291,377,532 : -8
128,409,513 : -9
188,342,666 : -9
165,198,847 : -10
43,259,309 : -11
272,350,720 : -8
60,598,931 : -9
41,411,763 : -10
391,525,617 : -7
20,230,421 : -11
164,563,952 : -8
151,202,778 : -10
324,426,544 : -8
305,317,850 : -8
112,412,761 : -9
69,620,916 : -9
107,140,847 : -10
115,562,575 : -8
214,370,601 : -9
292,612,938 : -7
35,455,622 : -10
159,315,909 : -9
105,391,900 : -9
325,452,912 : -8
200,375,847 : -9
37,979,993 : -9
336,442,885 : -8
56,132,296 : -12
137,224,889 : -10
6,509,869 : -9
97,483,946 : -9
73,101,248 : -12
170,786,806 : -8
50,107,272 : -12
188,795,830 : -8
78,253,545 : -10
212,427,859 : -9
206,700,812 : -8
220,651,902 : -8
149,223,353 : -11
100,318,745 : -11
50,108,605 : -11
83,117,393 : -11
34,245,963 : -10
135,408,907 : -9
193,692,994 : -8
352,383,809 : -8
303,474,751 : -8
27,453,758 : -10
153,335,678 : -9
150,224,447 : -11
201,616,827 : -8
431,756,910 : -7
93,120,534 : -10
24,95,352 : -12
21,180,957 : -11
250,292,748 : -8
298,410,760 : -8
47,156,857 : -11
135,277,417 : -10
143,418,783 : -9
1,240,918 : -10
34,95,772 : -11
56,61,802 : -12
76,354,848 : -10
466,755,937 : -7
2,110,589 : -11
57,108,535 : -11
36,46,392 : -13
437,602,778 : -7
245,584,652 : -7
488,590,750 : -7
62,284,755 : -10
84,411,537 : -9
247,311,552 : -8
262,884,958 : -7
125,417,677 : -9
122,427,579 : -9
131,141,740 : -10
448,565,837 : -7
27,281,943 : -10
590,810,936 : -6
261,347,389 : -9
268,633,766 : -7
337,546,590 : -7
212,478,975 : -9
808,869,892 : -6
242,438,823 : -8
159,202,483 : -11
140,175,429 : -11
27,217,227 : -13
48,90,325 : -12
22,200,665 : -11
158,191,382 : -11
348,715,947 : -7
42,186,497 : -11
496,742,968 : -6
114,267,296 : -10
219,464,490 : -10
129,160,945 : -10
34,205,281 : -12
40,88,986 : -11
131,214,525 : -10
30,163,527 : -11
9,634,781 : -9
209,602,755 : -8
65,300,995 : -10
86,205,319 : -11
284,355,565 : -8
76,323,900 : -10
276,465,567 : -8
8,344,636 : -10
64,606,735 : -9
94,315,450 : -10
75,330,696 : -10
568,597,817 : -6
61,100,471 : -13
97,656,940 : -8
5,18,581 : -12
164,582,585 : -8
43,206,330 : -12
328,446,887 : -8
24,246,624 : -10
141,288,689 : -9
84,347,926 : -9
451,819,910 : -7
554,576,953 : -6
23,343,510 : -10
205,844,974 : -8
172,551,712 : -8
256,511,604 : -7
2,154,270 : -12
345,816,963 : -7
25,94,868 : -11
320,555,849 : -7
53,373,785 : -10
192,436,863 : -9
70,77,141 : -14
185,401,753 : -9
124,201,597 : -10
327,720,956 : -7
164,234,626 : -9
11,227,317 : -12
207,462,607 : -9
35,262,618 : -10
51,790,805 : -9
84,111,378 : -11
612,853,950 : -6
572,647,956 : -6
123,609,826 : -8
61,93,300 : -12
637,662,928 : -6
476,822,897 : -7
62,677,849 : -9
55,666,843 : -9
236,483,667 : -8
64,630,671 : -9
168,298,464 : -10
99,146,711 : -10
179,299,592 : -9
38,529,992 : -9
99,713,933 : -8
243,402,467 : -9
456,917,967 : -7
54,360,786 : -10
63,460,542 : -10
182,798,1000 : -8
128,584,935 : -8
197,301,375 : -10
168,336,729 : -9
106,669,890 : -8
39,353,459 : -11
67,637,766 : -9
188,644,703 : -8
126,154,795 : -10
70,211,770 : -11
159,179,610 : -10
74,113,232 : -12
309,581,883 : -7
64,140,862 : -11
55,588,647 : -9
144,793,820 : -8
600,846,852 : -6
212,413,551 : -9
89,351,525 : -9
381,391,514 : -8
613,833,947 : -6
323,487,664 : -8
157,558,792 : -8
91,481,905 : -9
274,316,566 : -8
65,709,918 : -9
218,324,722 : -9
141,172,266 : -11
8,491,532 : -10
157,339,342 : -10
173,460,739 : -9
152,182,783 : -10
59,603,650 : -9
26,247,661 : -10
204,211,222 : -12
340,442,482 : -9
364,396,409 : -9
463,495,909 : -8
32,75,562 : -12
242,243,893 : -8
263,644,901 : -7
305,364,403 : -9
467,777,813 : -7
177,190,194 : -12
202,679,890 : -8
304,341,716 : -8
52,199,688 : -11
110,332,352 : -10
454,764,860 : -7
39,327,520 : -10
17,169,887 : -11
316,367,503 : -8
82,204,962 : -10
112,589,879 : -8
259,326,740 : -8
432,697,926 : -7
11,646,944 : -9
27,87,832 : -11
237,384,523 : -8
87,113,970 : -10
55,130,815 : -11
92,232,886 : -9
515,697,698 : -6
123,332,782 : -9
531,559,780 : -6
258,735,765 : -7
307,413,841 : -8
34,189,662 : -11
246,519,953 : -7
90,333,357 : -10
186,532,556 : -8
212,913,923 : -8
155,804,929 : -8
138,192,255 : -11
7,38,799 : -12
68,226,983 : -11
73,728,880 : -9
144,408,573 : -9
28,374,979 : -10
74,434,469 : -11
297,380,547 : -8
15,435,968 : -10
127,196,933 : -10
337,361,949 : -8
48,593,674 : -9
83,112,117 : -12
118,146,189 : -12
93,618,738 : -8
8,472,555 : -10
379,380,585 : -8
191,566,818 : -8
178,338,491 : -10
512,829,878 : -6
25,166,635 : -11
430,537,870 : -7
182,367,582 : -9
369,577,817 : -7
29,210,909 : -11
69,267,631 : -10
79,632,904 : -9
33,788,904 : -9
335,363,776 : -8
99,413,498 : -9
104,594,875 : -8
183,715,731 : -8
322,365,594 : -8
15,367,497 : -10
390,814,955 : -7
177,834,991 : -8
286,731,761 : -7
510,807,866 : -6
19,162,773 : -11
414,569,637 : -7
233,265,749 : -8
325,333,815 : -8
477,942,966 : -7
439,444,536 : -8
356,655,753 : -7
17,403,980 : -10
79,357,759 : -10
127,363,781 : -9
80,196,784 : -11
87,531,963 : -8
196,404,879 : -9
195,559,698 : -8
188,668,836 : -8
12,181,221 : -13
271,489,635 : -8
194,744,934 : -8
53,189,404 : -12
76,412,809 : -10
423,811,983 : -7
95,331,492 : -10
285,292,548 : -8
10,818,910 : -9
81,158,467 : -11
57,121,704 : -11
238,762,842 : -7
154,270,569 : -9
52,275,424 : -11
110,122,261 : -11
80,642,867 : -9
144,289,897 : -9
148,542,832 : -8
348,457,623 : -8
159,920,998 : -8
143,448,626 : -9
61,474,791 : -10
455,467,971 : -8
149,225,601 : -10
83,98,225 : -12
236,250,295 : -9
3,416,965 : -10
40,80,422 : -13
65,310,893 : -10
504,772,993 : -6
13,447,826 : -10
273,521,949 : -7
217,265,617 : -9
48,587,899 : -9
522,777,914 : -6
167,322,588 : -9
5,307,349 : -11
190,784,830 : -8
163,204,407 : -11
2,396,431 : -11
39,524,799 : -9
166,476,592 : -9
203,528,655 : -8
96,121,231 : -11
135,669,884 : -8
201,529,671 : -8
235,340,686 : -8
53,136,177 : -13
215,767,940 : -8
67,374,845 : -10
17,208,278 : -12
37,514,859 : -9
667,774,822 : -6
9,40,447 : -13
91,348,768 : -9
230,260,567 : -8
14,186,420 : -12
80,870,871 : -9
76,420,530 : -10
142,353,403 : -10
595,846,911 : -6
220,892,934 : -8
221,382,1000 : -9
33,77,564 : -12
63,137,706 : -11
223,405,539 : -9
29,77,153 : -14
326,449,672 : -8
722,937,989 : -6
187,427,865 : -9
153,266,304 : -10
294,671,840 : -7
19,772,892 : -9
346,370,527 : -8
76,120,530 : -11
46,493,835 : -10
152,426,627 : -9
172,278,421 : -10
96,142,923 : -10
132,447,954 : -9
1,119,503 : -11
477,866,904 : -7
12,279,311 : -11
471,736,791 : -7
272,692,864 : -7
294,652,700 : -7
179,408,789 : -9
492,736,888 : -7
59,438,599 : -10
225,296,615 : -9
143,250,507 : -9
337,596,931 : -7
36,213,835 : -11
174,752,768 : -8
496,571,872 : -6
416,543,986 : -7
237,314,557 : -8
183,373,451 : -10
52,445,696 : -10
123,158,475 : -11
227,269,576 : -9
75,130,915 : -11
226,326,459 : -10
36,113,695 : -11
32,145,923 : -11
147,507,885 : -8
50,473,924 : -10
27,177,933 : -11
758,802,971 : -6
139,246,484 : -10
193,275,465 : -10
72,140,221 : -13
210,496,828 : -8
157,288,927 : -9
210,641,679 : -8
9,737,974 : -9
39,90,769 : -11
387,850,958 : -7
831,865,970 : -6
137,282,685 : -9
98,155,941 : -10
478,662,698 : -7
147,443,895 : -9
389,763,906 : -7
174,718,988 : -8
385,402,431 : -9
178,185,219 : -12
291,686,868 : -7
86,232,830 : -9
159,813,939 : -8
13,120,265 : -12
62,98,287 : -12
346,552,705 : -7
486,706,743 : -7
468,779,860 : -7
8,61,517 : -12
303,501,679 : -7
23,412,554 : -10
60,297,839 : -10
167,674,703 : -8
115,473,949 : -9
56,794,820 : -9
42,106,523 : -11
79,276,359 : -11
26,556,887 : -9
627,768,782 : -6
69,353,983 : -10
71,161,660 : -11
199,334,861 : -9
142,170,419 : -11
248,264,443 : -9
207,660,846 : -8
106,435,938 : -9
290,453,853 : -8
8,657,734 : -9
38,115,175 : -13
377,884,914 : -7
94,517,890 : -8
15,202,490 : -12
89,288,688 : -9
226,229,754 : -9
165,377,838 : -9
72,280,989 : -10
2,99,194 : -13
548,920,958 : -6
326,421,732 : -8
18,654,851 : -9
171,216,235 : -11
219,262,428 : -10
258,803,990 : -7
371,538,857 : -7
165,171,854 : -10
143,371,929 : -9
898,908,997 : -6
444,533,988 : -7
168,184,463 : -11
18,302,305 : -11
162,401,709 : -9
68,334,985 : -10
4,433,470 : -11
273,302,488 : -9
474,730,985 : -7
188,696,724 : -8
169,316,742 : -9
37,392,485 : -11
17,115,769 : -11
293,682,854 : -7
218,656,995 : -8
15,182,394 : -12
504,834,966 : -6
771,803,808 : -6
42,690,741 : -9
58,153,369 : -12
233,939,1000 : -7
68,134,810 : -11
362,795,990 : -7
42,184,754 : -11
578,608,672 : -6
444,917,986 : -7
25,169,248 : -12
559,661,829 : -6
126,427,439 : -10
399,737,996 : -7
72,680,968 : -9
227,313,389 : -10
422,699,975 : -7
94,918,959 : -8
279,371,952 : -8
328,653,861 : -7
406,627,930 : -7
251,301,877 : -8
299,306,998 : -8
40,67,341 : -13
68,463,825 : -10
34,194,530 : -11
664,744,764 : -6
22,205,215 : -13
12,388,716 : -10
106,544,922 : -8
46,249,617 : -10
580,609,954 : -6
701,723,957 : -6
17,327,621 : -10
218,264,291 : -10
270,528,982 : -7
208,226,765 : -10
390,600,614 : -7
146,205,863 : -10
318,675,921 : -8
248,287,505 : -8
138,456,965 : -9
80,826,896 : -9
5,368,999 : -10
512,635,825 : -6
388,468,487 : -9
31,303,397 : -11
301,361,812 : -8
450,694,922 : -7
20,109,361 : -12
256,725,733 : -7
217,389,712 : -9
136,281,624 : -9
31,162,181 : -13
213,534,586 : -8
66,419,477 : -11
43,58,423 : -13
57,360,936 : -10
22,43,335 : -13
19,232,685 : -10
179,300,541 : -9
28,381,502 : -10
252,257,484 : -9
128,241,351 : -10
217,366,623 : -9
148,229,628 : -9
401,796,819 : -7
28,102,580 : -11
47,105,737 : -11
321,538,987 : -7
313,509,537 : -7
83,699,970 : -8
38,121,157 : -13
227,332,413 : -10
259,648,883 : -7
195,252,687 : -9
122,468,484 : -10
543,587,699 : -6
333,584,587 : -7
103,568,839 : -8
38,201,415 : -12
59,98,656 : -11
207,278,359 : -10
435,950,977 : -7
228,659,703 : -7
152,458,971 : -9
295,574,622 : -7
383,502,857 : -7
64,581,948 : -9
473,553,931 : -7
77,429,817 : -10
85,277,854 : -9
897,972,995 : -6
166,599,686 : -8
169,529,583 : -8
53,393,944 : -10
209,453,929 : -9
67,147,599 : -11
117,200,833 : -10
193,500,714 : -8
166,316,438 : -10
266,433,595 : -8
22,149,792 : -11
88,613,800 : -8
102,132,831 : -10
470,499,631 : -7
72,119,738 : -11
240,611,758 : -7
367,492,880 : -8
1,552,680 : -9
72,491,526 : -10
310,483,618 : -8
44,53,711 : -12
46,257,844 : -10
86,863,974 : -8
285,455,494 : -9
51,541,642 : -9
60,330,639 : -10
40,536,629 : -9
424,465,843 : -8
144,166,717 : -10
85,125,868 : -10
233,338,512 : -8
172,263,725 : -9
42,789,834 : -9
33,78,176 : -14
418,641,978 : -7
545,924,994 : -6
729,760,894 : -6
103,419,769 : -9
190,332,436 : -10
197,425,458 : -10
443,796,922 : -7
294,956,999 : -7
41,708,855 : -9
257,542,842 : -7
765,932,948 : -6
26,65,636 : -12
47,386,392 : -11
126,386,515 : -9
16,609,966 : -9
24,746,855 : -9
91,436,535 : -9
48,231,560 : -10
309,511,535 : -7
229,378,708 : -8
355,643,729 : -7
83,663,845 : -8
10,26,395 : -13
322,668,925 : -7
49,372,621 : -10
129,249,254 : -10
75,244,675 : -10
71,124,681 : -11
824,946,998 : -6
101,210,804 : -10
14,315,727 : -10
267,540,786 : -7
261,414,645 : -8
73,191,242 : -12
86,183,646 : -10
89,361,812 : -9
220,869,979 : -8
189,393,746 : -9
168,215,274 : -11
63,129,391 : -12
184,298,669 : -9
52,630,678 : -9
7,124,932 : -11
228,240,299 : -9
97,351,993 : -9
347,710,752 : -7
415,461,649 : -8
161,207,208 : -12
404,506,634 : -7
76,439,673 : -10
93,143,526 : -10
7,107,672 : -11
173,224,323 : -11
387,526,547 : -7
43,561,689 : -9
19,354,651 : -10
152,209,489 : -11
3,138,562 : -11
258,683,876 : -7
307,334,852 : -8
146,180,982 : -10
329,486,664 : -8
6,362,860 : -10
74,743,951 : -9
28,867,991 : -9
396,407,875 : -8
31,311,941 : -10
165,271,343 : -10
234,284,877 : -8
192,319,744 : -9
449,510,615 : -7
45,215,643 : -11
16,434,905 : -10
111,160,691 : -10
181,293,295 : -10
175,546,747 : -8
404,444,493 : -9
117,195,286 : -11
302,657,882 : -7
84,187,434 : -11
189,398,676 : -9
13,16,154 : -14
244,325,614 : -8
58,130,396 : -12
49,54,807 : -12
260,801,862 : -7
63,170,901 : -11
118,414,766 : -9
127,321,508 : -9
12,279,497 : -10
350,560,704 : -7
153,449,873 : -9
177,487,619 : -9
71,208,421 : -12
86,150,687 : -10
287,903,972 : -7
619,808,874 : -6
85,185,903 : -10
225,653,875 : -8
390,570,889 : -7
378,498,726 : -7
