235,249 : -1.7032142857142858
235,345 : -1.8298809523809507
235,350 : -1.660238095238093
235,353 : -1.8932142857142853
60,249 : -1.703214285714286
249,975 : -1.9633333333333338
672,822 : 1.0369047619047624
30,822 : -0.4654761904761888
8,822 : -1.2232142857142843
822,904 : 1.0369047619047622
397,545 : -1.361666666666665
279,397 : -1.3774999999999995
147,397 : -1.339047619047618
86,397 : -1.6466666666666654
238,545 : -1.4657142857142857
139,545 : -1.7431746031746018
74,545 : -1.7572619047619045
516,880 : -1.3865476190476171
488,516 : -0.13571428571428557
178,516 : -1.6149999999999982
313,516 : -0.4523809523809518
188,880 : -1.439325396825396
534,880 : -1.7575000000000003
827,880 : -1.7574999999999998
151,153 : -1.7733333333333323
151,242 : -1.5471428571428565
151,483 : -0.4202380952380943
151,503 : -0.02440476190476093
151,409 : -1.2666666666666662
153,553 : -2.087532467532466
153,185 : -1.7032142857142851
153,349 : -1.2573809523809518
632,664 : -0.5066666666666665
147,632 : -1.0857142857142847
491,632 : -0.18999999999999984
459,664 : -0.21666666666666645
286,431 : -0.5675000000000001
124,286 : -0.42650793650793617
431,493 : -0.475
431,742 : -0.5833333333333333
540,668 : 1.3083333333333338
540,937 : 1.3083333333333338
297,540 : -0.46999999999999953
540,921 : -0.6713095238095232
21,221 : -0.07619047619047559
21,738 : 2.213333333333334
21,941 : 0.5388095238095245
21,750 : -0.25059523809523687
21,501 : 2.213333333333334
221,986 : -0.9223809523809521
150,221 : -0.6692514430014417
221,705 : 0.6146825396825399
197,508 : 0.19904761904761958
197,434 : -0.7747023809523799
197,306 : -0.9567857142857131
197,234 : -1.3718452380952373
197,828 : -1.31190476190476
508,527 : -0.5700000000000001
58,881 : -0.6785714285714279
58,450 : -0.31666666666666654
58,94 : -0.7124999999999998
65,881 : 1.4478571428571438
17,943 : -0.9138095238095238
17,630 : -0.8004761904761908
17,75 : -0.3083730158730156
556,943 : -0.6333333333333335
7,400 : -0.8264880952380946
7,854 : -0.9169642857142853
7,130 : 0.7310714285714293
7,291 : 2.4553571428571432
7,821 : 0.8009523809523813
7,533 : 0.4935714285714299
383,400 : -1.940714285714286
258,400 : -1.8223412698412682
400,607 : -1.8932142857142849
261,525 : 0.8285714285714291
261,424 : -0.013333333333332642
79,261 : 0.154047619047621
59,261 : -0.38404761904761886
741,999 : -0.8866666666666665
47,741 : 0.23321428571428626
595,999 : -0.633333333333333
856,882 : -1.09
760,856 : -0.9474999999999998
856,929 : -0.1716666666666652
856,912 : 0.9416666666666669
30,882 : -0.8052380952380936
584,882 : -1.4566666666666663
43,563 : -0.1985714285714275
26,43 : -1.46112554112554
43,446 : -0.7007142857142848
43,661 : 2.2339285714285717
43,823 : 2.2339285714285717
43,186 : -0.9540476190476183
563,750 : -2.0809523809523807
244,563 : -1.7642857142857138
47,224 : -1.5696626984126971
47,523 : -0.6068452380952369
47,316 : -1.440595238095237
47,886 : 1.2925000000000002
150,224 : -1.5283982683982675
224,775 : 0.5351388888888893
45,224 : -1.8677182539682537
131,224 : -2.016626984126983
36,609 : 1.7579797979797984
28,36 : -0.12368686868686773
36,89 : -0.9000667388167366
36,959 : 1.7579797979797989
36,843 : 1.3137878787878794
36,334 : 0.15956709956710058
26,36 : -1.4810678210678185
36,429 : -0.20082972582972436
181,609 : -0.8074999999999996
123,678 : -1.4118055555555538
71,123 : -2.414583333333333
123,375 : -0.46444444444444466
123,161 : -1.2044642857142847
45,123 : -1.84156746031746
150,678 : -0.19071969696969582
678,798 : -1.4249999999999994
101,473 : -0.5699999999999995
101,107 : -0.7916666666666667
62,473 : 2.1421590909090926
473,685 : -1.045
161,812 : 0.908531746031747
134,161 : 1.0668650793650798
161,1000 : 1.0668650793650798
120,161 : -1.1384920634920626
53,161 : 0.0037698412698425887
421,812 : -0.5145833333333328
350,472 : -1.203095238095237
350,983 : -1.5788095238095217
108,350 : -1.1535714285714278
318,350 : -1.5335714285714273
308,472 : -1.3086507936507923
432,472 : 0.5571428571428573
232,472 : -1.2822619047619048
537,624 : -0.9500000000000002
537,709 : -0.1874999999999999
537,777 : -1.3571428571428574
495,624 : -0.9025000000000002
624,921 : -1.5471428571428572
185,630 : -0.8208333333333326
561,630 : -0.868333333333333
437,630 : 0.9416666666666669
76,635 : 0.9786111111111117
76,966 : 1.3584722222222223
76,586 : -0.29305555555555507
76,206 : -0.44097222222222154
45,76 : -1.4485119047619044
635,670 : 0.10000000000000031
149,388 : -0.42500000000000004
149,960 : -0.8321428571428573
149,891 : 0.5750000000000002
53,388 : -1.3571428571428574
388,747 : -1.1196428571428567
411,523 : 1.7279166666666668
523,699 : 0.2558333333333338
523,760 : -0.4883333333333324
202,523 : -0.25083333333333246
383,697 : -1.3232142857142861
326,383 : -0.8550000000000002
13,924 : 0.3800000000000008
13,911 : -0.4749999999999992
13,55 : -0.221666666666666
13,444 : -0.221666666666666
13,608 : -0.45916666666666606
504,924 : -0.7599999999999998
26,839 : -0.15422077922077726
26,723 : -0.15422077922077793
26,960 : -1.1268398268398259
26,150 : -2.0704996392496358
90,371 : -0.9443452380952374
90,292 : -1.3458333333333325
90,393 : 0.1357142857142858
90,653 : 0.45238095238095255
90,354 : -0.6559523809523808
263,371 : 0.31666666666666743
371,700 : -0.25333333333333297
173,371 : -0.9341666666666655
39,371 : -2.5306944444444444
449,940 : 0.09999999999999998
66,449 : 2.0929761904761914
446,744 : -1.5675
386,446 : -1.3141666666666656
209,446 : -1.1875
194,829 : -1.0924999999999998
194,925 : -1.425
194,218 : -1.314166666666667
595,829 : -0.7916666666666666
815,829 : -0.7916666666666664
99,415 : -1.1173809523809513
99,623 : -0.6627380952380939
99,567 : -0.37976190476190386
99,582 : 0.018095238095238386
99,895 : 0.5880952380952387
370,415 : -1.845714285714286
415,925 : -1.703214285714285
415,708 : -1.4657142857142853
331,344 : -0.9816666666666662
331,606 : -0.5066666666666667
40,331 : -0.7665476190476186
344,550 : -1.2033333333333331
163,344 : -0.6823412698412689
815,929 : 0.15833333333333377
145,929 : 0.15833333333333377
605,929 : 0.158333333333334
222,983 : -1.3933333333333326
73,983 : -1.6165079365079351
189,252 : -1.4363095238095234
189,308 : -1.2365079365079343
189,428 : -1.2191666666666656
134,252 : -1.3571428571428572
66,252 : 0.2400000000000011
157,514 : 0.5984776334776349
42,157 : -1.0592604617604602
157,825 : 2.0451298701298706
157,579 : -0.7315223665223652
14,157 : -0.9014411976911962
157,358 : 0.12347763347763407
256,514 : -1.5471428571428567
22,301 : -0.1130952380952377
22,468 : 1.0517857142857148
22,346 : 0.16285714285714403
22,490 : 0.020357142857144184
22,505 : 2.418452380952382
22,410 : 1.3684523809523814
112,301 : -0.7258333333333319
12,301 : -0.554166666666666
301,583 : 0.3375000000000006
399,643 : 0.0950000000000002
352,399 : -0.8338888888888882
216,643 : -0.6966666666666663
614,643 : 0.6649999999999998
643,866 : 0.0950000000000002
181,703 : -1.4838095238095232
98,181 : -1.1241666666666656
181,457 : -1.1241666666666665
55,112 : -0.7099999999999997
55,175 : -1.1399999999999997
112,832 : 0.9416666666666671
112,137 : -0.820833333333333
465,490 : -1.3704761904761906
359,465 : -0.892083333333333
465,879 : 0.7833333333333337
49,465 : -1.0990476190476177
490,725 : -0.9904761904761903
63,88 : -0.6031746031746025
63,234 : -1.2926785714285711
29,63 : -0.5880952380952373
88,105 : -1.0404761904761899
88,294 : -0.8474603174603164
88,507 : -0.1281746031746024
88,675 : 0.32420634920635005
9,88 : -1.1535714285714276
168,928 : -0.01107142857142751
168,621 : -0.011071428571427733
168,803 : 1.2239285714285728
168,773 : -0.24178571428571294
24,168 : -0.44422619047618905
168,808 : 2.6080357142857147
85,928 : -2.1103571428571426
414,928 : -1.357142857142857
16,212 : -0.8550000000000003
16,487 : -1.0766666666666653
16,536 : -0.41166666666666596
16,209 : -0.7599999999999997
64,212 : -1.6466666666666667
212,796 : -1.0925000000000002
243,652 : -1.0688888888888872
135,243 : -0.7586309523809517
243,649 : -0.6888888888888877
243,847 : 1.1368055555555563
239,243 : -1.180853174603174
366,652 : -1.1241666666666663
481,652 : -1.6466666666666663
273,295 : -1.045
3,273 : 0.6201388888888892
295,429 : -0.8007142857142856
679,767 : 0.10000000000000009
767,967 : -0.21666666666666679
210,395 : -0.37071428571428544
210,576 : 0.5616666666666669
210,899 : -0.7233333333333327
29,395 : -0.7509523809523795
293,395 : -1.0857142857142854
395,864 : -1.0857142857142859
327,403 : -0.8459523809523796
325,327 : -0.6401190476190466
327,521 : 0.19904761904761958
327,354 : -0.49761904761904663
327,962 : -0.6401190476190471
403,722 : -0.8957142857142849
403,845 : -1.4498809523809513
403,405 : -1.7032142857142851
165,364 : 0.06333333333333357
165,444 : -1.2983333333333331
364,530 : 0.09750000000000025
364,827 : -0.7600000000000003
364,601 : -0.09499999999999964
182,746 : 0.2834920634920639
182,784 : 0.6001587301587303
45,182 : -1.3873015873015873
182,466 : -1.0621031746031733
2,182 : 0.2834920634920638
202,746 : -1.393333333333333
332,810 : 0.8100000000000005
332,469 : 1.484047619047621
294,332 : 0.2671428571428587
332,770 : 3.1678571428571436
332,499 : 1.6876190476190478
269,332 : 1.5926190476190476
356,810 : -1.3571428571428565
786,810 : -0.4971428571428569
229,703 : -1.6161652236652229
271,703 : -1.6240476190476179
493,616 : -0.31666666666666676
185,493 : -1.0924999999999998
240,782 : -0.8233333333333335
70,240 : -0.8866666666666659
113,240 : 0.06583333333333397
276,782 : -0.3166666666666669
330,946 : -0.4750000000000001
330,818 : 0.0
414,946 : -0.09499999999999964
131,742 : -0.8549999999999993
124,131 : -0.7642857142857139
131,876 : -0.9432142857142854
510,742 : -0.9839285714285708
56,203 : -0.21460858585858456
56,394 : -1.7582196969696966
56,178 : -1.6809379509379503
56,476 : 0.7830303030303036
56,949 : 2.036601731601732
56,773 : -0.6148268398268386
11,56 : -1.3497420634920614
203,471 : -0.5016666666666658
203,340 : -1.2166666666666666
203,990 : 0.8861111111111113
103,453 : -0.12738636363636213
103,229 : -2.0047673160173156
103,592 : 0.7377922077922088
103,598 : -0.36488636363636306
39,103 : -2.3255808080808085
103,264 : -1.6790530303030295
103,772 : -0.12738636363636324
453,521 : -1.678333333333333
304,453 : -0.4749999999999991
41,85 : -0.9115476190476178
41,398 : 0.05654761904762018
41,582 : 0.45238095238095244
41,559 : 1.6923809523809528
41,866 : 0.5473809523809527
85,159 : -2.056071428571429
11,85 : -1.2574152236652223
440,860 : -0.22166666666666635
340,440 : -1.0766666666666667
440,562 : -0.8074999999999996
325,440 : -0.9341666666666656
119,860 : -1.1988095238095235
319,785 : -0.8233333333333334
126,319 : 0.3455555555555557
785,811 : -0.6649999999999997
217,785 : -0.705714285714285
565,968 : 1.3083333333333336
546,968 : -0.8499999999999999
696,968 : 1.3083333333333336
142,968 : -0.3433333333333325
28,97 : -1.4289087301587302
28,204 : 0.11041666666666705
28,136 : -1.0241666666666656
554,569 : 0.29000000000000026
554,588 : -0.8049999999999996
125,554 : -0.23499999999999943
25,193 : -0.8233333333333325
25,945 : -0.474999999999999
25,685 : -0.3166666666666659
25,349 : -0.6149999999999989
193,604 : -1.3390476190476173
193,778 : -0.6016666666666655
193,769 : -0.9499999999999994
260,922 : 0.19499999999999995
260,483 : -1.1714285714285704
116,260 : 0.09321428571428647
19,942 : -0.8776190476190471
19,852 : -1.3209523809523795
19,178 : -2.2234523809523807
19,23 : -0.9469841269841268
19,217 : -1.533571428571427
317,942 : 0.19904761904761914
209,226 : -1.0133333333333332
226,423 : -0.5066666666666665
78,546 : -1.5109523809523793
78,887 : -0.9859523809523799
78,394 : -2.15031746031746
78,124 : -1.7906746031746026
51,78 : -0.11761904761904707
87,546 : -1.4807936507936499
385,396 : -0.7600000000000001
24,385 : -1.2508333333333317
385,512 : -0.42499999999999993
255,385 : -0.6649999999999994
396,901 : -0.2799999999999998
396,596 : -0.8957142857142855
50,65 : -1.0856150793650783
50,457 : -1.802738095238094
50,285 : -1.8355357142857138
50,447 : -1.4883333333333326
50,981 : -1.7914285714285698
65,842 : 1.4209523809523823
65,987 : 2.9479365079365083
65,615 : 0.49833333333333363
65,160 : -1.2719119769119756
39,65 : -1.8895833333333336
574,645 : 0.5750000000000002
568,645 : -0.615
591,645 : -0.8049999999999999
105,598 : -1.2930555555555552
77,105 : -0.05555555555555469
105,322 : -0.29305555555555485
105,603 : -0.9613095238095233
225,774 : -0.9316666666666664
225,994 : 0.4325000000000001
225,646 : -0.28249999999999975
774,851 : -1.2191666666666663
211,774 : -0.7303571428571412
207,369 : 2.220446049250313e-16
207,655 : -0.158333333333333
207,687 : 2.220446049250313e-16
369,684 : -0.6333333333333329
229,258 : -1.7413239538239524
5,229 : -2.138665223665223
229,292 : -1.8808080808080798
229,359 : -1.4755501443001433
146,258 : -1.385793650793649
258,406 : -0.4041269841269831
49,258 : -1.4792857142857128
840,887 : 0.828571428571429
793,887 : -0.0040476190476185225
534,887 : -1.0990476190476188
83,253 : -0.2782142857142851
83,98 : -0.676309523809523
83,603 : -0.3732142857142846
83,850 : 0.5880952380952386
83,925 : -0.6763095238095231
83,329 : 0.10178571428571537
251,253 : -1.4046428571428573
253,623 : -2.0538095238095235
511,939 : -0.5516666666666653
511,617 : -1.3005952380952384
511,522 : -0.9974999999999994
511,588 : -1.393333333333333
851,939 : -0.44083333333333297
485,939 : -0.7439285714285706
939,984 : 0.941666666666667
692,948 : 0.8333333333333335
341,948 : 0.1000000000000002
441,948 : -0.058333333333333015
505,698 : 0.10000000000000009
336,359 : -2.0922619047619033
198,359 : -0.13749999999999918
102,135 : 1.285714285714286
135,753 : -0.9952380952380948
135,401 : 1.285714285714286
135,577 : -2.1601190476190473
275,325 : -1.6263095238095233
275,682 : -1.2938095238095237
33,275 : -0.6933080808080802
54,596 : -0.8323809523809512
37,54 : -1.153571428571428
54,700 : -0.23523809523809447
54,551 : -0.44107142857142734
49,54 : -1.3661904761904742
596,834 : -0.5473809523809521
481,596 : -0.9907142857142852
222,591 : -0.9975000000000002
222,890 : -0.3799999999999999
59,222 : -0.42500000000000027
92,591 : -1.3232142857142857
757,852 : -1.99047619047619
434,852 : -1.899999999999999
71,334 : -2.6238095238095225
71,288 : -1.5936507936507924
71,81 : -1.9923611111111104
71,360 : -2.0629960317460307
233,334 : -1.6813492063492048
262,627 : -1.8679563492063478
6,262 : -0.510714285714285
262,336 : -2.094146825396823
3,262 : 0.08567460317460418
64,262 : -1.4449801587301576
246,627 : -2.6238095238095216
148,627 : -0.7426587301587282
571,963 : 0.10000000000000009
552,963 : -0.08999999999999975
188,259 : -1.6079761904761896
188,237 : -2.1356150793650786
188,361 : 0.09990079365079474
188,421 : 0.4215674603174612
159,188 : 0.21460317460317557
259,466 : -1.0859920634920628
259,287 : -0.7130158730158725
124,259 : -1.3791468253968249
259,809 : 1.766607142857143
259,510 : -0.09174603174603091
337,444 : -1.124166666666666
232,337 : -1.2350000000000003
233,337 : -1.2282142857142853
337,439 : -0.9024999999999996
205,321 : -1.2930555555555545
178,205 : -1.8977380952380931
205,398 : -1.6624999999999988
321,909 : -0.5172222222222219
20,321 : -0.960555555555555
321,352 : -1.7548611111111094
126,321 : -1.330138888888888
104,598 : -2.4654761904761906
27,104 : -0.6408730158730163
104,285 : -1.1422619047619038
29,434 : -0.2601190476190466
29,378 : 0.13571428571428612
29,821 : 0.13571428571428612
38,677 : -1.14
38,353 : -1.5041666666666662
38,171 : -0.9922222222222213
425,677 : -0.9499999999999997
84,246 : -2.018749999999999
84,908 : -0.6333333333333327
84,975 : -0.8708333333333331
84,980 : -0.7758333333333329
84,381 : 1.0500000000000007
82,246 : -1.9923611111111101
27,246 : -2.0338293650793644
239,246 : -2.497519841269841
512,628 : 0.29000000000000015
300,512 : -1.0425
20,451 : -1.1399999999999997
20,390 : -1.2666666666666655
451,640 : 1.1102230246251565e-16
62,589 : 4.6246212121212125
62,160 : 1.4046717171717178
62,557 : 0.7459469696969714
62,706 : 3.3834974747474758
62,577 : 0.8336760461760502
62,195 : 0.9186742424242436
62,647 : 1.1243019480519505
62,553 : 0.5559469696969712
69,137 : -1.5132142857142854
69,623 : -1.6398809523809519
69,318 : -1.6647619047619024
69,271 : -1.5561904761904732
137,932 : -1.3300000000000003
10,487 : -1.3775
133,487 : -1.519999999999999
487,788 : -0.8049999999999999
277,561 : -0.9975000000000003
277,908 : -1.219166666666667
277,362 : -0.5066666666666666
366,561 : -1.0766666666666664
561,807 : -1.6466666666666665
228,601 : -0.5699999999999993
228,794 : -1.124166666666666
228,538 : -1.0766666666666656
228,611 : -0.28249999999999975
89,947 : -1.9008225108225103
89,223 : -1.831114718614718
89,357 : -1.294805194805194
89,111 : -0.5576623376623364
248,718 : -0.6785714285714284
14,248 : 1.7155844155844164
712,718 : 0.0
160,577 : -1.9151515151515142
160,360 : -2.2252705627705627
483,503 : -0.09226190476190332
133,483 : -1.7597619047619042
503,699 : -0.809761904761904
296,503 : -1.3639285714285698
288,755 : -0.6172619047619027
147,288 : -1.101309523809522
288,974 : 1.5695833333333336
288,765 : 1.2198809523809528
75,755 : -0.4033730158730148
220,755 : -1.3571428571428563
129,831 : 0.6514285714285726
129,597 : 1.9547619047619063
129,496 : -0.06785714285714217
129,347 : 0.16964285714285832
129,711 : -0.30535714285714133
72,129 : -1.438571428571428
304,831 : 0.25333333333333385
322,869 : 0.33750000000000013
322,548 : -0.5041666666666659
164,264 : -2.00517857142857
164,813 : -0.43428571428571383
164,466 : -1.5220238095238086
164,594 : -1.4159523809523793
164,577 : -2.31845238095238
237,264 : -2.5725396825396816
264,281 : -1.377499999999999
264,384 : -1.5199999999999991
75,777 : -0.40337301587301555
75,647 : -1.1090873015873006
75,345 : -1.070634920634919
75,391 : -1.2628968253968245
306,777 : -1.8638095238095236
116,743 : 1.6250000000000009
116,143 : -1.1013095238095223
116,961 : -0.2734523809523801
116,581 : -0.7484523809523804
268,888 : 0.5616666666666669
268,861 : -0.4066666666666665
251,268 : -0.23499999999999954
15,468 : 0.7501984126984133
304,439 : 0.41166666666666707
231,304 : 0.5700000000000003
109,304 : -0.7011904761904751
18,837 : 1.6883333333333335
18,86 : -0.6760714285714271
18,590 : -0.8389285714285702
18,842 : 0.2470238095238103
18,981 : -0.6260714285714272
239,753 : -1.251587301587301
120,239 : -2.1148809523809513
239,757 : -1.4136904761904758
163,239 : -1.726587301587301
236,753 : -1.006547619047618
478,753 : -0.2732142857142854
97,352 : -1.850992063492062
97,176 : -1.2493253968253961
97,952 : -0.6748015873015869
97,138 : -1.4393253968253958
97,309 : -1.2389087301587294
751,925 : -1.0924999999999996
184,751 : 0.040714285714286924
68,408 : 0.10126984126984206
68,985 : 2.2857142857142865
68,244 : 0.006269841269842202
68,747 : 0.24376984126984202
68,328 : 0.006269841269841425
68,315 : -0.7326190476190468
408,492 : -0.9746428571428569
284,408 : -0.8479761904761901
177,933 : 0.10000000000000009
404,933 : 0.10000000000000042
15,394 : -1.4868253968253975
187,394 : -2.5273015873015874
394,618 : -0.8655555555555553
507,806 : -1.8638095238095242
507,711 : -1.7869047619047613
184,806 : -0.6401190476190469
489,806 : -1.5855952380952376
311,323 : 0.5750000000000004
250,311 : -1.0449999999999997
323,427 : 0.2583333333333335
323,368 : 1.3583333333333334
323,356 : -0.4883333333333323
92,139 : -1.697936507936507
92,725 : -0.6240476190476181
92,752 : -0.4207142857142855
60,139 : -2.014603174603174
6,139 : -2.0884920634920627
100,139 : -1.4265079365079352
32,310 : 1.4400000000000002
32,713 : 1.6750000000000003
32,64 : -0.2008333333333322
32,671 : 1.675
310,953 : 0.10000000000000009
206,764 : 0.414166666666667
206,944 : 0.414166666666667
206,993 : 1.9495833333333334
206,975 : -0.4249999999999996
308,764 : -0.7931746031746024
658,828 : -1.3164285714285708
376,658 : 0.3282142857142861
588,828 : -1.6014285714285688
211,828 : -1.1374999999999988
27,74 : -0.9131944444444441
27,485 : -0.27444444444444427
27,836 : -0.40337301587301544
27,617 : -0.27444444444444394
74,673 : 0.3139880952380958
74,376 : -0.7142857142857134
4,469 : 1.3709523809523825
140,772 : -0.6333333333333325
140,435 : -0.5654761904761895
140,647 : -1.2938095238095224
140,156 : 4.440892098500626e-16
140,581 : -0.8549999999999994
772,838 : -1.5833333333333328
158,538 : 0.10000000000000009
158,708 : 0.33750000000000013
158,343 : -0.8999999999999996
538,708 : 0.14750000000000119
538,917 : -0.39333333333333265
531,947 : -1.094761904761903
590,947 : -1.9271428571428557
52,947 : -1.8389285714285715
46,376 : -0.09226190476190421
46,579 : -0.6579761904761893
46,420 : 0.5091666666666668
46,558 : 1.9495833333333337
46,663 : 0.9841666666666666
376,650 : 1.7912500000000002
376,682 : 0.48654761904761934
357,720 : 0.8785714285714288
61,357 : -0.352380952380951
257,357 : -0.510714285714285
380,739 : -0.6333333333333333
380,500 : 1.1102230246251565e-16
281,380 : -0.5541666666666663
81,739 : 0.23750000000000004
34,918 : 0.46746031746031913
34,750 : -0.33551587301587193
34,192 : 0.37698412698412775
34,73 : -1.223313492063491
34,270 : 0.7662698412698421
34,921 : -0.24051587301587296
66,918 : 0.726309523809524
863,911 : -0.691666666666666
150,911 : -0.4044696969696959
148,435 : -0.26765873015872865
435,846 : -1.5154761904761895
475,526 : 0.5616666666666669
475,631 : -0.7233333333333334
475,506 : -0.6624999999999993
230,588 : -1.266666666666666
167,184 : -0.2601190476190459
167,861 : -0.9499999999999995
167,900 : -0.26666666666666605
184,387 : -1.4363095238095225
184,524 : -1.0630952380952374
409,850 : -0.7690476190476188
409,412 : -1.7755952380952362
257,409 : -0.6107142857142849
634,952 : -0.8821428571428571
634,716 : -0.31666666666666676
634,792 : -1.2191666666666663
642,952 : -1.0404761904761903
452,590 : -1.6398809523809526
234,452 : -0.791666666666666
67,452 : -1.3695833333333334
590,594 : -1.7823809523809513
462,858 : -0.47499999999999964
462,794 : -0.9816666666666664
278,462 : -1.1102230246251565e-16
217,858 : -0.7373809523809517
492,740 : 0.39833333333333365
293,406 : -1.2666666666666666
122,293 : -1.0857142857142859
3,6 : 0.19499999999999995
3,298 : 0.14513888888888915
3,267 : 1.2901388888888892
6,300 : -1.5411111111111109
6,430 : -0.2111111111111107
6,8 : -1.7944444444444434
133,294 : -2.144285714285713
506,865 : -1.3775000000000004
33,506 : -1.0243001443001434
316,506 : -1.4577976190476178
297,865 : -1.1400000000000001
541,865 : -1.0133333333333332
148,382 : -0.030158730158729385
148,520 : 0.931150793650795
39,148 : -1.8954761904761899
148,905 : -0.383531746031745
382,824 : -0.7238095238095239
382,868 : -1.626309523809523
641,819 : 0.8333333333333335
393,819 : -0.1533333333333332
707,819 : 0.41666666666666685
114,807 : -0.7599999999999987
114,308 : -1.2082341269841264
114,404 : 6.661338147750939e-16
114,893 : 1.303333333333334
114,550 : 0.3166666666666669
320,807 : -0.52
348,602 : -0.9341666666666669
348,544 : -0.6649999999999999
348,969 : -0.37999999999999934
348,579 : -1.2938095238095233
448,602 : -1.836666666666667
315,602 : -0.9040079365079352
245,930 : -0.5699999999999993
245,961 : -0.8866666666666659
213,245 : -1.0223809523809508
245,287 : -1.2146428571428567
930,977 : -0.6107142857142851
40,60 : -1.3930952380952375
60,988 : -1.8932142857142855
231,688 : -0.2533333333333332
725,915 : 1.1500000000000004
106,725 : -0.1849999999999995
80,637 : -1.2666666666666664
80,604 : -1.2757142857142854
80,553 : -1.5718181818181813
79,637 : 0.271428571428572
326,724 : 0.41666666666666696
326,662 : 0.0
724,957 : 0.10000000000000009
625,818 : -0.5699999999999998
109,625 : 0.27142857142857213
377,500 : -0.31666666666666665
377,488 : -0.4750000000000003
618,958 : -1.1399999999999997
35,958 : 0.7690476190476196
77,450 : -0.5333333333333328
187,242 : -1.8110317460317453
107,242 : -0.5564285714285714
242,306 : -1.5855952380952374
236,884 : 0.15833333333333366
236,430 : -0.15833333333333266
236,838 : 0.15833333333333388
428,884 : -0.9816666666666665
187,316 : -1.5923809523809511
316,799 : -1.696428571428571
305,626 : 0.10000000000000009
305,646 : 0.48000000000000054
339,457 : -1.4091666666666658
98,299 : -0.9974999999999992
98,402 : -0.13749999999999962
299,307 : 0.1900000000000004
82,979 : 0.3694444444444456
82,365 : 0.844444444444445
82,233 : -1.3047420634920628
82,87 : -0.8926984126984118
82,781 : 0.8444444444444442
567,979 : -0.6690476190476187
237,386 : -1.7220634920634903
118,237 : -1.6210317460317452
154,237 : -1.8698412698412676
14,564 : 0.8664772727272734
14,941 : 1.1455844155844161
14,584 : -0.45546717171717066
14,33 : -1.3943632756132736
14,585 : 2.903075396825396
471,763 : -1.1332142857142848
298,447 : -0.5157142857142855
447,552 : -0.5632142857142851
447,715 : -0.26238095238095216
10,548 : -1.0924999999999998
10,138 : -1.6149999999999998
120,345 : -2.295833333333332
120,951 : -2.248333333333333
279,799 : -1.5199999999999998
190,279 : -0.6308333333333331
464,799 : -1.3300000000000003
719,784 : -1.0450000000000002
48,719 : 0.6650000000000001
390,504 : -0.7599999999999996
176,390 : -1.440833333333332
217,390 : -1.3390476190476173
504,830 : -0.8685714285714285
61,701 : 0.9916666666666671
8,61 : -1.295833333333333
61,969 : -0.3749999999999991
152,745 : 0.5247619047619054
152,255 : 0.366428571428572
152,920 : -0.501904761904761
152,763 : -0.8346428571428557
152,789 : 0.8414285714285719
227,745 : -0.8866666666666666
339,607 : -0.9974999999999998
339,839 : -1.1399999999999992
607,769 : -1.1399999999999997
200,607 : -1.7823809523809513
290,481 : -1.3299999999999996
290,684 : -0.9024999999999994
290,599 : -1.1807142857142852
417,814 : 0.10000000000000009
510,814 : -0.3071428571428567
196,280 : -0.30874999999999975
118,196 : -0.08293650793650675
154,196 : -1.2587499999999983
196,722 : -0.9974999999999993
280,1000 : -1.1400000000000001
280,995 : -0.2714285714285709
173,416 : -1.1241666666666672
173,853 : -1.7733333333333332
416,499 : -0.7283333333333329
416,584 : -0.8866666666666656
416,438 : -1.0766666666666658
263,365 : -1.2033333333333331
328,684 : -1.119642857142857
93,854 : -1.716785714285713
214,854 : -2.3614285714285703
109,854 : -1.6489285714285709
575,577 : -1.7934523809523797
178,920 : -1.664523809523808
317,513 : -0.8776190476190464
216,317 : -0.6242857142857132
250,317 : 0.7690476190476194
317,438 : -0.7192857142857134
513,568 : -1.370714285714285
513,951 : -1.6557142857142855
513,744 : -1.6557142857142857
539,816 : -0.23047619047619006
539,811 : 0.4483333333333336
539,938 : 1.5166666666666666
539,676 : 0.2900000000000005
72,816 : -0.9228571428571417
2,816 : -1.4838095238095235
557,868 : -1.745984848484848
557,619 : -2.261699134199133
106,557 : -1.191818181818181
1,868 : -0.4817857142857125
594,697 : -1.592380952380952
573,697 : -1.1807142857142854
109,697 : -1.1128571428571417
351,586 : -0.7916666666666666
191,351 : -0.9273809523809515
586,803 : -0.9500000000000001
424,536 : -1.1716666666666664
597,857 : 0.10000000000000009
428,646 : -0.6174999999999996
70,646 : -0.759999999999998
159,421 : 0.12035714285714272
324,421 : -0.3562499999999996
39,81 : -2.121666666666667
81,926 : -0.07916666666666616
81,308 : -1.5512896825396816
81,905 : -0.715277777777777
35,794 : -0.4817857142857135
91,418 : -0.31666666666666665
91,795 : -0.31666666666666665
192,418 : -0.40714285714285714
125,754 : -0.28499999999999914
125,748 : -0.44333333333333236
125,200 : -1.275714285714284
31,754 : -1.085714285714285
136,445 : 1.1500000000000004
86,136 : -0.8999999999999996
136,676 : -0.1849999999999995
4,950 : 3.1677182539682542
4,234 : -0.43819444444444344
4,338 : 1.07125
4,67 : 1.0237500000000006
4,309 : -0.045138888888888284
4,214 : 0.4537500000000001
163,456 : -0.31567460317460216
163,292 : -1.6097222222222207
163,636 : -0.3815079365079358
201,982 : -0.6785714285714284
201,527 : 0.0
23,982 : 1.9769047619047626
174,285 : 0.19904761904761947
37,285 : -1.289285714285714
285,600 : -1.6941666666666657
234,711 : -1.3096428571428562
890,897 : -0.5066666666666665
759,890 : -0.5066666666666665
175,548 : -0.6333333333333331
66,532 : 2.445178571428572
66,72 : -1.2596428571428575
66,405 : -0.8377976190476186
232,691 : -1.0924999999999998
303,691 : -0.9500000000000001
665,691 : -0.6649999999999998
606,712 : -0.3166666666666669
575,706 : -0.9904761904761901
497,843 : -0.05833333333333335
531,843 : -0.2817460317460305
474,528 : -1.6466666666666667
414,474 : -1.124166666666666
113,474 : -0.17166666666666575
528,535 : -1.0221428571428566
138,528 : -1.4725
466,656 : 0.20089285714285743
23,218 : -0.09763888888888794
23,749 : 1.9769047619047626
23,387 : -0.5997817460317457
23,830 : 1.6602380952380957
23,94 : 0.7045833333333338
486,708 : -0.7283333333333329
166,300 : -1.6150000000000004
300,599 : -1.5765476190476175
213,621 : -1.6828571428571428
73,213 : -1.4491269841269823
162,213 : 0.15428571428571491
405,621 : -2.164642857142857
42,470 : -0.7341269841269814
42,191 : -1.2882936507936493
42,619 : -1.7972222222222203
42,762 : 1.0972222222222228
470,485 : -1.6263095238095233
313,470 : -1.1083333333333327
146,604 : -1.456666666666666
87,604 : -1.2634126984126972
733,873 : 0.6249999999999998
873,972 : 0.6249999999999999
9,873 : 0.13015873015873092
391,853 : -0.9198412698412681
391,849 : -0.4765079365079363
37,391 : -1.3948412698412695
391,575 : -1.5079365079365066
564,853 : -1.2166666666666661
688,790 : 2.220446049250313e-16
282,688 : 2.220446049250313e-16
665,790 : -0.823333333333333
477,769 : -0.6966666666666663
477,824 : -0.6333333333333333
458,515 : -0.4750000000000001
176,458 : -0.5224999999999995
515,871 : -0.31666666666666665
309,665 : -1.1849999999999998
59,804 : 0.29000000000000004
227,347 : -0.8821428571428568
170,227 : -0.6625
347,693 : -1.0404761904761903
464,615 : -0.6283333333333336
464,552 : -1.0924999999999998
564,580 : 0.21875000000000022
765,896 : 0.10000000000000009
109,392 : 0.2714285714285718
192,965 : 0.009523809523810045
841,965 : 0.10000000000000009
338,605 : -0.9499999999999998
338,442 : -1.045
113,442 : 0.7308333333333334
146,366 : -0.9791666666666661
208,655 : -0.316666666666666
100,147 : -1.3073809523809499
100,959 : -1.1332142857142844
100,389 : -0.9432142857142847
314,932 : -1.1400000000000001
459,932 : -0.1875
223,587 : -0.25333333333333297
223,533 : -0.6738095238095225
223,352 : -1.649305555555555
223,792 : -1.092499999999999
587,667 : -1.4838095238095237
374,908 : -1.4363095238095236
404,833 : 0.1000000000000002
254,833 : 0.10000000000000009
375,716 : -0.8866666666666669
133,200 : -1.9090476190476182
522,761 : -0.08999999999999975
496,522 : -1.309642857142857
266,761 : 0.10000000000000009
144,180 : -0.21666666666666645
144,363 : 0.7041666666666667
144,551 : -0.2666666666666665
180,386 : -1.1399999999999997
320,945 : 0.29000000000000037
241,479 : -0.026666666666666394
241,934 : 1.1500000000000004
108,241 : -0.43404761904761746
241,384 : -0.519999999999999
479,844 : -1.108333333333333
271,489 : -1.4566666666666652
271,595 : -0.9160714285714271
271,360 : -1.5898809523809518
110,489 : -0.7328571428571419
489,779 : 0.018571428571428905
130,530 : -0.497142857142857
130,183 : 0.2696428571428573
329,834 : -1.1988095238095235
111,278 : -0.8866666666666667
172,320 : 1.5166666666666666
320,820 : 0.29000000000000026
48,219 : 0.3483333333333336
48,608 : -0.5541666666666665
48,549 : 0.3483333333333337
219,454 : -0.475
15,763 : -0.6273015873015867
15,680 : 0.9085317460317461
15,303 : 1.0668650793650791
15,256 : 0.098769841269843
763,903 : -1.1148809523809518
218,335 : -0.8866666666666656
132,218 : -1.1716666666666664
951,981 : -1.728095238095236
448,951 : -1.5674999999999994
441,981 : -1.063095238095237
220,274 : 0.1000000000000002
244,649 : -1.436309523809523
649,867 : -0.9499999999999995
433,827 : -1.6557142857142855
433,876 : -0.8074999999999997
124,433 : -1.1550793650793638
154,433 : -1.9180952380952372
272,917 : 0.5616666666666668
737,917 : -0.4066666666666665
567,875 : 0.8785714285714289
122,567 : -0.88642857142857
108,874 : -0.7057142857142852
108,909 : -0.7057142857142851
170,989 : 0.21875000000000022
150,170 : 0.23928030303030368
530,560 : 0.4325
35,986 : 0.29404761904761967
199,955 : 0.41666666666666663
199,732 : 0.8333333333333335
12,199 : -0.058333333333333015
520,955 : -0.9500000000000002
362,797 : -0.8866666666666665
110,797 : 0.8414285714285721
1,269 : 0.13571428571428612
1,964 : -0.24428571428571322
1,944 : 0.1990476190476198
1,599 : -0.687619047619045
456,710 : 0.33750000000000013
328,456 : -1.1488095238095235
372,427 : -0.9816666666666666
360,756 : 0.9125000000000003
336,360 : -1.5672619047619032
247,372 : -0.665
247,971 : -0.31666666666666676
214,247 : -1.3775
176,372 : -1.0449999999999995
77,783 : 0.4666666666666669
352,836 : -1.462698412698412
355,723 : -1.04047619047619
448,920 : -1.2822619047619048
407,971 : -0.791666666666667
614,749 : -1.1535714285714287
345,913 : -0.7124999999999991
79,524 : -1.0857142857142839
79,143 : -0.6107142857142839
79,651 : 0.11309523809523858
11,524 : -0.9961652236652224
402,859 : 0.72
402,633 : 0.7200000000000001
166,600 : -2.076428571428572
166,593 : -0.8050000000000003
191,414 : -1.1490476190476178
191,412 : -2.0922619047619038
121,936 : 0.10000000000000009
121,721 : 0.10000000000000009
96,844 : -1.097023809523807
96,141 : -1.2483333333333322
96,977 : -1.2892857142857133
96,575 : -1.7869047619047609
73,96 : -1.8641865079365074
844,980 : -1.5358333333333327
119,425 : -1.1988095238095235
113,425 : 0.20833333333333404
398,498 : -0.9499999999999996
190,776 : 1.1500000000000001
8,190 : -1.1691666666666656
190,420 : -0.27999999999999936
35,40 : -0.45666666666666544
35,312 : -0.5767857142857133
40,480 : 0.6702380952380956
174,872 : -0.8866666666666669
127,920 : 0.5571428571428574
717,903 : 0.19500000000000006
93,903 : -0.37523809523809404
370,740 : -0.47250000000000014
284,370 : -0.9974999999999999
312,962 : -2.09
93,312 : -1.0744047619047608
117,962 : -1.0698809523809523
307,935 : 0.19000000000000028
307,846 : 0.3483333333333336
307,636 : 0.0950000000000002
867,935 : -0.5066666666666665
935,976 : -0.18999999999999984
702,977 : -0.45238095238095155
24,977 : -1.323214285714284
113,467 : 2.005000000000001
619,905 : -2.2232142857142847
233,619 : -1.8886904761904746
813,906 : -1.0766666666666662
202,349 : -0.8999999999999992
53,568 : -1.547142857142857
426,533 : 0.03214285714285736
169,835 : 2.93875
169,899 : 1.4325000000000017
169,644 : 2.93875
169,283 : 2.93875
169,353 : -0.33291666666666564
72,169 : -0.8339285714285712
494,786 : 0.10000000000000009
284,651 : -0.9024999999999999
126,284 : -0.865694444444444
33,387 : -1.7903318903318899
33,748 : -0.20699855699855563
33,187 : -1.6056096681096663
387,675 : -1.7982142857142855
498,796 : -0.8233333333333331
142,796 : -0.8074999999999998
324,584 : -1.0766666666666658
531,757 : -1.0065476190476184
87,600 : -1.417083333333332
87,461 : -0.26817460317460284
233,600 : -1.3842857142857141
31,138 : -1.7032142857142851
30,845 : -0.9794047619047604
30,438 : -0.9002380952380941
30,555 : -1.3073809523809503
801,863 : 0.10000000000000009
687,793 : -0.4066666666666665
727,793 : 0.5616666666666669
179,544 : -0.37749999999999984
179,341 : -0.21666666666666645
179,870 : 0.7041666666666668
544,734 : -0.9316666666666665
361,660 : -1.0404761904761899
476,740 : -0.29857142857142815
186,373 : -1.8049999999999984
186,463 : -1.7574999999999994
186,864 : -1.5674999999999994
118,373 : -1.1475396825396817
373,423 : -0.8074999999999996
373,877 : -1.0924999999999994
366,461 : -0.3774999999999995
102,401 : 0.5800000000000001
49,964 : -1.7280952380952377
44,631 : 1.1309523809523812
51,392 : -1.14
484,704 : 0.10000000000000009
70,704 : 0.48000000000000065
52,141 : -1.1465476190476194
52,907 : -1.5199999999999998
141,208 : -0.7507142857142844
141,894 : 0.6702380952380956
367,429 : -1.7032142857142858
265,367 : -0.9974999999999999
367,389 : -1.2825000000000002
110,429 : -0.9771428571428563
9,412 : -1.99424603174603
126,412 : -1.526170634920634
617,760 : -2.0538095238095235
251,343 : -0.4724999999999995
251,463 : -1.266666666666666
270,862 : 0.39880952380952395
270,795 : -0.30714285714285694
737,851 : -0.823333333333333
463,792 : -1.5041666666666664
216,463 : -1.6466666666666656
495,555 : -1.1332142857142857
495,759 : -0.8233333333333331
423,702 : -0.6649999999999997
230,549 : -1.2983333333333331
93,230 : -0.7419047619047611
9,340 : -1.3631746031746022
9,296 : -0.9567857142857129
132,845 : -1.6466666666666665
132,329 : -1.3096428571428567
281,379 : -0.633333333333333
31,315 : -1.168650793650792
315,486 : -0.12817460317460283
315,518 : 1.0168253968253973
731,747 : -1.04047619047619
454,731 : -0.31666666666666654
150,171 : -1.44155303030303
5,233 : -1.9203571428571422
555,667 : -1.4928571428571429
44,667 : 0.1628571428571436
333,905 : 0.22916666666666707
454,889 : -0.14000000000000012
297,889 : -0.6625000000000001
612,889 : 0.4325000000000001
122,648 : -0.7373809523809519
122,211 : -0.9203571428571417
410,660 : -1.0404761904761906
45,660 : -0.6634920634920626
31,555 : -1.6014285714285708
143,424 : -0.895714285714285
143,215 : -1.7280952380952366
154,215 : -1.719047619047618
215,405 : -1.6941666666666666
215,543 : -0.4749999999999991
72,509 : -0.13571428571428445
72,119 : -0.7803571428571421
374,509 : -1.3571428571428565
110,956 : 0.8414285714285721
110,622 : 0.8414285714285719
491,956 : -0.8866666666666667
118,988 : -1.3375396825396817
118,995 : 0.12251984126984228
118,374 : -0.5051587301587293
906,988 : -1.2349999999999994
581,988 : -2.0108333333333324
728,893 : 0.10000000000000031
155,654 : 0.10000000000000009
155,789 : -0.47
535,726 : 0.2696428571428575
44,535 : 0.6946428571428589
156,648 : -0.7916666666666664
156,802 : -0.31666666666666654
599,680 : -1.0540476190476182
208,407 : 5.551115123125783e-16
208,297 : -1.0133333333333334
556,640 : 0.31666666666666676
45,355 : -0.663492063492063
195,336 : -1.9378354978354955
195,820 : -1.1918181818181806
195,907 : -1.4768181818181811
145,961 : -1.2983333333333333
292,502 : -0.983928571428571
57,309 : 0.3215277777777781
95,836 : -1.3571428571428568
553,980 : -1.9359848484848483
93,200 : -1.5607142857142826
171,874 : -0.4538888888888887
897,995 : -1.0404761904761899
276,616 : -0.3166666666666669
11,683 : 1.892451298701299
11,973 : 1.4788347763347773
11,171 : -1.3068001443001436
358,871 : -0.40714285714285703
70,238 : -0.7599999999999999
171,877 : -0.4538888888888888
198,978 : 0.10000000000000009
534,740 : -0.7599999999999999
622,752 : -1.0450000000000002
44,926 : 0.8142857142857148
265,346 : -1.2146428571428571
265,356 : -1.0766666666666658
265,592 : -0.7735714285714281
346,573 : -1.737142857142857
211,970 : 1.3083333333333336
117,211 : -0.6036904761904753
142,562 : -1.1874999999999996
142,314 : -1.045
562,876 : -1.71
296,603 : -1.8638095238095231
73,443 : -0.2231746031746027
389,690 : -0.08999999999999975
690,996 : 0.10000000000000009
531,849 : -0.23523809523809414
5,531 : -1.660238095238094
187,734 : -0.971626984126983
343,998 : 0.4325
895,913 : -1.045
314,960 : -1.5471428571428576
496,573 : -1.5471428571428572
44,378 : 0.877619047619049
502,721 : -0.47499999999999987
356,788 : -0.8050000000000002
572,788 : 0.29000000000000004
44,126 : -0.9180952380952381
355,693 : -0.7238095238095239
238,541 : -1.0133333333333332
5,773 : -2.822857142857142
460,709 : 0.7041666666666668
709,910 : -0.21666666666666645
551,778 : -1.108333333333333
543,781 : -1.1083333333333338
287,608 : -2.053809523809524
117,419 : 0.6292857142857146
117,335 : -0.42071428571428526
353,744 : -1.7575000000000005
381,542 : 0.10000000000000009
126,766 : 1.8175000000000003
274,967 : 0.41666666666666663
274,991 : 0.8333333333333335
413,611 : 0.4325000000000001
611,906 : -0.5674999999999997
902,949 : 0.1000000000000002
559,883 : 0.10000000000000009
900,910 : -0.21666666666666645
826,900 : 0.7041666666666668
570,779 : 0.10000000000000009
666,901 : 0.10000000000000009
518,566 : 0.10000000000000009
613,615 : 1.0444444444444445
128,615 : 1.0444444444444445
593,907 : -0.6149999999999995
289,593 : 0.5750000000000001
419,855 : 0.10000000000000009
115,640 : -0.158333333333333
24,115 : -1.0291666666666655
715,964 : -1.298333333333333
379,976 : -0.6333333333333335
583,694 : 0.10000000000000009
354,872 : -0.9499999999999997
349,931 : 0.7833333333333339
662,802 : -0.6333333333333337
94,642 : -1.108333333333333
67,318 : -1.798214285714285
798,864 : -1.0133333333333332
282,384 : -1.1399999999999997
256,318 : -1.4928571428571418
459,519 : 0.7041666666666667
95,358 : -0.7238095238095237
629,734 : 0.33750000000000013
653,663 : -1.1400000000000001
443,707 : -0.8866666666666665
422,478 : 0.10000000000000009
800,973 : 0.1000000000000002
162,681 : 0.10000000000000009
267,758 : 0.10000000000000031
771,892 : nan
436,578 : nan
455,735 : nan
9,269,734 : 0.10000000000000009
9,248,269 : 0.10000000000000009
340,625,787 : 0.10000000000000009
247,625,787 : 0.10000000000000009
25,626,879 : 0.10000000000000009
25,86,879 : 0.10000000000000009
120,165,532 : 0.10000000000000009
120,358,532 : 0.10000000000000009
25,136,354 : 0.10000000000000009
136,354,846 : 0.10000000000000009
203,209,286 : nan
11,186,212 : nan
631,803,950 : nan
16,694,696 : nan
175,195,455 : nan
226,404,896 : nan
22,240,392 : nan
292,299,302 : nan
368,554,984 : nan
517,587,978 : nan
311,359,927 : nan
216,270,576 : nan
131,386,902 : nan
52,333,381 : nan
71,659,881 : nan
338,645,689 : nan
51,302,775 : nan
85,804,913 : nan
503,761,806 : nan
111,597,741 : nan
18,84,229 : nan
636,642,916 : nan
194,262,314 : nan
158,178,996 : nan
38,361,930 : nan
269,450,746 : nan
255,672,692 : nan
248,621,842 : nan
127,695,749 : nan
41,144,582 : nan
52,626,823 : nan
192,471,541 : nan
10,58,475 : nan
30,217,589 : nan
190,480,526 : nan
3,128,451 : nan
22,859,875 : nan
147,770,953 : nan
85,501,547 : nan
32,90,657 : nan
102,146,400 : nan
208,393,609 : nan
33,904,926 : nan
295,638,931 : nan
238,369,424 : nan
73,641,730 : nan
158,639,892 : nan
69,380,582 : nan
224,513,518 : nan
145,295,426 : nan
28,566,868 : nan
138,260,718 : nan
85,442,574 : nan
334,451,681 : nan
94,274,409 : nan
134,227,591 : nan
25,289,613 : nan
179,680,726 : nan
145,249,771 : nan
97,335,368 : nan
79,116,249 : nan
40,378,482 : nan
283,534,978 : nan
68,137,674 : nan
177,358,663 : nan
174,333,944 : nan
19,167,179 : nan
134,677,727 : nan
737,941,954 : nan
99,322,840 : nan
101,377,666 : nan
287,768,918 : nan
35,241,569 : nan
176,370,848 : nan
295,550,745 : nan
668,748,790 : nan
315,454,583 : nan
127,486,994 : nan
80,122,505 : nan
74,253,419 : nan
341,469,969 : nan
29,101,154 : nan
91,227,444 : nan
194,514,670 : nan
75,655,885 : nan
54,199,204 : nan
105,291,363 : nan
268,780,805 : nan
61,364,862 : nan
220,701,714 : nan
72,450,758 : nan
230,330,975 : nan
40,470,860 : nan
17,540,542 : nan
8,191,910 : nan
211,269,411 : nan
2,169,574 : nan
64,228,565 : nan
189,301,424 : nan
695,764,864 : nan
438,754,786 : nan
155,186,756 : nan
118,209,227 : nan
47,200,797 : nan
107,173,869 : nan
57,367,817 : nan
98,437,732 : nan
185,491,721 : nan
252,771,923 : nan
195,333,592 : nan
104,974,998 : nan
76,219,562 : nan
137,235,470 : nan
53,312,969 : nan
681,820,838 : nan
300,366,797 : nan
246,662,943 : nan
144,456,594 : nan
37,368,720 : nan
263,664,801 : nan
92,128,401 : nan
272,322,628 : nan
143,425,486 : nan
27,282,809 : nan
43,72,444 : nan
95,166,448 : nan
69,128,922 : nan
57,522,755 : nan
221,351,494 : nan
50,80,441 : nan
1,84,295 : nan
155,205,302 : nan
199,276,692 : nan
58,215,445 : nan
143,304,461 : nan
40,230,855 : nan
148,616,621 : nan
31,291,598 : nan
198,837,984 : nan
70,571,801 : nan
1,299,455 : nan
131,476,550 : nan
49,100,193 : nan
170,436,517 : nan
224,546,811 : nan
59,202,543 : nan
203,311,526 : nan
34,99,569 : nan
182,510,602 : nan
222,476,813 : nan
369,593,655 : nan
10,109,216 : nan
27,580,803 : nan
278,705,745 : nan
38,433,641 : nan
775,817,896 : nan
179,722,917 : nan
29,529,860 : nan
236,412,674 : nan
48,78,793 : nan
96,481,992 : nan
196,507,605 : nan
153,348,369 : nan
180,824,995 : nan
430,694,698 : nan
159,565,851 : nan
153,231,509 : nan
59,436,914 : nan
106,300,310 : nan
121,497,502 : nan
156,172,208 : nan
564,686,912 : nan
208,491,781 : nan
693,727,909 : nan
75,147,620 : nan
121,337,620 : nan
14,106,328 : nan
75,888,982 : nan
23,210,611 : nan
800,826,962 : nan
340,642,991 : nan
12,32,65 : nan
383,620,949 : nan
83,175,194 : nan
125,616,704 : nan
420,485,949 : nan
335,499,716 : nan
117,644,712 : nan
46,237,419 : nan
51,278,853 : nan
88,298,672 : nan
280,543,849 : nan
232,707,963 : nan
142,302,379 : nan
271,365,756 : nan
36,56,690 : nan
341,497,556 : nan
64,238,974 : nan
13,153,715 : nan
467,614,786 : nan
293,339,897 : nan
45,145,355 : nan
55,212,226 : nan
85,244,443 : nan
108,158,293 : nan
560,935,940 : nan
102,320,818 : nan
194,310,432 : nan
183,298,679 : nan
115,546,656 : nan
38,123,576 : nan
159,661,997 : nan
390,610,622 : nan
606,896,911 : nan
100,238,713 : nan
119,257,802 : nan
214,659,926 : nan
104,354,509 : nan
297,449,997 : nan
282,319,972 : nan
45,281,660 : nan
105,167,250 : nan
689,885,972 : nan
287,562,997 : nan
101,339,561 : nan
230,426,606 : nan
272,519,702 : nan
44,49,735 : nan
500,674,723 : nan
10,338,467 : nan
2,59,928 : nan
31,61,855 : nan
206,266,581 : nan
69,468,497 : nan
10,222,369 : nan
469,638,980 : nan
110,162,578 : nan
558,572,882 : nan
130,255,419 : nan
133,698,770 : nan
20,200,693 : nan
161,243,587 : nan
31,427,548 : nan
677,800,966 : nan
384,835,877 : nan
51,58,440 : nan
43,209,501 : nan
25,461,787 : nan
130,247,580 : nan
63,654,927 : nan
17,50,342 : nan
223,428,650 : nan
54,102,590 : nan
12,28,172 : nan
374,593,735 : nan
58,474,916 : nan
163,673,992 : nan
24,702,776 : nan
131,468,985 : nan
19,29,689 : nan
57,109,432 : nan
138,458,603 : nan
202,207,752 : nan
498,623,938 : nan
327,520,701 : nan
245,500,769 : nan
15,179,805 : nan
149,738,1000 : nan
357,439,685 : nan
522,711,787 : nan
490,516,703 : nan
248,422,610 : nan
139,155,192 : nan
80,319,586 : nan
86,456,767 : nan
70,637,710 : nan
185,944,992 : nan
67,242,347 : nan
252,319,579 : nan
226,591,934 : nan
4,296,526 : nan
121,244,825 : nan
91,137,351 : nan
382,392,512 : nan
644,701,834 : nan
108,835,973 : nan
170,204,373 : nan
64,102,298 : nan
95,193,878 : nan
162,480,912 : nan
7,305,974 : nan
55,519,547 : nan
5,12,220 : nan
183,330,919 : nan
312,548,955 : nan
28,422,537 : nan
17,88,730 : nan
78,278,848 : nan
130,335,372 : nan
632,945,997 : nan
152,267,560 : nan
460,648,826 : nan
130,338,529 : nan
137,615,661 : nan
70,532,585 : nan
202,204,883 : nan
183,390,452 : nan
111,139,477 : nan
34,143,570 : nan
282,434,978 : nan
407,653,779 : nan
375,406,602 : nan
17,28,957 : nan
396,596,782 : nan
110,381,595 : nan
313,551,837 : nan
247,553,913 : nan
558,861,870 : nan
52,527,600 : nan
73,143,405 : nan
63,325,542 : nan
55,569,932 : nan
323,675,699 : nan
46,213,888 : nan
119,539,865 : nan
140,379,855 : nan
175,654,852 : nan
18,290,407 : nan
70,346,719 : nan
5,124,536 : nan
162,173,736 : nan
329,761,888 : nan
79,226,443 : nan
95,257,967 : nan
214,219,377 : nan
16,530,570 : nan
743,798,901 : nan
1,396,922 : nan
2,35,986 : nan
652,671,907 : nan
515,549,902 : nan
272,669,719 : nan
4,310,639 : nan
191,554,999 : nan
392,574,987 : nan
141,326,833 : nan
138,190,558 : nan
365,458,765 : nan
3,13,723 : nan
351,379,895 : nan
384,388,494 : nan
9,521,810 : nan
410,526,784 : nan
106,172,700 : nan
353,547,858 : nan
254,477,829 : nan
114,392,894 : nan
270,669,976 : nan
91,766,821 : nan
83,482,673 : nan
107,225,953 : nan
120,449,766 : nan
266,498,799 : nan
654,809,869 : nan
98,232,604 : nan
227,547,583 : nan
147,166,633 : nan
63,265,527 : nan
60,363,473 : nan
125,524,717 : nan
200,387,691 : nan
57,220,579 : nan
306,334,1000 : nan
48,55,127 : nan
158,275,423 : nan
14,133,442 : nan
20,672,842 : nan
42,331,766 : nan
388,421,866 : nan
289,820,871 : nan
51,135,149 : nan
296,519,624 : nan
199,286,747 : nan
453,492,512 : nan
76,356,897 : nan
201,529,584 : nan
358,488,692 : nan
55,140,644 : nan
159,639,690 : nan
585,637,728 : nan
364,612,618 : nan
940,966,993 : nan
356,529,731 : nan
5,81,894 : nan
139,250,473 : nan
469,891,989 : nan
578,681,728 : nan
447,610,664 : nan
89,173,956 : nan
475,603,689 : nan
266,612,999 : nan
3,381,543 : nan
11,35,938 : nan
255,310,950 : nan
157,709,954 : nan
39,136,349 : nan
108,286,380 : nan
91,144,629 : nan
168,514,533 : nan
9,518,558 : nan
56,219,413 : nan
355,517,934 : nan
8,774,904 : nan
60,623,976 : nan
216,564,805 : nan
30,525,724 : nan
2,21,500 : nan
117,203,216 : nan
50,289,653 : nan
104,450,726 : nan
8,175,850 : nan
78,116,649 : nan
125,176,279 : nan
218,294,528 : nan
77,317,830 : nan
35,149,379 : nan
6,360,466 : nan
172,230,950 : nan
411,521,597 : nan
24,733,870 : nan
80,284,791 : nan
24,368,387 : nan
30,528,870 : nan
402,509,663 : nan
182,476,488 : nan
61,132,665 : nan
76,352,418 : nan
53,717,904 : nan
79,420,802 : nan
204,225,791 : nan
119,559,729 : nan
52,135,166 : nan
585,819,891 : nan
155,275,609 : nan
411,791,943 : nan
344,738,756 : nan
212,938,960 : nan
189,307,772 : nan
50,552,631 : nan
31,325,474 : nan
24,283,601 : nan
111,146,559 : nan
86,291,413 : nan
435,700,884 : nan
67,151,714 : nan
100,101,493 : nan
91,231,592 : nan
21,142,464 : nan
52,609,963 : nan
29,342,667 : nan
193,273,415 : nan
2,267,462 : nan
126,324,751 : nan
128,289,698 : nan
181,371,839 : nan
163,255,464 : nan
251,342,823 : nan
386,958,998 : nan
104,132,544 : nan
33,670,805 : nan
348,537,588 : nan
152,651,752 : nan
64,461,542 : nan
254,428,430 : nan
5,757,818 : nan
6,305,844 : nan
79,536,804 : nan
144,361,782 : nan
55,445,778 : nan
16,53,858 : nan
106,849,967 : nan
219,363,423 : nan
508,885,927 : nan
22,185,914 : nan
77,263,289 : nan
213,426,789 : nan
128,441,754 : nan
326,393,808 : nan
328,339,710 : nan
240,305,895 : nan
606,751,900 : nan
68,141,393 : nan
180,518,750 : nan
165,389,798 : nan
397,493,871 : nan
67,74,959 : nan
49,341,505 : nan
26,280,286 : nan
266,760,892 : nan
206,486,547 : nan
46,74,463 : nan
13,134,282 : nan
165,180,276 : nan
489,877,894 : nan
197,515,650 : nan
620,779,936 : nan
406,704,762 : nan
189,480,767 : nan
69,612,891 : nan
6,240,254 : nan
8,48,923 : nan
18,66,277 : nan
320,362,383 : nan
432,743,996 : nan
21,256,641 : nan
340,580,998 : nan
101,257,559 : nan
221,666,836 : nan
454,758,814 : nan
105,214,275 : nan
20,104,458 : nan
218,439,455 : nan
361,536,863 : nan
144,714,741 : nan
215,866,918 : nan
141,298,344 : nan
21,201,768 : nan
37,57,279 : nan
145,297,524 : nan
117,266,777 : nan
234,283,657 : nan
11,614,898 : nan
39,122,177 : nan
93,720,808 : nan
160,846,991 : nan
113,175,633 : nan
293,488,876 : nan
159,314,841 : nan
814,901,903 : nan
176,319,970 : nan
225,566,657 : nan
413,784,840,890 : nan
119,164,301,717 : nan
6,140,732,936 : nan
2,484,612,965 : nan
142,235,296,919 : nan
32,215,391,626 : nan
381,478,594,619 : nan
20,303,635,668 : nan
51,188,228,899 : nan
115,417,418,862 : nan
11,729,892,893 : nan
21,608,796,827 : nan
27,376,572,759 : nan
263,362,633,638 : nan
232,239,824,956 : nan
115,192,281,618 : nan
60,517,783,795 : nan
58,66,303,399 : nan
254,276,549,872 : nan
96,357,680,879 : nan
181,318,883,954 : nan
93,109,209,617 : nan
92,628,707,808 : nan
64,103,344,875 : nan
77,336,438,970 : nan
19,722,837,971 : nan
487,580,857,991 : nan
71,407,578,710 : nan
25,189,495,599 : nan
65,429,957,993 : nan
32,78,399,533 : nan
134,256,420,576 : nan
91,185,388,507 : nan
341,627,801,931 : nan
95,96,204,490 : nan
98,128,365,620 : nan
23,335,659,971 : nan
72,145,448,601 : nan
24,270,541,775 : nan
12,136,156,453 : nan
177,613,647,800 : nan
283,287,582,948 : nan
30,63,183,343 : nan
160,367,610,616 : nan
10,821,912,916 : nan
12,101,207,640 : nan
146,349,542,992 : nan
111,484,585,898 : nan
309,343,482,496 : nan
37,38,114,736 : nan
313,329,467,659 : nan
68,154,205,776 : nan
5,362,435,898 : nan
414,427,845,873 : nan
112,459,683,813 : nan
254,263,336,679 : nan
131,155,253,406 : nan
375,496,673,825 : nan
166,383,629,720 : nan
98,220,686,736 : nan
1,106,729,783 : nan
117,342,560,966 : nan
115,313,804,832 : nan
15,48,586,705 : nan
18,82,878,987 : nan
95,384,408,817 : nan
192,241,758,848 : nan
77,97,253,942 : nan
177,607,762,765 : nan
174,648,945,964 : nan
28,550,878,898 : nan
61,132,273,572 : nan
94,671,961,983 : nan
240,292,636,933 : nan
41,68,345,687 : nan
71,199,290,460 : nan
226,449,568,780 : nan
102,401,417,563 : nan
47,58,347,624 : nan
534,538,762,841 : nan
60,205,210,841 : nan
329,718,730,919 : nan
174,367,610,713 : nan
187,250,416,834 : nan
13,51,244,560 : nan
84,156,231,933 : nan
133,135,306,504 : nan
40,442,587,941 : nan
73,318,494,656 : nan
67,172,197,958 : nan
148,190,748,832 : nan
102,277,403,739 : nan
325,439,477,843 : nan
112,170,436,733 : nan
123,154,313,353 : nan
60,468,501,924 : nan
222,517,556,993 : nan
16,418,431,957 : nan
124,165,861,985 : nan
361,377,744,986 : nan
12,378,666,965 : nan
37,49,324,478 : nan
112,127,245,705 : nan
20,47,57,309 : nan
116,355,363,525 : nan
94,311,437,785 : nan
70,146,432,899 : nan
53,375,840,989 : nan
196,284,370,730 : nan
150,261,446,471 : nan
312,595,668,886 : nan
212,267,398,792 : nan
1,32,236,465 : nan
43,110,886,937 : nan
171,235,241,768 : nan
31,237,502,743 : nan
108,322,738,764 : nan
217,268,549,826 : nan
15,566,695,731 : nan
82,173,202,374 : nan
149,530,566,874 : nan
492,576,694,985 : nan
41,494,525,661 : nan
726,872,875,914 : nan
514,535,598,759 : nan
89,90,613,839 : nan
57,274,922,954 : nan
201,347,712,916 : nan
9,42,61,658 : nan
28,233,545,552 : nan
4,57,151,451 : nan
124,196,425,996 : nan
81,393,679,728 : nan
142,443,471,791 : nan
100,497,658,696 : nan
63,264,377,994 : nan
252,410,790,937 : nan
38,167,368,789 : nan
19,459,544,910 : nan
33,125,219,575 : nan
156,272,413,713 : nan
162,291,472,931 : nan
210,436,832,946 : nan
479,541,570,848 : nan
52,76,273,622 : nan
191,441,506,737 : nan
34,618,650,930 : nan
26,363,375,656 : nan
121,288,299,739 : nan
113,330,399,990 : nan
23,234,324,372 : nan
129,130,221,324 : nan
63,198,480,515 : nan
92,557,597,906 : nan
378,678,830,972 : nan
29,398,823,970 : nan
48,99,170,245 : nan
294,330,402,869 : nan
26,45,127,565 : nan
33,121,274,857 : nan
41,69,134,867 : nan
7,250,260,589 : nan
51,112,570,863 : nan
37,457,605,771 : nan
243,385,736,878 : nan
18,184,211,316 : nan
59,460,638,838 : nan
19,321,481,982 : nan
7,126,372,639 : nan
17,128,571,622 : nan
59,123,273,299 : nan
417,695,742,825 : nan
385,389,532,571 : nan
115,118,256,973 : nan
13,59,302,510 : nan
180,445,687,716 : nan
165,729,768,989 : nan
8,77,535,634 : nan
39,54,422,457 : nan
146,162,556,568 : nan
249,501,555,686 : nan
198,386,835,857 : nan
520,676,706,732 : nan
89,107,334,495 : nan
32,107,220,478 : nan
350,611,811,817 : nan
8,10,86,411 : nan
27,30,201,272 : nan
31,42,780,884 : nan
657,683,778,812 : nan
345,574,669,924 : nan
106,567,629,936 : nan
66,370,395,914 : nan
120,794,862,902 : nan
217,788,885,942 : nan
127,134,492,773 : nan
93,589,783,815 : nan
53,137,302,565 : nan
10,132,346,809 : nan
87,138,281,608 : nan
225,685,781,859 : nan
2,149,410,417 : nan
231,276,699,724 : nan
483,605,614,990 : nan
132,198,482,984 : nan
16,127,508,511 : nan
5,53,462,482 : nan
3,183,919,990 : nan
305,331,850,886 : nan
17,107,171,676 : nan
49,257,285,331 : nan
445,519,569,952 : nan
114,177,337,491 : nan
47,74,167,508 : nan
44,303,452,749 : nan
44,184,343,499 : nan
3,160,382,401 : nan
236,374,686,955 : nan
326,366,684,721 : nan
290,362,422,706 : nan
333,671,953,979 : nan
20,54,174,505 : nan
218,268,682,883 : nan
42,521,572,617 : nan
187,426,635,927 : nan
178,180,380,527 : nan
145,164,186,940 : nan
92,232,359,573 : nan
484,485,628,859 : nan
14,46,77,404 : nan
351,431,479,581 : nan
408,434,662,816 : nan
291,365,430,746 : nan
15,278,283,921 : nan
181,307,651,979 : nan
2,73,121,214 : nan
670,674,696,874 : nan
87,578,831,994 : nan
87,231,308,807 : nan
16,38,251,563 : nan
86,111,382,394 : nan
207,258,455,987 : nan
74,198,303,499 : nan
12,242,277,625 : nan
90,141,592,915 : nan
12,37,437,675 : nan
113,525,551,937 : nan
40,265,683,770 : nan
7,201,311,909 : nan
294,378,460,589 : nan
115,204,520,959 : nan
39,342,601,946 : nan
279,316,688,881 : nan
346,682,714,780 : nan
26,314,733,923 : nan
95,172,389,571 : nan
122,735,847,915 : nan
129,342,467,815 : nan
205,427,498,812 : nan
238,306,727,908 : nan
111,210,715,795 : nan
67,94,248,529 : nan
71,80,333,613 : nan
119,228,373,776 : nan
17,94,323,437 : nan
223,280,669,867 : nan
64,502,833,915 : nan
20,183,242,504 : nan
67,133,260,573 : nan
24,213,267,889 : nan
244,479,923,934 : nan
22,107,195,831 : nan
261,583,847,893 : nan
122,147,174,328 : nan
177,207,484,847 : nan
