235,249 : -1.0531103048695423
203,209,286 : -0.7913777116573715
413,784,840,890 : -0.5189780241472246
672,822 : -0.7425939979802565
397,545 : -0.7269679343794966
516,880 : -1.0889947891411489
151,153 : -1.2495219205455346
632,664 : -0.7426546145888029
286,431 : -0.8756130406526468
540,668 : -0.5298789642312456
11,186,212 : -0.7196535713098702
21,221 : -1.0254589656725739
631,803,950 : -0.7193802945113315
119,164,301,717 : -0.7749542078077216
197,508 : -0.910709071873057
16,694,696 : -0.7434176921826121
58,881 : -0.9306119364037204
17,943 : -1.0643936129712808
175,195,455 : -0.85028176651414
7,400 : -1.2396855362821162
261,525 : -0.9144008197618652
6,140,732,936 : -0.7454766188822421
741,999 : -0.6246056522868182
856,882 : -0.866300221709146
43,563 : -0.8119793821821315
47,224 : -1.3305624520511468
36,609 : -0.9353622330953535
123,678 : -0.9076354865204168
226,404,896 : -0.9222809428539731
2,484,612,965 : -0.7176705674389681
22,240,392 : -0.8310291733900805
101,473 : -0.8664419217597956
161,812 : -0.909124525961563
350,472 : -0.979436980269659
537,624 : -1.1880193242688941
292,299,302 : -0.684331642370259
368,554,984 : -0.7674009725719846
17,630 : -0.7764927856718411
76,635 : -0.9639668939306074
149,388 : -0.8989457683666822
47,523 : -1.1661207714840183
517,587,978 : -0.7649930658907818
383,400 : -0.9742805827716756
13,924 : -0.9262336873857224
26,43 : -0.8396898508946609
311,359,927 : -0.6656078144774678
90,371 : -0.6523739721744626
216,270,576 : -0.8312180980039983
449,940 : -0.7763917287534974
43,446 : -0.7603738323502549
131,386,902 : -0.801287944157997
52,333,381 : -0.6632475899146597
194,829 : -1.0079918978069085
142,235,296,919 : -0.8247019931470525
99,415 : -1.29529433657307
71,659,881 : -0.647407995020663
331,344 : -1.2668118899751564
815,929 : -0.7426462379369303
350,983 : -0.7429092275525042
338,645,689 : -0.6220666602680407
189,252 : -1.3121991244390179
157,514 : -0.9576242557259758
22,301 : -1.238243263691703
51,302,775 : -0.5868378468786606
399,643 : -0.5794712924902425
181,609 : -0.9667330352918486
55,112 : -0.6497224913828028
465,490 : -0.5191984966519967
85,804,913 : -0.610356194319319
63,88 : -0.9394316527145339
168,928 : -1.0787054633468145
503,761,806 : -0.7045524703410844
111,597,741 : -0.839268891700444
16,212 : -0.9856282743233455
18,84,229 : -0.8927561862005138
636,642,916 : -0.6383868655405212
194,262,314 : -0.8797546222090205
158,178,996 : -0.6203281427319993
243,652 : -1.0786861418525593
273,295 : -0.7723064810765659
679,767 : -0.7452176101331478
210,395 : -1.023832026850385
38,361,930 : -0.8038652554841024
32,215,391,626 : -0.7371628098515808
327,403 : -1.254011564372869
269,450,746 : -0.7545767560796977
255,672,692 : -0.8208692935779625
165,364 : -0.9320379788947528
182,746 : -0.8252819080927312
332,810 : -0.702294080898227
181,703 : -0.9665788652646197
431,493 : -0.9901889759566855
240,782 : -0.8199136116898011
248,621,842 : -0.6570156490529959
330,946 : -1.1000652797520076
127,695,749 : -0.7712796346718636
41,144,582 : -0.4875748905659534
131,742 : -0.8459720179640837
52,626,823 : -0.8196594846390006
381,478,594,619 : -0.7648502031514879
56,203 : -1.2416917821628441
103,453 : -0.9084557292244637
41,85 : -0.8632825555652615
440,860 : -0.7675701598012128
192,471,541 : -0.6011087210189381
10,58,475 : -0.7491910422801655
319,785 : -0.9076216531565788
565,968 : -0.5286641269592252
30,217,589 : -0.7478019511118399
190,480,526 : -0.7401298687218703
28,36 : -0.9198812213188985
554,569 : -1.1221374827902673
3,128,451 : -0.8259931596638466
20,303,635,668 : -0.684007003132491
22,859,875 : -0.7323262205718999
25,193 : -1.068277530367523
260,922 : -0.8534486886116242
147,770,953 : -0.7356092207864693
19,942 : -0.5858004859557113
85,501,547 : -0.6603605009924252
51,188,228,899 : -0.6556595562083256
209,226 : -0.7582086842934106
78,546 : -1.056142695047253
385,396 : -1.1441049775463918
32,90,657 : -0.8196405485120113
112,832 : -0.825618421591434
50,65 : -0.7032881080559679
574,645 : -0.8663208740032673
102,146,400 : -0.7110570526094282
115,417,418,862 : -0.5886670655029438
88,105 : -1.1157734657786547
208,393,609 : -0.657823539465586
225,774 : -1.1314637403094263
207,369 : -0.732771899248875
229,258 : -1.0062248626152543
78,887 : -0.7975801733930363
11,729,892,893 : -0.7050376911900569
83,253 : -1.0534249311589101
511,939 : -0.6274329072821541
692,948 : -0.9900181608531944
33,904,926 : -0.6874348281229563
505,698 : -0.8004697690561344
359,465 : -1.0340600422608301
135,243 : -0.9193311259600798
21,608,796,827 : -0.6859397053168899
275,325 : -0.990311039879221
54,596 : -1.086088717119972
222,591 : -0.8733461664309736
19,852 : -1.1055736263674727
71,334 : -0.9555022494493461
262,627 : -0.9076188895381465
295,638,931 : -0.5153287288133781
571,963 : -0.7024972519124024
188,259 : -1.0376857753476187
337,444 : -1.1166049661681243
205,321 : -1.101857324003368
104,598 : -0.7776728934955366
29,395 : -1.122300808929265
38,677 : -0.9585577612146947
84,246 : -1.073220824471644
512,628 : -0.8090097520462676
238,369,424 : -0.8529791533717015
20,451 : -0.8260126147747155
27,376,572,759 : -0.5527395487830642
62,589 : -1.0570699685044458
263,362,633,638 : -0.6640725811693049
69,137 : -0.9394389323751151
16,487 : -1.105705621837533
277,561 : -0.8809870022438555
228,601 : -0.574842018122681
73,641,730 : -0.6453322923302678
232,239,824,956 : -0.763298534287759
36,89 : -0.6837273176448595
248,718 : -0.784705770529408
62,160 : -0.8648529947581953
483,503 : -0.4667002730417482
185,630 : -0.8018539908594264
288,755 : -0.7150484027232313
158,639,892 : -0.7568029369048124
69,380,582 : -0.5968076526345429
115,192,281,618 : -0.6068440895838545
129,831 : -1.155060841150065
322,869 : -0.7489824053427057
224,513,518 : -0.9385168692730719
145,295,426 : -0.7837141411876085
28,566,868 : -0.804442630424181
138,260,718 : -0.7554573995680756
85,442,574 : -0.5801391013090043
164,264 : -1.3200389166464084
75,777 : -1.1000661066221102
60,517,783,795 : -0.5822058744093754
116,743 : -1.0313900044120388
334,451,681 : -0.7411853112891131
268,888 : -0.9213156860902272
22,468 : -1.2396776852617561
94,274,409 : -0.6523191669612474
304,439 : -1.07261738320617
58,66,303,399 : -0.8054974677803959
18,837 : -0.8586138470111462
239,753 : -0.9192351101268279
134,227,591 : -0.7506119924169998
28,97 : -1.2831650570617184
25,289,613 : -0.7071653885250013
254,276,549,872 : -0.781659641449191
751,925 : -0.9899974807289162
68,408 : -0.9581741386642944
179,680,726 : -0.65113042591324
177,933 : -0.7676148194715458
56,394 : -1.2104305400159863
145,249,771 : -0.6978049610983974
97,335,368 : -0.6423280748757774
79,116,249 : -0.6884343088609199
40,378,482 : -0.6581829437843294
283,534,978 : -0.8795353508901385
507,806 : -0.8665033226420567
68,137,674 : -0.7901387490763991
311,323 : -0.6636818099424531
92,139 : -1.0763050031743226
32,310 : -0.7977891964949422
177,358,663 : -0.7304163244260315
206,764 : -1.131510036032687
658,828 : -0.6635403200698711
27,74 : -1.0068595645004161
465,879 : -0.3894034501393544
332,469 : -1.155064584892723
140,772 : -0.9922362568018512
158,538 : -0.6184231041768782
174,333,944 : -0.6143502627488795
89,947 : -1.0313142384601601
46,376 : -0.7372839136559106
357,720 : -0.9497674030151524
96,357,680,879 : -0.5983569664938067
380,739 : -1.0725556360894326
19,167,179 : -0.677915489803073
181,318,883,954 : -0.719311073236004
134,677,727 : -0.7942012864791494
34,918 : -0.7291420042344101
737,941,954 : -0.5853938061088211
13,911 : -0.9409927709652175
99,322,840 : -0.8248820841642006
140,435 : -0.9449364982053661
69,623 : -0.9181055783275691
93,109,209,617 : -0.7891535747515881
475,526 : -0.6968487428119479
101,377,666 : -0.6780275767352353
29,434 : -0.8913598070227764
287,768,918 : -0.5939949923475427
588,828 : -0.8415489703661894
167,184 : -0.6857498374854565
409,850 : -0.6858729597850326
634,952 : -0.35501329303685525
452,590 : -0.8681687221039278
462,858 : -0.5534385895547853
13,55 : -0.9390289621899097
103,229 : -1.096349604612282
35,241,569 : -0.8253966377301987
176,370,848 : -0.9379750131527211
92,628,707,808 : -0.6967942998932
408,492 : -0.6683967679835421
293,406 : -0.8596529996380904
3,6 : -0.8961049861012806
88,294 : -0.9767138197745981
64,103,344,875 : -0.6812106440082049
295,550,745 : -0.8347186828310487
668,748,790 : -0.5653960061730725
506,865 : -1.0890112949055282
148,382 : -1.1211972805541652
77,336,438,970 : -0.6936440231194532
641,819 : -0.866308368074008
315,454,583 : -0.7985484458664329
114,807 : -0.8254270415906633
127,486,994 : -0.7758289150439803
348,602 : -1.072777185556569
245,930 : -0.7687587023012183
19,722,837,971 : -0.517000652575528
80,122,505 : -0.738958474084042
60,249 : -0.9447334031619552
74,253,419 : -0.5947392068513113
231,304 : -0.9209869368330543
341,469,969 : -0.7423327947558072
29,101,154 : -0.7929289042765011
91,227,444 : -0.7046625702462395
725,915 : -0.8250638185039447
194,514,670 : -0.8193155069036939
75,655,885 : -0.9050875897543853
80,637 : -0.8279068080146539
54,199,204 : -0.660420781687352
487,580,857,991 : -0.487052710087136
326,724 : -0.9939990563770289
625,818 : -0.7609779298380897
377,500 : -0.751351351467278
618,958 : -0.627810049156317
58,450 : -1.0038604565125206
151,242 : -0.8048667076813025
105,291,363 : -0.5612977686563991
268,780,805 : -0.6554749096219656
236,884 : -0.7201105140308757
9,269,734 : -0.6325821253909463
47,316 : -0.9906959135204125
71,407,578,710 : -0.6481969546827511
25,189,495,599 : -0.7980920186955218
134,252 : -1.093720823655945
46,579 : -0.9540402127366887
305,626 : -0.9351960833568977
27,104 : -1.0860824373170672
50,457 : -0.9257711917302933
98,299 : -0.745138997565074
61,364,862 : -0.7772686621913101
65,429,957,993 : -0.6759016304728256
82,979 : -1.0321148536711409
220,701,714 : -0.6868965331616326
188,237 : -1.1824647292278891
72,450,758 : -0.7605501444898675
14,248 : -0.9395001100783804
203,471 : -0.9638212055779714
230,330,975 : -0.8621340790412366
561,630 : -0.5950060885867199
298,447 : -0.843119698133314
10,487 : -0.9915835677884588
120,239 : -1.138012572798599
40,470,860 : -0.675322891368882
17,540,542 : -0.8974791026319107
279,799 : -0.6882246607182099
8,191,910 : -0.868010044841079
719,784 : -0.5824524921787844
211,269,411 : -0.7277748233091172
2,169,574 : -0.801593962351655
390,504 : -0.550477913044866
64,228,565 : -0.8305265034876759
61,701 : -0.8987177251168634
32,78,399,533 : -0.8074219087434893
189,301,424 : -0.8392967464293262
268,861 : -0.6065929263813894
134,256,420,576 : -0.7219137023964661
91,185,388,507 : -0.9094599935285057
695,764,864 : -0.7044675544856607
341,627,801,931 : -0.6226703435451899
438,754,786 : -0.7338479707608845
152,745 : -0.8312460599998732
95,96,204,490 : -0.8284590710082842
155,186,756 : -0.9005669799445482
98,128,365,620 : -0.6046647593148728
339,607 : -1.122380547862575
118,209,227 : -0.7026147135040572
290,481 : -0.8148437848686059
417,814 : -0.6390835856009054
196,280 : -0.8721255550129918
105,598 : -0.6661282301518177
173,416 : -1.2357990286336533
82,365 : -1.00447923159697
340,625,787 : -0.3763962833574075
23,335,659,971 : -0.45042728612675265
369,684 : -1.0746333526041991
7,854 : -0.8097825228544344
160,577 : -0.4439233735081074
72,145,448,601 : -0.7799128076892881
279,397 : -0.9741335306321539
19,178 : -1.2117725104143826
24,270,541,775 : -0.6682213474309915
317,513 : -1.2540149785257793
539,816 : -0.5125004264688546
344,550 : -1.089253353057806
12,136,156,453 : -0.6357556402272884
47,200,797 : -0.8327918974771038
557,868 : -0.33917356047716396
26,839 : -1.0728741866801927
383,697 : -1.0450465303546372
107,173,869 : -0.7958397736272735
57,367,817 : -0.8864986849527692
177,613,647,800 : -0.7259812802372692
283,287,582,948 : -0.769609380253524
351,586 : -0.7491961470435595
16,536 : -0.728642194309713
597,857 : -0.8585173722638042
428,646 : -0.8910703287684003
98,437,732 : -0.6779551000071409
421,812 : -0.7428342817954126
39,81 : -0.9339718480311578
185,491,721 : -0.7768932539414011
462,794 : -0.4858888746591026
91,418 : -0.9221522749618205
125,754 : -1.0521166149829542
136,445 : -1.0273804371084787
4,950 : -0.6445906432144439
163,344 : -1.0340763324720759
30,63,183,343 : -0.7417615670726061
201,982 : -0.7908503176011497
50,285 : -0.8894339453877844
160,367,610,616 : -0.5603555432017284
252,771,923 : -0.7702672724839306
10,821,912,916 : -0.5676722987088152
4,234 : -0.7588985825422256
280,1000 : -0.8801684766572238
222,890 : -1.0624775495681344
195,333,592 : -0.5993803939019342
62,557 : -1.0792349964977332
10,548 : -0.8591838995462777
66,532 : -0.9907243848077596
232,691 : -1.10793107990186
12,101,207,640 : -0.7032473839497975
712,718 : -0.6603279791146566
62,706 : -0.6877969143782035
488,516 : -0.8963161919275247
594,697 : -0.9900380633422852
75,755 : -0.8251386520598785
497,843 : -0.8584518712808307
474,528 : -0.6000392100363379
259,466 : -0.9244422751481616
19,23 : -0.8102673305508596
178,205 : -0.9720795614336688
538,708 : -0.4462214805571363
300,512 : -1.0066657140348285
104,974,998 : -0.7459522500384732
213,621 : -0.7033660141501992
76,219,562 : -0.8962316261375229
42,470 : -1.001157582279911
304,831 : -0.6610071843967771
146,349,542,992 : -0.6295384898975247
111,484,585,898 : -0.6633571111947283
193,604 : -0.9478303257835077
137,235,470 : -0.7260959293261391
733,873 : -0.7861147071724985
21,738 : -0.9358774869137554
53,312,969 : -0.8306047329419672
391,853 : -0.8802000261375074
688,790 : -0.8251421452612977
309,343,482,496 : -0.5805578622460252
65,842 : -0.6346235639127153
681,820,838 : -0.6109097178880016
37,38,114,736 : -0.7644708250251819
477,769 : -0.9900461930222462
313,329,467,659 : -0.6713898892658932
308,472 : -0.826107321695986
317,942 : -0.4971376382242787
540,937 : -0.6448286543200799
458,515 : -0.9903633858550884
665,790 : -0.8662758206193448
194,925 : -0.7433072121329829
59,804 : -0.5350221924566467
66,449 : -0.9470629476025632
56,178 : -1.014088085653147
68,154,205,776 : -0.6849157358271647
771,892 : -0.8273386018061881
5,362,435,898 : -0.701805609762929
227,347 : -1.11605450688662
300,366,797 : -0.7169499697873323
246,662,943 : -0.839538975329637
144,456,594 : -0.8821662621094515
37,368,720 : -0.8197030640635676
263,664,801 : -0.7313596354686789
275,682 : -0.8270886718596702
414,427,845,873 : -0.6439248929999826
464,799 : -0.9653393429036257
564,853 : -0.7923643957620476
92,128,401 : -0.7875405584133937
765,896 : -0.9076249799209255
109,625 : -0.9538529980543524
192,965 : -0.8019555831253709
338,605 : -0.9078447062575568
112,459,683,813 : -0.6618275355848156
272,322,628 : -0.8121712608899874
143,425,486 : -0.7919845778921906
338,442 : -0.6106656997087261
146,258 : -0.7925230650663813
207,655 : -0.4736255702028416
254,263,336,679 : -0.6317429878685294
100,147 : -0.9302075474927896
137,932 : -0.78470750525205
223,587 : -1.1599446906678614
277,908 : -0.6640423899529524
404,833 : -0.5654433455650549
634,716 : -0.49740111800063813
133,487 : -1.068573186015172
27,282,809 : -0.8563997205519391
258,406 : -1.0561204237464108
146,604 : -0.8832483221982321
522,761 : -0.7925657803153698
563,750 : -0.7126582466681413
43,72,444 : -0.8359198542201698
144,180 : -0.9588775200594051
95,166,448 : -1.0012730174420201
6,300 : -1.1063882633955608
140,647 : -1.0726239461148515
69,128,922 : -0.7483869921020507
57,522,755 : -0.6317145883866901
25,945 : -1.0233761905566023
241,479 : -0.4639247661322534
62,577 : -0.7265686573773114
271,489 : -0.8426014258053116
221,351,494 : -0.682888809805061
50,80,441 : -0.7304521850398218
1,84,295 : -0.831623566145614
7,130 : -1.0077561846225676
596,834 : -1.0890133504092678
155,205,302 : -0.8156468764771843
199,276,692 : -0.836342504739636
278,462 : -0.9087864878049916
14,564 : -1.0762928891116976
320,807 : -0.9076390999742874
210,576 : -0.9290521595005827
58,215,445 : -0.9026250294824485
180,386 : -1.0297875903324023
382,824 : -0.8807140988225663
143,304,461 : -0.7927963945922494
147,397 : -1.073263272816975
48,219 : -0.8787541322186807
15,394 : -0.8537174098534379
15,763 : -1.2210425678767005
25,626,879 : -0.4017944542918772
23,218 : -0.9779485081976267
40,230,855 : -0.7375237625012501
951,981 : 0.012184669638898749
220,755 : -0.5845144796280168
173,853 : -0.8722933652731331
148,616,621 : -0.8172739402089293
3,298 : -0.6144403354854557
62,473 : -0.9472766069689884
595,829 : -1.0230379383115178
243,649 : -0.9193736054292909
433,827 : -0.7100250410536886
31,291,598 : -0.6126477154382031
272,917 : -1.1000685343445604
131,155,253,406 : -0.8198774797643964
375,496,673,825 : -0.6406858589784186
198,837,984 : -0.4920662119111605
63,234 : -0.8153181838205501
607,769 : -1.0890112949055282
567,875 : -0.8910768130525741
453,521 : -1.0560636785746915
108,350 : -0.8949725375790081
166,383,629,720 : -0.6586060072120523
201,527 : -0.7530265318216789
86,136 : -0.8070554192454735
170,227 : -0.8539860083290982
70,571,801 : -0.7652225709823732
364,530 : -0.8611497698176338
1,299,455 : -0.8037483041247508
98,220,686,736 : -0.589672142521005
221,986 : -0.6321406027588234
785,811 : -0.9075858590127455
466,656 : -0.8912383423246797
199,955 : -0.5804731097290183
362,797 : -0.9077612899083269
1,269 : -1.303650957503303
131,476,550 : -0.8395531708878026
456,710 : -0.4874980044045496
1,106,729,783 : -0.7773139903918043
323,427 : -1.0560875049764733
360,756 : -0.4553641634061094
247,372 : -0.579497682568558
77,105 : -0.9418877519158846
97,352 : -1.1578609495954035
26,723 : -0.736774678334271
448,602 : -1.122134803891389
134,161 : -0.9198531484449104
247,971 : -0.5868232635391721
23,749 : -0.973819801494239
120,345 : -1.2445685088168266
79,524 : -0.9046601283227091
402,859 : -0.940795158162508
49,100,193 : -0.7866653168003475
170,436,517 : -0.5092078991219695
117,342,560,966 : -0.6729523632739165
224,546,811 : -0.7545549107915788
166,300 : -1.0511153973066452
59,202,543 : -0.8637454672258311
42,191 : -0.904741846832634
182,784 : -0.71636441063646
121,936 : -0.8086420136055956
115,313,804,832 : -0.6360118922091569
15,48,586,705 : -0.5814981731946842
96,844 : -1.1962970977743517
203,311,526 : -0.8623104159702626
99,623 : -0.8875019750344801
232,337 : -0.9397351522397988
18,82,878,987 : -0.6688494353691168
95,384,408,817 : -0.7871691618202901
129,597 : -1.0892394585904075
425,677 : -0.9242347622666689
192,241,758,848 : -0.5529819069106401
161,1000 : -0.6740199383279406
205,398 : -0.5957879901076817
190,776 : -1.0019674481033451
148,435 : -0.8376500230055111
6,262 : -0.6145807403903802
34,99,569 : -0.7969198562059208
35,40 : -0.9601213036435374
174,285 : -0.6532371891266864
178,920 : -1.0136906422039051
133,483 : -0.7270826563774206
402,633 : -0.6278369799650321
717,903 : -0.7461214507415206
370,415 : -1.199093800206053
182,510,602 : -0.6495363466979196
222,476,813 : -0.8045953875488963
312,962 : -1.0725384167532415
307,935 : -1.1000530453377086
114,308 : -0.750286424360588
930,977 : -0.6611168557493026
113,467 : -0.6706366294695605
369,593,655 : -0.5674577424883296
77,97,253,942 : -0.6378703051176264
416,499 : -0.9902037069610004
10,109,216 : -0.9664501125398122
27,580,803 : -0.8433741524508429
244,649 : -0.6610311188920854
177,607,762,765 : -0.7475461367035454
557,619 : -0.9269115149649931
278,705,745 : -0.5007880417989805
174,648,945,964 : -0.4181743913583247
38,433,641 : -0.5686051993023122
106,725 : -0.7230632709257543
114,404 : -1.035450892610494
775,817,896 : -0.6713842997934734
28,550,878,898 : -0.6079921269338817
164,813 : -0.8548612683462335
202,746 : -0.7496707180853295
179,722,917 : -0.7334089186641011
29,529,860 : -0.6930856513370158
53,388 : -1.0544917550094777
223,533 : -1.0372275721293915
236,412,674 : -0.840783076799851
169,835 : -1.04926309669243
494,786 : -0.9245277681216726
284,408 : -0.9189473142892013
48,78,793 : -0.7023389914506062
33,387 : -1.091197798635715
498,796 : -0.43017322677331404
416,584 : -0.8582875876351819
27,485 : -1.056416697372267
757,852 : -0.9899957894278595
87,600 : -1.006804902219283
10,138 : -0.880101420304749
243,847 : -1.1079360708204273
61,132,273,572 : -0.7052125516151866
94,671,961,983 : -0.723209183214613
206,944 : -0.9372672791284393
96,481,992 : -0.8535346513186395
4,338 : -0.9419007833961912
196,507,605 : -0.9058742098658668
30,882 : -0.784748274008439
863,911 : -0.6624023995668593
552,963 : -0.8581142042008199
530,560 : -0.6297111818611791
153,348,369 : -0.9355047158323537
687,793 : -0.8251634556626497
227,745 : -1.0784741434932457
180,824,995 : -0.8746141908319649
430,694,698 : -0.7770308440001905
240,292,636,933 : -0.6479280642621621
376,650 : -0.9082392331416451
159,565,851 : -0.7731309885838216
179,544 : -0.6565427125298964
37,285 : -0.680849861077869
188,361 : -1.10064173078197
153,231,509 : -0.7591107184627943
59,436,914 : -0.696488123264243
106,300,310 : -0.6734164868580947
121,497,502 : -0.7019885981719063
156,172,208 : -0.8001363624451068
56,476 : -0.836580331995715
507,711 : -0.7674496538969988
186,373 : -0.8681383988611497
14,941 : -0.6606132046098372
564,686,912 : -0.6101294169261999
184,387 : -0.7223558200215312
152,255 : -1.2257862941743527
208,491,781 : -0.7940371857769697
366,461 : -0.6625843501454576
693,727,909 : -0.5349182929035492
75,147,620 : -0.6941759299118468
121,337,620 : -0.6399093295331808
376,658 : -0.6061695831174188
14,106,328 : -0.9519715745430861
254,833 : -0.7703005635318787
448,951 : -0.9900380633422854
102,135 : -0.7027266194950257
75,888,982 : -0.7870971984232766
49,465 : -0.6982706601489861
23,210,611 : -0.9482729436936865
475,631 : -0.742651108007927
41,398 : -0.9756452038375163
41,68,345,687 : -0.7118241044340217
800,826,962 : -0.6697366580751494
331,606 : -0.8916443833065302
109,392 : -1.0934414272640054
340,642,991 : -0.4772114677915096
484,704 : -0.5709885136284072
105,322 : -0.976960077230822
75,647 : -1.128241366106593
12,32,65 : -0.7807792244163227
225,994 : -0.8610249347542178
383,620,949 : -0.8487783186870677
52,141 : -1.0395434351664927
167,861 : -0.7094372272835738
367,429 : -0.8582550886491433
83,175,194 : -0.6714860785863515
125,616,704 : -0.8694536037771377
409,412 : -0.8938186757058388
144,363 : -0.9229089607411816
420,485,949 : -0.8488180236808629
335,499,716 : -0.7065267646505724
30,822 : -1.0726129910044686
511,617 : -0.7268631306365005
414,946 : -0.7429194900020861
151,483 : -0.3276595102694799
237,264 : -0.8823238190515985
251,253 : -0.704802335802603
71,123 : -1.1059926989838988
270,862 : -0.7322436796135947
234,711 : -0.7491770876758941
851,939 : -0.8662955372385199
463,792 : -0.6633260374323013
135,753 : -0.928135420174383
375,716 : -0.9630663708206315
117,644,712 : -0.7391267892657791
46,237,419 : -0.8127567457928806
495,624 : -1.1239770152742126
226,423 : -0.8868193970063811
76,966 : -0.8486096307814566
230,549 : -1.070825447090911
9,412 : -0.9764882001637505
51,278,853 : -0.6816044095239269
132,845 : -0.8461582205631233
176,390 : -0.6862898922973972
264,281 : -0.8535260229480428
341,948 : -0.9097022793852014
315,602 : -1.1717335136903904
702,977 : -0.3745350961157712
148,520 : -0.9851922236548991
88,298,672 : -0.7541985882644671
731,747 : -0.6634900401738419
322,548 : -0.907763859785677
280,543,849 : -0.7309091721712409
232,707,963 : -0.7097419494197088
485,939 : -0.8911607319543484
142,302,379 : -0.5981490329208545
295,429 : -0.8419349757068995
271,365,756 : -0.5987836663473889
71,199,290,460 : -0.7110167739100017
36,56,690 : -0.84517434290194
341,497,556 : -0.7798984921765624
64,238,974 : -0.7972956105708411
61,357 : -1.255963388044771
150,221 : -0.9844099602692906
82,233 : -0.8898967579745767
197,434 : -0.9951400272310336
6,430 : -0.8135916352667949
226,449,568,780 : -0.7738603840694414
68,985 : -0.729619793526207
587,667 : -0.9244045005106947
244,563 : -0.7974096960764896
619,905 : -0.6279915393831241
366,652 : -0.9353412062257591
13,153,715 : -0.8876817700749231
266,761 : -1.0726189847540648
467,614,786 : -0.6758142259559246
293,339,897 : -0.8497104091585004
102,401,417,563 : -0.4230129583626112
166,600 : -0.8024096296092997
151,503 : -0.4221480310802632
454,889 : -0.9075412889479972
46,420 : -0.796703727932782
411,523 : -0.696219280792741
39,148 : -0.8125246118320057
473,685 : -0.7933323418455764
47,58,347,624 : -0.7577471492121359
534,538,762,841 : -0.6922202065184946
122,293 : -1.2175135491013633
410,660 : -0.8012415260383712
45,145,355 : -0.6326193380545739
31,315 : -1.2048190488359936
48,719 : -1.008492064901564
55,212,226 : -0.7477837250716055
68,244 : -1.2582241530269784
490,725 : -0.7590712405456808
222,983 : -0.9903342550344663
42,619 : -1.2725832273259408
30,845 : -0.9079888622482222
85,244,443 : -0.6076105386190931
261,424 : -0.39950483746176246
108,158,293 : -0.9605858886164111
352,399 : -0.9571274872676752
841,965 : -0.7426443361760695
560,935,940 : -0.709199956140645
102,320,818 : -0.7176619475929913
143,215 : -0.783627945106419
194,310,432 : -0.8926605917566195
60,205,210,841 : -0.7032542756005336
366,561 : -0.7319920186062765
106,557 : -0.9200273963565124
183,298,679 : -0.5714754832418119
329,718,730,919 : -0.6112236038712153
184,806 : -1.202156977591577
233,600 : -0.8731512160660455
115,546,656 : -0.743015880659573
567,979 : -0.9241202831347324
513,568 : -1.1220430202495786
329,834 : -0.976402853682607
33,748 : -0.7359368228381704
82,87 : -0.9155670706756194
174,367,610,713 : -0.4909417975928967
120,161 : -0.9906556942169851
38,123,576 : -0.6762698212881817
159,661,997 : -0.7194544459742698
290,684 : -0.8808543101988604
187,250,416,834 : -0.7588885471278548
72,509 : -1.1559759732126333
390,610,622 : -0.6888354228708475
586,803 : -0.8913604037193266
606,896,911 : -0.7596452551272743
150,224 : -1.0028874330643323
376,682 : -0.7979698438803029
437,630 : -0.4659407522801171
100,238,713 : -0.6268381626271153
119,257,802 : -0.7662112881194194
214,659,926 : -0.605125274298828
404,933 : -0.48078221799329857
104,354,509 : -0.786807758645617
297,449,997 : -0.8567441980499755
539,811 : -0.9243138759805938
258,400 : -0.5948911321068402
282,319,972 : -0.7799505243956983
45,281,660 : -0.44737404695646577
724,957 : -0.8273661632305926
13,51,244,560 : -0.6795881794181355
105,167,250 : -0.7833342119179769
689,885,972 : -0.546688274189201
110,956 : -0.9334222452793037
84,156,231,933 : -0.7765013803758525
287,562,997 : -0.7631694846022476
133,135,306,504 : -0.7549183062916864
40,442,587,941 : -0.5876123231943486
15,468 : -1.171658475839818
197,306 : -1.1790066544332376
73,318,494,656 : -0.6409180803909607
99,567 : -1.2705616241270126
101,339,561 : -0.7852704284494512
118,988 : -1.1756494534452298
321,909 : -0.4865035847888546
230,426,606 : -0.9009166799397179
85,928 : -0.8666874857470279
114,893 : -0.8053639247781654
32,713 : -0.7012353239478668
47,886 : -0.8988608339878854
272,519,702 : -0.8309453675146463
307,846 : -0.866416066741234
67,172,197,958 : -0.745483777450249
393,819 : -0.65026372145172
168,621 : -0.9631732042243533
155,654 : -0.9608612316315597
44,49,735 : -0.8343510888829038
148,190,748,832 : -0.750874242863623
241,934 : -0.7195406371722544
528,535 : -0.6296462069739239
4,469 : -1.386034476007306
293,395 : -1.0890666407902043
156,648 : -0.8144044929110297
324,584 : -1.0014715643445875
263,371 : -0.9626131099053046
9,340 : -1.3036535455664975
199,732 : -0.43174756034531825
290,599 : -0.7539949530932128
141,208 : -0.8821029372049809
37,54 : -0.7541358800203364
102,277,403,739 : -0.7443778220901411
500,674,723 : -0.60742647703501
79,637 : -0.9903682827991758
760,856 : -0.7459010312689611
10,338,467 : -0.5591689349396645
325,439,477,843 : -0.7173635068988029
556,943 : -0.7923176850736484
36,959 : -0.8252908177146725
513,951 : -0.8911421214129764
235,345 : -1.0374583235531123
120,165,532 : -0.4995428701493898
112,170,436,733 : -0.4627117885489327
511,522 : -1.0890442991163427
191,414 : -1.0938379855117257
45,182 : -1.0034044543465006
303,691 : -0.7430656516726426
297,865 : -0.8664327481397909
387,675 : -0.7851608470321825
62,195 : -1.2494132603742578
145,929 : -0.9703669254444647
123,154,313,353 : -0.7196951711966364
195,336 : -0.976269675723862
60,468,501,924 : -0.6216940797461554
83,98 : -1.3407552942176517
2,59,928 : -0.7844168004893337
194,218 : -1.015574685305885
31,61,855 : -0.807981861091956
176,372 : -0.8329824635149401
222,517,556,993 : -0.7539513841848751
168,803 : -1.1314950311889493
206,266,581 : -0.893301470111457
90,292 : -1.1347207373123656
69,468,497 : -0.7975791603760105
23,387 : -0.9413609472101043
57,309 : -0.40723366292501373
21,941 : -1.039965750219527
10,222,369 : -1.0176573563717604
16,418,431,957 : -0.6597002697791374
469,638,980 : -0.656051864153846
260,483 : -0.574770207723208
124,165,861,985 : -0.65948238458854
118,196 : -0.7253488073064296
110,162,578 : -0.7721076829810027
23,982 : -0.6370197698475462
558,572,882 : -0.46900445199719343
361,377,744,986 : -0.6615512177996397
127,920 : -1.0725777991742316
42,157 : -1.1159752751064569
27,836 : -1.1551310875409726
169,899 : -1.0372049341520855
737,917 : -0.9900136983917553
160,360 : -0.8726198051057465
553,980 : -0.8911464525271338
40,331 : -0.9382911133954335
361,660 : -0.8944024184200408
523,699 : -1.0890043733684243
130,255,419 : -0.7575614310847534
163,456 : -1.30116286725407
133,698,770 : -0.6927764205336235
20,200,693 : -0.654691330693363
93,903 : -0.9928445541263407
112,301 : -0.923485583685274
46,558 : -0.6696784488466601
108,874 : -0.6439298815427037
161,243,587 : -0.7574509011395809
31,427,548 : -0.8229304219655189
12,378,666,965 : -0.7023880245070722
677,800,966 : -0.6423503984061154
384,835,877 : -0.5489377549603152
206,993 : -0.8669256139672539
890,897 : -0.9076321297547603
51,58,440 : -0.9792081703795328
493,616 : -0.9923966368685959
43,209,501 : -0.543357286183785
11,524 : -0.9429436196196157
37,49,324,478 : -0.6454956353080561
25,461,787 : -0.8337716847225911
216,643 : -1.0607524575736424
306,777 : -1.1550273804124025
130,247,580 : -0.634689962004789
515,871 : -0.9900490996959024
441,948 : -0.9078403988158166
74,673 : -0.8626661211050735
64,212 : -1.142947744989062
407,971 : -0.6774030771318698
70,646 : -0.9361089747623146
208,655 : -0.9902446435253383
171,874 : -0.5601339264008511
112,127,245,705 : -0.5659113368424027
665,691 : -0.618883887907443
564,580 : -0.9596065974024057
63,654,927 : -0.6736605826200215
20,47,57,309 : -0.5087830072294499
116,355,363,525 : -0.6972794079681062
94,311,437,785 : -0.5971493654031248
300,599 : -0.8424670801151426
25,86,879 : -0.4685576299509686
225,646 : -1.2021579925031816
728,893 : -0.701558414861821
546,968 : -0.8912172593211323
17,50,342 : -0.8566082556358856
388,747 : -0.7425902424693396
326,383 : -0.9638841233602184
97,176 : -0.7415302959708656
223,428,650 : -0.8345085604604212
70,146,432,899 : -0.7285578249400597
198,978 : -0.8257643125212577
476,740 : -0.8416925052310611
157,825 : -1.078485091055681
873,972 : -0.9900237061970556
54,102,590 : -0.7876898081474033
110,622 : -1.0443400922414163
12,28,172 : -0.5462190095586394
28,204 : -0.7050580013211565
374,593,735 : -0.7222296866772449
108,241 : -0.7902402812830549
856,929 : 0.01219418349164414
53,375,840,989 : -0.710466562436902
58,474,916 : -0.5773845049676569
8,822 : -0.8254537021397035
196,284,370,730 : -0.5938086212481626
163,673,992 : -0.8854857180771043
81,926 : -0.8058382086209006
265,346 : -0.9927350147823866
66,72 : -1.2651954639095342
263,365 : -0.670885005432758
24,702,776 : -0.5433775214854712
110,489 : -1.047854725853508
66,252 : -1.183655307282863
131,468,985 : -0.6578962447565491
211,828 : -1.1314556668937992
19,29,689 : -0.6667044539629563
271,595 : -0.8252005970392751
57,109,432 : -0.9510518507505186
118,995 : -0.8066299166400723
333,905 : -0.6881326498764309
120,951 : -1.1137915966630234
191,351 : -1.029577321616129
92,591 : -1.1922556767203245
150,261,446,471 : -0.6769602146959424
14,584 : -0.9309164187882906
15,680 : -0.9328897164665144
312,595,668,886 : -0.6123169856637938
71,288 : -1.0091037363648265
504,924 : -0.8913304004565208
377,488 : -0.9902425267658759
535,726 : -0.5859564448195353
737,851 : -0.9075407357479677
138,458,603 : -0.5993049183564407
146,366 : -0.8955986655648354
202,207,752 : -0.8356902607015817
539,938 : -0.8416241379014013
498,623,938 : -0.6077100515754292
212,267,398,792 : -0.7219091979887733
118,373 : -0.8876193635833012
176,458 : -0.8218624139823767
276,782 : -0.5935361111924853
1,32,236,465 : -0.7840169365630443
327,520,701 : -0.7128762457441054
142,562 : -1.076838701155475
83,603 : -0.9901865372858423
245,500,769 : -0.8878173514978203
73,983 : -0.9174573356941551
43,110,886,937 : -0.7516832724670468
15,179,805 : -0.7588325289045996
211,970 : -0.8077914040931451
149,738,1000 : -0.7264222039580996
15,303 : -1.1062124606316832
389,690 : -0.8663627160373033
357,439,685 : -0.644876200105784
522,711,787 : -0.6144183860297532
348,544 : -0.859750108861193
188,421 : -0.7738804412199307
296,603 : -0.7701711643295588
391,849 : -0.9353821604270309
249,975 : -0.688992593831794
20,321 : -1.1166834572693727
294,332 : -0.6339440887655834
490,516,703 : -0.8334241112330847
531,947 : -0.8911696333506036
248,422,610 : -0.6340954558985148
143,424 : -0.780077027637256
622,752 : -0.7592361268978687
72,816 : -0.734259617382377
78,394 : -0.8489524966774789
139,155,192 : -0.9321052763980728
33,187 : -0.985660646585742
380,500 : -0.6198216534376875
343,998 : -0.8277986515263853
80,319,586 : -0.9246114573913338
171,235,241,768 : -0.6275975148467285
895,913 : -0.9899952989425134
590,947 : -0.8417100986667563
428,884 : -0.7927491989204276
140,156 : -1.143589213918406
142,314 : -0.9155341463985582
489,806 : -1.0889982468620345
86,456,767 : -0.8114542749733271
125,748 : -0.41794122942638134
114,550 : -1.0364923502112497
228,794 : -1.0019008392258288
11,683 : -0.9737334409053753
92,725 : -1.0313073203300003
496,522 : -0.7292890110548342
70,637,710 : -0.6731798845818018
191,412 : -0.7938485975019782
75,345 : -1.2131060096896351
185,944,992 : -0.7457757954663018
145,961 : -0.7455742019725018
340,440 : -1.171803306268929
31,237,502,743 : -0.865781963329262
130,530 : -1.0155936510914865
108,322,738,764 : -0.7807514646295521
67,242,347 : -0.589913385921661
217,268,549,826 : -0.73758577668115
491,956 : -0.7514963827630665
68,747 : -0.9077555203646819
15,566,695,731 : -0.7165570398653947
252,319,579 : -0.8059856774571386
150,678 : -0.9076706155887684
236,430 : -0.8592113146422902
801,863 : -0.8252362568424949
325,327 : -1.2375367731801257
82,173,202,374 : -0.771901918114839
22,346 : -1.155229175972293
226,591,934 : -0.6089476321442882
149,530,566,874 : -0.7406162991709617
251,343 : -0.9098022896361058
171,877 : -0.5481960520455047
772,838 : -0.9076492671437111
4,296,526 : -0.6912986580395633
78,124 : -1.099164597174167
89,223 : -1.2788934929039701
121,244,825 : -0.795508445347813
492,576,694,985 : -0.4671137002297734
91,137,351 : -0.743830664653836
189,308 : -1.1789315512248573
122,648 : -0.7039101882352179
382,392,512 : -0.7917246948858045
43,661 : -0.844595401532354
414,474 : -0.7622312352949479
554,588 : -1.0890479112659253
321,352 : -1.1000685422045233
41,494,525,661 : -0.6087800608707454
644,701,834 : -0.6714724496392848
21,750 : -0.9408405393519474
29,378 : -0.713284448594125
726,872,875,914 : -0.561535104060751
14,33 : -1.0602918989993335
297,889 : -0.9948446734925507
696,968 : -0.7840387566998084
216,317 : -1.2139933113960364
514,535,598,759 : -0.6142648651416334
492,740 : -0.759205433692308
89,90,613,839 : -0.5608655279579482
124,131 : -0.7045521224976192
292,502 : -0.8096544493185567
336,360 : -0.7437553070715701
57,274,922,954 : -0.570044192740921
108,835,973 : -0.5900847518304793
79,143 : -0.76531792035416
364,827 : -0.832600452307207
487,788 : -0.6774954268397857
245,961 : -0.9665250195381834
37,391 : -1.119358034416026
44,378 : -0.8192710660893181
116,143 : -0.8339193342638462
118,374 : -1.2518812613781387
112,137 : -0.8264024807439583
170,204,373 : -0.7646483135244229
26,960 : -0.7350170531160525
1,868 : -1.0726043043074123
64,102,298 : -0.6241036078842921
124,286 : -0.9103935810164323
81,308 : -1.0797425364067106
27,617 : -0.9083706632956223
441,981 : -0.47914976182572655
95,193,878 : -0.6864361355353008
356,788 : -0.9106364082521936
201,347,712,916 : -0.6158198869958493
162,480,912 : -0.8098767905754323
7,305,974 : -0.7903961647299353
187,242 : -1.0632261828684322
347,693 : -0.47124843802473215
434,852 : -0.5952211220970924
238,545 : -0.9855581358174557
9,42,61,658 : -0.6953694470088576
55,519,547 : -0.5573052210486655
573,697 : -0.8911543671305879
5,12,220 : -0.7844126276640748
81,905 : -0.6806971521183627
28,233,545,552 : -0.8049791886886624
183,330,919 : -0.4636253000786241
9,873 : -1.0894383726176873
4,57,151,451 : -0.5742451093211269
312,548,955 : -0.8071369669882744
308,764 : -1.0725695948239
154,196 : -0.5997958383965725
124,196,425,996 : -0.7209702943799741
113,442 : -0.8664370850090068
81,393,679,728 : -0.6659207935501315
5,229 : -1.2635442295604342
88,507 : -0.9288703551902822
76,586 : -0.9096445456837607
159,421 : -0.481484246838745
36,843 : -0.9626540451491088
405,621 : -0.7941309174586868
538,917 : -1.0890189313829892
28,422,537 : -0.8325868127830109
17,88,730 : -0.7178150892859865
537,709 : -0.8910553052430994
55,175 : -1.2420630490456528
371,700 : -0.6214687005216408
144,551 : -0.8392576409223733
142,443,471,791 : -0.7201999585206671
520,955 : -0.46500605403319284
129,496 : -0.7763237905564369
336,359 : -1.3200283023012638
531,843 : -0.8911668735177534
78,278,848 : -0.541048873246508
100,497,658,696 : -0.7826323624283358
197,234 : -0.943885212343758
130,335,372 : -0.39155896905893384
632,945,997 : -0.6685676528771298
217,390 : -0.9086878286542337
63,264,377,994 : -0.7673013094546157
572,788 : -0.7430622635366293
62,647 : -1.0725531488014282
152,267,560 : -0.7565382247303021
96,141 : -1.2625516035673399
460,648,826 : -0.6901283115310262
130,338,529 : -0.586793027296852
135,401 : -0.31307386427484074
66,405 : -0.8194663751389251
79,261 : -0.6095733080044499
763,903 : -0.9899842464106605
252,410,790,937 : -0.7160984468597669
137,615,661 : -0.6156071803364878
426,533 : -0.7624273376908208
38,167,368,789 : -0.7478215201043741
99,582 : -0.7802151632314351
543,781 : -0.7938739718563763
19,459,544,910 : -0.7188979005553338
433,876 : -0.693000645149791
432,472 : -0.828809157089132
136,676 : -0.7482634277187605
34,750 : -0.898631384265832
70,532,585 : -0.7261766253233697
155,789 : -0.9494285412853318
281,380 : -0.8414531000288843
759,890 : -0.9075924006816576
33,125,219,575 : -0.8622253688317645
346,573 : -0.9576198382902281
541,865 : -1.0230437528633578
59,261 : -0.9541416946206982
202,204,883 : -0.7593645594598435
156,272,413,713 : -0.7684271187393599
162,291,472,931 : -0.6890279387348475
151,409 : -0.9867522851374013
48,608 : -0.7370935219627901
183,390,452 : -0.35020763843668257
111,139,477 : -0.6823393677875742
170,989 : -0.6960111017027308
210,436,832,946 : -0.5187845509782159
40,60 : -1.089158885480031
117,211 : -1.2526788080916922
479,541,570,848 : -0.40592850344755305
68,328 : -1.2541671692347678
213,245 : -1.0377099147380973
117,962 : -1.0131288613199052
71,81 : -0.680589852365542
52,76,273,622 : -0.7676738080841883
250,317 : -0.6411547680791485
34,143,570 : -0.6612237178077331
246,627 : -0.9921776055592699
206,975 : -0.919387666602814
100,959 : -0.7840908498099961
282,434,978 : -0.6746671067907906
89,357 : -1.032970929296403
122,567 : -0.9451132034080612
191,441,506,737 : -0.7664515159810896
34,618,650,930 : -0.653704091611061
774,851 : -0.7453300934972029
407,653,779 : -0.7053388887284817
460,709 : -0.9240720940132152
234,452 : -0.41526764868092614
125,200 : -1.0817992706742174
375,406,602 : -0.8180112083647058
26,363,375,656 : -0.754348879932067
17,28,957 : -0.7351154229926697
121,288,299,739 : -0.6237968733014247
562,876 : -0.8913410434612983
251,463 : -0.5292681355722304
97,952 : -0.8667125796182011
188,880 : -1.013707405452846
34,192 : -0.7901463504365849
396,596,782 : -0.4723300687362504
113,330,399,990 : -0.6136554126874334
119,860 : -1.0317430750325611
297,540 : -1.25400573532497
523,760 : -0.891144523976644
110,381,595 : -0.7683488625074364
313,551,837 : -0.7581892529181169
727,793 : -0.8662994026056747
23,234,324,372 : -0.5576102281003443
247,553,913 : -0.9208717344069084
513,744 : -0.9900416544522057
173,371 : -0.9206009916677023
239,757 : -1.2021620085642075
558,861,870 : -0.3531911531116638
33,506 : -0.9448597407546075
129,130,221,324 : -0.7068206753406334
63,198,480,515 : -0.7160985737121452
381,542 : -0.7386069981996009
92,557,597,906 : -0.7612497540295058
109,304 : -1.1139222833225557
378,678,830,972 : -0.6358437799628931
96,977 : -1.0725621065043631
52,527,600 : -0.7716702833401428
29,398,823,970 : -0.6886135736123815
235,350 : -1.108502526264795
154,215 : -1.0845181281804352
44,126 : -1.0746543115621776
415,925 : -1.089003519179816
73,143,405 : -0.640504972699028
63,325,542 : -0.8581294154306123
55,569,932 : -0.4042765737394489
103,592 : -0.8174122341682792
323,675,699 : -0.5885064239918185
65,987 : -0.7343719598001603
46,213,888 : -0.9250006187383049
34,73 : -0.9448109272509666
220,274 : -0.871080624621134
119,539,865 : -0.7591895506845558
140,379,855 : -0.7742660837854585
84,908 : -0.7846115470322406
413,611 : -0.9611307072790503
116,961 : -0.6631374429304231
175,654,852 : -0.7135227027070057
477,824 : -0.6294390555476306
99,895 : -1.0726109607535523
18,290,407 : -0.6897290702154395
192,418 : -0.811911971187981
83,850 : -0.7519398081224791
158,708 : -0.6015944880816235
70,346,719 : -0.8183677899878217
277,362 : -0.7758478549210832
98,181 : -0.9915932649186043
229,703 : -1.078713327362606
5,124,536 : -0.9033107246633987
56,949 : -1.045296369504356
215,405 : -0.5805977768104054
856,912 : -0.9899976480504715
224,775 : -0.5846642232624135
121,721 : -0.6196446526787447
68,315 : -1.188359540294964
48,99,170,245 : -0.7037779237152246
294,330,402,869 : -0.7128909723556003
26,45,127,565 : -0.7137259219585825
162,173,736 : -0.6311749373970352
126,766 : -0.8290488291224734
49,258 : -0.8994814590609792
60,139 : -0.8562182636249465
329,761,888 : -0.8225651652084733
559,883 : -0.7591871939397232
169,644 : -1.0786918919832806
20,390 : -0.43857797024128087
23,830 : -1.0732089398381168
900,910 : -0.4244455305922341
33,121,274,857 : -0.7478258077637996
79,226,443 : -0.6625240244926354
195,820 : -0.9842839809246442
236,838 : -1.0609659552252264
41,69,134,867 : -0.7103863289786609
332,770 : -0.7838380113968719
95,257,967 : -0.7142394151602889
196,722 : -1.0376656619118205
93,312 : -1.004092488365127
7,250,260,589 : -0.651412700473772
570,779 : -1.0890250112358442
353,744 : -0.8255404450310839
214,219,377 : -0.832398024483417
51,112,570,863 : -0.5863462567829973
116,581 : -1.0290558201216595
561,807 : -0.8086551840999141
470,485 : -0.9925058342090045
107,242 : -0.8245476233132201
163,292 : -0.8183577267109354
448,920 : -1.0230288494064648
73,213 : -0.9305491278788329
16,530,570 : -0.6877956464523654
396,901 : -0.9653407626417128
159,188 : -0.6878866380440769
229,292 : -0.936358383349484
29,63 : -0.8570499470703394
247,625,787 : -0.3679103643235113
518,566 : -1.1220553769034067
37,457,605,771 : -0.7472694048563033
285,600 : -0.7923907728612625
243,385,736,878 : -0.644441083319027
906,988 : -0.7426430952394725
284,651 : -0.9900925673782335
88,675 : -0.8871233038893513
743,798,901 : -0.7230118085673383
1,396,922 : -0.9310336010733806
2,35,986 : -0.4377066473390483
867,935 : -0.5369535912848358
18,184,211,316 : -0.8465159611346478
203,340 : -1.0855295872526716
652,671,907 : -0.6191960355293591
515,549,902 : -0.7393667859547688
510,814 : -0.546142121384164
59,460,638,838 : -0.684451703441953
272,669,719 : -0.7306261456093242
87,604 : -1.0066119466251675
4,310,639 : -0.6226108218654918
191,554,999 : -0.9317820509108028
19,321,481,982 : -0.7060512201906401
7,126,372,639 : -0.6573141519525525
152,920 : -1.0607590616232896
33,275 : -1.0412819751966387
531,849 : -1.0890075101546062
142,796 : -0.660919578071304
17,128,571,622 : -0.7495226158781005
169,283 : -0.9830942618239666
35,312 : -1.2380160101365467
392,574,987 : -0.7736275213002373
259,287 : -0.9924993705977379
141,326,833 : -0.568123913232347
59,123,273,299 : -0.7071372870187902
208,407 : -1.0327880799231028
599,680 : -0.7938341588607252
417,695,742,825 : -0.5266917173020449
138,190,558 : -0.5463355184826502
34,270 : -0.9911748477098612
385,389,532,571 : -0.5085376330776563
575,706 : -0.5282832398044561
187,316 : -0.7550460604102152
76,206 : -1.0485001778591654
25,136,354 : -0.5123191110905987
96,575 : -1.068852686883917
365,458,765 : -0.7842293445079429
12,301 : -1.1391661006387563
85,159 : -0.948707609355965
115,118,256,973 : -0.8168326985349463
486,708 : -0.9900494930124988
3,13,723 : -0.8015483348965118
403,722 : -1.0232916743104559
30,438 : -0.84388718334018
123,375 : -0.9231774621687772
179,341 : -1.214024031876737
90,393 : -0.881229924223975
351,379,895 : -0.6596789534549379
42,762 : -1.1826645257128408
464,615 : -0.8961199307470971
13,59,302,510 : -0.7437489694119437
537,777 : -0.9900393874799502
384,388,494 : -0.7193434786528645
251,268 : -1.0451107021686132
65,881 : -0.9495243175850483
89,111 : -1.0950320003499807
327,521 : -0.9407696317033487
9,521,810 : -0.6712295503930679
410,526,784 : -0.6911065761028545
138,528 : -0.5961856451647531
106,172,700 : -0.7247704743820249
593,907 : -0.44705837699318307
353,547,858 : -0.6433761630056065
180,445,687,716 : -0.6925657965737197
117,419 : -0.9095444493733975
254,477,829 : -0.7911602284484194
165,729,768,989 : -0.6420073476175314
584,882 : -0.6193243278269582
114,392,894 : -0.7453569065304742
113,474 : -0.9534691249146485
270,669,976 : -0.5090399897833686
2,816 : -1.0395545433888325
91,766,821 : -0.7185123977167669
424,536 : -0.5976846030424405
8,77,535,634 : -0.7951624783043958
83,482,673 : -0.5289331244279751
3,273 : -1.0021557024211454
17,75 : -1.194744544552857
556,640 : -0.7925026473344674
169,353 : -1.1439275989396736
107,225,953 : -0.6652426777506042
105,603 : -0.7691172142951277
21,501 : -0.9111933615584393
352,836 : -1.1550045085110252
9,88 : -1.262469929594264
36,334 : -0.8536342526575007
150,170 : -0.8926245053733701
120,449,766 : -0.7504131936937573
184,751 : -0.6431461254390012
320,945 : -0.8272275707598262
266,498,799 : -0.8307714715971062
24,385 : -1.3641315646409535
902,949 : -0.8663179597360666
93,854 : -0.6611448534152
654,809,869 : -0.5995191595473339
98,232,604 : -0.8292014827072167
227,547,583 : -0.6366775420380333
153,553 : -1.2304595683609634
265,367 : -1.2650522743431312
39,54,422,457 : -0.48762801499554054
49,964 : -0.5800333813228935
147,166,633 : -0.7814749308445672
146,162,556,568 : -0.8231512502483078
249,501,555,686 : -0.7026319475602201
198,386,835,857 : -0.7589030200580014
274,967 : -0.7703082491314954
520,676,706,732 : -0.4657863228864576
63,265,527 : -0.6859420283579452
262,336 : -0.7437685904230682
100,389 : -0.822544718773226
281,379 : -0.9461928112540106
148,627 : -1.031374712135464
813,906 : -0.9076352844106692
301,583 : -0.8259463772707643
103,598 : -1.1562811698253483
60,363,473 : -0.7657531421961328
508,527 : -0.7930179459347921
575,577 : -0.7269645466445518
150,911 : -0.8274092139310301
125,524,717 : -0.7520717071218659
200,387,691 : -0.7142913920984097
57,220,579 : -0.661589229901375
327,354 : -1.1550691097360652
53,161 : -0.8363147178153667
147,632 : -0.9489758795296726
328,684 : -0.9076163655390441
167,900 : -0.5368620498365253
349,931 : -0.731470686957505
265,356 : -1.1048408072724847
370,740 : -0.9352675527790288
306,334,1000 : -0.7906567138460112
89,107,334,495 : -0.6924567824955801
32,107,220,478 : -0.6344501114727887
217,858 : -1.0788402572034546
48,55,127 : -0.5873044463673418
158,275,423 : -0.7836032708669043
624,921 : -0.9240877558174123
350,611,811,817 : -0.6749297813311885
326,662 : -1.0725786145090344
14,133,442 : -0.7885605815546357
1,964 : -0.7601766432980317
8,10,86,411 : -0.8063312288428701
230,588 : -1.0890966188581088
642,952 : -0.9075313673324319
20,672,842 : -0.7974996617282166
11,85 : -1.0118620667356946
42,331,766 : -0.707737293404737
233,619 : -0.9821049537737474
66,918 : -0.7392867661283009
67,452 : -0.6350141662063191
186,463 : -0.8780610748869337
77,450 : -0.9539736519194406
236,753 : -0.9665745634461393
7,291 : -0.9689421077768618
27,30,201,272 : -0.8443721137958218
388,421,866 : -0.6730871792994941
289,820,871 : -0.7622680449180042
257,357 : -0.8532348083317589
74,376 : -0.5901075181780482
175,548 : -0.9487368005609675
51,135,149 : -0.9484696228417957
186,864 : -1.1315002241810825
296,519,624 : -0.8215370785993632
199,286,747 : -0.8722354704642974
453,492,512 : -0.8777026257837903
22,490 : -1.1556362147348427
65,615 : -0.9104359760146223
328,456 : -0.5749045588598851
76,356,897 : -0.9387570761139119
31,42,780,884 : -0.8292450497670181
403,845 : -1.089016544999895
3,262 : -0.6470681124132089
201,529,584 : -0.5128625336546961
657,683,778,812 : -0.6536306093786639
47,741 : -0.9363704445637782
583,694 : -0.8093242799361922
345,574,669,924 : -0.5783831938254307
358,488,692 : -0.8355689473751808
106,567,629,936 : -0.6638627200941158
282,688 : -0.9075915432443964
440,562 : -1.0890483449151618
73,96 : -1.2379085825282932
256,514 : -0.8915925264923519
271,703 : -0.9106819691750152
605,929 : -0.57886791991023
481,652 : -0.8416938869678152
55,140,644 : -0.8789787697881897
159,639,690 : -0.5886578354910332
585,637,728 : -0.45813342519924394
373,423 : -0.6555574403284155
5,531 : -1.0395932317053305
66,370,395,914 : -0.8446522505982401
313,470 : -0.9901975028905592
120,794,862,902 : -0.7503695904069998
217,788,885,942 : -0.4888552774578676
435,846 : -0.6463075075036109
62,553 : -1.1662512761851858
479,844 : -0.9000435569510472
127,134,492,773 : -0.7407988037033635
364,612,618 : -0.6725347160430584
65,160 : -0.9773550615547104
940,966,993 : -0.45521287139597555
356,529,731 : -0.833458945860482
613,615 : -0.6938976542712538
163,636 : -0.8383137989167755
84,975 : -1.0725901535676674
5,81,894 : -0.801118525432297
93,589,783,815 : -0.729764075770607
53,137,302,565 : -0.5898849594751392
139,250,473 : -0.6185857819884495
221,705 : -0.7662325464813389
469,891,989 : -0.7360370021913423
299,307 : -0.721737411005815
18,86 : -1.0775453692574306
233,337 : -1.1287374336569673
578,681,728 : -0.39104147109502607
534,740 : -1.0890022671672441
840,887 : -0.8662843860494098
168,773 : -1.131767705824677
184,524 : -1.2022037789174598
24,168 : -1.2471039969319873
447,610,664 : -0.7181377751891831
89,173,956 : -0.7172349744906277
10,132,346,809 : -0.7182416758646337
44,535 : -1.1148308017670003
87,138,281,608 : -0.877526792565231
53,568 : -1.1884370850123256
606,712 : -1.0890152130960766
26,36 : -1.075436258706291
265,592 : -0.8531104295126914
142,968 : -0.9287191670067434
475,603,689 : -0.567173878118231
6,139 : -1.165347618848048
266,612,999 : -0.8672764896849601
459,664 : -1.0230823942148874
355,723 : -0.5785199201478699
34,921 : -0.9634287475321404
72,119 : -1.05336417942606
225,685,781,859 : -0.6728307542540024
3,381,543 : -0.786325935439752
2,149,410,417 : -0.7068922148709076
11,35,938 : -0.6865076692201888
255,310,950 : -0.6243388678334527
555,667 : -0.8910560420177056
354,872 : -0.8352299525547386
152,763 : -1.0607541585530424
157,709,954 : -0.5783263361762789
86,397 : -0.8831267181145814
45,355 : -0.7628791243676474
132,329 : -0.8737648917484524
612,889 : -0.8583578540587473
39,136,349 : -0.607176334240072
282,384 : -0.9677438789675374
210,899 : -0.7907505487885511
231,276,699,724 : -0.7741483250378778
108,286,380 : -0.7453193495553734
91,144,629 : -0.9448305034376459
483,605,614,990 : -0.6719676340378917
168,514,533 : -0.7698506047559579
614,643 : -0.6780569253580271
289,593 : -1.0890739854165252
9,518,558 : -0.883520352041949
45,76 : -1.1960047028549177
93,230 : -1.2564103101762996
133,200 : -1.0120996382997904
56,219,413 : -0.7797110677435972
355,517,934 : -0.6669960678923146
91,795 : -0.8459472742257184
8,774,904 : -0.6112247716843446
666,901 : -0.9076454404937466
60,623,976 : -0.5900637016211485
132,198,482,984 : -0.5610898095507661
25,685 : -0.9823536861412661
216,564,805 : -0.6555509520103331
30,525,724 : -0.9781087748769779
139,545 : -0.8445828205957744
690,996 : -0.29093370337037694
2,21,500 : -0.7178316430382468
128,615 : -0.7641476792772002
39,371 : -0.7533136222420653
117,203,216 : -0.9493782938179158
50,289,653 : -0.7062813157536587
95,358 : -1.093827554499783
104,450,726 : -0.4304291714342172
414,928 : -0.9653326868795187
124,259 : -1.0728271335088975
157,579 : -0.7510808459543723
374,908 : -0.8001209566530081
29,821 : -0.9739866321493187
164,466 : -1.0142497304096016
345,913 : -0.9215655677082828
182,466 : -0.6379632885889468
237,386 : -0.9989863349696919
16,127,508,511 : -0.8684285518922763
187,734 : -1.0786888478767453
8,175,850 : -0.617037437632947
324,421 : -1.006665799258542
56,773 : -0.9077892871895634
147,288 : -0.8567356231188574
78,116,649 : -0.7679608013746217
125,176,279 : -0.7316743950482811
218,294,528 : -0.7083131186546836
77,317,830 : -0.5759227452903855
69,318 : -0.7953405115379639
35,149,379 : -0.659555944254242
6,360,466 : -0.7822068661555099
35,958 : -0.8531592863665103
5,53,462,482 : -0.7335257023884496
3,183,919,990 : -0.4843929514911318
305,331,850,886 : -0.7081584086709345
87,461 : -0.9078068231884484
17,107,171,676 : -0.8094511701224567
49,257,285,331 : -0.80946492853353
379,976 : -0.8332820784766342
385,512 : -0.9905208806050316
71,360 : -1.1920041094631788
92,752 : -1.0111602024471735
41,582 : -0.4993872855576216
172,230,950 : -0.740556267466234
411,521,597 : -0.7158635049847979
50,447 : -0.7929100908534759
6,8 : -1.1729916424801932
24,733,870 : -0.8071283604925972
80,284,791 : -0.7104569900449103
150,171 : -1.0742614413147855
24,368,387 : -0.7442888511310353
445,519,569,952 : -0.5744489421091918
203,990 : -0.9671424628673435
114,177,337,491 : -0.7339343813296386
325,440 : -0.9904650113451925
568,645 : -0.77654944841162
30,528,870 : -0.5405362106924669
502,721 : -0.3320419324120323
489,779 : -0.8416379162426841
198,359 : -0.9263357243301615
250,311 : -0.6165555625189882
100,139 : -1.014054039001794
402,509,663 : -0.8188757197636178
358,871 : -0.9488881473650825
82,781 : -0.830149001029685
22,505 : -1.0085061140096525
182,476,488 : -0.6888129943351702
64,262 : -0.9538456396908384
158,343 : -1.2415592432787754
255,385 : -0.8825144058947725
47,74,167,508 : -0.7726515167647279
118,237 : -0.8564202553559044
372,427 : -0.9414768763238666
61,132,665 : -0.7554497445630184
76,352,418 : -0.9129687596971818
471,763 : -1.0890220291167152
53,717,904 : -0.8151987296249346
200,607 : -1.169837254804377
39,65 : -0.8467170235041583
715,964 : -0.8250578266142699
44,303,452,749 : -0.5943033640279767
44,184,343,499 : -0.6704640888604516
82,246 : -1.1142807006627993
24,977 : -0.6767153625952536
79,420,802 : -0.8843457898115417
204,225,791 : -0.7161651001611349
119,559,729 : -0.711494924683163
18,590 : -0.9573741919245009
126,319 : -0.9500092254554322
19,217 : -0.8202840555814466
332,499 : -1.0259312841480352
217,785 : -0.8493917392632624
119,425 : -1.1112790697093398
14,157 : -0.901503568514396
822,904 : -0.3746938024420752
32,64 : -0.9747142131164654
3,160,382,401 : -0.6875521355985779
179,870 : -0.7435744475671722
228,538 : -1.1220916711566318
52,135,166 : -0.7938191273465205
236,374,686,955 : -0.6543640120096439
52,947 : -0.9352965545762655
35,794 : -0.8256904490684764
585,819,891 : -0.6761099002739193
326,366,684,721 : -0.6383207684208472
11,56 : -1.2218731717914135
45,224 : -1.0622201383690202
155,275,609 : -0.8894982530584028
290,362,422,706 : -0.6517280643333188
333,671,953,979 : -0.5250229858133604
415,708 : -1.0890035191798155
411,791,943 : -0.6836425711432337
7,821 : -0.7198467620770113
344,738,756 : -0.824812339250687
131,224 : -1.1728068856992566
212,938,960 : -0.43234785701859324
156,802 : -1.0372993347871131
94,642 : -0.7247362659552117
20,54,174,505 : -0.6215206239158455
189,307,772 : -0.8277053452087786
540,921 : -1.0065483142504057
314,960 : -0.40137107631572677
90,653 : -0.7647493783356438
43,823 : -0.8209465036454033
218,268,682,883 : -0.6996997631796347
50,552,631 : -0.67604937526738
72,169 : -1.0400675706969675
44,667 : -0.8993010861950683
113,425 : -1.2129650418940692
28,136 : -0.7148539159967304
223,352 : -1.0843385779605055
503,699 : -1.006559679990561
42,521,572,617 : -0.6420522660794568
140,581 : -1.0440979022166479
309,665 : -0.8681537649459043
8,61 : -1.0507548558037705
447,552 : -0.6305544785760757
539,676 : -1.006555342958538
116,260 : -1.1298191820083163
423,702 : -0.5460018269438907
31,325,474 : -0.7474235783940952
39,103 : -1.022455368025704
187,426,635,927 : -0.6282120355161396
14,585 : -1.2394742788101514
166,593 : -0.891099910533367
178,516 : -0.9056366267163911
315,486 : -1.0729086099731275
305,646 : -0.7459216335057564
178,180,380,527 : -0.7625399188782265
318,350 : -0.6762270444512226
403,405 : -0.9241496661669621
464,552 : -0.9922154345165106
25,349 : -0.9095292725342194
323,368 : -0.8254916656971489
1,944 : -0.9343719725352606
50,981 : -0.6878622399096708
24,283,601 : -0.7686599201828845
459,519 : -0.6965231515085815
87,546 : -1.1722952229220218
310,953 : -0.6609531324313869
208,297 : -1.2966905125559025
5,773 : -1.0893428535434513
54,700 : -0.9580566295413688
111,146,559 : -0.8306165758439126
181,457 : -0.910317198974246
145,164,186,940 : -0.7472688911127061
316,506 : -0.6385927396127573
15,256 : -1.15101452223914
356,810 : -0.7840230102874386
495,555 : -0.9259186461427533
86,291,413 : -0.7363162177590117
92,232,359,573 : -0.8288948899474538
435,700,884 : -0.6723382242995166
4,67 : -0.5907829245977609
136,354,846 : -0.5902164135259662
256,318 : -0.7167267239063815
400,607 : -1.0561236952772868
129,347 : -0.9216155638299854
67,151,714 : -0.5817117106060057
100,101,493 : -0.7716569854904047
629,734 : -0.9076380338938068
484,485,628,859 : -0.7463526699215697
355,693 : -1.1550302712827119
91,231,592 : -0.9106490978074366
185,493 : -1.155066933513134
48,549 : -1.272638021654247
826,900 : -0.6190330433808402
164,594 : -1.3011672094511622
21,142,464 : -0.8413858732478747
123,161 : -0.7586493386883482
52,609,963 : -0.6665842367617805
14,46,77,404 : -0.9165723330332842
443,707 : -0.8089411852963644
351,431,479,581 : -0.68039785469505
233,334 : -0.9285198550870621
70,238 : -1.1559869829465166
408,434,662,816 : -0.6634232342968935
314,932 : -0.7291092741220129
291,365,430,746 : -0.5704591388152209
15,278,283,921 : -0.7236264661348581
9,296 : -1.1400987267935037
29,342,667 : -0.6504424384264818
108,909 : -1.031574120936586
422,478 : -0.6624924427853367
181,307,651,979 : -0.721239542950725
316,799 : -0.6331717844904121
223,792 : -1.155085706547919
259,809 : -1.031406330126936
214,854 : -0.8486843005935836
395,864 : -0.9653310408042035
125,554 : -1.138640977329172
649,867 : -0.5171679063480623
83,925 : -0.8047019650867813
2,73,121,214 : -0.8884623405813745
153,185 : -0.9504029788198805
670,674,696,874 : -0.6394981396448716
193,273,415 : -0.9745129869217575
416,438 : -0.6627026023798612
195,907 : -0.7316935647924128
45,660 : -0.45467092879647475
58,94 : -0.8920105263845386
87,578,831,994 : -0.6560604507549368
174,872 : -0.6766243444571602
26,150 : -0.9422536006066675
202,523 : -1.1035903560370204
87,231,308,807 : -0.6986158247250762
129,711 : -0.8255015349360955
844,980 : -0.9899867712044284
611,906 : -0.9900452942368778
172,320 : -0.9671210152367316
2,267,462 : -0.7287480272319815
115,640 : -1.0748360317672079
653,663 : -0.6230965842701592
74,545 : -1.1634877371697039
239,243 : -0.7808269312016582
126,324,751 : -0.6971154658105956
110,797 : -1.0107571456320072
110,429 : -0.9242211408436132
128,289,698 : -0.5897166437698855
16,38,251,563 : -0.7297434620545433
181,371,839 : -0.4232232244722094
897,995 : -0.9899909424627626
678,798 : -0.9076498447068537
218,335 : -0.7533571010756372
163,255,464 : -0.9054383428750352
86,111,382,394 : -0.7679324832670231
323,356 : -1.1282722119042128
251,342,823 : -0.5526280450015617
70,704 : -1.0088629001103073
386,958,998 : -0.771747812204737
73,443 : -0.7876604313030966
288,974 : -0.7980749487129608
207,258,455,987 : -0.6299509174340356
83,329 : -1.0125434847692154
104,132,544 : -0.8635485909273295
74,198,303,499 : -0.7090257553549222
12,242,277,625 : -0.6978792865141177
41,559 : -1.002220954739601
475,506 : -0.9571906915187456
90,141,592,915 : -0.5069287371949003
165,444 : -1.0561119503517218
149,960 : -0.9076339088646102
634,792 : -0.9075394710236415
33,670,805 : -0.6339421853167857
12,37,437,675 : -0.5471031788253053
16,209 : -0.7291417736959405
113,525,551,937 : -0.7340405467764768
93,200 : -1.0819360919176026
348,537,588 : -0.8840759666784412
40,265,683,770 : -0.7987964853702032
451,640 : -0.8254227566872903
7,201,311,909 : -0.6927792616129018
364,601 : -0.9414592403550499
294,378,460,589 : -0.7190168004533224
635,670 : -0.6192129701321534
436,578 : -0.8622663518953455
304,453 : -0.7762881150512286
38,353 : -0.6001380423597507
95,836 : -1.0933914254180928
7,533 : -1.1240063257206332
115,204,520,959 : -0.6934526730837849
815,829 : -0.9075470247717947
41,866 : -0.7859432852188772
44,926 : -1.045370911683574
367,389 : -0.6915388891379355
317,438 : -0.44922180082063656
280,995 : -0.7424901789110749
152,651,752 : -0.8814518353598282
64,461,542 : -0.7092069326612587
320,820 : -0.9510193108586056
72,129 : -1.2749322305854855
935,976 : -0.619899142045115
70,240 : -1.0461482338387933
254,428,430 : -0.5595118222030457
287,608 : -0.4615395292664175
5,757,818 : -0.7045794199284066
154,237 : -0.8982214765202396
4,309 : -0.8832946467138565
90,354 : -1.0318811708279743
12,199 : -0.8069281739553924
6,305,844 : -0.8144323155946589
39,342,601,946 : -0.7821135058242799
8,190 : -1.212707903686364
126,412 : -1.2127845484074253
313,516 : -1.061668281767718
264,384 : -1.0749346040033316
11,973 : -0.9740400953996713
131,876 : -0.5827403127457362
162,213 : -1.2966068123057255
238,541 : -1.1315154603514186
79,536,804 : -0.5667029528360406
279,316,688,881 : -0.5592008535537014
187,394 : -1.0296995095345958
144,361,782 : -0.8823311043657855
13,444 : -0.9749862648989702
30,555 : -1.007311460794429
27,246 : -1.3695932653892324
346,682,714,780 : -0.5608747136772416
219,454 : -1.103591921656677
3,267 : -1.183714040055956
55,445,778 : -0.6492648461643022
216,463 : -0.9912813850036173
16,53,858 : -0.6393185956789964
446,744 : -1.0230419694537458
117,335 : -1.0744644487102875
106,849,967 : -0.775591529326807
454,731 : -0.7107291370831958
113,240 : -1.0847423449744085
54,551 : -1.0341856974807175
219,363,423 : -0.6444332045605632
215,543 : -0.9713243492099937
245,287 : -0.8396345148372817
60,988 : -0.9168191199638205
122,211 : -1.285014003225987
26,314,733,923 : -0.5934768225170179
95,172,389,571 : -0.522000931060826
122,735,847,915 : -0.6127566153777009
23,94 : -0.9961099072560748
269,332 : -0.9075800163299144
79,651 : -1.1000891392734133
267,758 : -0.772987555349453
508,885,927 : -0.5901342767561375
129,342,467,815 : -0.7337115080408221
97,138 : -1.1561042549910363
22,185,914 : -0.7179989083558422
2,182 : -1.146651423491524
152,789 : -0.8847747973957316
205,427,498,812 : -0.7002704365577916
511,588 : -0.7316360215572821
595,999 : -0.89934675496279
126,284 : -1.1553967184548517
46,663 : -1.068199748761299
77,263,289 : -0.8193041719173075
132,218 : -0.8284598009793203
238,306,727,908 : -0.7506155217945818
213,426,789 : -0.6899620440104681
459,932 : -0.43147755180799097
128,441,754 : -0.8155455816737454
69,271 : -1.128258359349715
326,393,808 : -0.7071381152695819
327,962 : -0.9900498067844696
228,611 : -1.0610066052863463
328,339,710 : -0.5395886721073353
617,760 : -0.9570622539238722
111,210,715,795 : -0.6522260325986127
44,631 : -1.1047309007981858
67,94,248,529 : -0.6488549294640007
419,855 : -0.644629574200456
240,305,895 : -0.744705374337169
606,751,900 : -0.6347832971754985
71,80,333,613 : -0.6302968426881728
149,891 : -0.9513764295755145
68,141,393 : -0.6387548826782254
180,518,750 : -0.8705002470482255
798,864 : -0.9899909424627631
165,389,798 : -0.7891424800738813
397,493,871 : -0.809002968260546
793,887 : -0.37146696484512076
253,623 : -1.089203437091962
162,681 : -0.7019965977296576
119,228,373,776 : -0.6200346696717205
17,94,323,437 : -0.45498675040780623
491,632 : -0.858260534376313
84,980 : -1.0136549451003116
398,498 : -0.36730382331367095
103,264 : -1.1863268831736624
202,349 : -0.81316476318404
229,359 : -1.0372720699876936
276,616 : -1.1343738555315488
337,439 : -0.9959787147256822
67,74,959 : -0.7897336592261561
97,309 : -1.0682760515217238
49,341,505 : -0.7380925309261777
214,247 : -0.8264837079939826
51,78 : -0.7757617808178119
531,757 : -0.5695398376005238
104,285 : -1.1211030322647821
43,186 : -1.0544676575255623
26,280,286 : -0.7523167597364835
257,409 : -0.8534755050268283
266,760,892 : -0.8703242721144739
130,183 : -1.0359234524250445
223,280,669,867 : -0.7036822081135552
504,830 : -0.9577588930646845
767,967 : -0.8689080015875297
32,671 : -0.8422070797450576
206,486,547 : -0.787453010632936
38,171 : -1.0667229634409732
242,306 : -0.4862756776089481
374,509 : -0.957539244052781
18,842 : -0.7553585615536196
153,349 : -0.8655013507668929
67,318 : -1.1397225286122845
315,518 : -0.907687410565682
211,774 : -1.008106862630696
46,74,463 : -0.7202863284088974
13,134,282 : -0.8907611106414417
296,503 : -0.9523079258229825
80,604 : -1.0066840464612135
165,180,276 : -0.776927390427745
489,877,894 : -0.825635101663083
4,214 : -1.0755488056577063
270,795 : -0.6605444764423005
510,742 : -0.5131356930337332
59,222 : -1.1400282727163313
197,515,650 : -0.7154851904822457
241,384 : -0.8177977235498104
18,981 : -1.0726241910680772
11,171 : -1.0005451326759225
386,446 : -1.0234162546738026
64,502,833,915 : -0.5453795221822244
614,749 : -0.8419225336734759
235,353 : -0.7585429641234156
481,596 : -0.9900637232078116
20,183,242,504 : -0.5058625462534303
620,779,936 : -0.4820136617527717
101,107 : -0.8007736304618196
67,133,260,573 : -0.6034167153275449
534,880 : -0.9570627074504572
406,704,762 : -0.6156303061774786
103,772 : -1.1137945008085133
544,734 : -0.891395566177398
109,697 : -1.1344141522752529
394,618 : -1.0019448976051546
339,839 : -0.7034326686995431
939,984 : -0.8663196835156193
109,854 : -0.5784171464670551
168,808 : -1.078685454426033
207,687 : -1.0255176746495684
307,636 : -0.7843672013177398
124,433 : -0.7470494324241839
189,480,767 : -0.7448540755186062
69,612,891 : -0.7650777672145139
164,577 : -1.1126862447220298
495,759 : -0.9242760261953336
284,370 : -0.5272504089972352
447,715 : -0.8663642565171799
232,472 : -0.9721803405250671
6,240,254 : -0.5946504261315431
8,48,923 : -0.795812795309558
18,66,277 : -0.872975765031331
111,278 : -0.929561203411934
382,868 : -0.880194846382276
581,988 : -0.8911162675487914
320,362,383 : -0.6245557769993093
190,420 : -0.886452481085602
102,401 : -0.19247707995767915
432,743,996 : -0.6555177064458215
61,969 : -0.9725205405908974
81,739 : -0.8055948743071668
21,256,641 : -0.6857842278411255
340,580,998 : -0.574386200287778
391,575 : -1.1330540821158936
197,828 : -0.9429976889597618
101,257,559 : -0.6473230814630295
373,877 : -0.7045654863237254
707,819 : -0.40337238172813894
31,754 : -1.1057021410325634
24,115 : -1.0544133186709388
80,553 : -1.2540521403922158
45,123 : -0.9027827405373918
221,666,836 : -0.6909469866612208
209,446 : -0.5584831109676607
454,758,814 : -0.5580683609897781
24,213,267,889 : -0.6936340031473336
31,138 : -0.9089720081133326
800,973 : -0.9076388669717848
31,555 : -1.0397492037985026
105,214,275 : -0.6766664008754888
20,104,458 : -0.7952592346472298
218,439,455 : -0.7924726532197726
22,410 : -1.041580833403306
35,986 : -0.5674120912642397
189,428 : -1.1128118725393428
51,392 : -1.0423744808958992
361,536,863 : -0.6614237710527755
1,599 : -1.0235995940087825
431,742 : -0.6130187958790818
193,778 : -1.0079754280199684
534,887 : -0.9900510878499296
75,391 : -1.2129831716724153
339,457 : -0.7270164854257053
144,714,741 : -0.7898624625806332
215,866,918 : -0.467460415177549
98,402 : -1.0324482302633524
141,298,344 : -0.7140901454807094
496,573 : -0.9900939975690668
157,358 : -1.060944614196976
591,645 : -0.6206036449432748
163,239 : -1.34362536484885
36,429 : -0.9357422024844566
190,279 : -0.9555010251174627
231,688 : -1.0843990822726424
21,201,768 : -0.7231409679886853
259,510 : -0.693272215082271
590,594 : -0.9241276537866443
643,866 : -0.7457402152488091
37,57,279 : -0.8300309683843596
5,233 : -1.1227170809880551
135,577 : -1.016426588397617
145,297,524 : -0.7952171811379909
244,479,923,934 : -0.49384258124179614
40,480 : -1.0865977663939201
348,969 : -0.8664039056017918
117,266,777 : -0.8817375980111315
455,735 : -0.5637764994099284
126,321 : -1.0525399091250032
709,910 : -0.5414195524207537
396,596 : -0.4967557422875706
148,905 : -0.8683401973267155
234,283,657 : -0.8248209249309011
141,894 : -0.9285716618507225
9,248,269 : -0.6201378965177269
11,614,898 : -0.8870069778178287
22,107,195,831 : -0.7897919419834505
39,122,177 : -0.780131459196892
551,778 : -0.7015035464682666
330,818 : -0.9901351195789365
827,880 : -0.9900039850831743
77,783 : -0.8988705979915665
133,294 : -1.0112508890555647
93,720,808 : -0.7652789511114353
271,360 : -0.9076345595089541
193,769 : -1.060797913788357
160,846,991 : -0.8149370326030911
120,358,532 : -0.5271951973272895
113,175,633 : -0.8273209617828172
261,583,847,893 : -0.7029240649817368
239,246 : -1.2023975758321122
122,147,174,328 : -0.6494294034407622
177,207,484,847 : -0.65373835092209
13,608 : -0.9081654813045494
293,488,876 : -0.5736756827027789
159,314,841 : -0.7604929675981476
212,796 : -0.5915073128175696
348,579 : -1.08924958931164
154,433 : -0.7798869081840305
786,810 : -0.9899909424627626
49,54 : -0.7194253452286516
662,802 : -0.7015093177471146
274,991 : -0.5915045735307332
288,765 : -0.8252154755236474
52,907 : -0.7153836924971957
84,381 : -1.1830691996016882
814,901,903 : -0.7810282490212566
478,753 : -0.7104503859138129
176,319,970 : -0.6479760123193108
225,566,657 : -0.728360127401765
