235,249 : -1.05153
203,209,286 : -1.07903
413,784,840,890 : -0.888
672,822 : -0.742321
397,545 : -0.72394
516,880 : -1.089
151,153 : -1.24935
632,664 : -0.742232
286,431 : -0.874361
540,668 : -0.522093
11,186,212 : -1.01842
21,221 : -1.02289
631,803,950 : -0.912562
119,164,301,717 : -1.17662
197,508 : -0.909227
16,694,696 : -0.98868
58,881 : -0.929819
17,943 : -1.06422
175,195,455 : -1.1412
7,400 : -1.23746
261,525 : -0.911042
6,140,732,936 : -1.15727
741,999 : -0.624617
856,882 : -0.866289
43,563 : -0.808498
47,224 : -1.33044
36,609 : -0.933169
123,678 : -0.907549
226,404,896 : -1.15641
2,484,612,965 : -1.03192
22,240,392 : -1.08367
101,473 : -0.866388
161,812 : -0.906616
350,472 : -0.977337
537,624 : -1.188
292,299,302 : -1.01003
368,554,984 : -1.0585
17,630 : -0.77327
76,635 : -0.962973
149,388 : -0.893708
47,523 : -1.16579
517,587,978 : -1.07517
383,400 : -0.971391
13,924 : -0.925705
26,43 : -0.833812
311,359,927 : -0.976247
90,371 : -0.646158
216,270,576 : -1.11432
449,940 : -0.775356
43,446 : -0.75685
131,386,902 : -1.04801
52,333,381 : -0.916772
194,829 : -1.0063
142,235,296,919 : -1.19635
99,415 : -1.2948
71,659,881 : -0.919705
331,344 : -1.26655
815,929 : -0.742458
350,983 : -0.742233
338,645,689 : -0.906757
189,252 : -1.31201
157,514 : -0.955288
22,301 : -1.23679
51,302,775 : -0.831816
399,643 : -0.575748
181,609 : -0.965457
55,112 : -0.645695
465,490 : -0.518048
85,804,913 : -0.902176
63,88 : -0.933004
168,928 : -1.07781
503,761,806 : -0.925542
111,597,741 : -1.08559
16,212 : -0.982254
18,84,229 : -1.20475
636,642,916 : -0.896133
194,262,314 : -1.16521
158,178,996 : -0.933596
243,652 : -1.07781
273,295 : -0.767538
679,767 : -0.74389
210,395 : -1.02068
38,361,930 : -1.14279
32,215,391,626 : -1.08796
327,403 : -1.254
269,450,746 : -1.02121
255,672,692 : -1.08778
165,364 : -0.930553
182,746 : -0.822579
332,810 : -0.701256
181,703 : -0.965124
431,493 : -0.990076
240,782 : -0.817627
248,621,842 : -0.883513
330,946 : -1.1
127,695,749 : -1.06574
41,144,582 : -0.796603
131,742 : -0.845736
52,626,823 : -1.01476
381,478,594,619 : -1.1561
56,203 : -1.23984
103,453 : -0.906539
41,85 : -0.861412
440,860 : -0.765234
192,471,541 : -0.921379
10,58,475 : -1.03102
319,785 : -0.907164
565,968 : -0.524941
30,217,589 : -1.05301
190,480,526 : -1.03985
28,36 : -0.915232
554,569 : -1.12202
3,128,451 : -1.07775
20,303,635,668 : -1.02118
22,859,875 : -1.04592
25,193 : -1.06631
260,922 : -0.850593
147,770,953 : -1.0117
19,942 : -0.582635
85,501,547 : -0.922921
51,188,228,899 : -1.01722
209,226 : -0.752889
78,546 : -1.05608
385,396 : -1.14213
32,90,657 : -1.1305
112,832 : -0.824877
50,65 : -0.698776
574,645 : -0.866224
102,146,400 : -1.03648
115,417,418,862 : -0.934535
88,105 : -1.1151
208,393,609 : -0.92734
225,774 : -1.13143
207,369 : -0.73083
229,258 : -1.00418
78,887 : -0.797447
11,729,892,893 : -1.03098
83,253 : -1.04537
511,939 : -0.627101
692,948 : -0.98999
33,904,926 : -1.00814
505,698 : -0.79802
359,465 : -1.03132
135,243 : -0.914724
21,608,796,827 : -1.04022
275,325 : -0.990213
54,596 : -1.08135
222,591 : -0.869817
19,852 : -1.10552
71,334 : -0.952034
262,627 : -0.907164
295,638,931 : -0.799675
571,963 : -0.70227
188,259 : -1.03726
337,444 : -1.11448
205,321 : -1.09948
104,598 : -0.772806
29,395 : -1.11933
38,677 : -0.958045
84,246 : -1.07256
512,628 : -0.805019
238,369,424 : -1.17872
20,451 : -0.824879
27,376,572,759 : -0.938318
62,589 : -1.05568
263,362,633,638 : -1.02841
69,137 : -0.93697
16,487 : -1.10299
277,561 : -0.880047
228,601 : -0.567198
73,641,730 : -0.869828
232,239,824,956 : -1.1675
36,89 : -0.680795
248,718 : -0.783892
62,160 : -0.859097
483,503 : -0.465584
185,630 : -0.798996
288,755 : -0.708564
158,639,892 : -0.97465
69,380,582 : -0.882541
115,192,281,618 : -0.923469
129,831 : -1.15486
322,869 : -0.748701
224,513,518 : -1.28324
145,295,426 : -1.14911
28,566,868 : -1.09708
138,260,718 : -1.02244
85,442,574 : -0.836244
164,264 : -1.31999
75,777 : -1.0995
60,517,783,795 : -0.958753
116,743 : -1.03132
334,451,681 : -1.00273
268,888 : -0.916931
22,468 : -1.239
94,274,409 : -0.971616
304,439 : -1.07255
58,66,303,399 : -1.15535
18,837 : -0.857634
239,753 : -0.919133
134,227,591 : -1.08421
28,97 : -1.28125
25,289,613 : -1.00059
254,276,549,872 : -1.122
751,925 : -0.98999
68,408 : -0.956513
179,680,726 : -0.925187
177,933 : -0.764005
56,394 : -1.20739
145,249,771 : -1.0016
97,335,368 : -0.948889
79,116,249 : -0.979527
40,378,482 : -0.904856
283,534,978 : -1.11691
507,806 : -0.863779
68,137,674 : -1.05732
311,323 : -0.661645
92,139 : -1.07398
32,310 : -0.791446
177,358,663 : -1.07648
206,764 : -1.13147
658,828 : -0.663053
27,74 : -1.0005
465,879 : -0.386407
332,469 : -1.15505
140,772 : -0.992187
158,538 : -0.615928
174,333,944 : -0.909101
89,947 : -1.02886
46,376 : -0.737097
357,720 : -0.948737
96,357,680,879 : -0.988837
380,739 : -1.07238
19,167,179 : -0.966862
181,318,883,954 : -1.05175
134,677,727 : -1.06095
34,918 : -0.728765
737,941,954 : -0.857458
13,911 : -0.940145
99,322,840 : -1.1636
140,435 : -0.943752
69,623 : -0.913917
93,109,209,617 : -1.22311
475,526 : -0.694928
101,377,666 : -0.984992
29,434 : -0.888685
287,768,918 : -0.83083
588,828 : -0.84153
167,184 : -0.682983
409,850 : -0.684145
634,952 : -0.345147
452,590 : -0.865866
462,858 : -0.551709
13,55 : -0.935094
103,229 : -1.09582
35,241,569 : -1.13106
176,370,848 : -1.22311
92,628,707,808 : -1.08929
408,492 : -0.665955
293,406 : -0.854625
3,6 : -0.895461
88,294 : -0.972365
64,103,344,875 : -1.11038
295,550,745 : -1.16122
668,748,790 : -0.788323
506,865 : -1.089
148,382 : -1.1207
77,336,438,970 : -1.07514
641,819 : -0.86629
315,454,583 : -1.08688
114,807 : -0.821822
127,486,994 : -1.07894
348,602 : -1.07044
245,930 : -0.766462
19,722,837,971 : -0.870233
80,122,505 : -0.960875
60,249 : -0.943368
74,253,419 : -0.842883
231,304 : -0.918084
341,469,969 : -1.01781
29,101,154 : -1.0778
91,227,444 : -0.949574
725,915 : -0.820433
194,514,670 : -1.10861
75,655,885 : -1.16955
80,637 : -0.827149
54,199,204 : -0.94918
487,580,857,991 : -0.830118
326,724 : -0.993633
625,818 : -0.756168
377,500 : -0.746185
618,958 : -0.626022
58,450 : -0.999966
151,242 : -0.800981
105,291,363 : -0.858834
268,780,805 : -0.931331
236,884 : -0.717987
9,269,734 : -0.902257
47,316 : -0.990197
71,407,578,710 : -0.974395
25,189,495,599 : -1.22854
134,252 : -1.09305
46,579 : -0.950951
305,626 : -0.934926
27,104 : -1.08439
50,457 : -0.923859
98,299 : -0.740689
61,364,862 : -1.09174
65,429,957,993 : -1.03697
82,979 : -1.03141
220,701,714 : -0.980772
188,237 : -1.18232
72,450,758 : -1.07168
14,248 : -0.936236
203,471 : -0.961865
230,330,975 : -1.17146
561,630 : -0.593074
298,447 : -0.841437
10,487 : -0.989167
120,239 : -1.13521
40,470,860 : -1.0356
17,540,542 : -1.19316
279,799 : -0.687474
8,191,910 : -1.15868
719,784 : -0.579136
211,269,411 : -0.982721
2,169,574 : -1.11888
390,504 : -0.544811
64,228,565 : -1.16659
61,701 : -0.897931
32,78,399,533 : -1.17899
189,301,424 : -1.07268
268,861 : -0.601794
134,256,420,576 : -1.02564
91,185,388,507 : -1.26162
695,764,864 : -0.969126
341,627,801,931 : -0.991218
438,754,786 : -1.00457
152,745 : -0.830951
95,96,204,490 : -1.13985
155,186,756 : -1.18083
98,128,365,620 : -0.908185
339,607 : -1.12187
118,209,227 : -0.960416
290,481 : -0.813618
417,814 : -0.635176
196,280 : -0.864685
105,598 : -0.664029
173,416 : -1.23531
82,365 : -1.00223
340,625,787 : -0.678687
23,335,659,971 : -0.704194
369,684 : -1.07435
7,854 : -0.806712
160,577 : -0.443273
72,145,448,601 : -1.18793
279,397 : -0.971977
19,178 : -1.21108
24,270,541,775 : -1.04976
317,513 : -1.254
539,816 : -0.511008
344,550 : -1.08832
12,136,156,453 : -0.964675
47,200,797 : -1.10123
557,868 : -0.334354
26,839 : -1.07252
383,697 : -1.04497
107,173,869 : -1.03021
57,367,817 : -1.15569
177,613,647,800 : -1.10137
283,287,582,948 : -1.15824
351,586 : -0.747333
16,536 : -0.726631
597,857 : -0.855807
428,646 : -0.891043
98,437,732 : -0.974803
421,812 : -0.74222
39,81 : -0.925453
185,491,721 : -1.10296
462,794 : -0.475792
91,418 : -0.91862
125,754 : -1.05162
136,445 : -1.02614
4,950 : -0.642677
163,344 : -1.03141
30,63,183,343 : -1.10202
201,982 : -0.789313
50,285 : -0.885492
160,367,610,616 : -0.912598
252,771,923 : -1.01409
10,821,912,916 : -0.939115
4,234 : -0.753512
280,1000 : -0.880057
222,890 : -1.05976
195,333,592 : -0.879239
62,557 : -1.07814
10,548 : -0.85773
66,532 : -0.990303
232,691 : -1.10756
12,101,207,640 : -1.02466
712,718 : -0.657668
62,706 : -0.684002
488,516 : -0.895589
594,697 : -0.988675
75,755 : -0.825057
497,843 : -0.855752
474,528 : -0.597274
259,466 : -0.916083
19,23 : -0.808354
178,205 : -0.965318
538,708 : -0.439653
300,512 : -1.00481
104,974,998 : -0.970419
213,621 : -0.699262
76,219,562 : -1.23492
42,470 : -1.00109
304,831 : -0.6594
146,349,542,992 : -0.951842
111,484,585,898 : -0.998004
193,604 : -0.947599
137,235,470 : -0.992994
733,873 : -0.785568
21,738 : -0.932827
53,312,969 : -1.14275
391,853 : -0.87994
688,790 : -0.824863
309,343,482,496 : -0.887618
65,842 : -0.630765
681,820,838 : -0.882939
37,38,114,736 : -1.16961
477,769 : -0.988675
313,329,467,659 : -1.00222
308,472 : -0.822062
317,942 : -0.494777
540,937 : -0.641396
458,515 : -0.99
665,790 : -0.864842
194,925 : -0.742524
59,804 : -0.525745
66,449 : -0.944239
56,178 : -1.01113
68,154,205,776 : -1.11521
771,892 : -0.82339
5,362,435,898 : -1.11479
227,347 : -1.11483
300,366,797 : -0.980843
246,662,943 : -1.06002
144,456,594 : -1.19759
37,368,720 : -1.06734
263,664,801 : -0.900174
275,682 : -0.826804
414,427,845,873 : -0.957987
464,799 : -0.965282
564,853 : -0.790358
92,128,401 : -1.12383
765,896 : -0.907478
109,625 : -0.95294
192,965 : -0.80154
338,605 : -0.907554
112,459,683,813 : -1.06099
272,322,628 : -1.1178
143,425,486 : -1.0986
338,442 : -0.610034
146,258 : -0.788668
207,655 : -0.472521
254,263,336,679 : -0.961272
100,147 : -0.928201
137,932 : -0.783795
223,587 : -1.15979
277,908 : -0.659418
404,833 : -0.560108
634,716 : -0.495223
133,487 : -1.06817
27,282,809 : -1.06271
258,406 : -1.05368
146,604 : -0.881441
522,761 : -0.790975
563,750 : -0.707488
43,72,444 : -1.12404
144,180 : -0.956687
95,166,448 : -1.25314
6,300 : -1.10401
140,647 : -1.07252
69,128,922 : -1.03036
57,522,755 : -0.939626
25,945 : -1.02268
241,479 : -0.463089
62,577 : -0.725989
271,489 : -0.836158
221,351,494 : -0.988675
50,80,441 : -1.05256
1,84,295 : -1.12964
7,130 : -1.0033
596,834 : -1.089
155,205,302 : -1.1309
199,276,692 : -1.15627
278,462 : -0.907622
14,564 : -1.0704
320,807 : -0.907164
210,576 : -0.925248
58,215,445 : -1.20698
180,386 : -1.02738
382,824 : -0.880077
143,304,461 : -1.04863
147,397 : -1.07208
48,219 : -0.873787
15,394 : -0.851459
15,763 : -1.22097
25,626,879 : -0.636207
23,218 : -0.972382
40,230,855 : -1.02023
951,981 : -0.98999
220,755 : -0.583273
173,853 : -0.872246
148,616,621 : -1.13697
3,298 : -0.609581
62,473 : -0.942421
595,829 : -1.02288
243,649 : -0.919338
433,827 : -0.70819
31,291,598 : -0.871939
272,917 : -1.09873
131,155,253,406 : -1.16604
375,496,673,825 : -1.02604
198,837,984 : -0.767332
63,234 : -0.814247
607,769 : -1.089
567,875 : -0.891037
453,521 : -1.05543
108,350 : -0.892118
166,383,629,720 : -1.01526
201,527 : -0.748094
86,136 : -0.801946
170,227 : -0.851681
70,571,801 : -1.08379
364,530 : -0.858795
1,299,455 : -1.09757
98,220,686,736 : -0.917532
221,986 : -0.630219
785,811 : -0.903869
466,656 : -0.88866
199,955 : -0.575568
362,797 : -0.907431
1,269 : -1.30165
131,476,550 : -1.15272
456,710 : -0.485043
1,106,729,783 : -1.12372
323,427 : -1.05342
360,756 : -0.454159
247,372 : -0.576892
77,105 : -0.939515
97,352 : -1.15727
26,723 : -0.734132
448,602 : -1.12201
134,161 : -0.916106
247,971 : -0.583785
23,749 : -0.97315
120,345 : -1.24429
79,524 : -0.901069
402,859 : -0.939276
49,100,193 : -1.06424
170,436,517 : -0.790928
117,342,560,966 : -1.02063
224,546,811 : -1.03465
166,300 : -1.04837
59,202,543 : -1.1591
42,191 : -0.901195
182,784 : -0.712223
121,936 : -0.803074
115,313,804,832 : -1.04155
15,48,586,705 : -0.960796
96,844 : -1.1961
203,311,526 : -1.1611
99,623 : -0.8838
232,337 : -0.938993
18,82,878,987 : -1.00941
95,384,408,817 : -1.18636
129,597 : -1.08853
425,677 : -0.923226
192,241,758,848 : -0.917225
161,1000 : -0.669719
205,398 : -0.59244
190,776 : -1.00182
148,435 : -0.836198
6,262 : -0.610295
34,99,569 : -1.0971
35,40 : -0.957247
174,285 : -0.650683
178,920 : -1.01174
133,483 : -0.721142
402,633 : -0.627004
717,903 : -0.743632
370,415 : -1.19631
182,510,602 : -0.886734
222,476,813 : -1.08127
312,962 : -1.07219
307,935 : -1.09873
114,308 : -0.75102
930,977 : -0.659352
113,467 : -0.661293
369,593,655 : -0.910137
77,97,253,942 : -1.02278
416,499 : -0.989954
10,109,216 : -1.28826
27,580,803 : -1.1647
244,649 : -0.659015
177,607,762,765 : -1.08908
557,619 : -0.926252
278,705,745 : -0.740434
174,648,945,964 : -0.702712
38,433,641 : -0.879701
106,725 : -0.718963
114,404 : -1.03497
775,817,896 : -0.937273
28,550,878,898 : -0.880606
164,813 : -0.853962
202,746 : -0.748078
179,722,917 : -1.05698
29,529,860 : -1.01088
53,388 : -1.05417
223,533 : -1.03697
236,412,674 : -1.15118
169,835 : -1.04678
494,786 : -0.922908
284,408 : -0.916311
48,78,793 : -1.05169
33,387 : -1.08753
498,796 : -0.424349
416,584 : -0.858074
27,485 : -1.05607
757,852 : -0.98999
87,600 : -1.00501
10,138 : -0.878648
243,847 : -1.1078
61,132,273,572 : -1.03848
94,671,961,983 : -1.07116
206,944 : -0.936432
96,481,992 : -1.15745
4,338 : -0.940109
196,507,605 : -1.21192
30,882 : -0.779895
863,911 : -0.66
552,963 : -0.858054
530,560 : -0.626316
153,348,369 : -1.1711
687,793 : -0.825028
227,745 : -1.07844
180,824,995 : -1.14624
430,694,698 : -1.00097
240,292,636,933 : -1.00095
376,650 : -0.906932
159,565,851 : -1.05322
179,544 : -0.654433
37,285 : -0.678769
188,361 : -1.09994
153,231,509 : -1.06631
59,436,914 : -0.958264
106,300,310 : -0.923493
121,497,502 : -1.02356
156,172,208 : -1.11841
56,476 : -0.834313
507,711 : -0.766985
186,373 : -0.864623
14,941 : -0.658399
564,686,912 : -0.927647
184,387 : -0.718535
152,255 : -1.22516
208,491,781 : -1.02517
366,461 : -0.659035
693,727,909 : -0.786901
75,147,620 : -1.0011
121,337,620 : -0.912615
376,658 : -0.60468
14,106,328 : -1.25954
254,833 : -0.769652
448,951 : -0.988675
102,135 : -0.701217
75,888,982 : -1.03496
49,465 : -0.694436
23,210,611 : -1.24748
475,631 : -0.742288
41,398 : -0.974229
41,68,345,687 : -1.09193
800,826,962 : -0.938975
331,606 : -0.889783
109,392 : -1.093
340,642,991 : -0.742961
484,704 : -0.566245
105,322 : -0.973835
75,647 : -1.12751
12,32,65 : -1.05737
225,994 : -0.86004
383,620,949 : -1.12794
52,141 : -1.03549
167,861 : -0.705835
367,429 : -0.857084
83,175,194 : -0.98141
125,616,704 : -1.16542
409,412 : -0.890056
144,363 : -0.919919
420,485,949 : -1.14862
335,499,716 : -0.958434
30,822 : -1.07253
511,617 : -0.726165
414,946 : -0.742583
151,483 : -0.324462
237,264 : -0.880053
251,253 : -0.699157
71,123 : -1.10216
270,862 : -0.73014
234,711 : -0.747507
851,939 : -0.86629
463,792 : -0.659567
135,753 : -0.920347
375,716 : -0.961612
117,644,712 : -1.08812
46,237,419 : -1.12933
495,624 : -1.12371
226,423 : -0.885211
76,966 : -0.847685
230,549 : -1.0706
9,412 : -0.976424
51,278,853 : -0.915953
132,845 : -0.843085
176,390 : -0.682691
264,281 : -0.850007
341,948 : -0.90933
315,602 : -1.1702
702,977 : -0.368448
148,520 : -0.982084
88,298,672 : -1.0869
731,747 : -0.663053
322,548 : -0.906562
280,543,849 : -1.06459
232,707,963 : -1.00916
485,939 : -0.88866
142,302,379 : -0.855655
295,429 : -0.841156
271,365,756 : -0.925457
71,199,290,460 : -1.07653
36,56,690 : -1.11944
341,497,556 : -1.0455
64,238,974 : -1.06247
61,357 : -1.25414
150,221 : -0.983765
82,233 : -0.883717
197,434 : -0.994054
6,430 : -0.809994
226,449,568,780 : -1.14524
68,985 : -0.724964
587,667 : -0.923084
244,563 : -0.791574
619,905 : -0.625481
366,652 : -0.933403
13,153,715 : -1.20183
266,761 : -1.07243
467,614,786 : -0.957405
293,339,897 : -1.12924
102,401,417,563 : -0.805263
166,600 : -0.800703
151,503 : -0.418598
454,889 : -0.907512
46,420 : -0.795216
411,523 : -0.69578
39,148 : -0.806464
473,685 : -0.792368
47,58,347,624 : -1.10357
534,538,762,841 : -1.0623
122,293 : -1.21687
410,660 : -0.799079
45,145,355 : -0.943406
31,315 : -1.20405
48,719 : -1.00843
55,212,226 : -1.02953
68,244 : -1.25634
490,725 : -0.759046
222,983 : -0.989484
42,619 : -1.27155
30,845 : -0.906651
85,244,443 : -0.906198
261,424 : -0.401257
108,158,293 : -1.2692
352,399 : -0.956321
841,965 : -0.742496
560,935,940 : -0.936498
102,320,818 : -1.06481
143,215 : -0.77603
194,310,432 : -1.2189
60,205,210,841 : -1.05365
366,561 : -0.730178
106,557 : -0.919661
183,298,679 : -0.862418
329,718,730,919 : -0.966837
184,806 : -1.20214
233,600 : -0.869259
115,546,656 : -1.03856
567,979 : -0.924034
513,568 : -1.12183
329,834 : -0.975765
33,748 : -0.732879
82,87 : -0.913739
174,367,610,713 : -0.811564
120,161 : -0.98756
38,123,576 : -0.918561
159,661,997 : -0.973522
290,684 : -0.88009
187,250,416,834 : -1.09408
72,509 : -1.15456
390,610,622 : -0.955836
586,803 : -0.889596
606,896,911 : -1.09768
150,224 : -1.00076
376,682 : -0.796059
437,630 : -0.461316
100,238,713 : -0.906144
119,257,802 : -0.992297
214,659,926 : -0.820692
404,933 : -0.477175
104,354,509 : -1.16502
297,449,997 : -1.11491
539,811 : -0.923624
258,400 : -0.59284
282,319,972 : -1.05675
45,281,660 : -0.701489
724,957 : -0.826838
13,51,244,560 : -1.02306
105,167,250 : -1.0696
689,885,972 : -0.843061
110,956 : -0.930155
84,156,231,933 : -1.14036
287,562,997 : -1.04954
133,135,306,504 : -1.11398
40,442,587,941 : -1.01776
15,468 : -1.16901
197,306 : -1.17351
73,318,494,656 : -1.01789
99,567 : -1.26976
101,339,561 : -1.112
118,988 : -1.17561
321,909 : -0.481325
230,426,606 : -1.17848
85,928 : -0.866268
114,893 : -0.802383
32,713 : -0.695558
47,886 : -0.897204
272,519,702 : -1.10103
307,846 : -0.864674
67,172,197,958 : -1.14875
393,819 : -0.648198
168,621 : -0.961071
155,654 : -0.958478
44,49,735 : -1.15475
148,190,748,832 : -1.092
241,934 : -0.715808
528,535 : -0.624406
4,469 : -1.386
293,395 : -1.08832
156,648 : -0.812978
324,584 : -1.00104
263,371 : -0.962554
9,340 : -1.3036
199,732 : -0.429083
290,599 : -0.751688
141,208 : -0.881063
37,54 : -0.751094
102,277,403,739 : -1.11175
500,674,723 : -0.879286
79,637 : -0.988544
760,856 : -0.743631
10,338,467 : -0.857934
325,439,477,843 : -1.04016
556,943 : -0.79181
36,959 : -0.823163
513,951 : -0.88866
235,345 : -1.03488
120,165,532 : -0.750401
112,170,436,733 : -0.741948
511,522 : -1.08854
191,414 : -1.09382
45,182 : -1.002
303,691 : -0.740853
297,865 : -0.864022
387,675 : -0.784298
62,195 : -1.24696
145,929 : -0.969157
123,154,313,353 : -1.08404
195,336 : -0.971852
60,468,501,924 : -0.960114
83,98 : -1.3407
2,59,928 : -1.06015
194,218 : -1.01533
31,61,855 : -1.10499
176,372 : -0.830463
222,517,556,993 : -1.09602
168,803 : -1.13147
206,266,581 : -1.18811
90,292 : -1.13455
69,468,497 : -1.05571
23,387 : -0.940139
57,309 : -0.404942
21,941 : -1.03842
10,222,369 : -1.36174
16,418,431,957 : -1.00589
469,638,980 : -0.954401
260,483 : -0.571498
124,165,861,985 : -1.06769
118,196 : -0.722544
110,162,578 : -1.07554
23,982 : -0.633065
558,572,882 : -0.720404
361,377,744,986 : -1.03408
127,920 : -1.07235
42,157 : -1.11467
27,836 : -1.15493
169,899 : -1.0369
737,917 : -0.98999
160,360 : -0.871875
553,980 : -0.88866
40,331 : -0.935005
361,660 : -0.892838
523,699 : -1.089
130,255,419 : -1.05606
163,456 : -1.30114
133,698,770 : -0.908835
20,200,693 : -0.935758
93,903 : -0.99296
112,301 : -0.921324
46,558 : -0.666627
108,874 : -0.640081
161,243,587 : -1.03967
31,427,548 : -1.10041
12,378,666,965 : -1.07562
677,800,966 : -0.896977
384,835,877 : -0.863121
206,993 : -0.864947
890,897 : -0.907478
51,58,440 : -1.25639
493,616 : -0.99156
43,209,501 : -0.8161
11,524 : -0.940889
37,49,324,478 : -1.06382
25,461,787 : -1.14901
216,643 : -1.06059
306,777 : -1.155
130,247,580 : -0.918706
515,871 : -0.988675
441,948 : -0.90592
74,673 : -0.861453
64,212 : -1.14131
407,971 : -0.675084
70,646 : -0.932049
208,655 : -0.989
171,874 : -0.553535
112,127,245,705 : -0.929606
665,691 : -0.616784
564,580 : -0.958786
63,654,927 : -0.962332
20,47,57,309 : -0.881462
116,355,363,525 : -1.03949
94,311,437,785 : -0.931433
300,599 : -0.83924
25,86,879 : -0.72919
225,646 : -1.20214
728,893 : -0.699325
546,968 : -0.88866
17,50,342 : -1.14728
388,747 : -0.739368
326,383 : -0.962425
97,176 : -0.737646
223,428,650 : -1.20552
70,146,432,899 : -1.15805
198,978 : -0.824105
476,740 : -0.841423
157,825 : -1.07844
873,972 : -0.98999
54,102,590 : -1.09733
110,622 : -1.04337
12,28,172 : -0.800316
28,204 : -0.698272
374,593,735 : -1.03522
108,241 : -0.789845
856,929 : -0.98999
53,375,840,989 : -1.06414
58,474,916 : -0.892167
8,822 : -0.824994
196,284,370,730 : -0.9645
163,673,992 : -1.18478
81,926 : -0.802718
265,346 : -0.991105
66,72 : -1.26506
263,365 : -0.664396
24,702,776 : -0.858736
110,489 : -1.04574
66,252 : -1.18252
131,468,985 : -0.951096
211,828 : -1.13135
19,29,689 : -0.935916
271,595 : -0.82416
57,109,432 : -1.27861
118,995 : -0.806063
333,905 : -0.684131
120,951 : -1.11375
191,351 : -1.02904
92,591 : -1.1922
150,261,446,471 : -0.982763
14,584 : -0.927706
15,680 : -0.931709
312,595,668,886 : -0.946784
71,288 : -1.00777
504,924 : -0.890843
377,488 : -0.988639
535,726 : -0.585631
737,851 : -0.906602
138,458,603 : -0.913136
146,366 : -0.89171
202,207,752 : -1.12635
539,938 : -0.841562
498,623,938 : -0.908693
212,267,398,792 : -1.05996
118,373 : -0.880668
176,458 : -0.819687
276,782 : -0.589488
1,32,236,465 : -1.18411
327,520,701 : -0.972575
142,562 : -1.07631
83,603 : -0.989839
245,500,769 : -1.08947
73,983 : -0.915996
43,110,886,937 : -1.08775
15,179,805 : -1.06587
211,970 : -0.805334
149,738,1000 : -0.95825
15,303 : -1.10507
389,690 : -0.865733
357,439,685 : -0.883318
522,711,787 : -0.873979
348,544 : -0.858237
188,421 : -0.772576
296,603 : -0.770091
391,849 : -0.931785
249,975 : -0.687363
20,321 : -1.11659
294,332 : -0.632415
490,516,703 : -1.10661
531,947 : -0.88866
248,422,610 : -0.927451
143,424 : -0.776722
622,752 : -0.755175
72,816 : -0.7333
78,394 : -0.847437
139,155,192 : -1.21581
33,187 : -0.984724
380,500 : -0.617348
343,998 : -0.825406
80,319,586 : -1.23567
171,235,241,768 : -0.94927
895,913 : -0.98999
590,947 : -0.841423
428,884 : -0.791332
140,156 : -1.14338
142,314 : -0.913447
489,806 : -1.089
86,456,767 : -1.05081
125,748 : -0.414917
114,550 : -1.03525
228,794 : -1.00183
11,683 : -0.973634
92,725 : -1.03118
496,522 : -0.728008
70,637,710 : -0.977838
191,412 : -0.790999
75,345 : -1.21281
185,944,992 : -1.03115
145,961 : -0.743512
340,440 : -1.1702
31,237,502,743 : -1.21005
130,530 : -1.01404
108,322,738,764 : -1.11605
67,242,347 : -0.848374
217,268,549,826 : -1.09644
491,956 : -0.750732
68,747 : -0.907052
15,566,695,731 : -1.07409
252,319,579 : -1.09475
150,678 : -0.907605
236,430 : -0.85713
801,863 : -0.825005
325,327 : -1.23741
82,173,202,374 : -1.07771
22,346 : -1.15186
226,591,934 : -0.854878
149,530,566,874 : -1.07925
251,343 : -0.907803
171,877 : -0.545231
772,838 : -0.907448
4,296,526 : -0.935334
78,124 : -1.09544
89,223 : -1.27885
121,244,825 : -1.0946
492,576,694,985 : -0.840027
91,137,351 : -1.05171
189,308 : -1.17699
122,648 : -0.699163
382,392,512 : -1.04366
43,661 : -0.842593
414,474 : -0.758947
554,588 : -1.08646
321,352 : -1.10006
41,494,525,661 : -0.930941
644,701,834 : -0.912742
21,750 : -0.94003
29,378 : -0.709621
726,872,875,914 : -0.877102
14,33 : -1.05759
297,889 : -0.991639
696,968 : -0.783676
216,317 : -1.21251
514,535,598,759 : -0.958574
492,740 : -0.758033
89,90,613,839 : -0.919305
124,131 : -0.704046
292,502 : -0.808505
336,360 : -0.742523
57,274,922,954 : -0.963821
108,835,973 : -0.91086
79,143 : -0.76283
364,827 : -0.829673
487,788 : -0.676395
245,961 : -0.966475
37,391 : -1.11665
44,378 : -0.811945
116,143 : -0.829434
118,374 : -1.24762
112,137 : -0.823104
170,204,373 : -1.08553
26,960 : -0.733778
1,868 : -1.07255
64,102,298 : -0.911078
124,286 : -0.908661
81,308 : -1.07931
27,617 : -0.906687
441,981 : -0.477446
95,193,878 : -0.987277
356,788 : -0.91067
201,347,712,916 : -0.993724
162,480,912 : -1.10661
7,305,974 : -1.10073
187,242 : -1.0621
347,693 : -0.465583
434,852 : -0.591962
238,545 : -0.985319
9,42,61,658 : -1.09012
55,519,547 : -0.814557
573,697 : -0.88866
5,12,220 : -1.05984
81,905 : -0.680242
28,233,545,552 : -1.15983
183,330,919 : -0.751721
9,873 : -1.08891
4,57,151,451 : -0.923832
312,548,955 : -1.04157
308,764 : -1.07122
154,196 : -0.593834
124,196,425,996 : -1.07551
113,442 : -0.86052
81,393,679,728 : -1.01322
5,229 : -1.26218
88,507 : -0.9221
76,586 : -0.90886
159,421 : -0.475985
36,843 : -0.961552
405,621 : -0.792662
538,917 : -1.089
28,422,537 : -1.14026
17,88,730 : -1.00847
537,709 : -0.88861
55,175 : -1.24115
371,700 : -0.618241
144,551 : -0.837008
142,443,471,791 : -1.08423
520,955 : -0.461277
129,496 : -0.776414
336,359 : -1.32
531,843 : -0.88866
78,278,848 : -0.799006
100,497,658,696 : -1.08096
197,234 : -0.942587
130,335,372 : -0.652754
632,945,997 : -0.965443
217,390 : -0.904742
63,264,377,994 : -1.13687
572,788 : -0.739355
62,647 : -1.06783
152,267,560 : -1.04901
96,141 : -1.26228
460,648,826 : -0.862829
130,338,529 : -0.802852
135,401 : -0.303177
66,405 : -0.817494
79,261 : -0.606209
763,903 : -0.98999
252,410,790,937 : -1.0262
137,615,661 : -0.983853
426,533 : -0.759991
38,167,368,789 : -1.09042
99,582 : -0.779459
543,781 : -0.791332
19,459,544,910 : -1.15144
433,876 : -0.68573
432,472 : -0.826721
136,676 : -0.743093
34,750 : -0.897476
70,532,585 : -0.984712
155,789 : -0.948877
281,380 : -0.834495
759,890 : -0.907542
33,125,219,575 : -1.22619
346,573 : -0.957053
541,865 : -1.02297
59,261 : -0.947423
202,204,883 : -1.01454
156,272,413,713 : -1.11214
162,291,472,931 : -1.03019
151,409 : -0.985172
48,608 : -0.732103
183,390,452 : -0.609111
111,139,477 : -0.932187
170,989 : -0.694991
210,436,832,946 : -0.879807
40,60 : -1.08598
117,211 : -1.25106
479,541,570,848 : -0.750348
68,328 : -1.25281
213,245 : -1.03635
117,962 : -1.0115
71,81 : -0.675992
52,76,273,622 : -1.18257
250,317 : -0.636804
34,143,570 : -0.916947
246,627 : -0.990245
206,975 : -0.91937
100,959 : -0.782539
282,434,978 : -0.867496
89,357 : -1.03092
122,567 : -0.944458
191,441,506,737 : -1.13975
34,618,650,930 : -0.993214
774,851 : -0.744684
407,653,779 : -0.99692
460,709 : -0.922485
234,452 : -0.406731
125,200 : -1.07827
375,406,602 : -1.12391
26,363,375,656 : -1.104
17,28,957 : -0.99231
121,288,299,739 : -1.03138
562,876 : -0.889596
251,463 : -0.520109
97,952 : -0.865844
188,880 : -1.01174
34,192 : -0.788192
396,596,782 : -0.759921
113,330,399,990 : -0.957506
119,860 : -1.02946
297,540 : -1.254
523,760 : -0.88866
110,381,595 : -1.06948
313,551,837 : -1.04441
727,793 : -0.864289
23,234,324,372 : -0.897784
247,553,913 : -1.27999
513,744 : -0.988675
173,371 : -0.917444
239,757 : -1.20214
558,861,870 : -0.618742
33,506 : -0.940989
129,130,221,324 : -1.13125
63,198,480,515 : -1.02969
381,542 : -0.736151
92,557,597,906 : -1.1461
109,304 : -1.11355
378,678,830,972 : -0.97236
96,977 : -1.0722
52,527,600 : -1.09271
29,398,823,970 : -1.03542
235,350 : -1.10543
154,215 : -1.08389
44,126 : -1.07344
415,925 : -1.089
73,143,405 : -0.953562
63,325,542 : -1.12501
55,569,932 : -0.657121
103,592 : -0.815705
323,675,699 : -0.880363
65,987 : -0.732665
46,213,888 : -1.23432
34,73 : -0.940161
220,274 : -0.86618
119,539,865 : -1.11402
140,379,855 : -1.04442
84,908 : -0.784479
413,611 : -0.960548
116,961 : -0.661063
175,654,852 : -1.04393
477,824 : -0.625843
99,895 : -1.07254
18,290,407 : -0.971768
192,418 : -0.811216
83,850 : -0.749128
158,708 : -0.601095
70,346,719 : -1.1602
277,362 : -0.771387
98,181 : -0.99049
229,703 : -1.07781
5,124,536 : -1.1784
56,949 : -1.043
215,405 : -0.579249
856,912 : -0.98999
224,775 : -0.580464
121,721 : -0.614117
68,315 : -1.18676
48,99,170,245 : -1.09231
294,330,402,869 : -1.07454
26,45,127,565 : -1.10603
162,173,736 : -0.871954
126,766 : -0.827644
49,258 : -0.898245
60,139 : -0.854258
329,761,888 : -1.07285
559,883 : -0.759114
169,644 : -1.07781
20,390 : -0.436112
23,830 : -1.06934
900,910 : -0.42161
33,121,274,857 : -1.17859
79,226,443 : -0.957162
195,820 : -0.982068
236,838 : -1.06082
41,69,134,867 : -1.09954
332,770 : -0.782703
95,257,967 : -0.965063
196,722 : -1.03646
93,312 : -1.00115
7,250,260,589 : -1.02575
570,779 : -1.089
353,744 : -0.824382
214,219,377 : -1.10608
51,112,570,863 : -0.910611
116,581 : -1.02649
561,807 : -0.808378
470,485 : -0.992814
107,242 : -0.82122
163,292 : -0.813652
448,920 : -1.02288
73,213 : -0.929325
16,530,570 : -0.930896
396,901 : -0.965282
159,188 : -0.68681
229,292 : -0.935016
29,63 : -0.850957
247,625,787 : -0.616206
518,566 : -1.12183
37,457,605,771 : -1.10262
285,600 : -0.789828
243,385,736,878 : -0.981199
906,988 : -0.741092
284,651 : -0.990044
88,675 : -0.886948
743,798,901 : -0.953217
1,396,922 : -1.27671
2,35,986 : -0.700249
867,935 : -0.535665
18,184,211,316 : -1.21768
203,340 : -1.08414
652,671,907 : -0.84423
515,549,902 : -1.0257
510,814 : -0.544669
59,460,638,838 : -1.12141
272,669,719 : -1.05087
87,604 : -1.00337
4,310,639 : -0.889265
191,554,999 : -1.23694
19,321,481,982 : -1.00817
7,126,372,639 : -1.02781
152,920 : -1.06075
33,275 : -1.04052
531,849 : -1.089
142,796 : -0.659636
17,128,571,622 : -1.13926
169,283 : -0.981388
35,312 : -1.23328
392,574,987 : -1.03546
259,287 : -0.990084
141,326,833 : -0.811214
59,123,273,299 : -1.04369
208,407 : -1.03252
599,680 : -0.790958
417,695,742,825 : -0.85005
138,190,558 : -0.845569
34,270 : -0.98974
385,389,532,571 : -0.884103
575,706 : -0.526244
187,316 : -0.748616
76,206 : -1.04715
25,136,354 : -0.730346
96,575 : -1.0678
365,458,765 : -1.07419
12,301 : -1.13629
85,159 : -0.945981
115,118,256,973 : -1.14689
486,708 : -0.988675
3,13,723 : -1.0757
403,722 : -1.02232
30,438 : -0.842947
123,375 : -0.920783
179,341 : -1.21398
90,393 : -0.87904
351,379,895 : -0.936589
42,762 : -1.18253
464,615 : -0.895589
13,59,302,510 : -1.11317
537,777 : -0.988675
384,388,494 : -1.0094
251,268 : -1.04496
65,881 : -0.948636
89,111 : -1.09401
327,521 : -0.940389
9,521,810 : -0.993347
410,526,784 : -0.973201
138,528 : -0.592718
106,172,700 : -1.04127
593,907 : -0.442237
353,547,858 : -0.938517
180,445,687,716 : -1.04057
117,419 : -0.907002
254,477,829 : -1.13255
165,729,768,989 : -0.988397
584,882 : -0.618701
114,392,894 : -1.05919
113,474 : -0.952927
270,669,976 : -0.776825
2,816 : -1.03674
91,766,821 : -1.01252
424,536 : -0.596525
8,77,535,634 : -1.14879
83,482,673 : -0.840514
3,273 : -1.00106
17,75 : -1.19334
556,640 : -0.789767
169,353 : -1.14332
107,225,953 : -0.963303
105,603 : -0.765193
21,501 : -0.909812
352,836 : -1.155
9,88 : -1.26207
36,334 : -0.852459
150,170 : -0.886416
120,449,766 : -1.08824
184,751 : -0.640236
320,945 : -0.826305
266,498,799 : -1.12973
24,385 : -1.36407
902,949 : -0.86629
93,854 : -0.659865
654,809,869 : -0.80215
98,232,604 : -1.16431
227,547,583 : -0.96905
153,553 : -1.2302
265,367 : -1.265
39,54,422,457 : -0.824961
49,964 : -0.577486
147,166,633 : -1.12072
146,162,556,568 : -1.14803
249,501,555,686 : -1.05586
198,386,835,857 : -1.10184
274,967 : -0.768055
520,676,706,732 : -0.788119
63,265,527 : -0.98962
262,336 : -0.742558
100,389 : -0.818531
281,379 : -0.942803
148,627 : -1.03121
813,906 : -0.907448
301,583 : -0.82401
103,598 : -1.15454
60,363,473 : -1.07064
508,527 : -0.791834
575,577 : -0.724314
150,911 : -0.826936
125,524,717 : -1.05766
200,387,691 : -0.973602
57,220,579 : -0.919819
327,354 : -1.15499
53,161 : -0.832716
147,632 : -0.948739
328,684 : -0.907586
167,900 : -0.533667
349,931 : -0.73015
265,356 : -1.10281
370,740 : -0.933403
306,334,1000 : -1.00438
89,107,334,495 : -1.0341
32,107,220,478 : -0.956561
217,858 : -1.07781
48,55,127 : -0.837996
158,275,423 : -0.999605
624,921 : -0.922049
350,611,811,817 : -1.00883
326,662 : -1.07122
14,133,442 : -1.00018
1,964 : -0.75858
8,10,86,411 : -1.16216
230,588 : -1.08879
642,952 : -0.907089
20,672,842 : -1.12351
11,85 : -1.00836
42,331,766 : -0.989683
233,619 : -0.980119
66,918 : -0.736894
67,452 : -0.633901
186,463 : -0.876569
77,450 : -0.952186
236,753 : -0.964771
7,291 : -0.966268
27,30,201,272 : -1.25242
388,421,866 : -0.965905
289,820,871 : -0.977512
257,357 : -0.852635
74,376 : -0.589397
175,548 : -0.947495
51,135,149 : -1.19867
186,864 : -1.13147
296,519,624 : -1.17478
199,286,747 : -1.22309
453,492,512 : -1.19177
22,490 : -1.15455
65,615 : -0.909285
328,456 : -0.569304
76,356,897 : -1.29239
31,42,780,884 : -1.18146
403,845 : -1.089
3,262 : -0.644968
201,529,584 : -0.774314
657,683,778,812 : -1.01676
47,741 : -0.933344
583,694 : -0.8047
345,574,669,924 : -0.961491
358,488,692 : -1.10068
106,567,629,936 : -1.03196
282,688 : -0.907556
440,562 : -1.08646
73,96 : -1.23698
256,514 : -0.889649
271,703 : -0.91067
605,929 : -0.574356
481,652 : -0.841423
55,140,644 : -1.2217
159,639,690 : -0.874958
585,637,728 : -0.690359
373,423 : -0.650898
5,531 : -1.03783
66,370,395,914 : -1.22858
313,470 : -0.990115
120,794,862,902 : -1.10811
217,788,885,942 : -0.857799
435,846 : -0.642278
62,553 : -1.16509
479,844 : -0.898256
127,134,492,773 : -1.08764
364,612,618 : -0.99439
65,160 : -0.976607
940,966,993 : -0.662761
356,529,731 : -1.06896
613,615 : -0.691713
163,636 : -0.836781
84,975 : -1.07219
5,81,894 : -1.13402
93,589,783,815 : -1.08724
53,137,302,565 : -0.924009
139,250,473 : -0.850708
221,705 : -0.765854
469,891,989 : -1.03043
299,307 : -0.719448
18,86 : -1.07567
233,337 : -1.12801
578,681,728 : -0.719745
534,740 : -1.089
840,887 : -0.864881
168,773 : -1.12979
184,524 : -1.20078
24,168 : -1.24614
447,610,664 : -0.963384
89,173,956 : -1.01201
10,132,346,809 : -1.08199
44,535 : -1.11474
87,138,281,608 : -1.21573
53,568 : -1.1857
606,712 : -1.089
26,36 : -1.06789
265,592 : -0.850396
142,968 : -0.928428
475,603,689 : -0.881375
6,139 : -1.16259
266,612,999 : -1.16865
459,664 : -1.02305
355,723 : -0.576847
34,921 : -0.962654
72,119 : -1.05225
225,685,781,859 : -1.11378
3,381,543 : -1.14673
2,149,410,417 : -1.04888
11,35,938 : -1.01066
255,310,950 : -0.906286
555,667 : -0.891037
354,872 : -0.827791
152,763 : -1.06075
157,709,954 : -0.864886
86,397 : -0.881617
45,355 : -0.757928
132,329 : -0.872062
612,889 : -0.858039
39,136,349 : -0.892778
282,384 : -0.965021
210,899 : -0.789319
231,276,699,724 : -1.19434
108,286,380 : -1.01916
91,144,629 : -1.21162
483,605,614,990 : -0.950814
168,514,533 : -1.13178
614,643 : -0.67652
289,593 : -1.08832
9,518,558 : -1.16724
45,76 : -1.19499
93,230 : -1.25537
133,200 : -1.00946
56,219,413 : -1.06222
355,517,934 : -1.01349
91,795 : -0.845253
8,774,904 : -0.940187
666,901 : -0.907478
60,623,976 : -0.848771
132,198,482,984 : -0.885923
25,685 : -0.981755
216,564,805 : -0.929136
30,525,724 : -1.27457
139,545 : -0.837304
690,996 : -0.288081
2,21,500 : -1.03449
128,615 : -0.762643
39,371 : -0.750445
117,203,216 : -1.22877
50,289,653 : -0.971808
95,358 : -1.0927
104,450,726 : -0.745908
414,928 : -0.965282
124,259 : -1.07104
157,579 : -0.746887
374,908 : -0.798324
29,821 : -0.97197
164,466 : -1.01167
345,913 : -0.921268
182,466 : -0.636376
237,386 : -0.997348
16,127,508,511 : -1.18307
187,734 : -1.07781
8,175,850 : -0.9354
324,421 : -1.00369
56,773 : -0.907235
147,288 : -0.853557
78,116,649 : -1.06006
125,176,279 : -1.02048
218,294,528 : -0.977844
77,317,830 : -0.872362
69,318 : -0.788449
35,149,379 : -0.952045
6,360,466 : -1.10834
35,958 : -0.849636
5,53,462,482 : -1.15586
3,183,919,990 : -0.781473
305,331,850,886 : -1.09797
87,461 : -0.907421
17,107,171,676 : -1.16774
49,257,285,331 : -1.12153
379,976 : -0.830407
385,512 : -0.988846
71,360 : -1.18908
92,752 : -1.01035
41,582 : -0.497809
172,230,950 : -1.04017
411,521,597 : -1.00662
50,447 : -0.79209
6,8 : -1.17191
24,733,870 : -1.05405
80,284,791 : -1.02234
150,171 : -1.07039
24,368,387 : -1.03396
445,519,569,952 : -0.816278
203,990 : -0.9653
114,177,337,491 : -1.0707
325,440 : -0.990016
568,645 : -0.777068
30,528,870 : -0.778791
502,721 : -0.329635
489,779 : -0.841604
198,359 : -0.923513
250,311 : -0.611268
100,139 : -1.01242
402,509,663 : -1.06294
358,871 : -0.948064
82,781 : -0.827308
22,505 : -1.00829
182,476,488 : -1.01486
64,262 : -0.952975
158,343 : -1.24144
255,385 : -0.881308
47,74,167,508 : -1.16763
118,237 : -0.852031
372,427 : -0.939422
61,132,665 : -0.972226
76,352,418 : -1.25295
471,763 : -1.089
53,717,904 : -1.10551
200,607 : -1.16882
39,65 : -0.844533
715,964 : -0.825038
44,303,452,749 : -0.916032
44,184,343,499 : -1.02653
82,246 : -1.11229
24,977 : -0.676525
79,420,802 : -1.233
204,225,791 : -0.987135
119,559,729 : -0.970451
18,590 : -0.952989
126,319 : -0.946453
19,217 : -0.819044
332,499 : -1.02502
217,785 : -0.848619
119,425 : -1.10942
14,157 : -0.900647
822,904 : -0.366623
32,64 : -0.970794
3,160,382,401 : -1.0196
179,870 : -0.740712
228,538 : -1.12176
52,135,166 : -1.13718
236,374,686,955 : -1.05668
52,947 : -0.933846
35,794 : -0.824719
585,819,891 : -0.96337
326,366,684,721 : -0.983534
11,56 : -1.21943
45,224 : -1.06226
155,275,609 : -1.13278
290,362,422,706 : -0.998177
333,671,953,979 : -0.836463
415,708 : -1.089
411,791,943 : -0.937748
7,821 : -0.716074
344,738,756 : -1.08258
131,224 : -1.17276
212,938,960 : -0.653342
156,802 : -1.0372
94,642 : -0.722567
20,54,174,505 : -0.942242
189,307,772 : -1.20703
540,921 : -1.00559
314,960 : -0.397112
90,653 : -0.761225
43,823 : -0.820105
218,268,682,883 : -1.07479
50,552,631 : -0.952449
72,169 : -1.03841
44,667 : -0.894684
113,425 : -1.21289
28,136 : -0.709994
223,352 : -1.07708
503,699 : -1.00559
42,521,572,617 : -1.00131
140,581 : -1.04379
309,665 : -0.866498
8,61 : -1.04793
447,552 : -0.628107
539,676 : -1.00559
116,260 : -1.12798
423,702 : -0.543438
31,325,474 : -1.05347
39,103 : -1.0191
187,426,635,927 : -0.976112
14,585 : -1.23936
166,593 : -0.890829
178,516 : -0.905063
315,486 : -1.07245
305,646 : -0.745139
178,180,380,527 : -1.14827
318,350 : -0.671667
403,405 : -0.923715
464,552 : -0.992019
25,349 : -0.906336
323,368 : -0.825093
1,944 : -0.93083
50,981 : -0.687367
24,283,601 : -1.09451
459,519 : -0.694196
87,546 : -1.16575
310,953 : -0.657196
208,297 : -1.29528
5,773 : -1.0884
54,700 : -0.957967
111,146,559 : -1.12791
181,457 : -0.908089
145,164,186,940 : -1.18053
316,506 : -0.636429
15,256 : -1.14952
356,810 : -0.780022
495,555 : -0.925528
86,291,413 : -0.998559
92,232,359,573 : -1.23217
435,700,884 : -0.940419
4,67 : -0.585987
136,354,846 : -0.832193
256,318 : -0.713692
400,607 : -1.05597
129,347 : -0.920508
67,151,714 : -0.847848
100,101,493 : -1.03405
629,734 : -0.907478
484,485,628,859 : -1.09941
355,693 : -1.155
91,231,592 : -1.19417
185,493 : -1.15368
48,549 : -1.27155
826,900 : -0.617897
164,594 : -1.30114
21,142,464 : -1.15947
123,161 : -0.753476
52,609,963 : -0.966883
14,46,77,404 : -1.27148
443,707 : -0.807921
351,431,479,581 : -1.00533
233,334 : -0.924185
70,238 : -1.15392
408,434,662,816 : -1.03363
314,932 : -0.726588
291,365,430,746 : -0.882526
15,278,283,921 : -1.0617
9,296 : -1.1375
29,342,667 : -0.987462
108,909 : -1.03004
422,478 : -0.660029
181,307,651,979 : -1.16814
316,799 : -0.632542
223,792 : -1.1514
259,809 : -1.03103
214,854 : -0.848332
395,864 : -0.965282
125,554 : -1.13857
649,867 : -0.500044
83,925 : -0.802563
2,73,121,214 : -1.26032
153,185 : -0.946178
670,674,696,874 : -1.00215
193,273,415 : -1.2367
416,438 : -0.661623
195,907 : -0.731061
45,660 : -0.450098
58,94 : -0.887125
87,578,831,994 : -0.960452
174,872 : -0.675111
26,150 : -0.939405
202,523 : -1.10217
87,231,308,807 : -1.17012
129,711 : -0.822725
844,980 : -0.98999
611,906 : -0.989677
172,320 : -0.966511
2,267,462 : -1.02872
115,640 : -1.07435
653,663 : -0.622046
74,545 : -1.16187
239,243 : -0.779316
126,324,751 : -1.02336
110,797 : -1.00861
110,429 : -0.923454
128,289,698 : -0.886931
16,38,251,563 : -1.1253
181,371,839 : -0.710372
897,995 : -0.98999
678,798 : -0.907478
218,335 : -0.74998
163,255,464 : -1.18097
86,111,382,394 : -1.08923
323,356 : -1.12756
251,342,823 : -0.793205
70,704 : -1.00827
386,958,998 : -1.1031
73,443 : -0.783384
288,974 : -0.795719
207,258,455,987 : -0.954302
83,329 : -1.0103
104,132,544 : -1.1355
74,198,303,499 : -1.04064
12,242,277,625 : -1.05655
41,559 : -0.999708
475,506 : -0.956969
90,141,592,915 : -0.815965
165,444 : -1.05107
149,960 : -0.904204
634,792 : -0.907045
33,670,805 : -0.926338
12,37,437,675 : -0.935917
16,209 : -0.72436
113,525,551,937 : -1.11925
93,200 : -1.07959
348,537,588 : -1.2304
40,265,683,770 : -1.09926
451,640 : -0.823723
7,201,311,909 : -1.03636
364,601 : -0.940632
294,378,460,589 : -1.00717
635,670 : -0.618802
436,578 : -0.861151
304,453 : -0.775477
38,353 : -0.599385
95,836 : -1.09089
7,533 : -1.12109
115,204,520,959 : -1.04832
815,829 : -0.906602
41,866 : -0.783152
44,926 : -1.04287
367,389 : -0.688403
317,438 : -0.442784
280,995 : -0.742332
152,651,752 : -1.18878
64,461,542 : -0.949749
320,820 : -0.948594
72,129 : -1.2737
935,976 : -0.618142
70,240 : -1.04473
254,428,430 : -0.853192
287,608 : -0.457896
5,757,818 : -1.0282
154,237 : -0.897395
4,309 : -0.878966
90,354 : -1.03033
12,199 : -0.801909
6,305,844 : -1.02355
39,342,601,946 : -1.19368
8,190 : -1.21211
126,412 : -1.21269
313,516 : -1.06145
264,384 : -1.07461
11,973 : -0.970497
131,876 : -0.576608
162,213 : -1.29653
238,541 : -1.1279
79,536,804 : -0.905961
279,316,688,881 : -0.967905
187,394 : -1.02934
144,361,782 : -1.212
13,444 : -0.971511
30,555 : -1.00365
27,246 : -1.36656
346,682,714,780 : -0.937655
219,454 : -1.10217
3,267 : -1.18201
55,445,778 : -0.868933
216,463 : -0.988413
16,53,858 : -0.912929
446,744 : -1.02296
117,335 : -1.07232
106,849,967 : -1.10063
454,731 : -0.706583
113,240 : -1.08353
54,551 : -1.03413
219,363,423 : -0.956045
215,543 : -0.971085
245,287 : -0.835281
60,988 : -0.916722
122,211 : -1.28365
26,314,733,923 : -0.941426
95,172,389,571 : -0.900137
122,735,847,915 : -1.0215
23,94 : -0.993074
269,332 : -0.906162
79,651 : -1.09981
267,758 : -0.768662
508,885,927 : -0.873497
129,342,467,815 : -1.13181
97,138 : -1.15405
22,185,914 : -1.06008
2,182 : -1.14316
152,789 : -0.883557
205,427,498,812 : -1.08643
511,588 : -0.730913
595,999 : -0.899245
126,284 : -1.15493
46,663 : -1.06701
77,263,289 : -1.05679
132,218 : -0.825572
238,306,727,908 : -1.16126
213,426,789 : -0.936379
459,932 : -0.422456
128,441,754 : -1.11234
69,271 : -1.12753
326,393,808 : -0.958696
327,962 : -0.989548
228,611 : -1.0607
328,339,710 : -0.879351
617,760 : -0.956699
111,210,715,795 : -1.01413
44,631 : -1.10447
67,94,248,529 : -0.990692
419,855 : -0.64119
240,305,895 : -1.02563
606,751,900 : -0.881994
71,80,333,613 : -1.01505
149,891 : -0.9509
68,141,393 : -0.977098
180,518,750 : -1.16896
798,864 : -0.98999
165,389,798 : -1.10118
397,493,871 : -1.0313
793,887 : -0.371258
253,623 : -1.0891
162,681 : -0.701366
119,228,373,776 : -0.985814
17,94,323,437 : -0.818108
491,632 : -0.857598
84,980 : -1.01053
398,498 : -0.366722
103,264 : -1.18478
202,349 : -0.809875
229,359 : -1.037
276,616 : -1.13051
337,439 : -0.993576
67,74,959 : -1.11559
97,309 : -1.06521
49,341,505 : -1.02149
214,247 : -0.822494
51,78 : -0.770786
531,757 : -0.568728
104,285 : -1.11981
43,186 : -1.05166
26,280,286 : -1.0538
257,409 : -0.851396
266,760,892 : -1.19796
130,183 : -1.03332
223,280,669,867 : -1.07688
504,830 : -0.956445
767,967 : -0.868526
32,671 : -0.840918
206,486,547 : -1.08575
38,171 : -1.06565
242,306 : -0.481788
374,509 : -0.956916
18,842 : -0.753814
153,349 : -0.862326
67,318 : -1.13819
315,518 : -0.907265
211,774 : -1.0077
46,74,463 : -0.98855
13,134,282 : -1.15952
296,503 : -0.949286
80,604 : -1.00663
165,180,276 : -1.06179
489,877,894 : -1.13706
4,214 : -1.07464
270,795 : -0.659959
510,742 : -0.510356
59,222 : -1.13517
197,515,650 : -1.0026
241,384 : -0.814339
18,981 : -1.07145
11,171 : -0.997209
386,446 : -1.02259
64,502,833,915 : -0.851741
614,749 : -0.841325
235,353 : -0.756821
481,596 : -0.990038
20,183,242,504 : -0.855923
620,779,936 : -0.760642
101,107 : -0.795334
67,133,260,573 : -0.989034
534,880 : -0.957041
406,704,762 : -0.872518
103,772 : -1.11379
544,734 : -0.889596
109,697 : -1.13437
394,618 : -1.00113
339,839 : -0.699998
939,984 : -0.866289
109,854 : -0.575885
168,808 : -1.07781
207,687 : -1.02544
307,636 : -0.781651
124,433 : -0.741389
189,480,767 : -1.02038
69,612,891 : -1.05025
164,577 : -1.1123
495,759 : -0.92217
284,370 : -0.527849
447,715 : -0.866202
232,472 : -0.971182
6,240,254 : -0.86451
8,48,923 : -1.10326
18,66,277 : -1.17196
111,278 : -0.925274
382,868 : -0.880105
581,988 : -0.88866
320,362,383 : -0.909342
190,420 : -0.886019
102,401 : -0.190648
432,743,996 : -0.973178
61,969 : -0.970376
81,739 : -0.800792
21,256,641 : -0.928485
340,580,998 : -0.827831
391,575 : -1.13227
197,828 : -0.94177
101,257,559 : -0.92773
373,877 : -0.701885
707,819 : -0.403468
31,754 : -1.10403
24,115 : -1.04902
80,553 : -1.2532
45,123 : -0.899367
221,666,836 : -0.941901
209,446 : -0.554244
454,758,814 : -0.864462
24,213,267,889 : -1.01388
31,138 : -0.904463
800,973 : -0.907448
31,555 : -1.03953
105,214,275 : -0.914017
20,104,458 : -1.11477
218,439,455 : -1.06746
22,410 : -1.04007
35,986 : -0.560125
189,428 : -1.11255
51,392 : -1.03987
361,536,863 : -0.943727
1,599 : -1.02245
431,742 : -0.609374
193,778 : -1.0062
534,887 : -0.988675
75,391 : -1.2126
339,457 : -0.724119
144,714,741 : -1.13387
215,866,918 : -0.750206
98,402 : -1.03096
141,298,344 : -1.00333
496,573 : -0.986194
157,358 : -1.05954
591,645 : -0.620652
163,239 : -1.34214
36,429 : -0.932908
190,279 : -0.952969
231,688 : -1.08194
21,201,768 : -1.04826
259,510 : -0.692169
590,594 : -0.923962
643,866 : -0.743632
37,57,279 : -1.13031
5,233 : -1.12202
135,577 : -1.0146
145,297,524 : -1.06914
244,479,923,934 : -0.835952
40,480 : -1.0829
348,969 : -0.864522
117,266,777 : -1.24377
455,735 : -0.560201
126,321 : -1.05214
709,910 : -0.539961
396,596 : -0.497283
148,905 : -0.866535
234,283,657 : -1.09819
141,894 : -0.926351
9,248,269 : -0.903533
11,614,898 : -1.23653
22,107,195,831 : -1.15427
39,122,177 : -1.09125
551,778 : -0.701021
330,818 : -0.989993
827,880 : -0.98999
77,783 : -0.898326
133,294 : -1.00498
93,720,808 : -1.10175
271,360 : -0.904043
193,769 : -1.06077
160,846,991 : -1.12438
120,358,532 : -0.842302
113,175,633 : -1.08099
261,583,847,893 : -1.0357
239,246 : -1.20199
122,147,174,328 : -0.993038
177,207,484,847 : -1.02094
13,608 : -0.907701
293,488,876 : -0.833626
159,314,841 : -0.997265
212,796 : -0.587421
348,579 : -1.08832
154,433 : -0.77254
786,810 : -0.98999
49,54 : -0.715249
662,802 : -0.701355
274,991 : -0.59135
288,765 : -0.825009
52,907 : -0.713835
84,381 : -1.18147
814,901,903 : -1.11731
478,753 : -0.710986
176,319,970 : -0.934141
225,566,657 : -0.994859
