1,151,208 : -13
2,159,222 : -19
2,166,233 : -21
3,26,143 : -18
3,255,322 : -16
4,28,98 : -14
4,24,215 : -11
5,6,64 : -28
7,88,301 : -18
7,20,148 : -19
7,194,277 : -12
8,165,175 : -14
8,62,225 : -16
9,140,213 : -15
9,305,311 : -13
11,57,333 : -16
11,247,303 : -13
12,246,249 : -24
13,157,192 : -19
13,168,252 : -18
14,95,184 : -13
1,15,153 : -16
5,15,175 : -20
13,15,233 : -24
15,80,327 : -21
15,102,209 : -13
16,143,242 : -17
17,191,313 : -19
17,107,198 : -25
2,18,199 : -14
19,40,119 : -18
19,217,291 : -18
19,233,270 : -23
20,38,332 : -19
13,20,57 : -19
4,22,64 : -21
22,93,197 : -14
23,25,300 : -24
24,271,318 : -15
25,30,269 : -27
25,44,64 : -30
25,128,173 : -18
26,120,295 : -21
26,120,157 : -19
26,105,298 : -25
27,104,234 : -15
27,163,332 : -16
28,154,229 : -14
13,28,271 : -14
16,29,216 : -15
29,66,231 : -14
20,30,78 : -19
29,30,124 : -18
31,135,259 : -16
32,236,325 : -21
24,33,133 : -19
33,55,205 : -18
33,53,83 : -20
33,44,240 : -19
34,176,237 : -17
37,50,209 : -12
37,193,300 : -22
35,38,91 : -19
38,72,275 : -17
3,39,171 : -14
39,201,324 : -11
36,40,84 : -18
40,129,146 : -12
40,58,137 : -12
41,198,333 : -19
17,42,153 : -25
40,42,238 : -22
42,220,233 : -22
42,55,331 : -17
45,104,183 : -17
45,61,187 : -15
45,204,274 : -20
45,191,244 : -17
45,269,330 : -21
22,46,244 : -11
46,86,316 : -14
37,47,98 : -18
27,48,285 : -19
48,66,161 : -21
49,101,311 : -13
17,50,131 : -21
51,60,216 : -23
51,196,265 : -9
52,171,302 : -19
21,52,249 : -25
53,57,275 : -14
54,134,223 : -8
57,85,208 : -14
58,153,279 : -14
58,193,334 : -17
60,135,287 : -23
60,131,231 : -21
61,99,138 : -15
61,166,184 : -15
61,120,255 : -19
60,62,97 : -25
62,126,312 : -18
62,222,269 : -25
62,261,266 : -17
61,63,157 : -12
63,190,284 : -12
64,290,299 : -21
64,235,291 : -26
65,77,253 : -17
66,114,203 : -13
68,81,296 : -15
31,69,79 : -17
69,87,249 : -25
69,162,311 : -22
70,180,257 : -9
71,127,291 : -18
71,249,308 : -17
10,60,72 : -16
69,72,224 : -16
1,73,246 : -21
38,73,87 : -21
19,73,105 : -25
73,242,315 : -20
74,128,149 : -16
24,75,172 : -14
76,135,152 : -12
77,151,154 : -19
78,80,242 : -22
78,256,322 : -19
79,178,231 : -16
12,80,197 : -17
18,80,198 : -22
71,80,322 : -19
80,120,313 : -21
80,169,178 : -20
80,112,286 : -20
80,97,304 : -22
47,81,323 : -15
81,192,236 : -22
60,83,139 : -24
64,83,210 : -33
84,199,205 : -20
85,263,287 : -12
52,86,96 : -18
86,146,245 : -16
67,87,303 : -15
87,122,292 : -14
87,105,257 : -21
66,88,321 : -19
88,218,328 : -27
89,111,185 : -12
90,106,115 : -16
19,90,141 : -18
91,208,242 : -16
91,128,307 : -20
92,311,322 : -19
93,141,184 : -16
94,155,303 : -12
16,94,192 : -16
54,95,278 : -9
60,64,95 : -28
95,117,158 : -18
95,234,274 : -15
36,96,300 : -16
96,136,282 : -11
91,97,142 : -15
97,154,334 : -20
55,98,156 : -13
98,158,215 : -14
98,159,216 : -22
52,96,99 : -16
99,188,317 : -15
56,100,222 : -16
33,100,258 : -21
67,101,135 : -13
103,178,254 : -19
42,68,104 : -12
50,74,104 : -12
2,65,105 : -21
62,105,276 : -27
38,105,233 : -31
17,106,226 : -25
106,246,306 : -20
98,109,249 : -19
13,110,327 : -17
14,62,110 : -16
15,110,294 : -16
84,110,328 : -21
20,99,111 : -14
45,111,144 : -17
111,203,240 : -12
112,118,201 : -19
112,175,251 : -17
114,258,266 : -17
57,101,115 : -15
115,307,318 : -16
116,128,218 : -21
117,224,327 : -17
36,118,205 : -18
118,181,325 : -23
119,134,238 : -17
9,120,133 : -18
40,120,206 : -20
105,120,243 : -27
120,211,291 : -22
116,121,138 : -16
121,182,189 : -19
88,122,144 : -20
17,38,124 : -26
8,25,124 : -22
124,153,274 : -21
124,134,207 : -15
6,125,139 : -14
66,109,125 : -11
127,148,223 : -15
122,128,165 : -16
128,207,247 : -15
30,129,305 : -10
81,130,291 : -17
50,92,130 : -11
131,148,241 : -21
116,131,289 : -18
26,133,143 : -17
95,133,287 : -17
30,134,239 : -16
116,135,212 : -16
92,105,137 : -19
122,138,281 : -17
4,134,139 : -14
139,263,330 : -10
105,140,182 : -28
115,119,140 : -16
140,162,302 : -21
41,140,246 : -24
108,140,281 : -24
140,179,294 : -19
84,143,183 : -17
23,144,197 : -15
76,145,157 : -11
146,210,237 : -19
10,147,191 : -13
147,286,291 : -20
148,235,325 : -25
149,161,312 : -14
23,150,314 : -12
42,151,248 : -17
132,151,192 : -15
33,151,237 : -20
153,209,275 : -16
101,118,154 : -18
108,154,197 : -20
71,155,251 : -15
116,126,156 : -13
158,267,281 : -18
122,160,331 : -18
108,161,295 : -19
161,292,299 : -12
119,162,249 : -20
132,145,162 : -11
51,163,255 : -15
165,186,241 : -14
165,209,226 : -13
124,140,167 : -16
168,289,302 : -17
168,236,310 : -15
35,169,303 : -13
169,245,262 : -15
17,171,242 : -22
103,171,216 : -18
102,108,172 : -21
118,136,172 : -18
103,172,318 : -18
172,174,328 : -22
174,188,291 : -23
6,174,288 : -15
8,69,176 : -19
154,177,190 : -12
16,33,178 : -20
179,180,211 : -11
179,211,276 : -16
43,180,260 : -10
94,182,243 : -19
139,148,182 : -22
22,182,208 : -17
182,228,291 : -21
34,127,183 : -14
78,184,204 : -16
65,186,191 : -18
92,188,248 : -20
100,103,188 : -20
188,191,246 : -26
47,188,203 : -19
88,189,318 : -20
147,189,213 : -13
49,191,237 : -14
90,192,273 : -14
18,25,193 : -22
149,193,300 : -22
22,193,272 : -16
83,126,194 : -17
167,194,262 : -9
43,195,307 : -13
3,51,195 : -16
67,195,214 : -10
93,195,251 : -16
87,186,197 : -16
51,155,198 : -18
160,172,198 : -21
99,198,272 : -17
19,199,228 : -17
85,200,320 : -15
97,114,200 : -18
187,200,253 : -13
200,281,299 : -20
151,174,204 : -17
118,142,205 : -17
201,206,222 : -17
9,206,226 : -14
122,210,235 : -19
210,298,332 : -24
182,212,258 : -21
17,213,277 : -19
14,214,325 : -18
216,217,236 : -16
77,218,269 : -23
16,39,219 : -11
100,131,219 : -14
175,176,219 : -15
118,133,220 : -18
44,48,221 : -20
88,159,221 : -20
149,221,248 : -12
131,222,247 : -19
128,222,292 : -19
6,222,331 : -21
23,224,334 : -16
121,199,224 : -16
127,149,225 : -13
88,226,245 : -23
48,226,236 : -25
37,227,315 : -16
191,227,262 : -16
48,227,320 : -19
79,228,309 : -11
27,185,229 : -16
84,229,295 : -18
117,229,314 : -17
118,230,333 : -19
34,37,231 : -15
60,65,232 : -21
116,216,232 : -17
86,216,233 : -26
177,185,233 : -20
21,233,331 : -26
18,141,236 : -18
56,198,236 : -18
7,238,301 : -16
47,153,238 : -22
90,238,266 : -18
107,108,238 : -23
192,238,264 : -19
13,239,241 : -15
77,240,245 : -17
205,240,249 : -21
11,141,241 : -16
17,213,241 : -20
241,294,334 : -20
125,242,293 : -14
176,243,276 : -21
117,243,304 : -19
147,244,304 : -13
245,251,252 : -20
7,245,260 : -15
3,64,246 : -30
41,126,246 : -21
138,246,256 : -24
88,246,268 : -24
227,246,311 : -23
3,246,316 : -20
56,247,321 : -11
141,248,276 : -20
6,249,296 : -24
108,249,294 : -27
64,158,250 : -20
210,251,265 : -19
31,232,252 : -16
52,125,252 : -18
71,252,325 : -23
252,286,327 : -19
94,182,253 : -15
25,100,254 : -21
40,143,254 : -20
140,254,302 : -21
211,239,255 : -11
166,256,310 : -18
93,178,256 : -20
145,186,256 : -17
232,256,277 : -17
210,235,257 : -18
257,281,298 : -19
160,258,267 : -19
99,170,259 : -12
143,259,298 : -19
121,155,260 : -13
40,65,261 : -18
45,225,261 : -14
81,262,270 : -17
183,262,281 : -17
148,196,264 : -13
27,266,276 : -20
17,20,267 : -21
21,266,267 : -18
88,203,267 : -19
64,118,267 : -27
78,185,269 : -20
158,243,269 : -22
123,269,330 : -14
164,179,270 : -10
199,251,270 : -18
163,182,271 : -17
271,293,302 : -15
249,272,291 : -24
111,273,315 : -13
115,243,273 : -14
64,274,295 : -25
48,230,275 : -20
77,92,276 : -21
233,276,294 : -27
175,276,280 : -17
38,277,284 : -19
41,159,277 : -18
89,188,277 : -17
158,193,278 : -17
138,279,332 : -15
83,193,280 : -21
154,274,281 : -19
56,63,282 : -11
112,179,282 : -13
84,269,283 : -16
5,23,284 : -20
127,188,284 : -20
106,284,307 : -19
107,284,325 : -24
23,282,285 : -12
5,141,286 : -22
19,46,287 : -18
64,168,287 : -24
62,117,288 : -19
107,175,288 : -16
84,147,289 : -18
103,289,297 : -18
86,288,290 : -14
102,290,315 : -15
37,60,294 : -22
69,106,295 : -21
174,272,295 : -15
35,86,296 : -19
198,295,296 : -21
166,296,303 : -18
247,287,297 : -18
76,297,318 : -14
282,297,325 : -23
48,151,298 : -25
72,120,298 : -21
187,298,319 : -13
80,233,298 : -30
171,299,331 : -17
225,269,299 : -17
189,299,315 : -17
6,114,300 : -18
5,27,300 : -24
46,48,300 : -24
150,200,301 : -13
70,230,302 : -13
218,234,302 : -18
206,258,302 : -18
106,107,303 : -18
49,304,329 : -10
63,201,306 : -11
126,281,307 : -18
178,195,307 : -17
176,309,326 : -15
35,55,311 : -17
108,279,311 : -21
77,80,312 : -22
12,289,312 : -13
44,312,315 : -19
293,309,313 : -10
96,156,314 : -11
148,314,331 : -21
83,164,314 : -17
175,192,314 : -19
98,276,315 : -22
31,315,325 : -24
48,73,316 : -21
227,253,316 : -10
18,24,319 : -13
81,117,320 : -18
300,321,328 : -22
5,210,322 : -24
159,161,323 : -14
222,234,323 : -14
102,268,324 : -10
256,278,325 : -23
115,152,326 : -13
35,52,327 : -18
121,214,327 : -13
25,246,328 : -31
70,102,328 : -17
186,231,328 : -20
150,256,328 : -20
91,321,328 : -19
174,236,329 : -15
325,329,334 : -22
69,149,330 : -17
177,304,330 : -12
257,279,331 : -15
25,103,332 : -22
233,286,332 : -24
73,89,333 : -16
180,245,333 : -15
35,326,333 : -16
176,200,334 : -21
44,255,334 : -19
11,60,501 : -19
17,212,431 : -26
38,59,643 : -18
81,311,507 : -22
30,83,581 : -27
83,266,357 : -22
83,318,361 : -19
103,148,379 : -22
64,152,412 : -21
153,185,580 : -20
155,220,424 : -16
162,166,499 : -16
163,170,606 : -13
65,177,589 : -18
160,188,395 : -21
108,193,483 : -19
124,207,565 : -12
230,237,515 : -16
268,285,643 : -15
255,287,664 : -18
166,293,398 : -16
254,328,490 : -21
249,332,337 : -21
10,79,796 : -9
31,93,741 : -15
62,229,802 : -17
46,98,899 : -19
21,152,769 : -17
3,205,735 : -17
158,259,887 : -17
190,308,812 : -8
89,312,958 : -16
228,325,702 : -16
14,92,379 : -17
26,105,532 : -23
24,40,621 : -19
73,198,338 : -20
90,166,336 : -18
92,328,608 : -23
112,172,449 : -14
126,326,437 : -13
127,247,595 : -17
53,157,498 : -10
164,325,344 : -18
91,178,610 : -17
183,252,567 : -13
204,263,514 : -14
73,217,338 : -14
218,237,457 : -19
240,308,433 : -11
55,242,372 : -19
125,251,491 : -23
143,251,621 : -18
88,258,407 : -23
135,262,336 : -20
137,264,425 : -12
8,290,606 : -15
16,291,364 : -22
159,310,420 : -21
254,324,500 : -15
5,341,551 : -27
27,421,614 : -16
34,420,623 : -16
65,489,658 : -14
87,452,491 : -25
106,501,636 : -19
136,457,587 : -15
204,434,622 : -19
210,401,549 : -19
211,415,426 : -18
241,541,595 : -18
278,583,618 : -17
300,359,451 : -18
9,606,757 : -21
30,408,712 : -20
41,662,693 : -19
44,336,733 : -22
47,351,803 : -28
48,573,873 : -25
50,364,904 : -17
60,628,852 : -24
74,653,926 : -18
142,340,706 : -13
188,532,778 : -20
201,603,882 : -17
204,663,672 : -16
222,372,867 : -20
32,326,862 : -12
38,275,727 : -16
75,288,911 : -10
108,131,860 : -22
13,134,709 : -17
144,258,741 : -18
67,147,955 : -11
178,219,942 : -15
189,205,752 : -18
83,202,733 : -18
189,218,902 : -19
224,229,931 : -12
133,233,995 : -24
204,265,693 : -15
200,279,773 : -21
232,326,892 : -14
5,653,931 : -22
5,593,941 : -14
21,497,671 : -22
45,606,952 : -26
57,591,670 : -17
77,599,746 : -26
121,431,700 : -22
134,379,764 : -22
138,501,958 : -19
141,390,744 : -13
141,610,894 : -18
162,335,712 : -22
190,582,779 : -17
235,581,769 : -20
252,653,755 : -22
256,478,883 : -22
286,623,761 : -13
289,553,872 : -15
296,488,856 : -16
329,463,791 : -13
5,689,825 : -21
6,829,837 : -20
43,889,959 : -13
47,696,892 : -14
52,922,954 : -23
81,907,946 : -15
106,902,910 : -22
107,776,868 : -18
128,670,792 : -24
153,893,917 : -15
160,822,935 : -16
201,907,908 : -21
216,760,864 : -15
237,790,861 : -12
250,676,957 : -7
260,787,815 : -16
269,772,827 : -23
286,869,873 : -23
289,691,798 : -14
292,801,914 : -13
294,717,960 : -20
310,887,930 : -16
317,698,775 : -10
334,771,828 : -20
8,233,343 : -18
275,293,344 : -13
83,297,349 : -21
162,248,374 : -16
66,259,404 : -15
14,192,410 : -18
47,254,417 : -17
7,41,420 : -19
57,97,459 : -20
65,226,462 : -20
74,110,479 : -9
34,193,505 : -20
102,148,527 : -21
146,226,527 : -17
117,282,528 : -16
66,249,578 : -21
69,93,602 : -16
261,298,608 : -18
266,402,518 : -13
17,422,466 : -23
309,468,482 : -13
97,491,631 : -25
199,412,514 : -18
105,373,519 : -21
210,389,542 : -24
270,444,548 : -15
36,552,569 : -14
272,593,665 : -9
51,466,613 : -20
168,569,649 : -16
271,337,869 : -17
230,340,757 : -20
160,356,733 : -17
30,364,728 : -18
33,367,981 : -19
85,386,717 : -14
61,393,751 : -11
306,398,748 : -13
297,450,832 : -19
77,491,797 : -25
28,497,913 : -16
64,504,674 : -26
184,538,945 : -19
144,542,699 : -19
319,546,814 : -10
128,569,697 : -19
118,591,746 : -27
78,636,844 : -18
238,652,965 : -20
108,347,478 : -23
244,342,357 : -16
26,354,368 : -17
100,421,595 : -18
145,431,491 : -27
300,425,437 : -19
171,360,477 : -14
123,487,553 : -12
21,491,576 : -28
84,397,525 : -17
304,345,527 : -14
86,527,539 : -18
4,517,534 : -17
104,447,537 : -23
333,563,630 : -14
57,403,572 : -16
301,573,590 : -15
262,366,637 : -13
280,374,641 : -14
335,381,498 : -22
335,424,474 : -20
335,520,551 : -25
336,379,413 : -17
336,517,546 : -17
336,352,563 : -16
338,450,641 : -17
339,391,507 : -16
339,512,649 : -15
339,531,658 : -13
340,381,601 : -20
340,594,606 : -16
341,551,617 : -31
341,575,596 : -17
341,590,596 : -20
344,381,652 : -18
347,354,530 : -22
347,588,649 : -20
347,603,633 : -14
347,652,655 : -22
348,360,519 : -10
348,396,551 : -20
349,463,465 : -15
348,350,354 : -17
351,368,566 : -25
351,377,452 : -25
351,397,423 : -31
351,584,631 : -20
352,530,632 : -13
352,385,538 : -23
353,398,645 : -17
354,392,477 : -17
354,571,666 : -20
354,376,641 : -20
355,362,580 : -15
356,484,494 : -18
356,369,506 : -13
356,548,588 : -17
358,503,649 : -16
358,381,541 : -18
358,373,547 : -15
358,412,584 : -12
361,432,555 : -14
362,379,406 : -18
362,378,490 : -16
347,362,515 : -21
362,403,659 : -19
364,529,625 : -13
364,433,544 : -19
364,554,557 : -16
365,372,626 : -12
366,653,663 : -21
357,367,607 : -17
367,420,493 : -22
367,426,533 : -23
370,458,562 : -13
370,632,656 : -14
342,371,564 : -16
365,373,405 : -15
373,429,576 : -20
373,387,655 : -22
336,376,497 : -22
377,425,489 : -19
377,470,562 : -18
377,575,581 : -19
378,564,653 : -20
378,640,643 : -18
341,380,402 : -15
380,484,664 : -16
380,563,573 : -14
383,517,664 : -14
367,384,472 : -13
381,384,539 : -19
362,384,597 : -19
337,385,388 : -20
362,385,589 : -26
385,421,452 : -24
385,438,462 : -23
385,622,624 : -19
387,604,664 : -15
357,388,389 : -17
389,434,618 : -24
391,617,657 : -21
393,418,426 : -16
393,555,624 : -15
394,480,511 : -14
395,407,441 : -16
395,503,645 : -16
395,536,619 : -17
395,567,661 : -14
361,396,443 : -14
396,514,666 : -15
396,502,548 : -14
397,611,638 : -19
398,588,615 : -20
373,399,580 : -19
399,578,651 : -17
400,661,663 : -16
401,540,615 : -13
342,404,409 : -16
404,581,651 : -21
406,555,599 : -20
407,517,642 : -14
408,504,576 : -21
404,409,507 : -16
410,506,612 : -27
410,533,664 : -20
350,410,411 : -19
411,630,636 : -18
411,580,652 : -21
351,412,473 : -25
412,559,599 : -15
414,459,614 : -14
336,415,556 : -19
415,620,635 : -13
416,533,643 : -21
416,459,648 : -17
416,538,648 : -20
417,420,568 : -17
394,405,418 : -13
418,491,645 : -21
418,571,585 : -21
419,563,601 : -12
339,420,514 : -22
381,420,467 : -21
420,554,570 : -16
342,388,422 : -16
423,442,657 : -24
389,423,448 : -22
423,481,489 : -21
376,423,529 : -22
423,474,543 : -26
423,551,613 : -29
414,424,463 : -19
424,473,524 : -22
424,537,566 : -28
355,410,425 : -14
425,430,436 : -13
342,426,517 : -20
373,426,548 : -22
368,426,562 : -17
427,469,629 : -17
337,375,431 : -19
431,590,643 : -27
397,431,653 : -28
432,641,662 : -15
433,444,571 : -17
433,562,574 : -14
378,434,615 : -21
395,434,622 : -19
434,447,524 : -23
435,560,638 : -7
408,436,549 : -16
387,415,437 : -15
437,441,578 : -12
338,438,551 : -21
353,438,500 : -20
438,535,653 : -25
439,468,556 : -12
439,587,606 : -17
441,504,549 : -20
442,467,528 : -12
442,568,571 : -16
337,393,443 : -12
443,477,534 : -20
445,447,617 : -27
376,445,612 : -25
445,614,617 : -22
390,446,558 : -19
374,446,506 : -22
402,446,508 : -20
446,533,575 : -21
446,533,631 : -24
446,543,616 : -22
446,532,628 : -23
446,447,544 : -25
447,609,641 : -18
335,448,530 : -18
448,573,662 : -16
426,449,657 : -17
450,485,642 : -13
430,450,522 : -16
354,451,537 : -23
451,452,461 : -16
452,579,614 : -13
453,544,612 : -23
453,535,554 : -19
453,565,642 : -10
345,454,521 : -10
454,466,659 : -19
379,455,625 : -12
429,455,656 : -13
455,469,516 : -12
396,445,456 : -14
342,364,457 : -21
361,457,458 : -13
433,457,592 : -19
347,379,458 : -18
368,459,561 : -14
459,492,608 : -14
335,406,460 : -15
460,464,550 : -8
460,542,608 : -17
421,462,585 : -20
462,595,609 : -16
463,591,653 : -24
413,464,542 : -13
430,464,636 : -12
385,465,552 : -19
363,394,466 : -17
366,405,466 : -18
387,425,466 : -21
466,498,519 : -15
439,468,600 : -13
425,468,545 : -16
469,501,534 : -20
470,491,612 : -31
470,506,523 : -17
470,606,663 : -18
399,444,471 : -11
358,473,651 : -21
473,496,566 : -22
381,473,597 : -24
474,514,567 : -11
418,475,589 : -19
475,495,523 : -12
448,476,479 : -10
353,476,602 : -15
405,476,657 : -16
387,477,586 : -17
410,411,478 : -21
478,525,598 : -12
353,405,479 : -14
362,386,480 : -13
481,507,543 : -20
383,481,627 : -10
481,566,640 : -18
409,475,484 : -18
484,491,505 : -26
484,498,513 : -13
484,594,641 : -16
484,543,648 : -25
388,485,660 : -13
383,485,516 : -9
344,429,486 : -13
399,486,504 : -17
480,486,584 : -10
487,500,555 : -20
487,572,625 : -12
441,488,617 : -23
454,488,524 : -13
381,488,537 : -23
382,489,509 : -14
366,490,523 : -15
370,490,637 : -11
417,492,588 : -12
354,493,590 : -20
378,452,493 : -17
420,452,493 : -22
493,558,667 : -13
386,420,494 : -20
441,494,659 : -20
389,496,651 : -16
494,497,628 : -22
344,499,585 : -16
411,499,558 : -20
499,513,592 : -14
482,500,619 : -21
446,497,501 : -24
470,501,595 : -18
341,400,503 : -18
373,503,543 : -23
503,522,615 : -21
504,611,663 : -19
429,486,505 : -16
505,581,617 : -29
463,505,589 : -22
335,505,649 : -22
478,506,584 : -16
506,508,600 : -19
380,507,511 : -19
377,508,583 : -18
400,403,508 : -14
491,508,522 : -25
508,509,643 : -23
394,438,509 : -16
509,577,616 : -9
453,510,561 : -13
493,499,510 : -15
503,510,521 : -16
335,510,544 : -20
377,511,585 : -24
350,417,511 : -18
482,511,659 : -22
476,511,620 : -18
512,638,642 : -12
513,610,662 : -13
351,514,547 : -21
357,465,515 : -15
478,515,610 : -16
507,515,524 : -18
515,528,613 : -16
384,434,516 : -18
335,517,520 : -20
399,447,518 : -17
490,520,561 : -16
468,522,564 : -17
406,442,523 : -14
523,550,564 : -14
411,524,566 : -25
411,525,624 : -16
475,525,662 : -16
491,526,553 : -20
526,538,574 : -14
379,526,627 : -13
433,528,631 : -15
451,506,529 : -16
388,471,530 : -13
350,504,530 : -17
529,530,562 : -15
419,530,653 : -18
384,469,531 : -16
395,463,531 : -17
505,531,534 : -19
440,459,532 : -13
385,416,533 : -22
477,502,533 : -17
422,486,533 : -17
461,520,534 : -17
411,534,580 : -24
374,535,596 : -20
411,535,581 : -27
494,535,641 : -22
400,466,537 : -21
537,607,615 : -21
423,451,538 : -28
454,461,538 : -15
538,540,632 : -17
473,538,612 : -32
488,538,612 : -28
516,539,590 : -13
363,473,540 : -19
497,541,564 : -19
542,545,553 : -19
534,542,621 : -21
542,562,661 : -20
423,543,545 : -28
537,543,640 : -23
392,543,587 : -19
520,543,596 : -22
543,596,612 : -30
429,543,657 : -20
400,500,544 : -17
544,555,666 : -18
527,545,554 : -19
545,548,604 : -15
482,546,632 : -13
351,487,546 : -20
405,434,547 : -18
351,486,548 : -23
548,579,638 : -15
398,521,549 : -19
402,550,594 : -10
349,408,551 : -20
340,375,551 : -20
389,551,646 : -19
431,447,552 : -25
552,591,618 : -21
467,553,576 : -18
409,507,553 : -18
404,553,594 : -13
382,449,554 : -12
498,554,638 : -17
407,554,604 : -15
353,555,599 : -23
555,595,647 : -20
346,475,556 : -12
397,500,556 : -19
551,556,585 : -23
557,600,648 : -15
374,419,558 : -14
343,488,558 : -13
535,558,616 : -18
465,538,559 : -14
551,559,605 : -14
464,491,561 : -20
399,561,608 : -17
392,561,622 : -11
521,562,621 : -16
372,431,564 : -26
558,564,652 : -18
363,418,565 : -14
347,565,568 : -14
387,403,566 : -21
469,566,572 : -22
467,518,566 : -17
473,568,635 : -15
342,569,608 : -20
436,443,569 : -14
367,571,588 : -21
345,571,599 : -18
359,445,572 : -13
348,511,572 : -19
346,415,573 : -13
414,574,619 : -16
575,638,650 : -12
398,491,576 : -27
350,415,576 : -19
463,576,615 : -24
436,578,603 : -11
547,580,617 : -24
424,574,581 : -20
459,541,581 : -20
423,581,646 : -25
340,341,582 : -20
363,536,582 : -14
365,582,622 : -13
336,582,596 : -20
421,583,651 : -19
423,432,583 : -20
497,583,656 : -19
430,585,659 : -19
450,585,618 : -23
402,552,585 : -17
444,563,586 : -13
451,587,600 : -19
566,587,618 : -27
427,587,656 : -17
509,588,613 : -19
571,579,588 : -16
370,576,589 : -21
363,376,589 : -20
409,434,589 : -22
473,590,636 : -21
428,591,617 : -23
496,591,650 : -12
421,592,634 : -19
426,592,650 : -19
357,592,601 : -19
469,593,628 : -16
558,595,653 : -24
375,596,619 : -19
456,563,597 : -15
554,597,655 : -22
442,598,634 : -13
385,506,598 : -21
421,518,598 : -12
487,509,599 : -20
425,599,640 : -19
367,385,600 : -24
369,375,601 : -11
444,536,602 : -9
507,603,618 : -20
452,603,633 : -13
349,604,643 : -18
353,605,643 : -19
447,556,607 : -18
541,607,650 : -12
423,555,608 : -28
423,532,609 : -22
388,537,610 : -18
361,490,611 : -15
422,586,611 : -14
397,599,611 : -21
385,521,612 : -30
407,541,612 : -24
351,424,612 : -33
371,446,612 : -27
377,592,612 : -29
372,384,613 : -21
503,527,613 : -19
339,615,655 : -24
522,615,666 : -19
396,597,617 : -24
520,606,617 : -26
600,617,620 : -23
422,617,651 : -25
446,531,618 : -23
484,540,618 : -20
417,580,618 : -21
339,555,619 : -24
424,540,619 : -21
457,566,619 : -26
339,417,621 : -17
476,621,649 : -16
571,572,623 : -15
510,624,634 : -14
381,469,627 : -19
411,504,627 : -20
372,627,644 : -15
447,587,628 : -23
497,628,637 : -17
348,576,628 : -21
364,592,628 : -23
408,578,629 : -16
482,595,629 : -19
509,512,629 : -16
569,630,647 : -14
356,473,631 : -19
544,632,649 : -16
439,445,633 : -10
349,542,634 : -18
353,386,634 : -16
360,545,634 : -12
511,592,635 : -20
620,635,639 : -10
466,629,636 : -21
372,624,638 : -19
549,566,639 : -22
434,601,640 : -18
338,532,642 : -15
352,611,643 : -19
532,643,644 : -18
427,535,645 : -17
600,629,645 : -17
521,646,660 : -13
427,478,647 : -15
431,589,647 : -24
414,475,648 : -18
535,539,648 : -21
474,587,648 : -18
434,539,651 : -21
369,483,652 : -9
359,629,653 : -20
489,514,654 : -11
397,617,655 : -29
455,458,655 : -15
495,524,655 : -15
550,571,655 : -20
549,630,655 : -20
406,438,656 : -16
407,502,656 : -13
477,500,656 : -20
365,377,657 : -16
415,614,657 : -16
548,646,659 : -18
566,658,659 : -21
385,426,660 : -24
586,589,660 : -17
583,617,660 : -23
341,494,661 : -21
501,647,661 : -17
475,511,661 : -21
431,535,661 : -26
371,519,662 : -13
549,655,662 : -24
451,612,663 : -26
372,424,665 : -19
639,647,665 : -10
534,629,666 : -19
341,428,809 : -18
342,364,995 : -22
349,585,915 : -17
351,580,994 : -21
354,527,705 : -22
363,504,679 : -16
376,592,799 : -21
397,593,964 : -15
386,412,701 : -13
435,457,668 : -10
449,471,668 : -8
485,569,797 : -15
389,494,669 : -17
372,505,679 : -19
443,511,937 : -19
533,542,922 : -24
197,366,851 : -18
29,391,935 : -12
120,403,958 : -21
181,423,698 : -20
200,431,878 : -26
105,462,711 : -21
97,477,869 : -23
212,601,967 : -15
169,609,858 : -13
325,612,840 : -33
67,615,876 : -15
309,618,785 : -18
203,651,852 : -19
296,651,979 : -22
160,664,691 : -17
383,456,996 : -10
438,515,689 : -18
447,631,762 : -23
456,462,926 : -15
339,461,894 : -17
470,620,739 : -13
384,483,870 : -15
366,520,905 : -15
527,613,674 : -19
489,639,862 : -13
619,648,690 : -21
372,872,886 : -16
374,877,986 : -16
376,725,997 : -17
382,841,961 : -11
413,684,743 : -11
428,837,980 : -6
450,732,917 : -15
493,767,984 : -18
523,678,800 : -14
581,740,872 : -17
582,730,817 : -18
611,725,894 : -21
631,694,757 : -22
659,687,900 : -20
201,231,679 : -14
39,260,685 : -10
1,117,776 : -18
79,220,808 : -12
220,297,818 : -16
69,284,829 : -26
148,258,833 : -23
48,320,884 : -20
32,319,905 : -9
107,176,923 : -15
30,33,937 : -21
113,170,958 : -10
51,202,964 : -12
44,347,725 : -23
258,428,748 : -16
331,619,797 : -22
19,573,817 : -21
72,431,828 : -21
218,409,878 : -19
163,440,894 : -12
159,494,906 : -22
43,510,918 : -12
153,636,989 : -21
234,522,994 : -14
248,692,992 : -17
25,708,730 : -18
78,714,812 : -14
311,717,834 : -20
124,746,967 : -24
226,751,914 : -15
52,769,793 : -27
44,770,980 : -12
259,772,933 : -20
238,793,860 : -28
182,814,815 : -18
86,829,845 : -22
25,830,951 : -17
192,869,981 : -21
268,739,881 : -13
218,890,902 : -17
116,805,897 : -16
135,779,952 : -25
280,819,962 : -15
31,826,979 : -19
327,537,668 : -18
42,450,714 : -17
34,456,721 : -14
287,576,753 : -19
186,605,754 : -8
210,643,768 : -26
48,351,785 : -27
208,476,813 : -15
91,408,826 : -18
274,398,829 : -24
310,599,882 : -19
88,441,891 : -20
200,487,930 : -19
76,619,960 : -18
181,359,964 : -10
463,591,674 : -20
522,549,732 : -19
443,477,746 : -23
353,363,756 : -21
427,644,795 : -15
338,597,799 : -18
549,648,830 : -22
602,612,845 : -20
552,662,874 : -15
500,597,880 : -22
573,582,908 : -19
371,586,936 : -9
387,670,817 : -17
509,739,941 : -13
390,763,817 : -15
357,772,780 : -21
535,794,820 : -19
381,805,860 : -21
590,825,834 : -17
462,694,828 : -18
659,865,866 : -17
547,897,947 : -14
591,850,994 : -12
320,678,892 : -15
243,682,793 : -22
243,683,775 : -18
144,701,978 : -14
264,705,962 : -19
145,724,767 : -16
104,744,843 : -15
307,785,897 : -16
199,788,854 : -11
185,810,928 : -16
296,819,889 : -18
45,703,833 : -19
212,724,833 : -16
21,860,991 : -21
24,701,873 : -18
21,877,972 : -16
274,882,911 : -18
159,871,915 : -18
294,832,927 : -18
210,907,973 : -24
322,794,974 : -16
199,821,992 : -18
508,672,988 : -16
537,673,900 : -21
375,702,803 : -16
370,723,743 : -17
482,731,749 : -18
497,722,757 : -22
340,773,883 : -23
534,782,843 : -19
607,783,901 : -14
410,741,787 : -17
348,798,926 : -13
442,800,912 : -10
528,802,866 : -11
522,807,970 : -19
660,833,851 : -19
414,764,863 : -16
546,829,873 : -24
663,705,876 : -16
335,878,889 : -24
664,883,899 : -22
367,835,906 : -19
608,723,957 : -16
670,734,803 : -19
671,766,870 : -17
672,798,823 : -9
674,781,792 : -25
674,896,900 : -18
675,684,900 : -13
675,849,887 : -17
678,811,839 : -16
678,954,976 : -18
680,744,849 : -15
683,851,995 : -22
683,899,920 : -19
683,795,919 : -22
685,693,804 : -14
685,838,891 : -14
687,746,840 : -23
687,885,953 : -12
688,719,854 : -9
688,781,831 : -14
688,796,833 : -13
688,923,935 : -14
689,698,979 : -18
689,892,993 : -15
690,913,930 : -15
691,710,734 : -15
691,885,975 : -16
691,930,984 : -17
693,750,784 : -14
686,693,994 : -13
694,831,964 : -15
694,939,965 : -18
694,718,960 : -16
695,843,878 : -15
696,768,774 : -11
696,851,886 : -15
697,846,967 : -15
697,707,988 : -16
698,731,894 : -21
698,718,993 : -13
699,718,774 : -12
699,732,853 : -14
697,700,763 : -16
669,701,706 : -13
675,703,889 : -16
703,855,995 : -21
704,824,975 : -17
708,761,903 : -13
708,777,967 : -15
709,886,905 : -12
709,891,985 : -12
710,880,906 : -21
711,783,807 : -19
711,720,851 : -15
711,933,942 : -17
694,712,984 : -19
713,762,947 : -21
713,777,807 : -20
713,782,797 : -19
713,831,858 : -19
714,763,986 : -16
714,772,869 : -21
715,777,801 : -17
715,842,968 : -15
717,757,853 : -21
678,717,877 : -18
712,717,945 : -20
690,718,884 : -13
721,726,796 : -14
699,721,730 : -15
721,879,975 : -17
705,722,792 : -24
721,722,787 : -15
722,773,803 : -24
722,736,909 : -9
705,723,972 : -18
724,779,849 : -22
724,756,981 : -18
689,725,746 : -25
725,769,910 : -23
725,855,910 : -25
716,725,936 : -14
726,823,842 : -13
726,827,906 : -20
723,727,731 : -19
728,741,855 : -16
728,825,977 : -11
729,811,865 : -18
729,870,895 : -19
729,839,986 : -16
731,764,932 : -19
703,733,884 : -17
733,929,990 : -16
735,890,988 : -14
737,914,940 : -12
738,793,809 : -27
738,879,961 : -18
738,988,1000 : -18
740,763,896 : -15
740,763,793 : -23
740,930,982 : -17
683,710,741 : -17
742,745,1000 : -11
716,744,776 : -16
744,817,890 : -15
694,745,879 : -11
700,746,909 : -19
742,746,762 : -24
746,767,933 : -25
731,747,947 : -15
748,898,992 : -18
676,749,815 : -14
737,750,848 : -8
674,751,945 : -15
752,795,955 : -18
753,895,962 : -18
755,780,869 : -22
700,756,849 : -22
713,756,841 : -18
757,773,977 : -22
680,757,799 : -20
707,758,908 : -19
758,768,948 : -17
758,804,915 : -15
697,758,910 : -20
727,758,979 : -17
742,759,782 : -16
757,759,810 : -22
759,809,954 : -21
759,870,991 : -20
760,818,917 : -14
761,952,972 : -20
718,762,780 : -20
690,756,763 : -17
726,764,938 : -18
710,753,764 : -17
764,827,995 : -23
764,794,957 : -18
719,764,993 : -16
700,765,795 : -17
716,765,990 : -12
736,766,771 : -13
766,788,840 : -12
686,767,836 : -12
742,768,960 : -17
692,768,864 : -14
769,849,940 : -20
672,769,868 : -15
771,817,855 : -24
707,771,883 : -20
771,792,887 : -26
739,771,989 : -18
772,844,981 : -17
692,773,925 : -18
755,773,864 : -19
773,783,935 : -24
774,833,839 : -12
775,822,856 : -11
775,797,832 : -17
707,777,793 : -23
671,778,971 : -17
689,779,786 : -19
742,779,888 : -20
738,779,987 : -16
780,793,860 : -28
780,935,938 : -18
712,781,992 : -22
781,803,928 : -22
715,781,978 : -18
777,781,982 : -17
716,783,968 : -15
732,783,813 : -18
771,784,811 : -16
707,785,896 : -15
785,949,961 : -14
669,716,786 : -13
783,786,792 : -26
682,770,787 : -12
740,787,813 : -17
787,820,975 : -17
683,770,788 : -13
738,789,804 : -15
789,858,944 : -13
701,775,790 : -11
791,809,963 : -17
765,794,854 : -11
794,876,963 : -17
795,924,960 : -21
673,796,995 : -15
780,798,962 : -20
762,767,799 : -21
738,799,859 : -16
800,920,950 : -10
762,799,801 : -20
719,802,972 : -11
802,857,995 : -16
757,803,966 : -23
793,803,971 : -29
804,829,877 : -21
805,919,992 : -20
678,776,806 : -16
731,807,904 : -21
795,807,926 : -21
756,807,883 : -23
807,942,952 : -23
673,808,904 : -14
699,809,959 : -15
723,789,811 : -17
811,899,985 : -17
736,812,922 : -14
705,813,982 : -19
708,750,813 : -14
814,881,921 : -11
695,711,815 : -12
815,828,949 : -14
731,809,818 : -22
713,818,853 : -18
735,799,819 : -15
699,819,899 : -17
743,820,949 : -11
808,821,935 : -13
681,821,975 : -12
748,779,822 : -16
782,789,824 : -17
824,855,960 : -23
777,825,849 : -19
787,825,915 : -16
782,825,896 : -16
817,825,975 : -22
814,826,829 : -22
811,826,962 : -22
709,826,966 : -13
817,824,827 : -23
818,827,930 : -19
827,870,922 : -22
827,940,974 : -16
723,758,828 : -20
764,816,828 : -18
805,828,830 : -17
672,738,829 : -23
713,829,905 : -24
735,829,918 : -21
693,818,830 : -19
749,830,869 : -19
831,898,931 : -11
715,832,910 : -22
832,919,924 : -19
833,856,902 : -17
824,834,865 : -19
677,832,834 : -13
786,834,916 : -14
743,835,963 : -18
835,860,899 : -20
835,895,961 : -18
835,907,977 : -16
691,742,837 : -12
735,803,838 : -22
759,838,843 : -18
838,881,987 : -13
805,838,992 : -20
706,840,914 : -17
790,823,841 : -7
696,778,842 : -13
680,813,843 : -15
802,804,843 : -14
676,829,844 : -22
703,758,844 : -18
807,844,934 : -19
740,845,940 : -13
720,751,845 : -9
748,847,878 : -14
747,843,847 : -9
816,847,907 : -13
848,933,943 : -14
776,848,965 : -17
738,850,982 : -15
783,815,850 : -16
795,851,886 : -21
801,851,974 : -17
835,852,954 : -20
852,952,953 : -22
715,733,853 : -18
721,855,887 : -20
764,855,866 : -21
710,855,899 : -22
855,916,985 : -16
856,908,956 : -12
793,857,934 : -24
784,803,857 : -19
857,890,898 : -12
674,708,858 : -17
731,858,866 : -19
858,884,933 : -20
826,861,905 : -14
824,861,907 : -19
732,793,862 : -22
773,846,862 : -18
862,925,988 : -17
862,936,965 : -14
785,864,953 : -14
864,964,973 : -16
686,865,896 : -14
687,817,865 : -19
773,827,865 : -22
706,760,867 : -11
762,767,867 : -17
720,858,867 : -13
792,868,923 : -20
869,917,984 : -20
729,826,870 : -20
772,871,904 : -18
790,871,997 : -12
792,871,979 : -26
852,861,871 : -16
715,871,888 : -20
786,872,937 : -13
668,873,923 : -14
756,873,989 : -23
704,874,879 : -8
780,874,995 : -18
810,875,989 : -13
877,881,904 : -16
695,752,878 : -16
703,760,879 : -12
683,757,880 : -26
838,880,910 : -23
795,873,881 : -23
734,810,881 : -17
715,724,882 : -20
792,836,882 : -23
706,842,882 : -17
882,925,934 : -19
792,836,883 : -24
851,883,991 : -23
761,863,884 : -13
671,886,952 : -22
687,737,888 : -14
771,888,954 : -22
859,873,888 : -17
761,888,943 : -16
693,729,889 : -21
797,806,889 : -16
818,889,991 : -21
889,951,981 : -13
754,883,891 : -14
712,767,892 : -18
689,892,900 : -18
669,893,968 : -9
808,885,893 : -9
726,868,894 : -17
853,894,983 : -13
717,731,895 : -22
752,824,895 : -21
801,895,979 : -18
693,699,896 : -18
700,868,897 : -15
705,897,976 : -16
792,897,922 : -26
676,682,898 : -10
782,791,898 : -12
779,899,973 : -22
752,815,900 : -20
724,729,902 : -19
877,880,902 : -21
677,903,971 : -10
688,743,903 : -14
712,759,904 : -18
680,776,906 : -18
734,778,906 : -17
690,907,925 : -18
671,816,907 : -18
697,769,908 : -19
846,908,927 : -15
792,909,948 : -19
755,910,924 : -19
717,810,910 : -21
685,834,910 : -16
734,911,954 : -18
860,900,911 : -19
870,911,922 : -20
772,912,952 : -20
776,912,991 : -17
723,842,913 : -17
730,913,924 : -15
880,913,984 : -20
712,914,975 : -20
684,840,914 : -15
720,852,915 : -14
795,916,983 : -15
768,917,918 : -15
749,917,966 : -11
776,784,918 : -15
756,851,918 : -20
713,880,919 : -23
698,762,920 : -17
800,920,989 : -14
669,813,920 : -14
783,921,939 : -15
723,887,921 : -15
758,831,922 : -19
832,903,922 : -19
683,776,924 : -21
793,889,924 : -27
826,869,924 : -22
907,919,925 : -20
925,993,1000 : -15
679,900,926 : -15
736,894,927 : -14
927,928,967 : -15
793,927,988 : -23
770,869,928 : -18
870,895,928 : -18
899,928,984 : -19
759,792,929 : -22
852,929,940 : -15
750,916,930 : -14
741,749,931 : -12
786,863,932 : -9
676,780,933 : -20
768,933,954 : -22
705,748,934 : -18
794,880,934 : -22
727,842,934 : -14
730,934,939 : -15
935,942,961 : -19
792,846,937 : -22
734,902,937 : -17
911,919,937 : -16
876,938,963 : -13
925,938,952 : -20
725,939,970 : -18
769,794,939 : -19
772,849,939 : -20
857,940,967 : -16
941,944,954 : -12
673,840,942 : -17
839,859,943 : -10
929,943,965 : -14
809,887,945 : -19
891,945,993 : -15
881,942,945 : -17
852,944,947 : -14
882,947,969 : -12
678,725,948 : -18
673,822,950 : -11
799,906,950 : -17
874,885,952 : -17
707,953,962 : -18
878,901,954 : -17
684,779,955 : -13
878,888,956 : -15
729,797,958 : -20
735,871,958 : -19
715,780,958 : -23
761,863,958 : -16
803,913,958 : -24
903,947,959 : -11
713,773,961 : -24
675,706,962 : -17
733,962,974 : -20
803,832,962 : -27
961,962,986 : -22
795,865,963 : -22
858,908,963 : -21
743,963,970 : -18
811,953,964 : -15
778,891,965 : -17
792,933,965 : -28
709,801,965 : -16
671,810,967 : -19
783,838,968 : -17
714,806,970 : -12
840,857,970 : -17
681,880,970 : -16
686,733,971 : -15
916,971,983 : -11
829,943,971 : -21
808,908,972 : -15
700,973,982 : -18
726,816,973 : -15
755,756,973 : -19
844,846,974 : -14
762,812,975 : -19
836,950,975 : -14
671,873,976 : -19
750,809,976 : -15
880,963,976 : -20
752,830,977 : -16
681,755,978 : -12
794,860,978 : -19
789,840,978 : -16
726,901,979 : -15
829,979,990 : -25
731,961,982 : -22
746,757,984 : -27
849,985,991 : -18
692,948,986 : -13
687,746,986 : -22
935,960,986 : -19
673,743,988 : -17
714,770,989 : -16
724,810,989 : -19
824,864,989 : -20
746,830,990 : -23
781,978,990 : -17
752,793,990 : -26
919,952,990 : -23
752,952,991 : -25
710,952,991 : -23
824,906,992 : -24
778,855,992 : -23
839,926,992 : -18
945,973,992 : -21
753,856,996 : -10
888,922,996 : -18
820,996,1000 : -11
766,844,997 : -12
793,982,997 : -22
671,719,998 : -11
791,883,998 : -12
739,803,999 : -16
884,933,999 : -14
805,948,1000 : -14
849,902,1000 : -20
82,159,172 : -15
