1,151,208 : -0.3836250000000001
2,159,222 : -0.4212500000000001
2,166,233 : -0.353331043956044
3,26,143 : -0.1717857142857142
3,255,322 : -0.3889285714285715
4,28,98 : -0.35387499999999994
4,24,215 : -0.14349999999999996
5,6,64 : -0.3712500000000001
7,88,301 : -0.285625
7,20,148 : -0.4421875000000002
7,194,277 : -0.24249999999999994
8,165,175 : -0.2955357142857147
8,62,225 : -0.1875
9,140,213 : -0.3222499999999999
9,305,311 : -0.3745000000000003
11,57,333 : -0.41544642857142855
11,247,303 : -0.34562500000000007
12,246,249 : -0.30437499999999984
13,157,192 : -0.4984375000000001
13,168,252 : -0.4151562499999999
14,95,184 : -0.4405000000000001
1,15,153 : -0.32062500000000016
5,15,175 : -0.37007142857142883
13,15,233 : -0.2853365384615385
15,80,327 : -0.23875000000000024
15,102,209 : -0.22187500000000004
16,143,242 : -0.3250000000000002
17,191,313 : -0.40160714285714283
17,107,198 : -0.36142857142857143
2,18,199 : -0.39718750000000025
19,40,119 : -0.36187499999999995
19,217,291 : -0.22687499999999994
19,233,270 : -0.3686322115384617
20,38,332 : -0.21303571428571422
13,20,57 : -0.4125000000000001
4,22,64 : -0.37228571428571433
22,93,197 : -0.4537499999999999
23,25,300 : -0.30687500000000023
24,271,318 : -0.4773214285714287
25,30,269 : -0.4594999999999998
25,44,64 : -0.3728571428571432
25,128,173 : -0.19500000000000028
26,120,295 : -0.20007142857142868
26,120,157 : -0.20257142857142862
26,105,298 : -0.14919642857142867
27,104,234 : -0.557767857142857
27,163,332 : -0.4263571428571429
28,154,229 : -0.44491071428571427
13,28,271 : -0.4281250000000001
16,29,216 : -0.4021874999999999
29,66,231 : -0.45169642857142844
20,30,78 : -0.5067857142857144
29,30,124 : -0.5259375
31,135,259 : -0.5185714285714287
32,236,325 : -0.556875
24,33,133 : -0.41535714285714276
33,55,205 : -0.46985714285714275
33,53,83 : -0.5174999999999998
33,44,240 : -0.428725
34,176,237 : -0.7130357142857142
37,50,209 : -0.3151250000000001
37,193,300 : -0.25350000000000006
35,38,91 : -0.3874107142857144
38,72,275 : -0.22550000000000026
3,39,171 : -0.3977678571428571
39,201,324 : -0.4272321428571426
36,40,84 : -0.39875000000000016
40,129,146 : -0.35250000000000004
40,58,137 : -0.24250000000000016
41,198,333 : -0.3583928571428572
17,42,153 : -0.3031547619047621
40,42,238 : -0.44392857142857145
42,220,233 : -0.4013351648351646
42,55,331 : -0.31056249999999985
45,104,183 : -0.5142500000000001
45,61,187 : -0.4950000000000001
45,204,274 : -0.4242857142857144
45,191,244 : -0.39080357142857136
45,269,330 : -0.23975000000000013
22,46,244 : -0.31674999999999986
46,86,316 : -0.2858125
37,47,98 : -0.3716964285714286
27,48,285 : -0.434017857142857
48,66,161 : -0.47201785714285727
49,101,311 : -0.4143750000000004
17,50,131 : -0.41898214285714275
51,60,216 : -0.4291071428571427
51,196,265 : -0.3241071428571427
52,171,302 : -0.5053125
21,52,249 : -0.38546875000000025
53,57,275 : -0.4125000000000001
54,134,223 : -0.15410714285714278
57,85,208 : -0.4776250000000002
58,153,279 : -0.33050000000000024
58,193,334 : -0.38593750000000004
60,135,287 : -0.34294642857142854
60,131,231 : -0.2537499999999999
61,99,138 : -0.37124999999999986
61,166,184 : -0.40896428571428567
61,120,255 : -0.3580000000000001
60,62,97 : -0.4078124999999999
62,126,312 : -0.38249999999999984
62,222,269 : -0.40149999999999997
62,261,266 : -0.2650892857142857
61,63,157 : -0.5280000000000002
63,190,284 : -0.45964285714285724
64,290,299 : -0.3014285714285716
64,235,291 : -0.376857142857143
65,77,253 : -0.433125
66,114,203 : -0.16294642857142883
68,81,296 : -0.3971875
31,69,79 : -0.3767499999999999
69,87,249 : -0.3530803571428571
69,162,311 : -0.4675
70,180,257 : -0.31262499999999993
71,127,291 : -0.32175
71,249,308 : -0.39512500000000017
10,60,72 : -0.44199999999999995
69,72,224 : -0.2919999999999998
1,73,246 : -0.3609374999999999
38,73,87 : -0.32116071428571424
19,73,105 : -0.25015624999999986
73,242,315 : -0.36683035714285706
74,128,149 : -0.50875
24,75,172 : -0.4021874999999999
76,135,152 : -0.3447321428571426
77,151,154 : -0.34415178571428573
78,80,242 : -0.4178571428571429
78,256,322 : -0.40946428571428584
79,178,231 : -0.4219375000000001
12,80,197 : -0.28749999999999987
18,80,198 : -0.36149999999999993
71,80,322 : -0.23924999999999974
80,120,313 : -0.4015000000000002
80,169,178 : -0.5118749999999999
80,112,286 : -0.26554761904761914
80,97,304 : -0.4378124999999997
47,81,323 : -0.42665178571428575
81,192,236 : -0.48812500000000014
60,83,139 : -0.4135
64,83,210 : -0.3985714285714286
84,199,205 : -0.4817410714285715
85,263,287 : -0.48468749999999994
52,86,96 : -0.29081250000000014
86,146,245 : -0.3933482142857141
67,87,303 : -0.5503928571428571
87,122,292 : -0.2946428571428572
87,105,257 : -0.33325000000000005
66,88,321 : -0.3214285714285714
88,218,328 : -0.3515625
89,111,185 : -0.37812500000000004
90,106,115 : -0.3105625000000001
19,90,141 : -0.35578125000000016
91,208,242 : -0.5091428571428573
91,128,307 : -0.5067857142857142
92,311,322 : -0.47339285714285717
93,141,184 : -0.4393125000000002
94,155,303 : -0.41575000000000006
16,94,192 : -0.4212500000000001
54,95,278 : -0.24750000000000005
60,64,95 : -0.33506696428571425
95,117,158 : -0.3786160714285711
95,234,274 : -0.4200178571428572
36,96,300 : -0.47024999999999983
96,136,282 : -0.28212499999999996
91,97,142 : -0.46848214285714285
97,154,334 : -0.26075892857142846
55,98,156 : -0.37450000000000006
98,158,215 : -0.3132142857142859
98,159,216 : -0.46406250000000004
52,96,99 : -0.4363750000000002
99,188,317 : -0.5362500000000001
56,100,222 : -0.24937500000000012
33,100,258 : -0.4537499999999999
67,101,135 : -0.3945357142857142
103,178,254 : -0.30495535714285715
42,68,104 : -0.4369642857142857
50,74,104 : -0.41937500000000005
2,65,105 : -0.28374999999999995
62,105,276 : -0.24250000000000016
38,105,233 : -0.30197115384615403
17,106,226 : -0.42281250000000004
106,246,306 : -0.42281250000000004
98,109,249 : -0.36624999999999996
13,110,327 : -0.25368749999999984
14,62,110 : -0.3025
15,110,294 : -0.21243749999999983
84,110,328 : -0.502875
20,99,111 : -0.34975
45,111,144 : -0.605
111,203,240 : -0.29700000000000015
112,118,201 : -0.5798571428571428
112,175,251 : -0.40925892857142876
114,258,266 : -0.37803571428571425
57,101,115 : -0.4281250000000001
115,307,318 : -0.48910714285714296
116,128,218 : -0.4552232142857142
117,224,327 : -0.32175
36,118,205 : -0.2757857142857143
118,181,325 : -0.6466730769230771
119,134,238 : -0.40267857142857144
9,120,133 : -0.33325000000000005
40,120,206 : -0.359375
105,120,243 : -0.3167500000000001
120,211,291 : -0.49500000000000033
116,121,138 : -0.44285714285714284
121,182,189 : -0.3712500000000001
88,122,144 : -0.44999999999999973
17,38,124 : -0.3231250000000001
8,25,124 : -0.39656250000000015
124,153,274 : -0.5681696428571428
124,134,207 : -0.25133928571428577
6,125,139 : -0.4192857142857145
66,109,125 : -0.20714285714285707
127,148,223 : -0.37950000000000017
122,128,165 : -0.3643749999999999
128,207,247 : -0.4537500000000001
30,129,305 : -0.2562500000000001
81,130,291 : -0.32912500000000033
50,92,130 : -0.3273571428571429
131,148,241 : -0.2849285714285714
116,131,289 : -0.3889285714285715
26,133,143 : -0.11874999999999991
95,133,287 : -0.3609374999999999
30,134,239 : -0.3928571428571428
116,135,212 : -0.4737857142857145
92,105,137 : -0.37464285714285706
122,138,281 : -0.20124999999999993
4,134,139 : -0.41014285714285714
139,263,330 : -0.44550000000000023
105,140,182 : -0.42212499999999986
115,119,140 : -0.22875
140,162,302 : -0.4012053571428571
41,140,246 : -0.33000000000000007
108,140,281 : -0.2896875000000001
140,179,294 : -0.44599999999999995
84,143,183 : -0.40837499999999993
23,144,197 : -0.4949999999999999
76,145,157 : -0.532125
146,210,237 : -0.5970535714285712
10,147,191 : -0.3064285714285713
147,286,291 : -0.5221071428571431
148,235,325 : -0.4991634615384617
149,161,312 : -0.25075000000000003
23,150,314 : -0.20124999999999993
42,151,248 : -0.4066071428571427
132,151,192 : -0.3682142857142858
33,151,237 : -0.4203571428571429
153,209,275 : -0.391875
101,118,154 : -0.37508928571428557
108,154,197 : -0.3853928571428571
71,155,251 : -0.2450000000000001
116,126,156 : -0.3308928571428571
158,267,281 : -0.34415178571428573
122,160,331 : -0.4007142857142858
108,161,295 : -0.2510357142857145
161,292,299 : -0.14437500000000014
119,162,249 : -0.3800892857142857
132,145,162 : -0.29200000000000004
51,163,255 : -0.5951785714285718
165,186,241 : -0.38098214285714294
165,209,226 : -0.2784374999999999
124,140,167 : -0.3559375
168,289,302 : -0.47201785714285704
168,236,310 : -0.5135624999999999
35,169,303 : -0.33000000000000007
169,245,262 : -0.45964285714285724
17,171,242 : -0.38098214285714294
103,171,216 : -0.3388392857142857
102,108,172 : -0.419875
118,136,172 : -0.4104374999999998
103,172,318 : -0.2858035714285716
172,174,328 : -0.3890625000000001
174,188,291 : -0.2722500000000001
6,174,288 : -0.2672500000000002
8,69,176 : -0.4046428571428571
154,177,190 : -0.46848214285714285
16,33,178 : -0.33187500000000014
179,180,211 : -0.30937499999999996
179,211,276 : -0.20124999999999993
43,180,260 : -0.5073750000000001
94,182,243 : -0.3291249999999999
139,148,182 : -0.3712500000000001
22,182,208 : -0.5642499999999999
182,228,291 : -0.42074999999999996
34,127,183 : -0.45924999999999994
78,184,204 : -0.5445
65,186,191 : -0.3889285714285715
92,188,248 : -0.36889285714285713
100,103,188 : -0.22628571428571442
188,191,246 : -0.37331249999999994
47,188,203 : -0.45183928571428567
88,189,318 : -0.4406249999999998
147,189,213 : -0.39187499999999975
49,191,237 : -0.3957142857142859
90,192,273 : -0.33550000000000013
18,25,193 : -0.4570000000000003
149,193,300 : -0.28875000000000006
22,193,272 : -0.32499999999999996
83,126,194 : -0.411875
167,194,262 : -0.16000000000000014
43,195,307 : -0.42340178571428577
3,51,195 : -0.45964285714285724
67,195,214 : -0.39475000000000016
93,195,251 : -0.38775000000000004
87,186,197 : -0.3426785714285714
51,155,198 : -0.48842857142857143
160,172,198 : -0.5082589285714287
99,198,272 : -0.35750000000000015
19,199,228 : -0.433125
85,200,320 : -0.5225
97,114,200 : -0.43656249999999996
187,200,253 : -0.41437500000000016
200,281,299 : -0.3353125000000001
151,174,204 : -0.5244642857142858
118,142,205 : -0.33589285714285744
201,206,222 : -0.4832142857142856
9,206,226 : -0.2919999999999998
122,210,235 : -0.26574999999999993
210,298,332 : -0.32607142857142857
182,212,258 : -0.48812500000000014
17,213,277 : -0.18062500000000004
14,214,325 : -0.3985384615384615
216,217,236 : -0.24250000000000016
77,218,269 : -0.4516874999999998
16,39,219 : -0.24750000000000005
100,131,219 : -0.24455357142857181
175,176,219 : -0.31821428571428556
118,133,220 : -0.4042500000000002
44,48,221 : -0.3815625
88,159,221 : -0.4075
149,221,248 : -0.28374999999999995
131,222,247 : -0.24839285714285708
128,222,292 : -0.33000000000000007
6,222,331 : -0.41642857142857137
23,224,334 : -0.22599999999999998
121,199,224 : -0.4743750000000002
127,149,225 : -0.22687499999999994
88,226,245 : -0.4481919642857144
48,226,236 : -0.5362500000000001
37,227,315 : -0.33118749999999997
191,227,262 : -0.3414999999999999
48,227,320 : -0.24249999999999994
79,228,309 : -0.5073750000000001
27,185,229 : -0.40160714285714283
84,229,295 : -0.41839285714285723
117,229,314 : -0.2734375
118,230,333 : -0.46671428571428586
34,37,231 : -0.33000000000000007
60,65,232 : -0.45681250000000007
116,216,232 : -0.332357142857143
86,216,233 : -0.4485937500000001
177,185,233 : -0.4505769230769232
21,233,331 : -0.42574519230769226
18,141,236 : -0.3600625000000002
56,198,236 : -0.3112499999999998
7,238,301 : -0.3799999999999999
47,153,238 : -0.41928571428571426
90,238,266 : -0.4140714285714284
107,108,238 : -0.3464047619047619
192,238,264 : -0.4468749999999999
13,239,241 : -0.32058035714285715
77,240,245 : -0.39983928571428584
205,240,249 : -0.460232142857143
11,141,241 : -0.4237053571428573
17,213,241 : -0.26017857142857137
241,294,334 : -0.3491517857142856
125,242,293 : -0.31114285714285717
176,243,276 : -0.33736607142857133
117,243,304 : -0.46406250000000004
147,244,304 : -0.4125000000000001
245,251,252 : -0.3132142857142859
7,245,260 : -0.4961785714285716
3,64,246 : -0.3250000000000002
41,126,246 : -0.30937499999999996
138,246,256 : -0.36624999999999996
88,246,268 : -0.4743750000000002
227,246,311 : -0.32775
3,246,316 : -0.28669642857142863
56,247,321 : -0.26312500000000005
141,248,276 : -0.35749999999999993
6,249,296 : -0.35799107142857123
108,249,294 : -0.30679687499999986
64,158,250 : -0.4066071428571427
210,251,265 : -0.4776562500000001
31,232,252 : -0.4446249999999998
52,125,252 : -0.30937499999999996
71,252,325 : -0.2741538461538462
252,286,327 : -0.26517857142857126
94,182,253 : -0.29200000000000004
25,100,254 : -0.2898214285714287
40,143,254 : -0.385
140,254,302 : -0.3318749999999999
211,239,255 : -0.37450000000000006
166,256,310 : -0.4682857142857142
93,178,256 : -0.32999999999999985
145,186,256 : -0.4331250000000002
232,256,277 : -0.3965000000000001
210,235,257 : -0.2380000000000002
257,281,298 : -0.197125
160,258,267 : -0.20910714285714294
99,170,259 : -0.4950000000000001
143,259,298 : -0.41142857142857125
121,155,260 : -0.46199999999999997
40,65,261 : -0.3643749999999999
45,225,261 : -0.22187500000000004
81,262,270 : -0.5922321428571429
183,262,281 : -0.5029553571428571
148,196,264 : -0.4455
27,266,276 : -0.3339285714285716
17,20,267 : -0.3043750000000003
21,266,267 : -0.4375446428571428
88,203,267 : -0.1937500000000001
64,118,267 : -0.4075
78,185,269 : -0.3839285714285716
158,243,269 : -0.4932321428571429
123,269,330 : -0.2722500000000001
164,179,270 : -0.3250000000000002
199,251,270 : -0.4269375000000002
163,182,271 : -0.556875
271,293,302 : -0.41575000000000006
249,272,291 : -0.33825000000000016
111,273,315 : -0.4054374999999999
115,243,273 : -0.3196875000000001
64,274,295 : -0.3308928571428571
48,230,275 : -0.48675000000000024
77,92,276 : -0.3152678571428571
233,276,294 : -0.18247596153846146
175,276,280 : -0.4458928571428571
38,277,284 : -0.3353571428571427
41,159,277 : -0.2200000000000002
89,188,277 : -0.3580000000000001
158,193,278 : -0.5372321428571429
138,279,332 : -0.24957142857142856
83,193,280 : -0.5615625000000002
154,274,281 : -0.28669642857142863
56,63,282 : -0.26812499999999995
112,179,282 : -0.363
84,269,283 : -0.21275
5,23,284 : -0.3700714285714286
127,188,284 : -0.3771428571428572
106,284,307 : -0.31379464285714276
107,284,325 : -0.36489010989010984
23,282,285 : -0.28374999999999995
5,141,286 : -0.45875892857142864
19,46,287 : -0.4120625
64,168,287 : -0.42193749999999985
62,117,288 : -0.3265625000000001
107,175,288 : -0.2566428571428572
84,147,289 : -0.6290624999999999
103,289,297 : -0.42428571428571416
86,288,290 : -0.35387499999999994
102,290,315 : -0.3093750000000002
37,60,294 : -0.33843749999999995
69,106,295 : -0.32607142857142857
174,272,295 : -0.0754285714285714
35,86,296 : -0.3196874999999999
198,295,296 : -0.3923660714285715
166,296,303 : -0.41986607142857135
247,287,297 : -0.49352678571428577
76,297,318 : -0.4075
282,297,325 : -0.48140109890109883
48,151,298 : -0.4095535714285714
72,120,298 : -0.3245
187,298,319 : -0.38687499999999986
80,233,298 : -0.2348951048951049
171,299,331 : -0.2784374999999999
225,269,299 : -0.197125
189,299,315 : -0.3868750000000001
6,114,300 : -0.34857142857142875
5,27,300 : -0.3889285714285715
46,48,300 : -0.42900000000000027
150,200,301 : -0.4075000000000002
70,230,302 : -0.3559375
218,234,302 : -0.5568749999999998
206,258,302 : -0.35749999999999993
106,107,303 : -0.3031919642857144
49,304,329 : -0.28374999999999995
63,201,306 : -0.38303571428571437
126,281,307 : -0.35799107142857145
178,195,307 : -0.29641964285714284
176,309,326 : -0.6222857142857141
35,55,311 : -0.4377500000000001
108,279,311 : -0.4152499999999999
77,80,312 : -0.30374999999999996
12,289,312 : -0.2778571428571428
44,312,315 : -0.3609374999999999
293,309,313 : -0.5115000000000003
96,156,314 : -0.3580000000000001
148,314,331 : -0.43578125
83,164,314 : -0.43874999999999975
175,192,314 : -0.3957142857142859
98,276,315 : -0.3834374999999999
31,315,325 : -0.549735576923077
48,73,316 : -0.24250000000000016
227,253,316 : -0.0618749999999999
18,24,319 : -0.48085714285714287
81,117,320 : -0.5445
300,321,328 : -0.2762500000000001
5,210,322 : -0.4800000000000002
159,161,323 : -0.27
222,234,323 : -0.3580000000000001
102,268,324 : -0.4537500000000001
256,278,325 : -0.5669230769230769
115,152,326 : -0.4125000000000001
35,52,327 : -0.46848214285714285
121,214,327 : -0.33633928571428573
25,246,328 : -0.3806250000000002
70,102,328 : -0.38874999999999993
186,231,328 : -0.4012500000000001
150,256,328 : -0.4075000000000002
91,321,328 : -0.30437499999999984
174,236,329 : -0.3559375
325,329,334 : -0.456923076923077
69,149,330 : -0.5225000000000002
177,304,330 : -0.3423750000000001
257,279,331 : -0.2660625000000001
25,103,332 : -0.30285714285714294
233,286,332 : -0.2284615384615385
73,89,333 : -0.370669642857143
180,245,333 : -0.3977678571428571
35,326,333 : -0.500892857142857
176,200,334 : -0.4665178571428572
44,255,334 : -0.5465624999999998
11,60,501 : -0.4819642857142856
17,212,431 : -0.5972500000000003
38,59,643 : -0.2675000000000003
81,311,507 : -0.8078124999999998
30,83,581 : -0.6469999999999998
83,266,357 : -0.5753571428571429
83,318,361 : -0.61425
103,148,379 : -0.5665982142857144
64,152,412 : -0.6894642857142856
153,185,580 : -0.5671875000000002
155,220,424 : -0.6875
162,166,499 : -0.4737857142857145
163,170,606 : -0.5898750000000001
65,177,589 : -0.6153124999999999
160,188,395 : -0.6611785714285716
108,193,483 : -0.5692500000000003
124,207,565 : -0.3196874999999999
230,237,515 : -0.6541071428571428
268,285,643 : -0.5831249999999999
255,287,664 : -0.581183035714286
166,293,398 : -0.6081428571428571
254,328,490 : -0.6583928571428572
249,332,337 : -0.5291785714285715
10,79,796 : -0.32587500000000014
31,93,741 : -0.4125000000000001
62,229,802 : -0.528
46,98,899 : -0.6428124999999998
21,152,769 : -0.46406250000000004
3,205,735 : -0.6658928571428571
158,259,887 : -0.5657142857142858
190,308,812 : -0.47437499999999977
89,312,958 : -0.49
228,325,702 : -0.4712019230769231
14,92,379 : -0.6275892857142857
26,105,532 : -0.42723214285714306
24,40,621 : -0.5774999999999999
73,198,338 : -0.3746875000000003
90,166,336 : -0.5916428571428574
92,328,608 : -0.6000669642857144
112,172,449 : -0.556875
126,326,437 : -0.6187499999999999
127,247,595 : -0.4949999999999999
53,157,498 : -0.528
164,325,344 : -0.5571923076923078
91,178,610 : -0.5551071428571428
183,252,567 : -0.5465624999999998
204,263,514 : -0.5892857142857144
73,217,338 : -0.24750000000000005
218,237,457 : -0.6607366071428573
240,308,433 : -0.5197500000000002
55,242,372 : -0.5939999999999999
125,251,491 : -0.5882884615384616
143,251,621 : -0.43165178571428564
88,258,407 : -0.5199999999999996
135,262,336 : -0.620714285714286
137,264,425 : -0.44343749999999993
8,290,606 : -0.474375
16,291,364 : -0.66825
159,310,420 : -0.5527500000000001
254,324,500 : -0.5612946428571428
5,341,551 : -0.4857499999999999
27,421,614 : -0.5162142857142857
34,420,623 : -0.6187499999999999
65,489,658 : -0.48468750000000016
87,452,491 : -0.6836847527472525
106,501,636 : -0.5612946428571428
136,457,587 : -0.6025446428571428
204,434,622 : -0.4985357142857143
210,401,549 : -0.49375000000000013
211,415,426 : -0.6097142857142859
241,541,595 : -0.5023660714285714
278,583,618 : -0.6105
300,359,451 : -0.530357142857143
9,606,757 : -0.7160625
30,408,712 : -0.6978125
41,662,693 : -0.8249999999999997
44,336,733 : -0.694375
47,351,803 : -0.8058482142857144
48,573,873 : -0.7876785714285715
50,364,904 : -0.726
60,628,852 : -0.7284375000000001
74,653,926 : -0.60625
142,340,706 : -0.5833928571428573
188,532,778 : -0.7519285714285715
201,603,882 : -0.8273571428571431
204,663,672 : -0.6930000000000003
222,372,867 : -0.8525
32,326,862 : -0.7012499999999999
38,275,727 : -0.5293749999999999
75,288,911 : -0.40425
108,131,860 : -0.6001875000000001
13,134,709 : -0.6620625000000002
144,258,741 : -0.556875
67,147,955 : -0.4950000000000001
178,219,942 : -0.5671874999999997
189,205,752 : -0.5502455357142857
83,202,733 : -0.5259375
189,218,902 : -0.391875
224,229,931 : -0.3073125000000001
133,233,995 : -0.5886057692307691
204,265,693 : -0.7454464285714286
200,279,773 : -0.6655000000000002
232,326,892 : -0.6270000000000002
5,653,931 : -0.5422500000000001
5,593,941 : -0.5362500000000003
21,497,671 : -0.6496875000000002
45,606,952 : -0.8078125
57,591,670 : -0.6496874999999998
77,599,746 : -0.7906250000000004
121,431,700 : -0.6776785714285716
134,379,764 : -0.9245892857142859
138,501,958 : -0.6766964285714288
141,390,744 : -0.43518750000000006
141,610,894 : -0.7517812499999996
162,335,712 : -0.7212857142857143
190,582,779 : -0.6914285714285715
235,581,769 : -0.6744375000000002
252,653,755 : -0.7649999999999999
256,478,883 : -0.7582142857142857
286,623,761 : -0.7012499999999999
289,553,872 : -0.6629464285714288
296,488,856 : -0.7755000000000001
329,463,791 : -0.7115625000000001
5,689,825 : -0.678857142857143
6,829,837 : -0.6056043956043955
43,889,959 : -0.4881249999999999
47,696,892 : -0.6658928571428573
52,922,954 : -0.5499999999999998
81,907,946 : -0.3096874999999999
106,902,910 : -0.5723437499999999
107,776,868 : -0.5099285714285715
128,670,792 : -0.6482142857142859
153,893,917 : -0.5774999999999999
160,822,935 : -0.6099107142857143
201,907,908 : -0.8083035714285716
216,760,864 : -0.5878125000000001
237,790,861 : -0.6541071428571428
250,676,957 : -0.33825000000000016
260,787,815 : -0.7000714285714285
269,772,827 : -0.5878125000000001
286,869,873 : -0.574357142857143
289,691,798 : -0.7454464285714286
292,801,914 : -0.598125
294,717,960 : -0.5878125000000001
310,887,930 : -0.530357142857143
317,698,775 : -0.4620000000000002
334,771,828 : -0.6364285714285716
8,233,343 : -0.46326923076923077
275,293,344 : -0.50325
83,297,349 : -0.5483035714285713
162,248,374 : -0.4832142857142858
66,259,404 : -0.6270000000000002
14,192,410 : -0.6309285714285715
47,254,417 : -0.6099107142857143
7,41,420 : -0.50325
57,97,459 : -0.6187500000000001
65,226,462 : -0.5612946428571428
74,110,479 : -0.5486250000000001
34,193,505 : -0.6668750000000001
102,148,527 : -0.6352500000000001
146,226,527 : -0.4021874999999999
117,282,528 : -0.6084375
66,249,578 : -0.48851785714285745
69,93,602 : -0.611875
261,298,608 : -0.48468749999999994
266,402,518 : -0.5833928571428573
17,422,466 : -0.699875
309,468,482 : -0.6847500000000002
97,491,631 : -0.5506104052197804
199,412,514 : -0.6717857142857144
105,373,519 : -0.598125
210,389,542 : -0.5432142857142856
270,444,548 : -0.6496875
36,552,569 : -0.571607142857143
272,593,665 : -0.474375
51,466,613 : -0.6573809523809524
168,569,649 : -0.7990714285714287
271,337,869 : -0.5321250000000002
230,340,757 : -0.5885357142857144
160,356,733 : -0.7460357142857144
30,364,728 : -0.6600000000000001
33,367,981 : -0.7204999999999999
85,386,717 : -0.7610625
61,393,751 : -0.7425000000000002
306,398,748 : -0.5951785714285713
297,450,832 : -0.680625
77,491,797 : -0.6554670329670329
28,497,913 : -0.6599999999999999
64,504,674 : -0.6364285714285716
184,538,945 : -0.7813928571428572
144,542,699 : -0.7935714285714284
319,546,814 : -0.29700000000000015
128,569,697 : -0.735625
118,591,746 : -0.7156874999999998
78,636,844 : -0.7425000000000002
238,652,965 : -0.7906250000000001
108,347,478 : -0.66825
244,342,357 : -0.5215178571428571
26,354,368 : -0.5313392857142858
100,421,595 : -0.6496875000000002
145,431,491 : -0.5600480769230771
300,425,437 : -0.59709375
171,360,477 : -0.6187499999999999
123,487,553 : -0.5244642857142856
21,491,576 : -0.5511634615384615
84,397,525 : -0.6187499999999999
304,345,527 : -0.6187499999999999
86,527,539 : -0.5939999999999999
4,517,534 : -0.5719999999999998
104,447,537 : -0.5362500000000001
333,563,630 : -0.7159821428571429
57,403,572 : -0.5018749999999998
301,573,590 : -0.6452678571428572
262,366,637 : -0.5716071428571428
280,374,641 : -0.5185714285714287
335,381,498 : -0.5692500000000003
335,424,474 : -0.3195000000000001
335,520,551 : -0.2543928571428573
336,379,413 : -0.6943750000000002
336,517,546 : -0.5417500000000002
336,352,563 : -0.4950000000000001
338,450,641 : -0.5480357142857144
339,391,507 : -0.5259375
339,512,649 : -0.2940624999999999
339,531,658 : -0.24250000000000016
340,381,601 : -0.5091428571428573
340,594,606 : -0.6143303571428573
341,551,617 : -0.21446428571428577
341,575,596 : -0.13544642857142852
341,590,596 : -0.1914285714285715
344,381,652 : -0.4455
347,354,530 : -0.40357142857142847
347,588,649 : -0.42714285714285705
347,603,633 : -0.30299999999999994
347,652,655 : -0.37124999999999986
348,360,519 : -0.36624999999999996
348,396,551 : -0.38225
349,463,465 : -0.3662500000000002
348,350,354 : -0.2975000000000003
351,368,566 : -0.3790625000000001
351,377,452 : -0.35062499999999996
351,397,423 : -0.39866071428571415
351,584,631 : -0.2858035714285714
352,530,632 : -0.20007142857142846
352,385,538 : -0.2713749999999999
353,398,645 : -0.4481517857142858
354,392,477 : -0.4453125
354,571,666 : -0.3414999999999999
354,376,641 : -0.3917857142857144
355,362,580 : -0.3353124999999999
356,484,494 : -0.37124999999999986
356,369,506 : -0.44609374999999973
356,548,588 : -0.4516874999999998
358,503,649 : -0.3182142857142858
358,381,541 : -0.4075
358,373,547 : -0.1732499999999999
358,412,584 : -0.22187500000000004
361,432,555 : -0.3354999999999999
362,379,406 : -0.4466874999999999
362,378,490 : -0.3724375000000002
347,362,515 : -0.32852678571428573
362,403,659 : -0.4212499999999999
364,529,625 : -0.41437500000000016
364,433,544 : -0.4105357142857142
364,554,557 : -0.47624999999999984
365,372,626 : -0.20037499999999975
366,653,663 : -0.425357142857143
357,367,607 : -0.35475892857142854
367,420,493 : -0.41367857142857156
367,426,533 : -0.3609374999999999
370,458,562 : -0.30260714285714285
370,632,656 : -0.3747857142857143
342,371,564 : -0.5215178571428574
365,373,405 : -0.28875000000000006
373,429,576 : -0.2734375
373,387,655 : -0.40602678571428585
336,376,497 : -0.43214285714285716
377,425,489 : -0.4640624999999998
377,470,562 : -0.26294642857142847
377,575,581 : -0.279625
378,564,653 : -0.30414285714285727
378,640,643 : -0.3730000000000002
341,380,402 : -0.2722500000000001
380,484,664 : -0.4375446428571428
380,563,573 : -0.49500000000000033
383,517,664 : -0.4242857142857144
367,384,472 : -0.19330357142857135
381,384,539 : -0.2651785714285715
362,384,597 : -0.4353348214285713
337,385,388 : -0.4248750000000001
362,385,589 : -0.32999999999999985
385,421,452 : -0.2744642857142856
385,438,462 : -0.46553571428571416
385,622,624 : -0.4446249999999998
387,604,664 : -0.36624999999999996
357,388,389 : -0.3191071428571428
389,434,618 : -0.35357142857142865
391,617,657 : -0.4950000000000001
393,418,426 : -0.55
393,555,624 : -0.47299999999999986
394,480,511 : -0.3373750000000002
395,407,441 : -0.4428571428571426
395,503,645 : -0.3182142857142858
395,536,619 : -0.3957142857142859
395,567,661 : -0.3889285714285715
361,396,443 : -0.46199999999999997
396,514,666 : -0.4266428571428573
396,502,548 : -0.30437499999999984
397,611,638 : -0.3314732142857144
398,588,615 : -0.44392857142857145
373,399,580 : -0.3196874999999999
399,578,651 : -0.385
400,661,663 : -0.2707857142857144
401,540,615 : -0.25075000000000003
342,404,409 : -0.25075000000000003
404,581,651 : -0.4152500000000001
406,555,599 : -0.22024999999999983
407,517,642 : -0.4570000000000001
408,504,576 : -0.31262500000000015
404,409,507 : 0.0008749999999998481
410,506,612 : -0.38745535714285717
410,533,664 : -0.5067857142857144
350,410,411 : -0.29699999999999993
411,630,636 : -0.4260535714285716
411,580,652 : -0.18887500000000013
351,412,473 : -0.25575000000000014
412,559,599 : -0.4812500000000002
414,459,614 : -0.40660714285714294
336,415,556 : -0.56375
415,620,635 : -0.12228571428571433
416,533,643 : -0.2934375
416,459,648 : -0.28866071428571427
416,538,648 : -0.22324999999999995
417,420,568 : -0.3506250000000002
394,405,418 : -0.10312499999999991
418,491,645 : -0.39155769230769244
418,571,585 : -0.4262499999999998
419,563,601 : -0.4075
339,420,514 : -0.5109107142857143
381,420,467 : -0.5395000000000003
420,554,570 : -0.24368750000000006
342,388,422 : -0.21568750000000003
423,442,657 : -0.4950000000000001
389,423,448 : -0.3308928571428571
423,481,489 : -0.35062499999999996
376,423,529 : -0.36624999999999996
423,474,543 : -0.11250000000000004
423,551,613 : -0.37589285714285703
414,424,463 : -0.4076875
424,473,524 : -0.15675000000000017
424,537,566 : -0.23443749999999985
355,410,425 : -0.34415178571428573
425,430,436 : -0.36624999999999996
342,426,517 : -0.43234375
373,426,548 : -0.28718749999999993
368,426,562 : -0.3421875000000001
427,469,629 : -0.2280535714285714
337,375,431 : -0.5486249999999999
431,590,643 : -0.4776785714285716
397,431,653 : -0.39718750000000025
432,641,662 : -0.3912946428571429
433,444,571 : -0.59125
433,562,574 : -0.3250000000000002
378,434,615 : -0.3057500000000002
395,434,622 : -0.3308928571428571
434,447,524 : -0.3250000000000002
435,560,638 : -0.0076785714285714235
408,436,549 : -0.4056249999999999
387,415,437 : -0.4419642857142856
437,441,578 : -0.30893749999999986
338,438,551 : -0.4724999999999999
353,438,500 : -0.25133928571428577
438,535,653 : -0.36142857142857143
439,468,556 : -0.21362499999999995
439,587,606 : -0.4640624999999998
441,504,549 : -0.3903125000000003
442,467,528 : -0.47025000000000006
442,568,571 : -0.33687500000000004
337,393,443 : -0.4042499999999998
443,477,534 : -0.4281250000000001
445,447,617 : -0.2743214285714286
376,445,612 : -0.376857142857143
445,614,617 : -0.19300000000000006
390,446,558 : -0.5812499999999998
374,446,506 : -0.42718750000000005
402,446,508 : -0.2649285714285714
446,533,575 : -0.2437499999999999
446,533,631 : -0.27
446,543,616 : -0.3900000000000001
446,532,628 : -0.372857142857143
446,447,544 : -0.2592142857142856
447,609,641 : -0.4030714285714285
335,448,530 : -0.41575000000000006
448,573,662 : -0.5789732142857145
426,449,657 : -0.5205357142857143
450,485,642 : -0.5515714285714286
430,450,522 : -0.3977678571428571
354,451,537 : -0.2899285714285713
451,452,461 : -0.3220535714285713
452,579,614 : -0.3435625
453,544,612 : -0.2869910714285715
453,535,554 : -0.40956249999999983
453,565,642 : -0.39600000000000013
345,454,521 : -0.30937499999999996
454,466,659 : -0.39375000000000004
379,455,625 : -0.28874999999999984
429,455,656 : -0.3235178571428572
455,469,516 : -0.26517857142857126
396,445,456 : -0.363
342,364,457 : -0.3599553571428573
361,457,458 : -0.4581785714285713
433,457,592 : -0.32508928571428575
347,379,458 : -0.43156250000000007
368,459,561 : -0.3544642857142857
459,492,608 : -0.41044642857142843
335,406,460 : -0.37450000000000006
460,464,550 : -0.13937500000000025
460,542,608 : -0.4125000000000001
421,462,585 : -0.4125000000000001
462,595,609 : -0.433125
463,591,653 : -0.4303124999999999
413,464,542 : -0.433125
430,464,636 : -0.4684821428571426
385,465,552 : -0.28374999999999995
363,394,466 : -0.30000000000000004
366,405,466 : -0.5087500000000003
387,425,466 : -0.3953125000000002
466,498,519 : -0.4377500000000003
439,468,600 : -0.1576428571428572
425,468,545 : -0.5445000000000002
469,501,534 : -0.3771428571428572
470,491,612 : -0.3516538461538463
470,506,523 : -0.3815624999999998
470,606,663 : -0.4007142857142858
399,444,471 : -0.38775000000000004
358,473,651 : -0.2645000000000002
473,496,566 : -0.27962500000000023
381,473,597 : -0.30614285714285727
474,514,567 : -0.40366071428571404
418,475,589 : -0.23812500000000014
475,495,523 : -0.3603571428571428
448,476,479 : -0.24750000000000005
353,476,602 : -0.44343749999999993
405,476,657 : -0.22982142857142884
387,477,586 : -0.46671428571428564
410,411,478 : -0.24250000000000016
478,525,598 : -0.25633928571428566
353,405,479 : -0.3196875000000001
362,386,480 : -0.3388437499999999
481,507,543 : -0.2846875
383,481,627 : -0.3959999999999999
481,566,640 : -0.12287500000000029
409,475,484 : -0.22245535714285714
484,491,505 : -0.4117067307692306
484,498,513 : -0.37449999999999983
484,594,641 : -0.34857142857142853
484,543,648 : -0.30874999999999986
388,485,660 : -0.43312499999999976
383,485,516 : -0.433125
344,429,486 : -0.2590000000000001
399,486,504 : -0.31468750000000023
480,486,584 : -0.26312500000000005
487,500,555 : -0.26812499999999995
487,572,625 : -0.4125000000000001
441,488,617 : -0.3662500000000002
454,488,524 : -0.10312500000000013
381,488,537 : -0.35887500000000006
382,489,509 : -0.5465624999999998
366,490,523 : -0.4125000000000001
370,490,637 : -0.23925000000000018
417,492,588 : -0.3250000000000002
354,493,590 : -0.48910714285714296
378,452,493 : -0.2863928571428571
420,452,493 : -0.3397321428571427
493,558,667 : -0.18446428571428575
386,420,494 : -0.48321875000000003
441,494,659 : -0.4571875000000001
389,496,651 : -0.25821428571428573
494,497,628 : -0.2906249999999999
344,499,585 : -0.4620000000000002
411,499,558 : -0.3353125000000001
499,513,592 : -0.4570000000000001
482,500,619 : -0.4178124999999999
446,497,501 : -0.3842857142857141
470,501,595 : -0.391875
341,400,503 : -0.24171428571428577
373,503,543 : -0.3023660714285712
503,522,615 : -0.25968750000000007
504,611,663 : -0.49
429,486,505 : -0.17443750000000002
505,581,617 : -0.31748214285714305
463,505,589 : -0.25093750000000004
335,505,649 : -0.3420803571428572
478,506,584 : -0.4066071428571427
506,508,600 : -0.24750000000000005
380,507,511 : -0.4582708333333332
377,508,583 : -0.2651785714285715
400,403,508 : -0.34857142857142853
491,508,522 : -0.41340659340659336
508,509,643 : -0.47008928571428554
394,438,509 : -0.34857142857142875
509,577,616 : -0.08281250000000018
453,510,561 : -0.28875000000000006
493,499,510 : -0.41221428571428587
503,510,521 : -0.294642857142857
335,510,544 : -0.3028928571428571
377,511,585 : -0.24800000000000022
350,417,511 : -0.3827499999999999
482,511,659 : -0.46250000000000013
476,511,620 : -0.41575000000000006
512,638,642 : -0.42400000000000015
513,610,662 : -0.4419687499999998
351,514,547 : -0.3388392857142859
357,465,515 : -0.3845089285714285
478,515,610 : -0.4313571428571428
507,515,524 : -0.38540178571428574
515,528,613 : -0.530357142857143
384,434,516 : -0.22628571428571442
335,517,520 : -0.3580000000000001
399,447,518 : -0.4116249999999999
490,520,561 : -0.433125
468,522,564 : -0.5391964285714286
406,442,523 : -0.33824999999999994
523,550,564 : -0.3241071428571427
411,524,566 : -0.16825
411,525,624 : -0.35387500000000016
475,525,662 : -0.41544642857142877
491,526,553 : -0.45282967032967036
526,538,574 : -0.3270624999999998
379,526,627 : -0.5168124999999999
433,528,631 : -0.567482142857143
451,506,529 : -0.17217261904761916
388,471,530 : -0.33678571428571447
350,504,530 : -0.2699017857142858
529,530,562 : -0.26017857142857137
419,530,653 : -0.4385714285714286
384,469,531 : -0.24042857142857166
395,463,531 : -0.2722500000000001
505,531,534 : -0.21843749999999984
440,459,532 : -0.4242857142857144
385,416,533 : -0.24937500000000012
477,502,533 : -0.31125
422,486,533 : -0.363
461,520,534 : -0.4448214285714287
411,534,580 : -0.3497500000000002
374,535,596 : -0.3241071428571429
411,535,581 : -0.4207500000000002
494,535,641 : -0.3350089285714286
400,466,537 : -0.32499999999999996
537,607,615 : -0.43587500000000023
423,451,538 : -0.281392857142857
454,461,538 : -0.2919999999999998
538,540,632 : -0.22275000000000023
473,538,612 : -0.20787500000000003
488,538,612 : -0.26812499999999995
516,539,590 : -0.29523214285714294
363,473,540 : -0.29200000000000026
497,541,564 : -0.3800595238095239
542,545,553 : -0.516607142857143
534,542,621 : -0.4674999999999998
542,562,661 : -0.482142857142857
423,543,545 : -0.24142857142857155
537,543,640 : -0.2992499999999998
392,543,587 : -0.19281249999999983
520,543,596 : -0.23285714285714287
543,596,612 : -0.2103571428571427
429,543,657 : -0.274
400,500,544 : -0.3064330357142855
544,555,666 : -0.23150000000000004
527,545,554 : -0.5362499999999999
545,548,604 : -0.21156249999999988
482,546,632 : -0.4620000000000002
351,487,546 : -0.5527500000000001
405,434,547 : -0.40425
351,486,548 : -0.2940624999999999
548,579,638 : -0.3338392857142858
398,521,549 : -0.48517857142857146
402,550,594 : -0.25487499999999996
349,408,551 : -0.41625
340,375,551 : -0.4525714285714286
389,551,646 : -0.1846428571428571
431,447,552 : -0.42900000000000005
552,591,618 : -0.3939375000000003
467,553,576 : -0.4723214285714288
409,507,553 : -0.21303571428571422
404,553,594 : -0.3270535714285714
382,449,554 : -0.5620312499999998
498,554,638 : -0.47997321428571427
407,554,604 : -0.3250000000000002
353,555,599 : -0.26312500000000005
555,595,647 : -0.4503124999999999
346,475,556 : -0.2366071428571428
397,500,556 : -0.37124999999999986
551,556,585 : -0.3962500000000002
557,600,648 : -0.277857142857143
374,419,558 : -0.3093750000000002
343,488,558 : -0.474375
535,558,616 : -0.2495624999999997
465,538,559 : -0.37124999999999986
551,559,605 : -0.35250000000000004
464,491,561 : -0.5058653846153847
399,561,608 : -0.46406250000000027
392,561,622 : -0.32499999999999996
521,562,621 : -0.39482142857142843
372,431,564 : -0.5509821428571429
558,564,652 : -0.34620535714285694
363,418,565 : -0.3130580357142858
347,565,568 : -0.39874999999999994
387,403,566 : -0.3871607142857143
469,566,572 : -0.37214285714285733
467,518,566 : -0.34562500000000007
473,568,635 : -0.391
342,569,608 : -0.576763392857143
436,443,569 : -0.5253571428571429
367,571,588 : -0.23758928571428584
345,571,599 : -0.4675
359,445,572 : -0.3687499999999999
348,511,572 : -0.38775000000000004
346,415,573 : -0.24250000000000016
414,574,619 : -0.18312499999999998
575,638,650 : -0.2828571428571427
398,491,576 : -0.35564285714285715
350,415,576 : -0.37124999999999986
463,576,615 : -0.35887500000000006
436,578,603 : -0.3712500000000003
547,580,617 : -0.3261696428571428
424,574,581 : -0.21087499999999992
459,541,581 : -0.48675000000000024
423,581,646 : -0.30614285714285705
340,341,582 : -0.43607142857142867
363,536,582 : -0.3957142857142859
365,582,622 : -0.4419642857142858
336,582,596 : -0.4832142857142858
421,583,651 : -0.34571428571428564
423,432,583 : -0.2896428571428571
497,583,656 : -0.5166071428571428
430,585,659 : -0.3662500000000002
450,585,618 : -0.453357142857143
402,552,585 : -0.28600000000000003
444,563,586 : -0.50325
451,587,600 : -0.10549107142857128
566,587,618 : -0.2878750000000001
427,587,656 : -0.3853928571428571
509,588,613 : -0.4375446428571428
571,579,588 : -0.12857142857142856
370,576,589 : -0.40149999999999997
363,376,589 : -0.3692857142857142
409,434,589 : -0.33081249999999995
473,590,636 : -0.5621785714285714
428,591,617 : -0.6364285714285711
496,591,650 : -0.44875
421,592,634 : -0.39874999999999994
426,592,650 : -0.30437499999999984
357,592,601 : -0.583392857142857
469,593,628 : -0.5303571428571427
558,595,653 : -0.39656249999999993
375,596,619 : -0.4228214285714287
456,563,597 : -0.45139285714285715
554,597,655 : -0.3959999999999999
442,598,634 : -0.2802083333333334
385,506,598 : -0.2734375
421,518,598 : -0.18946428571428564
487,509,599 : -0.4296875
425,599,640 : -0.4695624999999999
367,385,600 : -0.4566964285714288
369,375,601 : -0.28375000000000017
444,536,602 : -0.4620000000000002
507,603,618 : -0.5197500000000002
452,603,633 : -0.25487499999999996
349,604,643 : -0.45625000000000004
353,605,643 : -0.4781249999999999
447,556,607 : -0.38775000000000004
541,607,650 : -0.30025000000000013
423,555,608 : -0.5166071428571428
423,532,609 : -0.459642857142857
388,537,610 : -0.5445000000000002
361,490,611 : -0.4337142857142857
422,586,611 : -0.17532142857142863
397,599,611 : -0.2641071428571429
385,521,612 : -0.30025000000000013
407,541,612 : -0.4042500000000002
351,424,612 : -0.33000000000000007
371,446,612 : -0.40612500000000007
377,592,612 : -0.21106250000000015
372,384,613 : -0.5480357142857142
503,527,613 : -0.3491517857142856
339,615,655 : -0.37056250000000013
522,615,666 : -0.3229375000000001
396,597,617 : -0.2660714285714285
520,606,617 : -0.5347767857142858
600,617,620 : -0.4455
422,617,651 : -0.3127142857142857
446,531,618 : -0.3414999999999999
484,540,618 : -0.35387499999999994
417,580,618 : -0.4011562500000001
339,555,619 : -0.47025000000000006
424,540,619 : -0.16225000000000023
457,566,619 : -0.5197500000000002
339,417,621 : -0.26812499999999995
476,621,649 : -0.4301785714285713
571,572,623 : -0.4950000000000001
510,624,634 : -0.264
381,469,627 : -0.31571428571428584
411,504,627 : -0.3476874999999999
372,627,644 : -0.34975
447,587,628 : -0.28708333333333336
497,628,637 : -0.2406250000000001
348,576,628 : -0.43843750000000004
364,592,628 : -0.44343749999999993
408,578,629 : -0.45581249999999995
482,595,629 : -0.474375
509,512,629 : -0.3868750000000001
569,630,647 : -0.39482142857142843
356,473,631 : -0.35887500000000006
544,632,649 : -0.30614285714285705
439,445,633 : -0.30937499999999996
349,542,634 : -0.385
353,386,634 : -0.5651250000000001
360,545,634 : -0.4125000000000001
511,592,635 : -0.36349999999999993
620,635,639 : -0.08162499999999984
466,629,636 : -0.46848214285714285
372,624,638 : -0.555107142857143
549,566,639 : -0.43499999999999983
434,601,640 : -0.37450000000000006
338,532,642 : -0.45964285714285724
352,611,643 : -0.4241071428571428
532,643,644 : -0.5158928571428572
427,535,645 : -0.24750000000000005
600,629,645 : -0.24868749999999995
521,646,660 : -0.24249999999999994
427,478,647 : -0.4534642857142859
431,589,647 : -0.3695833333333334
414,475,648 : -0.4266428571428573
535,539,648 : -0.39050000000000007
474,587,648 : -0.20453125000000005
434,539,651 : -0.3245
369,483,652 : -0.24750000000000005
359,629,653 : -0.4415625000000001
489,514,654 : -0.14910714285714288
397,617,655 : -0.35754910714285715
455,458,655 : -0.2301249999999999
495,524,655 : -0.24250000000000016
550,571,655 : -0.4633750000000001
549,630,655 : -0.3135000000000001
406,438,656 : -0.3252857142857142
407,502,656 : -0.31232142857142864
477,500,656 : -0.3889285714285715
365,377,657 : -0.2695982142857143
415,614,657 : -0.3414999999999999
548,646,659 : -0.37812500000000004
566,658,659 : -0.30937499999999996
385,426,660 : -0.2406250000000001
586,589,660 : -0.4042500000000002
583,617,660 : -0.3308928571428571
341,494,661 : -0.30790178571428584
501,647,661 : -0.26517857142857126
475,511,661 : -0.3853928571428571
431,535,661 : -0.36329464285714286
371,519,662 : -0.4950000000000001
549,655,662 : -0.41593750000000007
451,612,663 : -0.22835714285714293
372,424,665 : -0.49224999999999985
639,647,665 : -0.3918750000000002
534,629,666 : -0.35181249999999986
341,428,809 : -0.6531250000000002
342,364,995 : -0.5140625000000001
349,585,915 : -0.6132500000000001
351,580,994 : -0.5259375
354,527,705 : -0.7459374999999999
363,504,679 : -0.46848214285714285
376,592,799 : -0.56375
397,593,964 : -0.6187499999999999
386,412,701 : -0.5609999999999999
435,457,668 : -0.40660714285714294
449,471,668 : -0.391875
485,569,797 : -0.6187499999999999
389,494,669 : -0.6249374999999999
372,505,679 : -0.4238437500000001
443,511,937 : -0.7342500000000001
533,542,922 : -0.7975000000000001
197,366,851 : -0.8112500000000002
29,391,935 : -0.7528124999999999
120,403,958 : -0.7590000000000001
181,423,698 : -0.6305357142857142
200,431,878 : -0.7390625000000002
105,462,711 : -0.6764999999999999
97,477,869 : -0.7301250000000001
212,601,967 : -0.6788571428571433
169,609,858 : -0.7425000000000002
325,612,840 : -0.9041682692307693
67,615,876 : -0.7094999999999998
309,618,785 : -0.8497500000000002
203,651,852 : -0.702625
296,651,979 : -0.7149999999999999
160,664,691 : -0.7189285714285714
383,456,996 : -0.680625
438,515,689 : -0.6717857142857144
447,631,762 : -0.5708214285714286
456,462,926 : -0.5774999999999999
339,461,894 : -0.5878124999999998
470,620,739 : -0.6435
384,483,870 : -0.695357142857143
366,520,905 : -0.6387857142857143
527,613,674 : -0.4640624999999998
489,639,862 : -0.5775000000000001
619,648,690 : -0.62425
372,872,886 : -0.6930000000000003
374,877,986 : -0.530357142857143
376,725,997 : -0.6089285714285715
382,841,961 : -0.5259374999999997
413,684,743 : -0.5627678571428572
428,837,980 : -0.28875000000000006
450,732,917 : -0.517392857142857
493,767,984 : -0.5657142857142858
523,678,800 : -0.6894642857142856
581,740,872 : -0.6888749999999999
582,730,817 : -0.5759285714285713
611,725,894 : -0.694375
631,694,757 : -0.5625
659,687,900 : -0.6428125
201,231,679 : -0.6187499999999999
39,260,685 : -0.66825
1,117,776 : -0.68234375
79,220,808 : -0.4950000000000001
220,297,818 : -0.5091428571428571
69,284,829 : -0.5327747252747255
148,258,833 : -0.5723928571428574
48,320,884 : -0.6022500000000002
32,319,905 : -0.4042499999999998
107,176,923 : -0.433125
30,33,937 : -0.5775000000000001
113,170,958 : -0.12749999999999995
51,202,964 : -0.3662500000000002
44,347,725 : -0.7665625
258,428,748 : -0.6256250000000001
331,619,797 : -0.7168660714285717
19,573,817 : -0.6320089285714285
72,431,828 : -0.6440892857142859
218,409,878 : -0.763125
163,440,894 : -0.5445000000000002
159,494,906 : -0.67890625
43,510,918 : -0.7301249999999999
153,636,989 : -0.6231696428571429
234,522,994 : -0.680625
248,692,992 : -0.5321250000000002
25,708,730 : -0.603
78,714,812 : -0.6010714285714287
311,717,834 : -0.6187499999999999
124,746,967 : -0.6202232142857143
226,751,914 : -0.5774999999999997
52,769,793 : -0.5170982142857139
44,770,980 : -0.6063749999999999
259,772,933 : -0.5190625
238,793,860 : -0.4758482142857141
182,814,815 : -0.6081428571428573
86,829,845 : -0.6627764423076923
25,830,951 : -0.4128571428571428
192,869,981 : -0.5197500000000002
268,739,881 : -0.6046071428571431
218,890,902 : -0.433125
116,805,897 : -0.5539285714285715
135,779,952 : -0.55
280,819,962 : -0.47643750000000007
31,826,979 : -0.5259375
327,537,668 : -0.7920000000000003
42,450,714 : -0.4949999999999999
34,456,721 : -0.8250000000000002
287,576,753 : -0.7301249999999999
186,605,754 : -0.28874999999999984
210,643,768 : -0.8132142857142859
48,351,785 : -0.763125
208,476,813 : -0.8686071428571427
91,408,826 : -0.7314508928571428
274,398,829 : -0.6989835164835165
310,599,882 : -0.7301249999999999
88,441,891 : -0.7687499999999998
200,487,930 : -0.7130357142857144
76,619,960 : -0.7619464285714288
181,359,964 : -0.4537499999999999
463,591,674 : -0.4419642857142858
522,549,732 : -0.5280000000000002
443,477,746 : -0.4693749999999999
353,363,756 : -0.6153124999999999
427,644,795 : -0.5362500000000003
338,597,799 : -0.6850446428571428
549,648,830 : -0.7110714285714286
602,612,845 : -0.655875
552,662,874 : -0.7321875
500,597,880 : -0.7204017857142857
573,582,908 : -0.6938839285714284
371,586,936 : -0.42900000000000005
387,670,817 : -0.6521428571428571
509,739,941 : -0.5548125000000002
390,763,817 : -0.49499999999999966
357,772,780 : -0.4675
535,794,820 : -0.7115625000000001
381,805,860 : -0.7012500000000002
590,825,834 : -0.5598214285714289
462,694,828 : -0.6010714285714287
659,865,866 : -0.5215178571428571
547,897,947 : -0.627
591,850,994 : -0.5053125
320,678,892 : -0.5598214285714287
243,682,793 : -0.5716071428571428
243,683,775 : -0.5816249999999998
144,701,978 : -0.7177500000000003
264,705,962 : -0.6930000000000001
145,724,767 : -0.6010714285714287
104,744,843 : -0.6364285714285716
307,785,897 : -0.612857142857143
199,788,854 : -0.515625
185,810,928 : -0.38303571428571437
296,819,889 : -0.5878125000000001
45,703,833 : -0.700595238095238
212,724,833 : -0.41721428571428576
21,860,991 : -0.37124999999999986
24,701,873 : -0.733857142857143
21,877,972 : -0.4528749999999999
274,882,911 : -0.6555803571428573
159,871,915 : -0.7008571428571428
294,832,927 : -0.5692499999999998
210,907,973 : -0.6267857142857143
322,794,974 : -0.5836874999999999
199,821,992 : -0.6599999999999997
508,672,988 : -0.572785714285714
537,673,900 : -0.672375
375,702,803 : -0.5362499999999999
370,723,743 : -0.759294642857143
482,731,749 : -0.6847500000000002
497,722,757 : -0.49049999999999994
340,773,883 : -0.5252500000000002
534,782,843 : -0.7346428571428572
607,783,901 : -0.5940000000000001
410,741,787 : -0.6658928571428573
348,798,926 : -0.680625
442,800,912 : -0.4950000000000001
528,802,866 : -0.5940000000000001
522,807,970 : -0.5362499999999999
660,833,851 : -0.7700000000000002
414,764,863 : -0.7425000000000002
546,829,873 : -0.5368846153846154
663,705,876 : -0.5723437499999999
335,878,889 : -0.8463125
664,883,899 : -0.6207142857142856
367,835,906 : -0.5671875
608,723,957 : -0.6187499999999999
670,734,803 : -0.474375
671,766,870 : -0.4506874999999999
672,798,823 : -0.4372499999999999
674,781,792 : -0.4419642857142856
674,896,900 : -0.5842857142857141
675,684,900 : -0.30937499999999973
675,849,887 : -0.38982142857142876
678,811,839 : -0.36064285714285704
678,954,976 : -0.383142857142857
680,744,849 : -0.28237500000000004
683,851,995 : -0.4503124999999999
683,899,920 : -0.40012500000000006
683,795,919 : -0.25633928571428566
685,693,804 : -0.46406250000000027
685,838,891 : -0.44785714285714273
687,746,840 : -0.36624999999999996
687,885,953 : -0.3217500000000002
688,719,854 : -0.38775000000000004
688,781,831 : -0.3747857142857143
688,796,833 : -0.5109107142857143
688,923,935 : -0.5197499999999999
689,698,979 : -0.4390178571428569
689,892,993 : -0.2887500000000003
690,913,930 : -0.3686071428571429
691,710,734 : -0.24750000000000005
691,885,975 : -0.42625000000000024
691,930,984 : -0.42428571428571416
693,750,784 : -0.4343125000000001
686,693,994 : -0.433125
694,831,964 : -0.5721964285714287
694,939,965 : -0.5402589285714283
694,718,960 : -0.3414999999999999
695,843,878 : -0.277857142857143
696,768,774 : -0.2778571428571428
696,851,886 : -0.2942499999999999
697,846,967 : -0.11521428571428594
697,707,988 : -0.2003571428571429
698,731,894 : -0.598125
698,718,993 : -0.4042500000000002
699,718,774 : -0.4805714285714284
699,732,853 : -0.4536071428571429
697,700,763 : -0.3064285714285715
669,701,706 : -0.5197500000000002
675,703,889 : -0.38500000000000023
703,855,995 : -0.3579999999999999
704,824,975 : -0.24249999999999994
708,761,903 : -0.4784999999999999
708,777,967 : -0.291107142857143
709,886,905 : -0.39600000000000013
709,891,985 : -0.3712500000000003
710,880,906 : -0.1670625000000001
711,783,807 : -0.32243750000000015
711,720,851 : -0.50325
711,933,942 : -0.38775000000000004
694,712,984 : -0.289486607142857
713,762,947 : -0.4675
713,777,807 : -0.19093749999999998
713,782,797 : -0.5253571428571429
713,831,858 : -0.3813749999999998
714,763,986 : -0.48410714285714307
714,772,869 : -0.3423749999999999
715,777,801 : -0.34562500000000007
715,842,968 : -0.4021874999999999
717,757,853 : -0.3611875
678,717,877 : -0.293467261904762
712,717,945 : -0.335892857142857
690,718,884 : -0.38775000000000004
721,726,796 : -0.5215178571428571
699,721,730 : -0.45139285714285715
721,879,975 : -0.369
705,722,792 : -0.3333169642857141
721,722,787 : -0.45571428571428596
722,773,803 : -0.3712500000000003
722,736,909 : -0.15587499999999999
705,723,972 : -0.5073750000000001
724,779,849 : -0.25821428571428573
724,756,981 : -0.36064285714285704
689,725,746 : -0.40553571428571433
725,769,910 : -0.24750000000000005
725,855,910 : -0.4125000000000001
716,725,936 : -0.38500000000000023
726,823,842 : -0.44785714285714295
726,827,906 : -0.2914062500000001
723,727,731 : -0.3836249999999999
728,741,855 : -0.39600000000000013
728,825,977 : -0.3750892857142858
729,811,865 : -0.20964285714285724
729,870,895 : -0.1099107142857143
729,839,986 : -0.31321428571428567
731,764,932 : -0.3167500000000001
703,733,884 : -0.515625
733,929,990 : -0.34415178571428573
735,890,988 : -0.4036607142857145
737,914,940 : -0.28374999999999995
738,793,809 : -0.4413839285714285
738,879,961 : -0.4033749999999998
738,988,1000 : -0.2828571428571429
740,763,896 : -0.24250000000000016
740,763,793 : -0.25428571428571445
740,930,982 : -0.3191071428571428
683,710,741 : -0.3250000000000002
742,745,1000 : -0.16000000000000014
716,744,776 : -0.46750000000000025
744,817,890 : -0.394625
694,745,879 : -0.3132142857142859
700,746,909 : -0.38098214285714294
742,746,762 : -0.37312499999999993
746,767,933 : -0.42723214285714306
731,747,947 : -0.3992500000000001
748,898,992 : -0.5032500000000002
676,749,815 : -0.3252857142857142
737,750,848 : -0.24249999999999994
674,751,945 : -0.4508035714285712
752,795,955 : -0.40218750000000014
753,895,962 : -0.3845089285714285
755,780,869 : -0.34125000000000005
700,756,849 : -0.28428571428571425
713,756,841 : -0.46750000000000025
757,773,977 : -0.37687500000000007
680,757,799 : -0.3810937499999998
707,758,908 : -0.3250000000000002
758,768,948 : -0.33500892857142883
758,804,915 : -0.47643749999999985
697,758,910 : -0.359375
727,758,979 : -0.30937499999999996
742,759,782 : -0.3308928571428571
757,759,810 : -0.3085714285714287
759,809,954 : -0.26656250000000004
759,870,991 : -0.3750892857142858
760,818,917 : -0.37419642857142854
761,952,972 : -0.518875
718,762,780 : -0.37450000000000006
690,756,763 : -0.4784999999999999
726,764,938 : -0.3167500000000001
710,753,764 : -0.433125
764,827,995 : -0.26606249999999987
764,794,957 : -0.4888125000000003
719,764,993 : -0.41825
700,765,795 : -0.4041071428571428
716,765,990 : -0.3273571428571431
736,766,771 : -0.3353125000000001
766,788,840 : -0.5362499999999999
686,767,836 : -0.3750892857142858
742,768,960 : -0.32499999999999996
692,768,864 : -0.27991071428571446
769,849,940 : -0.35468750000000004
672,769,868 : -0.47643749999999985
771,817,855 : -0.3222499999999999
707,771,883 : -0.4289062499999998
771,792,887 : -0.31763392857142847
739,771,989 : -0.5692499999999998
772,844,981 : -0.2881607142857143
692,773,925 : -0.2757857142857143
755,773,864 : -0.34975
773,783,935 : -0.48864062499999994
774,833,839 : -0.4502142857142859
775,822,856 : -0.5321250000000002
775,797,832 : -0.47864732142857136
707,777,793 : -0.195357142857143
671,778,971 : -0.44875
689,779,786 : -0.5499999999999998
742,779,888 : -0.33687500000000004
738,779,987 : -0.36968749999999995
780,793,860 : -0.33638392857142874
780,935,938 : -0.3971875
712,781,992 : -0.35033928571428574
781,803,928 : -0.3624107142857145
715,781,978 : -0.25870535714285703
777,781,982 : -0.14821428571428563
716,783,968 : -0.16549999999999998
732,783,813 : -0.4651428571428573
771,784,811 : -0.2734375
707,785,896 : -0.33000000000000007
785,949,961 : -0.45895833333333336
669,716,786 : -0.3712500000000003
783,786,792 : -0.3889285714285715
682,770,787 : -0.36064285714285726
740,787,813 : -0.3805357142857144
787,820,975 : -0.5067857142857142
683,770,788 : -0.4310624999999999
738,789,804 : -0.40337500000000004
789,858,944 : -0.3196875000000001
701,775,790 : -0.6311250000000004
791,809,963 : -0.46406250000000004
765,794,854 : -0.33000000000000007
794,876,963 : -0.1546875000000001
795,924,960 : -0.391
673,796,995 : -0.3609374999999999
780,798,962 : -0.4982500000000001
762,767,799 : -0.1919196428571428
738,799,859 : -0.4796874999999998
800,920,950 : -0.15587499999999999
762,799,801 : -0.3559375
719,802,972 : -0.4702500000000003
802,857,995 : -0.5228437500000003
757,803,966 : -0.355
793,803,971 : -0.3927678571428572
804,829,877 : -0.45763461538461536
805,919,992 : -0.28374999999999995
678,776,806 : -0.3564285714285713
731,807,904 : -0.4248749999999999
795,807,926 : -0.49293750000000003
756,807,883 : -0.3231250000000001
807,942,952 : -0.3093750000000002
673,808,904 : -0.38775000000000004
699,809,959 : -0.3220535714285715
723,789,811 : -0.4369642857142857
811,899,985 : -0.3073214285714285
736,812,922 : -0.391875
705,813,982 : -0.3403125
708,750,813 : -0.4192857142857145
814,881,921 : -0.32999999999999985
695,711,815 : -0.2330714285714286
815,828,949 : -0.4007142857142858
731,809,818 : -0.3208660714285716
713,818,853 : -0.29592857142857154
735,799,819 : -0.4743750000000002
699,819,899 : -0.4547321428571429
743,820,949 : -0.26312499999999983
808,821,935 : -0.44875
681,821,975 : -0.33000000000000007
748,779,822 : -0.53125
782,789,824 : -0.3965000000000001
824,855,960 : -0.2739285714285715
777,825,849 : -0.3603571428571428
787,825,915 : -0.4900000000000002
782,825,896 : -0.35357142857142865
817,825,975 : -0.42821428571428566
814,826,829 : -0.4209855769230768
811,826,962 : -0.35180357142857144
709,826,966 : -0.3435625
817,824,827 : -0.30437500000000006
818,827,930 : -0.3795089285714286
827,870,922 : -0.35671875
827,940,974 : -0.2598750000000001
723,758,828 : -0.3403125
764,816,828 : -0.5533392857142858
805,828,830 : -0.5135714285714288
672,738,829 : -0.44835576923076936
713,829,905 : -0.5413653846153847
735,829,918 : -0.5438653846153847
693,818,830 : -0.3800892857142859
749,830,869 : -0.36624999999999996
831,898,931 : -0.39600000000000013
715,832,910 : -0.2818749999999999
832,919,924 : -0.1673660714285714
833,856,902 : -0.5035491071428573
824,834,865 : -0.20374999999999988
677,832,834 : -0.24249999999999994
786,834,916 : -0.4784999999999999
743,835,963 : -0.2822767857142856
835,860,899 : -0.4075
835,895,961 : -0.35651785714285733
835,907,977 : -0.33187500000000014
691,742,837 : -0.5362499999999999
735,803,838 : -0.35799107142857123
759,838,843 : -0.35357142857142865
838,881,987 : -0.24249999999999994
805,838,992 : -0.37096428571428564
706,840,914 : -0.3609374999999999
790,823,841 : -0.33000000000000007
696,778,842 : -0.44875
680,813,843 : -0.404107142857143
802,804,843 : -0.6293571428571427
676,829,844 : -0.4803131868131869
703,758,844 : -0.3967410714285715
807,844,934 : -0.25191964285714286
740,845,940 : -0.37124999999999986
720,751,845 : -0.37124999999999986
748,847,878 : -0.4021874999999999
747,843,847 : -0.25928571428571434
816,847,907 : -0.24250000000000016
848,933,943 : -0.17100000000000026
776,848,965 : -0.31625000000000014
738,850,982 : -0.38156250000000025
783,815,850 : -0.3849999999999998
795,851,886 : -0.28925
801,851,974 : -0.37449999999999983
835,852,954 : -0.3494791666666668
852,952,953 : -0.5250625
715,733,853 : -0.45287500000000014
721,855,887 : -0.2911071428571428
764,855,866 : -0.3217500000000002
710,855,899 : -0.1379999999999999
855,916,985 : -0.2672500000000002
856,908,956 : -0.3848125
793,857,934 : -0.25133928571428577
784,803,857 : -0.44875
857,890,898 : -0.30025000000000013
674,708,858 : -0.4958839285714287
731,858,866 : -0.4219375000000001
858,884,933 : -0.3628125
826,861,905 : -0.47025000000000006
824,861,907 : -0.4950000000000001
732,793,862 : -0.47732142857142845
773,846,862 : -0.4125000000000001
862,925,988 : -0.4655357142857144
862,936,965 : -0.5362500000000001
785,864,953 : -0.363
864,964,973 : -0.3594642857142858
686,865,896 : -0.2690178571428572
687,817,865 : -0.23071428571428587
773,827,865 : -0.33206696428571436
706,760,867 : -0.4537500000000001
762,767,867 : -0.2858035714285714
720,858,867 : -0.3403124999999998
792,868,923 : -0.41191071428571435
869,917,984 : -0.36889285714285713
729,826,870 : -0.28669642857142863
772,871,904 : -0.44343749999999993
790,871,997 : -0.45964285714285724
792,871,979 : -0.36683035714285706
852,861,871 : -0.3353125000000001
715,871,888 : -0.3778794642857144
786,872,937 : -0.5156250000000002
668,873,923 : -0.64625
756,873,989 : -0.41421874999999986
704,874,879 : -0.09400000000000008
780,874,995 : -0.46921875
810,875,989 : 0.036517857142857046
877,881,904 : -0.335892857142857
695,752,878 : -0.20124999999999993
703,760,879 : -0.36212500000000003
683,757,880 : -0.3014999999999999
838,880,910 : -0.27735714285714286
795,873,881 : -0.4773214285714287
734,810,881 : -0.2916964285714285
715,724,882 : -0.5148883928571428
792,836,882 : -0.34415178571428573
706,842,882 : -0.4950000000000001
882,925,934 : -0.4375446428571428
792,836,883 : -0.39473214285714286
851,883,991 : -0.3678125000000001
761,863,884 : -0.28374999999999995
671,886,952 : -0.42134375000000013
687,737,888 : -0.3250000000000002
771,888,954 : -0.276875
859,873,888 : -0.3834374999999999
761,888,943 : -0.26725
693,729,889 : -0.4286160714285714
797,806,889 : -0.42321428571428577
818,889,991 : -0.30093749999999986
889,951,981 : -0.29200000000000004
754,883,891 : -0.49500000000000033
712,767,892 : -0.44343749999999993
689,892,900 : -0.46111607142857136
669,893,968 : -0.23512500000000003
808,885,893 : -0.4248750000000001
726,868,894 : -0.4490357142857142
853,894,983 : -0.4826250000000003
717,731,895 : -0.40395535714285713
752,824,895 : -0.4079910714285715
801,895,979 : -0.3447321428571426
693,699,896 : -0.4861607142857145
700,868,897 : -0.3252857142857144
705,897,976 : -0.40131249999999996
792,897,922 : -0.39383928571428584
676,682,898 : -0.33000000000000007
782,791,898 : -0.44962500000000016
779,899,973 : -0.43107142857142855
752,815,900 : -0.47232142857142856
724,729,902 : -0.2916964285714285
877,880,902 : -0.3846562499999999
677,903,971 : -0.15174999999999983
688,743,903 : -0.5445
712,759,904 : -0.33236607142857144
680,776,906 : -0.2742187500000002
734,778,906 : -0.26312500000000005
690,907,925 : -0.3352142857142859
671,816,907 : -0.359375
697,769,908 : -0.22687499999999994
846,908,927 : -0.2722500000000001
792,909,948 : -0.24250000000000016
755,910,924 : -0.26321428571428584
717,810,910 : -0.2509374999999998
685,834,910 : -0.34375
734,911,954 : -0.3250000000000002
860,900,911 : -0.5568750000000002
870,911,922 : -0.36624999999999996
772,912,952 : -0.391875
776,912,991 : -0.3025
723,842,913 : -0.44343749999999993
730,913,924 : -0.3827499999999999
880,913,984 : -0.2878750000000001
712,914,975 : -0.5225
684,840,914 : -0.26812499999999995
720,852,915 : -0.47643749999999985
795,916,983 : -0.29200000000000004
768,917,918 : -0.5091428571428571
749,917,966 : -0.292875
776,784,918 : -0.38825
756,851,918 : -0.45100000000000007
713,880,919 : -0.21755357142857146
698,762,920 : -0.45100000000000007
800,920,989 : -0.34650000000000025
669,813,920 : -0.5798571428571431
783,921,939 : -0.32499999999999996
723,887,921 : -0.36035714285714304
758,831,922 : -0.48193750000000013
832,903,922 : -0.36693750000000014
683,776,924 : -0.24848214285714287
793,889,924 : -0.34178571428571436
826,869,924 : -0.35710714285714285
907,919,925 : -0.15321428571428575
925,993,1000 : -0.3532857142857142
679,900,926 : -0.5775000000000001
736,894,927 : -0.5073750000000001
927,928,967 : -0.29346428571428573
793,927,988 : -0.23542857142857154
770,869,928 : -0.34650000000000003
870,895,928 : -0.22334821428571439
899,928,984 : -0.3092857142857144
759,792,929 : -0.3308928571428571
852,929,940 : -0.4487500000000002
750,916,930 : -0.4384285714285714
741,749,931 : -0.4570000000000001
786,863,932 : -0.24250000000000016
676,780,933 : -0.40975000000000006
768,933,954 : -0.4703571428571427
705,748,934 : -0.5112053571428572
794,880,934 : -0.2660625000000001
727,842,934 : -0.28874999999999984
730,934,939 : -0.25782142857142865
935,942,961 : -0.3196874999999999
792,846,937 : -0.4572857142857143
734,902,937 : -0.4331250000000002
911,919,937 : -0.4125000000000001
876,938,963 : -0.2165625
925,938,952 : -0.33973214285714315
725,939,970 : -0.31625000000000014
769,794,939 : -0.3196875000000001
772,849,939 : -0.30437499999999984
857,940,967 : -0.33000000000000007
941,944,954 : -0.3250000000000002
673,840,942 : -0.40218750000000014
839,859,943 : -0.29200000000000004
929,943,965 : -0.18062500000000004
809,887,945 : -0.36241071428571425
891,945,993 : -0.48557142857142854
881,942,945 : -0.4301785714285713
852,944,947 : -0.3815625
882,947,969 : -0.23749999999999982
678,725,948 : -0.41014285714285714
673,822,950 : -0.433125
799,906,950 : -0.37124999999999986
874,885,952 : -0.4125000000000001
707,953,962 : -0.29200000000000004
878,901,954 : -0.48734374999999996
684,779,955 : -0.4056249999999999
878,888,956 : -0.3971875
729,797,958 : -0.5696428571428571
735,871,958 : -0.5411607142857144
715,780,958 : -0.41507812499999996
761,863,958 : -0.4056250000000001
803,913,958 : -0.3868750000000001
903,947,959 : -0.37450000000000006
713,773,961 : -0.2722499999999999
675,706,962 : -0.42400000000000015
733,962,974 : -0.43003124999999986
803,832,962 : -0.42900000000000005
961,962,986 : -0.3059910714285714
795,865,963 : -0.48616071428571406
858,908,963 : -0.5568750000000002
743,963,970 : -0.33000000000000007
811,953,964 : -0.39246428571428593
778,891,965 : -0.433125
792,933,965 : -0.3442410714285715
709,801,965 : -0.40425
671,810,967 : -0.3977678571428571
783,838,968 : -0.276875
714,806,970 : -0.3250000000000002
840,857,970 : -0.3559375
681,880,970 : -0.30025000000000013
686,733,971 : -0.5053125
916,971,983 : -0.14349999999999996
829,943,971 : -0.4207500000000002
808,908,972 : -0.5383124999999997
700,973,982 : -0.35357142857142865
726,816,973 : -0.30437499999999984
755,756,973 : -0.29267857142857134
844,846,974 : -0.2707857142857142
762,812,975 : -0.55
836,950,975 : -0.4212499999999999
671,873,976 : -0.4961875
750,809,976 : -0.2919999999999998
880,963,976 : -0.22643749999999985
752,830,977 : -0.3397321428571429
681,755,978 : -0.24250000000000016
794,860,978 : -0.4743750000000002
789,840,978 : -0.47806250000000006
726,901,979 : -0.44343750000000015
829,979,990 : -0.4192857142857145
731,961,982 : -0.3217500000000002
746,757,984 : -0.2789732142857144
849,985,991 : -0.24937500000000012
692,948,986 : -0.12935714285714295
687,746,986 : -0.35651785714285733
935,960,986 : -0.4242857142857144
673,743,988 : -0.4655357142857144
714,770,989 : -0.3848625000000001
724,810,989 : -0.24691964285714274
824,864,989 : -0.474375
746,830,990 : -0.4242857142857144
781,978,990 : -0.17767857142857135
752,793,990 : -0.31321428571428567
919,952,990 : -0.23955357142857148
752,952,991 : -0.20124999999999993
710,952,991 : -0.18062500000000004
824,906,992 : -0.33118749999999997
778,855,992 : -0.3992499999999999
839,926,992 : -0.6352500000000001
945,973,992 : -0.40307142857142875
753,856,996 : -0.40837499999999993
888,922,996 : -0.474375
820,996,1000 : -0.37124999999999986
766,844,997 : -0.36683035714285706
793,982,997 : -0.3554910714285713
671,719,998 : -0.3068749999999998
791,883,998 : -0.441875
739,803,999 : -0.433125
884,933,999 : -0.24750000000000005
805,948,1000 : -0.34150000000000014
849,902,1000 : -0.4624999999999999
82,159,172 : -0.19968750000000002
