3,26,143 : 0.10000000000000009
26,133,143 : 0.10000000000000009
7,88,301 : 0.10000000000000009
7,238,301 : 0.10000000000000009
26,120,295 : 0.10000000000000009
26,120,157 : 0.10000000000000009
26,105,298 : 0.10000000000000009
26,105,532 : 0.10000000000000009
37,193,300 : 0.10000000000000009
149,193,300 : 0.10000000000000009
38,72,275 : 0.10000000000000009
38,275,727 : 0.10000000000000009
45,269,330 : 0.10000000000000009
123,269,330 : 0.10000000000000009
52,86,96 : 0.10000000000000009
52,96,99 : 0.10000000000000009
36,118,205 : 0.10000000000000009
118,142,205 : 0.10000000000000009
124,134,207 : 0.10000000000000009
124,207,565 : 0.10000000000000009
140,162,302 : 0.10000000000000009
140,254,302 : 0.10000000000000009
41,140,246 : 0.10000000000000009
41,126,246 : 0.10000000000000009
179,180,211 : 0.10000000000000009
179,211,276 : 0.10000000000000009
94,182,243 : 0.10000000000000009
94,182,253 : 0.10000000000000009
43,195,307 : 0.10000000000000009
178,195,307 : 0.10000000000000009
122,210,235 : 0.10000000000000009
210,235,257 : 0.10000000000000009
17,213,277 : 0.10000000000000009
17,213,241 : 0.10000000000000009
48,227,320 : 0.10000000000000009
48,320,884 : 0.10000000000000009
3,64,246 : 0.10000000000000009
3,246,316 : 0.10000000000000009
300,321,328 : 0.10000000000000009
91,321,328 : 0.10000000000000009
73,198,338 : 0.10000000000000009
73,217,338 : 0.10000000000000009
5,341,551 : 0.10000000000000009
341,551,617 : 0.10000000000000009
204,434,622 : 0.10000000000000009
395,434,622 : 0.10000000000000009
189,218,902 : 0.10000000000000009
218,890,902 : 0.10000000000000009
21,491,576 : 0.10000000000000009
398,491,576 : 0.10000000000000009
335,520,551 : 0.10000000000000009
335,517,520 : 0.10000000000000009
341,575,596 : 0.10000000000000009
341,590,596 : 0.10000000000000009
347,603,633 : 0.10000000000000009
452,603,633 : 0.10000000000000009
367,420,493 : 0.10000000000000009
420,452,493 : 0.20000000000000018
397,611,638 : 0.10000000000000009
397,599,611 : 0.10000000000000009
342,404,409 : 0.10000000000000009
404,409,507 : 0.20000000000000018
406,555,599 : 0.10000000000000009
353,555,599 : 0.10000000000000009
409,507,553 : 0.10000000000000009
350,410,411 : 0.10000000000000009
410,411,478 : 0.10000000000000009
411,580,652 : 0.10000000000000009
411,534,580 : 0.10000000000000009
415,620,635 : 0.10000000000000009
620,635,639 : 0.10000000000000009
416,533,643 : 0.10000000000000009
385,416,533 : 0.10000000000000009
416,459,648 : 0.10000000000000009
416,538,648 : 0.10000000000000009
423,474,543 : 0.10000000000000009
423,543,545 : 0.10000000000000009
439,468,556 : 0.10000000000000009
439,468,600 : 0.10000000000000009
443,477,534 : 0.10000000000000009
443,477,746 : 0.10000000000000009
445,447,617 : 0.10000000000000009
445,614,617 : 0.10000000000000009
446,533,575 : 0.10000000000000009
446,533,631 : 0.10000000000000009
342,364,457 : 0.10000000000000009
342,364,995 : 0.10000000000000009
463,591,653 : 0.10000000000000009
463,591,674 : 0.10000000000000009
344,429,486 : 0.10000000000000009
429,486,505 : 0.10000000000000009
378,452,493 : 0.10000000000000009
494,497,628 : 0.10000000000000009
497,628,637 : 0.10000000000000009
503,522,615 : 0.10000000000000009
522,615,666 : 0.10000000000000009
473,538,612 : 0.10000000000000009
488,538,612 : 0.10000000000000009
520,543,596 : 0.10000000000000009
543,596,612 : 0.10000000000000009
367,571,588 : 0.10000000000000009
571,579,588 : 0.10000000000000009
503,527,613 : 0.10000000000000009
527,613,674 : 0.10000000000000009
549,630,655 : 0.10000000000000009
549,655,662 : 0.10000000000000009
238,793,860 : 0.10000000000000009
780,793,860 : 0.10000000000000009
687,746,840 : 0.10000000000000009
687,746,986 : 0.10000000000000009
689,892,993 : 0.10000000000000009
689,892,900 : 0.10000000000000009
695,843,878 : 0.10000000000000009
695,752,878 : 0.10000000000000009
696,851,886 : 0.10000000000000009
795,851,886 : 0.10000000000000009
725,769,910 : 0.10000000000000009
725,855,910 : 0.10000000000000009
729,870,895 : 0.20000000000000018
729,826,870 : 0.10000000000000009
870,895,928 : 0.10000000000000009
740,763,896 : 0.10000000000000009
740,763,793 : 0.10000000000000009
715,781,978 : 0.10000000000000009
781,978,990 : 0.10000000000000009
716,783,968 : 0.10000000000000009
783,838,968 : 0.10000000000000009
794,876,963 : 0.10000000000000009
876,938,963 : 0.10000000000000009
762,767,799 : 0.20000000000000018
762,767,867 : 0.10000000000000009
762,799,801 : 0.10000000000000009
800,920,950 : 0.10000000000000009
800,920,989 : 0.10000000000000009
805,919,992 : 0.10000000000000009
805,838,992 : 0.10000000000000009
827,870,922 : 0.10000000000000009
870,911,922 : 0.10000000000000009
743,835,963 : 0.10000000000000009
743,963,970 : 0.10000000000000009
706,840,914 : 0.10000000000000009
684,840,914 : 0.10000000000000009
816,847,907 : 0.10000000000000009
671,816,907 : 0.10000000000000009
858,884,933 : 0.10000000000000009
884,933,999 : 0.10000000000000009
810,875,989 : 0.10000000000000009
724,810,989 : 0.10000000000000009
792,836,882 : 0.10000000000000009
792,836,883 : 0.10000000000000009
761,863,884 : 0.10000000000000009
761,863,958 : 0.10000000000000009
690,907,925 : 0.10000000000000009
907,919,925 : 0.10000000000000009
795,916,983 : 0.10000000000000009
916,971,983 : 0.10000000000000009
752,952,991 : 0.10000000000000009
710,952,991 : 0.10000000000000009
1,151,208 : nan
2,159,222 : nan
2,166,233 : nan
3,255,322 : nan
4,28,98 : nan
4,24,215 : nan
5,6,64 : nan
7,20,148 : nan
7,194,277 : nan
8,165,175 : nan
8,62,225 : nan
9,140,213 : nan
9,305,311 : nan
11,57,333 : nan
11,247,303 : nan
12,246,249 : nan
13,157,192 : nan
13,168,252 : nan
14,95,184 : nan
1,15,153 : nan
5,15,175 : nan
13,15,233 : nan
15,80,327 : nan
15,102,209 : nan
16,143,242 : nan
17,191,313 : nan
17,107,198 : nan
2,18,199 : nan
19,40,119 : nan
19,217,291 : nan
19,233,270 : nan
20,38,332 : nan
13,20,57 : nan
4,22,64 : nan
22,93,197 : nan
23,25,300 : nan
24,271,318 : nan
25,30,269 : nan
25,44,64 : nan
25,128,173 : nan
27,104,234 : nan
27,163,332 : nan
28,154,229 : nan
13,28,271 : nan
16,29,216 : nan
29,66,231 : nan
20,30,78 : nan
29,30,124 : nan
31,135,259 : nan
32,236,325 : nan
24,33,133 : nan
33,55,205 : nan
33,53,83 : nan
33,44,240 : nan
34,176,237 : nan
37,50,209 : nan
35,38,91 : nan
3,39,171 : nan
39,201,324 : nan
36,40,84 : nan
40,129,146 : nan
40,58,137 : nan
41,198,333 : nan
17,42,153 : nan
40,42,238 : nan
42,220,233 : nan
42,55,331 : nan
45,104,183 : nan
45,61,187 : nan
45,204,274 : nan
45,191,244 : nan
22,46,244 : nan
46,86,316 : nan
37,47,98 : nan
27,48,285 : nan
48,66,161 : nan
49,101,311 : nan
17,50,131 : nan
51,60,216 : nan
51,196,265 : nan
52,171,302 : nan
21,52,249 : nan
53,57,275 : nan
54,134,223 : nan
57,85,208 : nan
58,153,279 : nan
58,193,334 : nan
60,135,287 : nan
60,131,231 : nan
61,99,138 : nan
61,166,184 : nan
61,120,255 : nan
60,62,97 : nan
62,126,312 : nan
62,222,269 : nan
62,261,266 : nan
61,63,157 : nan
63,190,284 : nan
64,290,299 : nan
64,235,291 : nan
65,77,253 : nan
66,114,203 : nan
68,81,296 : nan
31,69,79 : nan
69,87,249 : nan
69,162,311 : nan
70,180,257 : nan
71,127,291 : nan
71,249,308 : nan
10,60,72 : nan
69,72,224 : nan
1,73,246 : nan
38,73,87 : nan
19,73,105 : nan
73,242,315 : nan
74,128,149 : nan
24,75,172 : nan
76,135,152 : nan
77,151,154 : nan
78,80,242 : nan
78,256,322 : nan
79,178,231 : nan
12,80,197 : nan
18,80,198 : nan
71,80,322 : nan
80,120,313 : nan
80,169,178 : nan
80,112,286 : nan
80,97,304 : nan
47,81,323 : nan
81,192,236 : nan
60,83,139 : nan
64,83,210 : nan
84,199,205 : nan
85,263,287 : nan
86,146,245 : nan
67,87,303 : nan
87,122,292 : nan
87,105,257 : nan
66,88,321 : nan
88,218,328 : nan
89,111,185 : nan
90,106,115 : nan
19,90,141 : nan
91,208,242 : nan
91,128,307 : nan
92,311,322 : nan
93,141,184 : nan
94,155,303 : nan
16,94,192 : nan
54,95,278 : nan
60,64,95 : nan
95,117,158 : nan
95,234,274 : nan
36,96,300 : nan
96,136,282 : nan
91,97,142 : nan
97,154,334 : nan
55,98,156 : nan
98,158,215 : nan
98,159,216 : nan
99,188,317 : nan
56,100,222 : nan
33,100,258 : nan
67,101,135 : nan
103,178,254 : nan
42,68,104 : nan
50,74,104 : nan
2,65,105 : nan
62,105,276 : nan
38,105,233 : nan
17,106,226 : nan
106,246,306 : nan
98,109,249 : nan
13,110,327 : nan
14,62,110 : nan
15,110,294 : nan
84,110,328 : nan
20,99,111 : nan
45,111,144 : nan
111,203,240 : nan
112,118,201 : nan
112,175,251 : nan
114,258,266 : nan
57,101,115 : nan
115,307,318 : nan
116,128,218 : nan
117,224,327 : nan
118,181,325 : nan
119,134,238 : nan
9,120,133 : nan
40,120,206 : nan
105,120,243 : nan
120,211,291 : nan
116,121,138 : nan
121,182,189 : nan
88,122,144 : nan
17,38,124 : nan
8,25,124 : nan
124,153,274 : nan
6,125,139 : nan
66,109,125 : nan
127,148,223 : nan
122,128,165 : nan
128,207,247 : nan
30,129,305 : nan
81,130,291 : nan
50,92,130 : nan
131,148,241 : nan
116,131,289 : nan
95,133,287 : nan
30,134,239 : nan
116,135,212 : nan
92,105,137 : nan
122,138,281 : nan
4,134,139 : nan
139,263,330 : nan
105,140,182 : nan
115,119,140 : nan
108,140,281 : nan
140,179,294 : nan
84,143,183 : nan
23,144,197 : nan
76,145,157 : nan
146,210,237 : nan
10,147,191 : nan
147,286,291 : nan
148,235,325 : nan
149,161,312 : nan
23,150,314 : nan
42,151,248 : nan
132,151,192 : nan
33,151,237 : nan
153,209,275 : nan
101,118,154 : nan
108,154,197 : nan
71,155,251 : nan
116,126,156 : nan
158,267,281 : nan
122,160,331 : nan
108,161,295 : nan
161,292,299 : nan
119,162,249 : nan
132,145,162 : nan
51,163,255 : nan
165,186,241 : nan
165,209,226 : nan
124,140,167 : nan
168,289,302 : nan
168,236,310 : nan
35,169,303 : nan
169,245,262 : nan
17,171,242 : nan
103,171,216 : nan
102,108,172 : nan
118,136,172 : nan
103,172,318 : nan
172,174,328 : nan
174,188,291 : nan
6,174,288 : nan
8,69,176 : nan
154,177,190 : nan
16,33,178 : nan
43,180,260 : nan
139,148,182 : nan
22,182,208 : nan
182,228,291 : nan
34,127,183 : nan
78,184,204 : nan
65,186,191 : nan
92,188,248 : nan
100,103,188 : nan
188,191,246 : nan
47,188,203 : nan
88,189,318 : nan
147,189,213 : nan
49,191,237 : nan
90,192,273 : nan
18,25,193 : nan
22,193,272 : nan
83,126,194 : nan
167,194,262 : nan
3,51,195 : nan
67,195,214 : nan
93,195,251 : nan
87,186,197 : nan
51,155,198 : nan
160,172,198 : nan
99,198,272 : nan
19,199,228 : nan
85,200,320 : nan
97,114,200 : nan
187,200,253 : nan
200,281,299 : nan
151,174,204 : nan
201,206,222 : nan
9,206,226 : nan
210,298,332 : nan
182,212,258 : nan
14,214,325 : nan
216,217,236 : nan
77,218,269 : nan
16,39,219 : nan
100,131,219 : nan
175,176,219 : nan
118,133,220 : nan
44,48,221 : nan
88,159,221 : nan
149,221,248 : nan
131,222,247 : nan
128,222,292 : nan
6,222,331 : nan
23,224,334 : nan
121,199,224 : nan
127,149,225 : nan
88,226,245 : nan
48,226,236 : nan
37,227,315 : nan
191,227,262 : nan
79,228,309 : nan
27,185,229 : nan
84,229,295 : nan
117,229,314 : nan
118,230,333 : nan
34,37,231 : nan
60,65,232 : nan
116,216,232 : nan
86,216,233 : nan
177,185,233 : nan
21,233,331 : nan
18,141,236 : nan
56,198,236 : nan
47,153,238 : nan
90,238,266 : nan
107,108,238 : nan
192,238,264 : nan
13,239,241 : nan
77,240,245 : nan
205,240,249 : nan
11,141,241 : nan
241,294,334 : nan
125,242,293 : nan
176,243,276 : nan
117,243,304 : nan
147,244,304 : nan
245,251,252 : nan
7,245,260 : nan
138,246,256 : nan
88,246,268 : nan
227,246,311 : nan
56,247,321 : nan
141,248,276 : nan
6,249,296 : nan
108,249,294 : nan
64,158,250 : nan
210,251,265 : nan
31,232,252 : nan
52,125,252 : nan
71,252,325 : nan
252,286,327 : nan
25,100,254 : nan
40,143,254 : nan
211,239,255 : nan
166,256,310 : nan
93,178,256 : nan
145,186,256 : nan
232,256,277 : nan
257,281,298 : nan
160,258,267 : nan
99,170,259 : nan
143,259,298 : nan
121,155,260 : nan
40,65,261 : nan
45,225,261 : nan
81,262,270 : nan
183,262,281 : nan
148,196,264 : nan
27,266,276 : nan
17,20,267 : nan
21,266,267 : nan
88,203,267 : nan
64,118,267 : nan
78,185,269 : nan
158,243,269 : nan
164,179,270 : nan
199,251,270 : nan
163,182,271 : nan
271,293,302 : nan
249,272,291 : nan
111,273,315 : nan
115,243,273 : nan
64,274,295 : nan
48,230,275 : nan
77,92,276 : nan
233,276,294 : nan
175,276,280 : nan
38,277,284 : nan
41,159,277 : nan
89,188,277 : nan
158,193,278 : nan
138,279,332 : nan
83,193,280 : nan
154,274,281 : nan
56,63,282 : nan
112,179,282 : nan
84,269,283 : nan
5,23,284 : nan
127,188,284 : nan
106,284,307 : nan
107,284,325 : nan
23,282,285 : nan
5,141,286 : nan
19,46,287 : nan
64,168,287 : nan
62,117,288 : nan
107,175,288 : nan
84,147,289 : nan
103,289,297 : nan
86,288,290 : nan
102,290,315 : nan
37,60,294 : nan
69,106,295 : nan
174,272,295 : nan
35,86,296 : nan
198,295,296 : nan
166,296,303 : nan
247,287,297 : nan
76,297,318 : nan
282,297,325 : nan
48,151,298 : nan
72,120,298 : nan
187,298,319 : nan
80,233,298 : nan
171,299,331 : nan
225,269,299 : nan
189,299,315 : nan
6,114,300 : nan
5,27,300 : nan
46,48,300 : nan
150,200,301 : nan
70,230,302 : nan
218,234,302 : nan
206,258,302 : nan
106,107,303 : nan
49,304,329 : nan
63,201,306 : nan
126,281,307 : nan
176,309,326 : nan
35,55,311 : nan
108,279,311 : nan
77,80,312 : nan
12,289,312 : nan
44,312,315 : nan
293,309,313 : nan
96,156,314 : nan
148,314,331 : nan
83,164,314 : nan
175,192,314 : nan
98,276,315 : nan
31,315,325 : nan
48,73,316 : nan
227,253,316 : nan
18,24,319 : nan
81,117,320 : nan
5,210,322 : nan
159,161,323 : nan
222,234,323 : nan
102,268,324 : nan
256,278,325 : nan
115,152,326 : nan
35,52,327 : nan
121,214,327 : nan
25,246,328 : nan
70,102,328 : nan
186,231,328 : nan
150,256,328 : nan
174,236,329 : nan
325,329,334 : nan
69,149,330 : nan
177,304,330 : nan
257,279,331 : nan
25,103,332 : nan
233,286,332 : nan
73,89,333 : nan
180,245,333 : nan
35,326,333 : nan
176,200,334 : nan
44,255,334 : nan
11,60,501 : nan
17,212,431 : nan
38,59,643 : nan
81,311,507 : nan
30,83,581 : nan
83,266,357 : nan
83,318,361 : nan
103,148,379 : nan
64,152,412 : nan
153,185,580 : nan
155,220,424 : nan
162,166,499 : nan
163,170,606 : nan
65,177,589 : nan
160,188,395 : nan
108,193,483 : nan
230,237,515 : nan
268,285,643 : nan
255,287,664 : nan
166,293,398 : nan
254,328,490 : nan
249,332,337 : nan
10,79,796 : nan
31,93,741 : nan
62,229,802 : nan
46,98,899 : nan
21,152,769 : nan
3,205,735 : nan
158,259,887 : nan
190,308,812 : nan
89,312,958 : nan
228,325,702 : nan
14,92,379 : nan
24,40,621 : nan
90,166,336 : nan
92,328,608 : nan
112,172,449 : nan
126,326,437 : nan
127,247,595 : nan
53,157,498 : nan
164,325,344 : nan
91,178,610 : nan
183,252,567 : nan
204,263,514 : nan
218,237,457 : nan
240,308,433 : nan
55,242,372 : nan
125,251,491 : nan
143,251,621 : nan
88,258,407 : nan
135,262,336 : nan
137,264,425 : nan
8,290,606 : nan
16,291,364 : nan
159,310,420 : nan
254,324,500 : nan
27,421,614 : nan
34,420,623 : nan
65,489,658 : nan
87,452,491 : nan
106,501,636 : nan
136,457,587 : nan
210,401,549 : nan
211,415,426 : nan
241,541,595 : nan
278,583,618 : nan
300,359,451 : nan
9,606,757 : nan
30,408,712 : nan
41,662,693 : nan
44,336,733 : nan
47,351,803 : nan
48,573,873 : nan
50,364,904 : nan
60,628,852 : nan
74,653,926 : nan
142,340,706 : nan
188,532,778 : nan
201,603,882 : nan
204,663,672 : nan
222,372,867 : nan
32,326,862 : nan
75,288,911 : nan
108,131,860 : nan
13,134,709 : nan
144,258,741 : nan
67,147,955 : nan
178,219,942 : nan
189,205,752 : nan
83,202,733 : nan
224,229,931 : nan
133,233,995 : nan
204,265,693 : nan
200,279,773 : nan
232,326,892 : nan
5,653,931 : nan
5,593,941 : nan
21,497,671 : nan
45,606,952 : nan
57,591,670 : nan
77,599,746 : nan
121,431,700 : nan
134,379,764 : nan
138,501,958 : nan
141,390,744 : nan
141,610,894 : nan
162,335,712 : nan
190,582,779 : nan
235,581,769 : nan
252,653,755 : nan
256,478,883 : nan
286,623,761 : nan
289,553,872 : nan
296,488,856 : nan
329,463,791 : nan
5,689,825 : nan
6,829,837 : nan
43,889,959 : nan
47,696,892 : nan
52,922,954 : nan
81,907,946 : nan
106,902,910 : nan
107,776,868 : nan
128,670,792 : nan
153,893,917 : nan
160,822,935 : nan
201,907,908 : nan
216,760,864 : nan
237,790,861 : nan
250,676,957 : nan
260,787,815 : nan
269,772,827 : nan
286,869,873 : nan
289,691,798 : nan
292,801,914 : nan
294,717,960 : nan
310,887,930 : nan
317,698,775 : nan
334,771,828 : nan
8,233,343 : nan
275,293,344 : nan
83,297,349 : nan
162,248,374 : nan
66,259,404 : nan
14,192,410 : nan
47,254,417 : nan
7,41,420 : nan
57,97,459 : nan
65,226,462 : nan
74,110,479 : nan
34,193,505 : nan
102,148,527 : nan
146,226,527 : nan
117,282,528 : nan
66,249,578 : nan
69,93,602 : nan
261,298,608 : nan
266,402,518 : nan
17,422,466 : nan
309,468,482 : nan
97,491,631 : nan
199,412,514 : nan
105,373,519 : nan
210,389,542 : nan
270,444,548 : nan
36,552,569 : nan
272,593,665 : nan
51,466,613 : nan
168,569,649 : nan
271,337,869 : nan
230,340,757 : nan
160,356,733 : nan
30,364,728 : nan
33,367,981 : nan
85,386,717 : nan
61,393,751 : nan
306,398,748 : nan
297,450,832 : nan
77,491,797 : nan
28,497,913 : nan
64,504,674 : nan
184,538,945 : nan
144,542,699 : nan
319,546,814 : nan
128,569,697 : nan
118,591,746 : nan
78,636,844 : nan
238,652,965 : nan
108,347,478 : nan
244,342,357 : nan
26,354,368 : nan
100,421,595 : nan
145,431,491 : nan
300,425,437 : nan
171,360,477 : nan
123,487,553 : nan
84,397,525 : nan
304,345,527 : nan
86,527,539 : nan
4,517,534 : nan
104,447,537 : nan
333,563,630 : nan
57,403,572 : nan
301,573,590 : nan
262,366,637 : nan
280,374,641 : nan
335,381,498 : nan
335,424,474 : nan
336,379,413 : nan
336,517,546 : nan
336,352,563 : nan
338,450,641 : nan
339,391,507 : nan
339,512,649 : nan
339,531,658 : nan
340,381,601 : nan
340,594,606 : nan
344,381,652 : nan
347,354,530 : nan
347,588,649 : nan
347,652,655 : nan
348,360,519 : nan
348,396,551 : nan
349,463,465 : nan
348,350,354 : nan
351,368,566 : nan
351,377,452 : nan
351,397,423 : nan
351,584,631 : nan
352,530,632 : nan
352,385,538 : nan
353,398,645 : nan
354,392,477 : nan
354,571,666 : nan
354,376,641 : nan
355,362,580 : nan
356,484,494 : nan
356,369,506 : nan
356,548,588 : nan
358,503,649 : nan
358,381,541 : nan
358,373,547 : nan
358,412,584 : nan
361,432,555 : nan
362,379,406 : nan
362,378,490 : nan
347,362,515 : nan
362,403,659 : nan
364,529,625 : nan
364,433,544 : nan
364,554,557 : nan
365,372,626 : nan
366,653,663 : nan
357,367,607 : nan
367,426,533 : nan
370,458,562 : nan
370,632,656 : nan
342,371,564 : nan
365,373,405 : nan
373,429,576 : nan
373,387,655 : nan
336,376,497 : nan
377,425,489 : nan
377,470,562 : nan
377,575,581 : nan
378,564,653 : nan
378,640,643 : nan
341,380,402 : nan
380,484,664 : nan
380,563,573 : nan
383,517,664 : nan
367,384,472 : nan
381,384,539 : nan
362,384,597 : nan
337,385,388 : nan
362,385,589 : nan
385,421,452 : nan
385,438,462 : nan
385,622,624 : nan
387,604,664 : nan
357,388,389 : nan
389,434,618 : nan
391,617,657 : nan
393,418,426 : nan
393,555,624 : nan
394,480,511 : nan
395,407,441 : nan
395,503,645 : nan
395,536,619 : nan
395,567,661 : nan
361,396,443 : nan
396,514,666 : nan
396,502,548 : nan
398,588,615 : nan
373,399,580 : nan
399,578,651 : nan
400,661,663 : nan
401,540,615 : nan
404,581,651 : nan
407,517,642 : nan
408,504,576 : nan
410,506,612 : nan
410,533,664 : nan
411,630,636 : nan
351,412,473 : nan
412,559,599 : nan
414,459,614 : nan
336,415,556 : nan
417,420,568 : nan
394,405,418 : nan
418,491,645 : nan
418,571,585 : nan
419,563,601 : nan
339,420,514 : nan
381,420,467 : nan
420,554,570 : nan
342,388,422 : nan
423,442,657 : nan
389,423,448 : nan
423,481,489 : nan
376,423,529 : nan
423,551,613 : nan
414,424,463 : nan
424,473,524 : nan
424,537,566 : nan
355,410,425 : nan
425,430,436 : nan
342,426,517 : nan
373,426,548 : nan
368,426,562 : nan
427,469,629 : nan
337,375,431 : nan
431,590,643 : nan
397,431,653 : nan
432,641,662 : nan
433,444,571 : nan
433,562,574 : nan
378,434,615 : nan
434,447,524 : nan
435,560,638 : nan
408,436,549 : nan
387,415,437 : nan
437,441,578 : nan
338,438,551 : nan
353,438,500 : nan
438,535,653 : nan
439,587,606 : nan
441,504,549 : nan
442,467,528 : nan
442,568,571 : nan
337,393,443 : nan
376,445,612 : nan
390,446,558 : nan
374,446,506 : nan
402,446,508 : nan
446,543,616 : nan
446,532,628 : nan
446,447,544 : nan
447,609,641 : nan
335,448,530 : nan
448,573,662 : nan
426,449,657 : nan
450,485,642 : nan
430,450,522 : nan
354,451,537 : nan
451,452,461 : nan
452,579,614 : nan
453,544,612 : nan
453,535,554 : nan
453,565,642 : nan
345,454,521 : nan
454,466,659 : nan
379,455,625 : nan
429,455,656 : nan
455,469,516 : nan
396,445,456 : nan
361,457,458 : nan
433,457,592 : nan
347,379,458 : nan
368,459,561 : nan
459,492,608 : nan
335,406,460 : nan
460,464,550 : nan
460,542,608 : nan
421,462,585 : nan
462,595,609 : nan
413,464,542 : nan
430,464,636 : nan
385,465,552 : nan
363,394,466 : nan
366,405,466 : nan
387,425,466 : nan
466,498,519 : nan
425,468,545 : nan
469,501,534 : nan
470,491,612 : nan
470,506,523 : nan
470,606,663 : nan
399,444,471 : nan
358,473,651 : nan
473,496,566 : nan
381,473,597 : nan
474,514,567 : nan
418,475,589 : nan
475,495,523 : nan
448,476,479 : nan
353,476,602 : nan
405,476,657 : nan
387,477,586 : nan
478,525,598 : nan
353,405,479 : nan
362,386,480 : nan
481,507,543 : nan
383,481,627 : nan
481,566,640 : nan
409,475,484 : nan
484,491,505 : nan
484,498,513 : nan
484,594,641 : nan
484,543,648 : nan
388,485,660 : nan
383,485,516 : nan
399,486,504 : nan
480,486,584 : nan
487,500,555 : nan
487,572,625 : nan
441,488,617 : nan
454,488,524 : nan
381,488,537 : nan
382,489,509 : nan
366,490,523 : nan
370,490,637 : nan
417,492,588 : nan
354,493,590 : nan
493,558,667 : nan
386,420,494 : nan
441,494,659 : nan
389,496,651 : nan
344,499,585 : nan
411,499,558 : nan
499,513,592 : nan
482,500,619 : nan
446,497,501 : nan
470,501,595 : nan
341,400,503 : nan
373,503,543 : nan
504,611,663 : nan
505,581,617 : nan
463,505,589 : nan
335,505,649 : nan
478,506,584 : nan
506,508,600 : nan
380,507,511 : nan
377,508,583 : nan
400,403,508 : nan
491,508,522 : nan
508,509,643 : nan
394,438,509 : nan
509,577,616 : nan
453,510,561 : nan
493,499,510 : nan
503,510,521 : nan
335,510,544 : nan
377,511,585 : nan
350,417,511 : nan
482,511,659 : nan
476,511,620 : nan
512,638,642 : nan
513,610,662 : nan
351,514,547 : nan
357,465,515 : nan
478,515,610 : nan
507,515,524 : nan
515,528,613 : nan
384,434,516 : nan
399,447,518 : nan
490,520,561 : nan
468,522,564 : nan
406,442,523 : nan
523,550,564 : nan
411,524,566 : nan
411,525,624 : nan
475,525,662 : nan
491,526,553 : nan
526,538,574 : nan
379,526,627 : nan
433,528,631 : nan
451,506,529 : nan
388,471,530 : nan
350,504,530 : nan
529,530,562 : nan
419,530,653 : nan
384,469,531 : nan
395,463,531 : nan
505,531,534 : nan
440,459,532 : nan
477,502,533 : nan
422,486,533 : nan
461,520,534 : nan
374,535,596 : nan
411,535,581 : nan
494,535,641 : nan
400,466,537 : nan
537,607,615 : nan
423,451,538 : nan
454,461,538 : nan
538,540,632 : nan
516,539,590 : nan
363,473,540 : nan
497,541,564 : nan
542,545,553 : nan
534,542,621 : nan
542,562,661 : nan
537,543,640 : nan
392,543,587 : nan
429,543,657 : nan
400,500,544 : nan
544,555,666 : nan
527,545,554 : nan
545,548,604 : nan
482,546,632 : nan
351,487,546 : nan
405,434,547 : nan
351,486,548 : nan
548,579,638 : nan
398,521,549 : nan
402,550,594 : nan
349,408,551 : nan
340,375,551 : nan
389,551,646 : nan
431,447,552 : nan
552,591,618 : nan
467,553,576 : nan
404,553,594 : nan
382,449,554 : nan
498,554,638 : nan
407,554,604 : nan
555,595,647 : nan
346,475,556 : nan
397,500,556 : nan
551,556,585 : nan
557,600,648 : nan
374,419,558 : nan
343,488,558 : nan
535,558,616 : nan
465,538,559 : nan
551,559,605 : nan
464,491,561 : nan
399,561,608 : nan
392,561,622 : nan
521,562,621 : nan
372,431,564 : nan
558,564,652 : nan
363,418,565 : nan
347,565,568 : nan
387,403,566 : nan
469,566,572 : nan
467,518,566 : nan
473,568,635 : nan
342,569,608 : nan
436,443,569 : nan
345,571,599 : nan
359,445,572 : nan
348,511,572 : nan
346,415,573 : nan
414,574,619 : nan
575,638,650 : nan
350,415,576 : nan
463,576,615 : nan
436,578,603 : nan
547,580,617 : nan
424,574,581 : nan
459,541,581 : nan
423,581,646 : nan
340,341,582 : nan
363,536,582 : nan
365,582,622 : nan
336,582,596 : nan
421,583,651 : nan
423,432,583 : nan
497,583,656 : nan
430,585,659 : nan
450,585,618 : nan
402,552,585 : nan
444,563,586 : nan
451,587,600 : nan
566,587,618 : nan
427,587,656 : nan
509,588,613 : nan
370,576,589 : nan
363,376,589 : nan
409,434,589 : nan
473,590,636 : nan
428,591,617 : nan
496,591,650 : nan
421,592,634 : nan
426,592,650 : nan
357,592,601 : nan
469,593,628 : nan
558,595,653 : nan
375,596,619 : nan
456,563,597 : nan
554,597,655 : nan
442,598,634 : nan
385,506,598 : nan
421,518,598 : nan
487,509,599 : nan
425,599,640 : nan
367,385,600 : nan
369,375,601 : nan
444,536,602 : nan
507,603,618 : nan
349,604,643 : nan
353,605,643 : nan
447,556,607 : nan
541,607,650 : nan
423,555,608 : nan
423,532,609 : nan
388,537,610 : nan
361,490,611 : nan
422,586,611 : nan
385,521,612 : nan
407,541,612 : nan
351,424,612 : nan
371,446,612 : nan
377,592,612 : nan
372,384,613 : nan
339,615,655 : nan
396,597,617 : nan
520,606,617 : nan
600,617,620 : nan
422,617,651 : nan
446,531,618 : nan
484,540,618 : nan
417,580,618 : nan
339,555,619 : nan
424,540,619 : nan
457,566,619 : nan
339,417,621 : nan
476,621,649 : nan
571,572,623 : nan
510,624,634 : nan
381,469,627 : nan
411,504,627 : nan
372,627,644 : nan
447,587,628 : nan
348,576,628 : nan
364,592,628 : nan
408,578,629 : nan
482,595,629 : nan
509,512,629 : nan
569,630,647 : nan
356,473,631 : nan
544,632,649 : nan
439,445,633 : nan
349,542,634 : nan
353,386,634 : nan
360,545,634 : nan
511,592,635 : nan
466,629,636 : nan
372,624,638 : nan
549,566,639 : nan
434,601,640 : nan
338,532,642 : nan
352,611,643 : nan
532,643,644 : nan
427,535,645 : nan
600,629,645 : nan
521,646,660 : nan
427,478,647 : nan
431,589,647 : nan
414,475,648 : nan
535,539,648 : nan
474,587,648 : nan
434,539,651 : nan
369,483,652 : nan
359,629,653 : nan
489,514,654 : nan
397,617,655 : nan
455,458,655 : nan
495,524,655 : nan
550,571,655 : nan
406,438,656 : nan
407,502,656 : nan
477,500,656 : nan
365,377,657 : nan
415,614,657 : nan
548,646,659 : nan
566,658,659 : nan
385,426,660 : nan
586,589,660 : nan
583,617,660 : nan
341,494,661 : nan
501,647,661 : nan
475,511,661 : nan
431,535,661 : nan
371,519,662 : nan
451,612,663 : nan
372,424,665 : nan
639,647,665 : nan
534,629,666 : nan
341,428,809 : nan
349,585,915 : nan
351,580,994 : nan
354,527,705 : nan
363,504,679 : nan
376,592,799 : nan
397,593,964 : nan
386,412,701 : nan
435,457,668 : nan
449,471,668 : nan
485,569,797 : nan
389,494,669 : nan
372,505,679 : nan
443,511,937 : nan
533,542,922 : nan
197,366,851 : nan
29,391,935 : nan
120,403,958 : nan
181,423,698 : nan
200,431,878 : nan
105,462,711 : nan
97,477,869 : nan
212,601,967 : nan
169,609,858 : nan
325,612,840 : nan
67,615,876 : nan
309,618,785 : nan
203,651,852 : nan
296,651,979 : nan
160,664,691 : nan
383,456,996 : nan
438,515,689 : nan
447,631,762 : nan
456,462,926 : nan
339,461,894 : nan
470,620,739 : nan
384,483,870 : nan
366,520,905 : nan
489,639,862 : nan
619,648,690 : nan
372,872,886 : nan
374,877,986 : nan
376,725,997 : nan
382,841,961 : nan
413,684,743 : nan
428,837,980 : nan
450,732,917 : nan
493,767,984 : nan
523,678,800 : nan
581,740,872 : nan
582,730,817 : nan
611,725,894 : nan
631,694,757 : nan
659,687,900 : nan
201,231,679 : nan
39,260,685 : nan
1,117,776 : nan
79,220,808 : nan
220,297,818 : nan
69,284,829 : nan
148,258,833 : nan
32,319,905 : nan
107,176,923 : nan
30,33,937 : nan
113,170,958 : nan
51,202,964 : nan
44,347,725 : nan
258,428,748 : nan
331,619,797 : nan
19,573,817 : nan
72,431,828 : nan
218,409,878 : nan
163,440,894 : nan
159,494,906 : nan
43,510,918 : nan
153,636,989 : nan
234,522,994 : nan
248,692,992 : nan
25,708,730 : nan
78,714,812 : nan
311,717,834 : nan
124,746,967 : nan
226,751,914 : nan
52,769,793 : nan
44,770,980 : nan
259,772,933 : nan
182,814,815 : nan
86,829,845 : nan
25,830,951 : nan
192,869,981 : nan
268,739,881 : nan
116,805,897 : nan
135,779,952 : nan
280,819,962 : nan
31,826,979 : nan
327,537,668 : nan
42,450,714 : nan
34,456,721 : nan
287,576,753 : nan
186,605,754 : nan
210,643,768 : nan
48,351,785 : nan
208,476,813 : nan
91,408,826 : nan
274,398,829 : nan
310,599,882 : nan
88,441,891 : nan
200,487,930 : nan
76,619,960 : nan
181,359,964 : nan
522,549,732 : nan
353,363,756 : nan
427,644,795 : nan
338,597,799 : nan
549,648,830 : nan
602,612,845 : nan
552,662,874 : nan
500,597,880 : nan
573,582,908 : nan
371,586,936 : nan
387,670,817 : nan
509,739,941 : nan
390,763,817 : nan
357,772,780 : nan
535,794,820 : nan
381,805,860 : nan
590,825,834 : nan
462,694,828 : nan
659,865,866 : nan
547,897,947 : nan
591,850,994 : nan
320,678,892 : nan
243,682,793 : nan
243,683,775 : nan
144,701,978 : nan
264,705,962 : nan
145,724,767 : nan
104,744,843 : nan
307,785,897 : nan
199,788,854 : nan
185,810,928 : nan
296,819,889 : nan
45,703,833 : nan
212,724,833 : nan
21,860,991 : nan
24,701,873 : nan
21,877,972 : nan
274,882,911 : nan
159,871,915 : nan
294,832,927 : nan
210,907,973 : nan
322,794,974 : nan
199,821,992 : nan
508,672,988 : nan
537,673,900 : nan
375,702,803 : nan
370,723,743 : nan
482,731,749 : nan
497,722,757 : nan
340,773,883 : nan
534,782,843 : nan
607,783,901 : nan
410,741,787 : nan
348,798,926 : nan
442,800,912 : nan
528,802,866 : nan
522,807,970 : nan
660,833,851 : nan
414,764,863 : nan
546,829,873 : nan
663,705,876 : nan
335,878,889 : nan
664,883,899 : nan
367,835,906 : nan
608,723,957 : nan
670,734,803 : nan
671,766,870 : nan
672,798,823 : nan
674,781,792 : nan
674,896,900 : nan
675,684,900 : nan
675,849,887 : nan
678,811,839 : nan
678,954,976 : nan
680,744,849 : nan
683,851,995 : nan
683,899,920 : nan
683,795,919 : nan
685,693,804 : nan
685,838,891 : nan
687,885,953 : nan
688,719,854 : nan
688,781,831 : nan
688,796,833 : nan
688,923,935 : nan
689,698,979 : nan
690,913,930 : nan
691,710,734 : nan
691,885,975 : nan
691,930,984 : nan
693,750,784 : nan
686,693,994 : nan
694,831,964 : nan
694,939,965 : nan
694,718,960 : nan
696,768,774 : nan
697,846,967 : nan
697,707,988 : nan
698,731,894 : nan
698,718,993 : nan
699,718,774 : nan
699,732,853 : nan
697,700,763 : nan
669,701,706 : nan
675,703,889 : nan
703,855,995 : nan
704,824,975 : nan
708,761,903 : nan
708,777,967 : nan
709,886,905 : nan
709,891,985 : nan
710,880,906 : nan
711,783,807 : nan
711,720,851 : nan
711,933,942 : nan
694,712,984 : nan
713,762,947 : nan
713,777,807 : nan
713,782,797 : nan
713,831,858 : nan
714,763,986 : nan
714,772,869 : nan
715,777,801 : nan
715,842,968 : nan
717,757,853 : nan
678,717,877 : nan
712,717,945 : nan
690,718,884 : nan
721,726,796 : nan
699,721,730 : nan
721,879,975 : nan
705,722,792 : nan
721,722,787 : nan
722,773,803 : nan
722,736,909 : nan
705,723,972 : nan
724,779,849 : nan
724,756,981 : nan
689,725,746 : nan
716,725,936 : nan
726,823,842 : nan
726,827,906 : nan
723,727,731 : nan
728,741,855 : nan
728,825,977 : nan
729,811,865 : nan
729,839,986 : nan
731,764,932 : nan
703,733,884 : nan
733,929,990 : nan
735,890,988 : nan
737,914,940 : nan
738,793,809 : nan
738,879,961 : nan
738,988,1000 : nan
740,930,982 : nan
683,710,741 : nan
742,745,1000 : nan
716,744,776 : nan
744,817,890 : nan
694,745,879 : nan
700,746,909 : nan
742,746,762 : nan
746,767,933 : nan
731,747,947 : nan
748,898,992 : nan
676,749,815 : nan
737,750,848 : nan
674,751,945 : nan
752,795,955 : nan
753,895,962 : nan
755,780,869 : nan
700,756,849 : nan
713,756,841 : nan
757,773,977 : nan
680,757,799 : nan
707,758,908 : nan
758,768,948 : nan
758,804,915 : nan
697,758,910 : nan
727,758,979 : nan
742,759,782 : nan
757,759,810 : nan
759,809,954 : nan
759,870,991 : nan
760,818,917 : nan
761,952,972 : nan
718,762,780 : nan
690,756,763 : nan
726,764,938 : nan
710,753,764 : nan
764,827,995 : nan
764,794,957 : nan
719,764,993 : nan
700,765,795 : nan
716,765,990 : nan
736,766,771 : nan
766,788,840 : nan
686,767,836 : nan
742,768,960 : nan
692,768,864 : nan
769,849,940 : nan
672,769,868 : nan
771,817,855 : nan
707,771,883 : nan
771,792,887 : nan
739,771,989 : nan
772,844,981 : nan
692,773,925 : nan
755,773,864 : nan
773,783,935 : nan
774,833,839 : nan
775,822,856 : nan
775,797,832 : nan
707,777,793 : nan
671,778,971 : nan
689,779,786 : nan
742,779,888 : nan
738,779,987 : nan
780,935,938 : nan
712,781,992 : nan
781,803,928 : nan
777,781,982 : nan
732,783,813 : nan
771,784,811 : nan
707,785,896 : nan
785,949,961 : nan
669,716,786 : nan
783,786,792 : nan
682,770,787 : nan
740,787,813 : nan
787,820,975 : nan
683,770,788 : nan
738,789,804 : nan
789,858,944 : nan
701,775,790 : nan
791,809,963 : nan
765,794,854 : nan
795,924,960 : nan
673,796,995 : nan
780,798,962 : nan
738,799,859 : nan
719,802,972 : nan
802,857,995 : nan
757,803,966 : nan
793,803,971 : nan
804,829,877 : nan
678,776,806 : nan
731,807,904 : nan
795,807,926 : nan
756,807,883 : nan
807,942,952 : nan
673,808,904 : nan
699,809,959 : nan
723,789,811 : nan
811,899,985 : nan
736,812,922 : nan
705,813,982 : nan
708,750,813 : nan
814,881,921 : nan
695,711,815 : nan
815,828,949 : nan
731,809,818 : nan
713,818,853 : nan
735,799,819 : nan
699,819,899 : nan
743,820,949 : nan
808,821,935 : nan
681,821,975 : nan
748,779,822 : nan
782,789,824 : nan
824,855,960 : nan
777,825,849 : nan
787,825,915 : nan
782,825,896 : nan
817,825,975 : nan
814,826,829 : nan
811,826,962 : nan
709,826,966 : nan
817,824,827 : nan
818,827,930 : nan
827,940,974 : nan
723,758,828 : nan
764,816,828 : nan
805,828,830 : nan
672,738,829 : nan
713,829,905 : nan
735,829,918 : nan
693,818,830 : nan
749,830,869 : nan
831,898,931 : nan
715,832,910 : nan
832,919,924 : nan
833,856,902 : nan
824,834,865 : nan
677,832,834 : nan
786,834,916 : nan
835,860,899 : nan
835,895,961 : nan
835,907,977 : nan
691,742,837 : nan
735,803,838 : nan
759,838,843 : nan
838,881,987 : nan
790,823,841 : nan
696,778,842 : nan
680,813,843 : nan
802,804,843 : nan
676,829,844 : nan
703,758,844 : nan
807,844,934 : nan
740,845,940 : nan
720,751,845 : nan
748,847,878 : nan
747,843,847 : nan
848,933,943 : nan
776,848,965 : nan
738,850,982 : nan
783,815,850 : nan
801,851,974 : nan
835,852,954 : nan
852,952,953 : nan
715,733,853 : nan
721,855,887 : nan
764,855,866 : nan
710,855,899 : nan
855,916,985 : nan
856,908,956 : nan
793,857,934 : nan
784,803,857 : nan
857,890,898 : nan
674,708,858 : nan
731,858,866 : nan
826,861,905 : nan
824,861,907 : nan
732,793,862 : nan
773,846,862 : nan
862,925,988 : nan
862,936,965 : nan
785,864,953 : nan
864,964,973 : nan
686,865,896 : nan
687,817,865 : nan
773,827,865 : nan
706,760,867 : nan
720,858,867 : nan
792,868,923 : nan
869,917,984 : nan
772,871,904 : nan
790,871,997 : nan
792,871,979 : nan
852,861,871 : nan
715,871,888 : nan
786,872,937 : nan
668,873,923 : nan
756,873,989 : nan
704,874,879 : nan
780,874,995 : nan
877,881,904 : nan
703,760,879 : nan
683,757,880 : nan
838,880,910 : nan
795,873,881 : nan
734,810,881 : nan
715,724,882 : nan
706,842,882 : nan
882,925,934 : nan
851,883,991 : nan
671,886,952 : nan
687,737,888 : nan
771,888,954 : nan
859,873,888 : nan
761,888,943 : nan
693,729,889 : nan
797,806,889 : nan
818,889,991 : nan
889,951,981 : nan
754,883,891 : nan
712,767,892 : nan
669,893,968 : nan
808,885,893 : nan
726,868,894 : nan
853,894,983 : nan
717,731,895 : nan
752,824,895 : nan
801,895,979 : nan
693,699,896 : nan
700,868,897 : nan
705,897,976 : nan
792,897,922 : nan
676,682,898 : nan
782,791,898 : nan
779,899,973 : nan
752,815,900 : nan
724,729,902 : nan
877,880,902 : nan
677,903,971 : nan
688,743,903 : nan
712,759,904 : nan
680,776,906 : nan
734,778,906 : nan
697,769,908 : nan
846,908,927 : nan
792,909,948 : nan
755,910,924 : nan
717,810,910 : nan
685,834,910 : nan
734,911,954 : nan
860,900,911 : nan
772,912,952 : nan
776,912,991 : nan
723,842,913 : nan
730,913,924 : nan
880,913,984 : nan
712,914,975 : nan
720,852,915 : nan
768,917,918 : nan
749,917,966 : nan
776,784,918 : nan
756,851,918 : nan
713,880,919 : nan
698,762,920 : nan
669,813,920 : nan
783,921,939 : nan
723,887,921 : nan
758,831,922 : nan
832,903,922 : nan
683,776,924 : nan
793,889,924 : nan
826,869,924 : nan
925,993,1000 : nan
679,900,926 : nan
736,894,927 : nan
927,928,967 : nan
793,927,988 : nan
770,869,928 : nan
899,928,984 : nan
759,792,929 : nan
852,929,940 : nan
750,916,930 : nan
741,749,931 : nan
786,863,932 : nan
676,780,933 : nan
768,933,954 : nan
705,748,934 : nan
794,880,934 : nan
727,842,934 : nan
730,934,939 : nan
935,942,961 : nan
792,846,937 : nan
734,902,937 : nan
911,919,937 : nan
925,938,952 : nan
725,939,970 : nan
769,794,939 : nan
772,849,939 : nan
857,940,967 : nan
941,944,954 : nan
673,840,942 : nan
839,859,943 : nan
929,943,965 : nan
809,887,945 : nan
891,945,993 : nan
881,942,945 : nan
852,944,947 : nan
882,947,969 : nan
678,725,948 : nan
673,822,950 : nan
799,906,950 : nan
874,885,952 : nan
707,953,962 : nan
878,901,954 : nan
684,779,955 : nan
878,888,956 : nan
729,797,958 : nan
735,871,958 : nan
715,780,958 : nan
803,913,958 : nan
903,947,959 : nan
713,773,961 : nan
675,706,962 : nan
733,962,974 : nan
803,832,962 : nan
961,962,986 : nan
795,865,963 : nan
858,908,963 : nan
811,953,964 : nan
778,891,965 : nan
792,933,965 : nan
709,801,965 : nan
671,810,967 : nan
714,806,970 : nan
840,857,970 : nan
681,880,970 : nan
686,733,971 : nan
829,943,971 : nan
808,908,972 : nan
700,973,982 : nan
726,816,973 : nan
755,756,973 : nan
844,846,974 : nan
762,812,975 : nan
836,950,975 : nan
671,873,976 : nan
750,809,976 : nan
880,963,976 : nan
752,830,977 : nan
681,755,978 : nan
794,860,978 : nan
789,840,978 : nan
726,901,979 : nan
829,979,990 : nan
731,961,982 : nan
746,757,984 : nan
849,985,991 : nan
692,948,986 : nan
935,960,986 : nan
673,743,988 : nan
714,770,989 : nan
824,864,989 : nan
746,830,990 : nan
752,793,990 : nan
919,952,990 : nan
824,906,992 : nan
778,855,992 : nan
839,926,992 : nan
945,973,992 : nan
753,856,996 : nan
888,922,996 : nan
820,996,1000 : nan
766,844,997 : nan
793,982,997 : nan
671,719,998 : nan
791,883,998 : nan
739,803,999 : nan
805,948,1000 : nan
849,902,1000 : nan
82,159,172 : nan
