1,151,208 : -0.4408118998230801
2,159,222 : -0.4832536457329093
2,166,233 : -0.40670796263427866
3,26,143 : -0.2394902336493261
3,255,322 : -0.4473379955575729
4,28,98 : -0.39593372984312736
4,24,215 : -0.1658493385026123
5,6,64 : -0.42718672523599
7,88,301 : -0.30873800486200054
7,20,148 : -0.5175809277831176
7,194,277 : -0.28618307643072094
8,165,175 : -0.3583296561244511
8,62,225 : -0.24340979479369595
9,140,213 : -0.3641622039439145
9,305,311 : -0.3903084427243817
11,57,333 : -0.4719784779303522
11,247,303 : -0.38756098527177185
12,246,249 : -0.36918313868091523
13,157,192 : -0.5591962851734764
13,168,252 : -0.47468412096018175
14,95,184 : -0.4856934393230661
1,15,153 : -0.3930363695228496
5,15,175 : -0.43796437355450113
13,15,233 : -0.34314334399709856
15,80,327 : -0.2976027016635663
15,102,209 : -0.2732964206861941
16,143,242 : -0.38045594911957203
17,191,313 : -0.45461219669527875
17,107,198 : -0.42630873104833267
2,18,199 : -0.4479677065123111
19,40,119 : -0.4240272014388078
19,217,291 : -0.2581272454566732
19,233,270 : -0.4235825361559624
20,38,332 : -0.2837251527202027
13,20,57 : -0.4861681107364326
4,22,64 : -0.446332357794214
22,93,197 : -0.48715150758794734
23,25,300 : -0.37829753312861936
24,271,318 : -0.5237182361820838
25,30,269 : -0.540662117373579
25,44,64 : -0.4413124362752452
25,128,173 : -0.20966321012159428
26,120,295 : -0.23506420289313734
26,120,157 : -0.26601156129386827
26,105,298 : -0.19352846326945627
27,104,234 : -0.6177304473855489
27,163,332 : -0.4893343390211895
28,154,229 : -0.48996691173893314
13,28,271 : -0.47513555271362495
16,29,216 : -0.4465722497346063
29,66,231 : -0.5116488954909917
20,30,78 : -0.5594360286697522
29,30,124 : -0.5926079611013411
31,135,259 : -0.5767389156487193
32,236,325 : -0.5834079373357643
24,33,133 : -0.4764289246219975
33,55,205 : -0.5047578195856157
33,53,83 : -0.5612971290248272
33,44,240 : -0.4985694672594567
34,176,237 : -0.7576877049114015
37,50,209 : -0.36846810544557096
37,193,300 : -0.2996312334409157
35,38,91 : -0.465071517683906
38,72,275 : -0.27445759405889714
3,39,171 : -0.45335961045663953
39,201,324 : -0.47091011150761997
36,40,84 : -0.4570124197187164
40,129,146 : -0.37236081803152077
40,58,137 : -0.298078626529783
41,198,333 : -0.3975553247262291
17,42,153 : -0.3682680910732463
40,42,238 : -0.49874033833760567
42,220,233 : -0.4596512403399844
42,55,331 : -0.35619527358831427
45,104,183 : -0.5707555874775532
45,61,187 : -0.5471657798981531
45,204,274 : -0.493529191855157
45,191,244 : -0.430589582378786
45,269,330 : -0.27452319854242746
22,46,244 : -0.37047233698629944
46,86,316 : -0.32187566481854546
37,47,98 : -0.43830090606357297
27,48,285 : -0.47131058782457025
48,66,161 : -0.5169725785700576
49,101,311 : -0.4370163631694419
17,50,131 : -0.4864128921308275
51,60,216 : -0.5024289778819351
51,196,265 : -0.3444211013014682
52,171,302 : -0.5686385570882193
21,52,249 : -0.46736326880854273
53,57,275 : -0.4743893209065282
54,134,223 : -0.1839403287736645
57,85,208 : -0.5192651704654636
58,153,279 : -0.3631032445641331
58,193,334 : -0.4512605364282707
60,135,287 : -0.38680258936177436
60,131,231 : -0.30566693222546526
61,99,138 : -0.4533352655792302
61,166,184 : -0.4691977988343312
61,120,255 : -0.4046132826193334
60,62,97 : -0.48097032039418086
62,126,312 : -0.4521022954331484
62,222,269 : -0.46898943897068346
62,261,266 : -0.3030921317661719
61,63,157 : -0.5641560846633844
63,190,284 : -0.512579203064738
64,290,299 : -0.35546740423266954
64,235,291 : -0.4239390325795518
65,77,253 : -0.48110422757666305
66,114,203 : -0.21959621227465087
68,81,296 : -0.42881194608172635
31,69,79 : -0.44118447135718375
69,87,249 : -0.42577970415281263
69,162,311 : -0.5361412378994899
70,180,257 : -0.341258102444127
71,127,291 : -0.3900542710041204
71,249,308 : -0.42062816116626234
10,60,72 : -0.46704476214178037
69,72,224 : -0.35077256474563523
1,73,246 : -0.4165572272358149
38,73,87 : -0.40322442835302974
19,73,105 : -0.3168561330575068
73,242,315 : -0.4306070178148258
74,128,149 : -0.5761055477895469
24,75,172 : -0.4280315374167101
76,135,152 : -0.4131501465451697
77,151,154 : -0.4075942674994173
78,80,242 : -0.46616320834243674
78,256,322 : -0.46444458651426346
79,178,231 : -0.4658014687780865
12,80,197 : -0.33985768904322233
18,80,198 : -0.41651370882832284
71,80,322 : -0.28978887979839296
80,120,313 : -0.43464344636144325
80,169,178 : -0.5424765240226965
80,112,286 : -0.3321806583636351
80,97,304 : -0.5034810650539594
47,81,323 : -0.46740096846149415
81,192,236 : -0.5724657191867792
60,83,139 : -0.48940470705765815
64,83,210 : -0.4738957386581464
84,199,205 : -0.5528785923034005
85,263,287 : -0.5113175366048621
52,86,96 : -0.35038176278263555
86,146,245 : -0.4281048445880751
67,87,303 : -0.5728156165929357
87,122,292 : -0.33962469802637174
87,105,257 : -0.40114482912401495
66,88,321 : -0.3691397777275034
88,218,328 : -0.40907067095965344
89,111,185 : -0.43119621802402053
90,106,115 : -0.3732838677546697
19,90,141 : -0.4204294336830863
91,208,242 : -0.5732693652304848
91,128,307 : -0.565909054581647
92,311,322 : -0.5190191621599072
93,141,184 : -0.4997964926177869
94,155,303 : -0.46390850098048353
16,94,192 : -0.4683613007285481
54,95,278 : -0.2898825320275211
60,64,95 : -0.4035641548919382
95,117,158 : -0.4509507397601855
95,234,274 : -0.46818799455218296
36,96,300 : -0.5173963141673612
96,136,282 : -0.34716191707485744
91,97,142 : -0.5118974759351196
97,154,334 : -0.3199297399386287
55,98,156 : -0.3930821013782122
98,158,215 : -0.3301578020052889
98,159,216 : -0.5340507076111289
52,96,99 : -0.49970747543820737
99,188,317 : -0.5609936205259947
56,100,222 : -0.3034767576186823
33,100,258 : -0.530366112399896
67,101,135 : -0.46273588509438635
103,178,254 : -0.37137269197423906
42,68,104 : -0.4555082245831308
50,74,104 : -0.47871713889264433
2,65,105 : -0.3469909325115832
62,105,276 : -0.3043395921197469
38,105,233 : -0.3622048391195829
17,106,226 : -0.47855743538823514
106,246,306 : -0.4805441187241466
98,109,249 : -0.38855699850164926
13,110,327 : -0.2985233965249965
14,62,110 : -0.3749202460581551
15,110,294 : -0.26535133653805865
84,110,328 : -0.5465067398931995
20,99,111 : -0.4058442282365504
45,111,144 : -0.6609371513319897
111,203,240 : -0.36418747475040636
112,118,201 : -0.6382688883227536
112,175,251 : -0.4657842481179615
114,258,266 : -0.4318523937180472
57,101,115 : -0.4798197481583939
115,307,318 : -0.5254765943446569
116,128,218 : -0.5343023434327561
117,224,327 : -0.3764639463218322
36,118,205 : -0.34111626787659954
118,181,325 : -0.7003745551117091
119,134,238 : -0.4623164466670797
9,120,133 : -0.384618769379792
40,120,206 : -0.40986566770111477
105,120,243 : -0.3835159624781326
120,211,291 : -0.547881550349063
116,121,138 : -0.5138069547915625
121,182,189 : -0.408331812404338
88,122,144 : -0.506425267774177
17,38,124 : -0.38516240111163724
8,25,124 : -0.45457972787555634
124,153,274 : -0.6258200412066919
124,134,207 : -0.2732931225867057
6,125,139 : -0.46436951351966593
66,109,125 : -0.2297300484433764
127,148,223 : -0.4005630066222077
122,128,165 : -0.42199192879613956
128,207,247 : -0.4910660071178623
30,129,305 : -0.2825022563809183
81,130,291 : -0.3663380592100478
50,92,130 : -0.3489343176559905
131,148,241 : -0.3427992913012341
116,131,289 : -0.4536058098112097
26,133,143 : -0.17189811600431004
95,133,287 : -0.4398958190124258
30,134,239 : -0.4371499833901338
116,135,212 : -0.5430680328078585
92,105,137 : -0.4301664951692956
122,138,281 : -0.2618669056475742
4,134,139 : -0.4624927029101664
139,263,330 : -0.4779153699112517
105,140,182 : -0.48621003639167104
115,119,140 : -0.2730021092417978
140,162,302 : -0.45850201527562273
41,140,246 : -0.38964722326442347
108,140,281 : -0.367253335877046
140,179,294 : -0.4962316408875953
84,143,183 : -0.4782229234137825
23,144,197 : -0.5566511851227558
76,145,157 : -0.5832318274352724
146,210,237 : -0.6256427957680599
10,147,191 : -0.35207353437840316
147,286,291 : -0.5702538245716142
148,235,325 : -0.5662885090475316
149,161,312 : -0.28325375813214126
23,150,314 : -0.2527136531957994
42,151,248 : -0.4840449511885403
132,151,192 : -0.3852775159712152
33,151,237 : -0.49588902659268985
153,209,275 : -0.4484914564753786
101,118,154 : -0.413332253333746
108,154,197 : -0.44792633338899956
71,155,251 : -0.31521395418698317
116,126,156 : -0.3681386220556
158,267,281 : -0.406931616613571
122,160,331 : -0.45460000287833235
108,161,295 : -0.3148522726928076
161,292,299 : -0.20010468388873326
119,162,249 : -0.43119685896282967
132,145,162 : -0.3241325625506617
51,163,255 : -0.6226455477937463
165,186,241 : -0.4353858351143991
165,209,226 : -0.34935149517311603
124,140,167 : -0.38874610148031374
168,289,302 : -0.5379483438812085
168,236,310 : -0.5796011203339948
35,169,303 : -0.3640425200580566
169,245,262 : -0.5089583509878151
17,171,242 : -0.4246517953389124
103,171,216 : -0.4013108614701024
102,108,172 : -0.4811506647922401
118,136,172 : -0.45247691546920565
103,172,318 : -0.3629347959605673
172,174,328 : -0.46135638885318886
174,188,291 : -0.33484612529257807
6,174,288 : -0.32961243266498164
8,69,176 : -0.4662145211483688
154,177,190 : -0.5104430742771127
16,33,178 : -0.3903475384259534
179,180,211 : -0.3417108958539061
179,211,276 : -0.24474463110007472
43,180,260 : -0.5522000277752408
94,182,243 : -0.356239093968548
139,148,182 : -0.444240503565013
22,182,208 : -0.6153656593419821
182,228,291 : -0.4806116285461588
34,127,183 : -0.5214789253876586
78,184,204 : -0.6160202132847388
65,186,191 : -0.4584926840336214
92,188,248 : -0.4328097172029748
100,103,188 : -0.2869819958269755
188,191,246 : -0.45006594851335224
47,188,203 : -0.5181672407430598
88,189,318 : -0.520290898739453
147,189,213 : -0.45804563771790985
49,191,237 : -0.44747566220982193
90,192,273 : -0.3623936711374318
18,25,193 : -0.5122928411239245
149,193,300 : -0.36336282936527864
22,193,272 : -0.38024015730986593
83,126,194 : -0.4729059766033752
167,194,262 : -0.187062808992279
43,195,307 : -0.4848129095867857
3,51,195 : -0.5187717017836972
67,195,214 : -0.4500711484731199
93,195,251 : -0.4488559944926518
87,186,197 : -0.40691724083475567
51,155,198 : -0.5307675646480003
160,172,198 : -0.5660092457615358
99,198,272 : -0.41017134371078856
19,199,228 : -0.46149413374260684
85,200,320 : -0.5564676883382862
97,114,200 : -0.5133230980510946
187,200,253 : -0.45253770162664164
200,281,299 : -0.39473381012986164
151,174,204 : -0.5906247145955483
118,142,205 : -0.3898024183648299
201,206,222 : -0.534969164447306
9,206,226 : -0.3400440985288318
122,210,235 : -0.3092619135764354
210,298,332 : -0.38396071456827086
182,212,258 : -0.5431763937302718
17,213,277 : -0.22619855382816967
14,214,325 : -0.4512440984692325
216,217,236 : -0.29202056956541567
77,218,269 : -0.5234989432691586
16,39,219 : -0.2950355475547204
100,131,219 : -0.2865892241195567
175,176,219 : -0.38425556552284656
118,133,220 : -0.4645612551605476
44,48,221 : -0.43785685205348224
88,159,221 : -0.4619004286232826
149,221,248 : -0.32849582912822206
131,222,247 : -0.289877210131231
128,222,292 : -0.39263919766703825
6,222,331 : -0.4692873615068307
23,224,334 : -0.28374705867324956
121,199,224 : -0.5316044984396295
127,149,225 : -0.2727509007784876
88,226,245 : -0.5163847476570449
48,226,236 : -0.5915343987946844
37,227,315 : -0.37688023374261337
191,227,262 : -0.42274244820219864
48,227,320 : -0.27331593017858746
79,228,309 : -0.5609658428037356
27,185,229 : -0.49068082948799585
84,229,295 : -0.4890994574676122
117,229,314 : -0.32563778458462833
118,230,333 : -0.5308928621875233
34,37,231 : -0.4131022278012413
60,65,232 : -0.5225479024047122
116,216,232 : -0.3924049818772235
86,216,233 : -0.5195269183440232
177,185,233 : -0.50118951097408
21,233,331 : -0.501398321531008
18,141,236 : -0.43125368896574656
56,198,236 : -0.35643413016686853
7,238,301 : -0.40186028509068406
47,153,238 : -0.47380846444028046
90,238,266 : -0.4732842123045127
107,108,238 : -0.425846968686463
192,238,264 : -0.4960358743515072
13,239,241 : -0.36452703139492293
77,240,245 : -0.4532535358937715
205,240,249 : -0.5037577165052998
11,141,241 : -0.47163899279916555
17,213,241 : -0.3007014032705302
241,294,334 : -0.4155275500098279
125,242,293 : -0.3559665562761778
176,243,276 : -0.4080604500286171
117,243,304 : -0.5141288030042932
147,244,304 : -0.44137776647034577
245,251,252 : -0.3696204862889554
7,245,260 : -0.5410428481230634
3,64,246 : -0.3944420964263018
41,126,246 : -0.34799825265517637
138,246,256 : -0.4063096368526855
88,246,268 : -0.5464449825595716
227,246,311 : -0.38597365266060546
3,246,316 : -0.3387721115847553
56,247,321 : -0.29923742567071
141,248,276 : -0.4413333615061017
6,249,296 : -0.43084674258150635
108,249,294 : -0.3783914620166371
64,158,250 : -0.44571287930398795
210,251,265 : -0.5460954363385049
31,232,252 : -0.4821747454535321
52,125,252 : -0.352781891107409
71,252,325 : -0.340002173939701
252,286,327 : -0.31646871035477253
94,182,253 : -0.3435883982805712
25,100,254 : -0.3442970119663391
40,143,254 : -0.4229240848473972
140,254,302 : -0.3808436550171028
211,239,255 : -0.396949516095467
166,256,310 : -0.541881305441716
93,178,256 : -0.38205564627599453
145,186,256 : -0.49285035466664384
232,256,277 : -0.43592367024989254
210,235,257 : -0.2997125174325459
257,281,298 : -0.2527654388756937
160,258,267 : -0.2648014016214135
99,170,259 : -0.5374108839904084
143,259,298 : -0.47390806586135215
121,155,260 : -0.4988588655037778
40,65,261 : -0.4445437239848198
45,225,261 : -0.27939300070454554
81,262,270 : -0.6399165119822934
183,262,281 : -0.5525383402846209
148,196,264 : -0.46084687115671397
27,266,276 : -0.40244181551231284
17,20,267 : -0.3531262891817708
21,266,267 : -0.5108435875910615
88,203,267 : -0.24342921875525225
64,118,267 : -0.4726226788633048
78,185,269 : -0.449096192689465
158,243,269 : -0.551085589408761
123,269,330 : -0.30229137135194417
164,179,270 : -0.3470858921762827
199,251,270 : -0.4982095019871122
163,182,271 : -0.6186534341616818
271,293,302 : -0.4664275787620069
249,272,291 : -0.38610155235827026
111,273,315 : -0.42650829999518236
115,243,273 : -0.35446608727256956
64,274,295 : -0.39070657381242624
48,230,275 : -0.5476575935874735
77,92,276 : -0.3930301940756613
233,276,294 : -0.23772268953565212
175,276,280 : -0.47849436493330666
38,277,284 : -0.40629746327296257
41,159,277 : -0.2626632873494663
89,188,277 : -0.4033664465421378
158,193,278 : -0.5693028819271571
138,279,332 : -0.29728533168187354
83,193,280 : -0.6176516032062529
154,274,281 : -0.3373224921105671
56,63,282 : -0.31666736316030386
112,179,282 : -0.4150174800362745
84,269,283 : -0.2257135863421953
5,23,284 : -0.4300358615116253
127,188,284 : -0.4593994695970236
106,284,307 : -0.3830630195940814
107,284,325 : -0.43413201238241794
23,282,285 : -0.3232270992281685
5,141,286 : -0.5196091919031536
19,46,287 : -0.4853423476973582
64,168,287 : -0.4648314039457855
62,117,288 : -0.37929255235987025
107,175,288 : -0.3088435092517634
84,147,289 : -0.6834632019147886
103,289,297 : -0.4813108656110858
86,288,290 : -0.41033929299869043
102,290,315 : -0.38299166031252385
37,60,294 : -0.417058231084352
69,106,295 : -0.3869174125314856
174,272,295 : -0.1267211309248517
35,86,296 : -0.37550383595810977
198,295,296 : -0.4612228546207189
166,296,303 : -0.48388003518945943
247,287,297 : -0.5519473413094715
76,297,318 : -0.4547303358080006
282,297,325 : -0.5599401856882187
48,151,298 : -0.46801007537723605
72,120,298 : -0.3853104205729785
187,298,319 : -0.4385818091081717
80,233,298 : -0.3141534682821836
171,299,331 : -0.34885293674817053
225,269,299 : -0.25206332958472566
189,299,315 : -0.4503585464916193
6,114,300 : -0.4029363850535219
5,27,300 : -0.44226732222461074
46,48,300 : -0.4820467235661319
150,200,301 : -0.4458560819082149
70,230,302 : -0.4076949552910347
218,234,302 : -0.6190646825831538
206,258,302 : -0.4221758709311858
106,107,303 : -0.3614671936693261
49,304,329 : -0.32522881309268215
63,201,306 : -0.4229934213280968
126,281,307 : -0.4208660044393897
178,195,307 : -0.3454808898438093
176,309,326 : -0.6666423618312476
35,55,311 : -0.5085487215828588
108,279,311 : -0.4633353189230949
77,80,312 : -0.36836332854159815
12,289,312 : -0.33316640426298827
44,312,315 : -0.4092673898698864
293,309,313 : -0.5352798024022589
96,156,314 : -0.3956599237365068
148,314,331 : -0.5089158153893978
83,164,314 : -0.48412960143333605
175,192,314 : -0.46047477366198386
98,276,315 : -0.4645881515577268
31,315,325 : -0.6052629162822225
48,73,316 : -0.2990631635805494
227,253,316 : -0.11430531253060106
18,24,319 : -0.5273033962044631
81,117,320 : -0.6009382036636377
300,321,328 : -0.31715390863395054
5,210,322 : -0.5439685369069167
159,161,323 : -0.3122802525251396
222,234,323 : -0.3836843416272804
102,268,324 : -0.5053673861065278
256,278,325 : -0.6053803399231708
115,152,326 : -0.45383418002396736
35,52,327 : -0.5166942763702447
121,214,327 : -0.3853942361691134
25,246,328 : -0.43407845694372926
70,102,328 : -0.43443864708971214
186,231,328 : -0.4652709741635277
150,256,328 : -0.44096452072653625
91,321,328 : -0.3423465253484239
174,236,329 : -0.42053685017428455
325,329,334 : -0.5159527500091865
69,149,330 : -0.564307689612404
177,304,330 : -0.3893275160381213
257,279,331 : -0.3231446059147751
25,103,332 : -0.3743639261553444
233,286,332 : -0.289737230745045
73,89,333 : -0.39973030806643584
180,245,333 : -0.4511391158352862
35,326,333 : -0.5552346757864413
176,200,334 : -0.5192875010672124
44,255,334 : -0.6195121714658116
11,60,501 : -0.5163749101134529
17,212,431 : -0.6380059900815749
38,59,643 : -0.2968417770398468
81,311,507 : -0.8790714502387023
30,83,581 : -0.7119687782720521
83,266,357 : -0.6498883165297049
83,318,361 : -0.6651937337797462
103,148,379 : -0.633513397576589
64,152,412 : -0.7493583920629407
153,185,580 : -0.6292081878191516
155,220,424 : -0.7587962854549022
162,166,499 : -0.5251008494912695
163,170,606 : -0.6248655383729451
65,177,589 : -0.6803400578511343
160,188,395 : -0.7244196623669019
108,193,483 : -0.6100841624254234
124,207,565 : -0.36647497473494184
230,237,515 : -0.7089005118564353
268,285,643 : -0.6301646284850162
255,287,664 : -0.6421871990452426
166,293,398 : -0.651325755339339
254,328,490 : -0.6839631750245352
249,332,337 : -0.594287136316094
10,79,796 : -0.3836686582363986
31,93,741 : -0.49690934825913313
62,229,802 : -0.5799790247288996
46,98,899 : -0.7160232524768941
21,152,769 : -0.522037324089851
3,205,735 : -0.7242662670333437
158,259,887 : -0.6318299254475779
190,308,812 : -0.4980463775783186
89,312,958 : -0.5289983923758292
228,325,702 : -0.5010159650838952
14,92,379 : -0.6494015314857544
26,105,532 : -0.49760272106562664
24,40,621 : -0.629112492070691
73,198,338 : -0.43223069986894225
90,166,336 : -0.6618784858305027
92,328,608 : -0.6780800165924954
112,172,449 : -0.5979401338345713
126,326,437 : -0.6742770652058556
127,247,595 : -0.5590144003572481
53,157,498 : -0.5757025834306719
164,325,344 : -0.6014348377416547
91,178,610 : -0.5893542963393998
183,252,567 : -0.5769499797486657
204,263,514 : -0.6353423465878996
73,217,338 : -0.28440662310481146
218,237,457 : -0.7401800678665462
240,308,433 : -0.5523231041501058
55,242,372 : -0.6459672217526256
125,251,491 : -0.6686725158054374
143,251,621 : -0.48586409050490653
88,258,407 : -0.5844423825135783
135,262,336 : -0.6923584405723164
137,264,425 : -0.5008407769606542
8,290,606 : -0.5302556475266136
16,291,364 : -0.7209971273723641
159,310,420 : -0.6113030856100612
254,324,500 : -0.6308357192401288
5,341,551 : -0.57074113078568
27,421,614 : -0.5604300365841302
34,420,623 : -0.6605891628232881
65,489,658 : -0.5384860336296975
87,452,491 : -0.7451507968750186
106,501,636 : -0.6202926927112717
136,457,587 : -0.6278210783807756
204,434,622 : -0.5582530312123102
210,401,549 : -0.5236765567956083
211,415,426 : -0.6517335925471317
241,541,595 : -0.5668387096770664
278,583,618 : -0.6478360285755471
300,359,451 : -0.591269758183208
9,606,757 : -0.7700980590542303
30,408,712 : -0.7570077132920969
41,662,693 : -0.9053653482291428
44,336,733 : -0.7761250191635192
47,351,803 : -0.882200321196279
48,573,873 : -0.8474261866436248
50,364,904 : -0.7700022764977366
60,628,852 : -0.7920158075843593
74,653,926 : -0.6725819089576612
142,340,706 : -0.6290272373534553
188,532,778 : -0.8061559500467999
201,603,882 : -0.8909344857251364
204,663,672 : -0.7503056670074355
222,372,867 : -0.900059975470521
32,326,862 : -0.7362705340493754
38,275,727 : -0.5605020884130583
75,288,911 : -0.44618294353829024
108,131,860 : -0.6500686092267387
13,134,709 : -0.6961639152501
144,258,741 : -0.6071202667914832
67,147,955 : -0.5384090175420719
178,219,942 : -0.6233750098915403
189,205,752 : -0.6166453137654031
83,202,733 : -0.588654575132054
189,218,902 : -0.44248388426341134
224,229,931 : -0.36120487034650584
133,233,995 : -0.6652256521300206
204,265,693 : -0.7884625608901554
200,279,773 : -0.7099601267682467
232,326,892 : -0.6971816552880217
5,653,931 : -0.6192109027583905
5,593,941 : -0.5846866908611017
21,497,671 : -0.722874772612409
45,606,952 : -0.8740833854755328
57,591,670 : -0.683871689380017
77,599,746 : -0.8600834506086894
121,431,700 : -0.7356676617549163
134,379,764 : -0.9696736287060759
138,501,958 : -0.7460754021497875
141,390,744 : -0.4829887815099769
141,610,894 : -0.8105885557167891
162,335,712 : -0.7793708296167132
190,582,779 : -0.7423404562792955
235,581,769 : -0.7377264912447798
252,653,755 : -0.8300324069421414
256,478,883 : -0.8187365714119039
286,623,761 : -0.749417882021084
289,553,872 : -0.703267231563734
296,488,856 : -0.8157562428481504
329,463,791 : -0.7494690240736563
5,689,825 : -0.7377272668544679
6,829,837 : -0.6607263912641528
43,889,959 : -0.5428324236582769
47,696,892 : -0.7078565300602455
52,922,954 : -0.629934209764452
81,907,946 : -0.3554450824488864
106,902,910 : -0.6465562180670343
107,776,868 : -0.5518847730132452
128,670,792 : -0.6951584743551706
153,893,917 : -0.6354750204841024
160,822,935 : -0.6472802467876861
201,907,908 : -0.8500549367997285
216,760,864 : -0.6583301701710949
237,790,861 : -0.6844513653300459
250,676,957 : -0.36518392868655525
260,787,815 : -0.7605177470261262
269,772,827 : -0.6515836902097205
286,869,873 : -0.6292427702288017
289,691,798 : -0.7718680475083195
292,801,914 : -0.6449920295572824
294,717,960 : -0.6427752071753865
310,887,930 : -0.5937429324818904
317,698,775 : -0.5014577257831778
334,771,828 : -0.7117752152515506
8,233,343 : -0.5046016721967237
275,293,344 : -0.5793905882035204
83,297,349 : -0.607708362697484
162,248,374 : -0.5470407608404004
66,259,404 : -0.6850709726701525
14,192,410 : -0.6888652137353182
47,254,417 : -0.6885276488367982
7,41,420 : -0.558538643803151
57,97,459 : -0.6718724367341213
65,226,462 : -0.6183479394700602
74,110,479 : -0.5917949433695737
34,193,505 : -0.7092284484210785
102,148,527 : -0.6904139713874509
146,226,527 : -0.46746753149116715
117,282,528 : -0.6749185846705203
66,249,578 : -0.5327387861021902
69,93,602 : -0.6490029111400148
261,298,608 : -0.5495767786341048
266,402,518 : -0.6057221009357532
17,422,466 : -0.7393142872076619
309,468,482 : -0.7139543948593436
97,491,631 : -0.626252514675997
199,412,514 : -0.7133912376813407
105,373,519 : -0.6593069385250487
210,389,542 : -0.601104930958358
270,444,548 : -0.6939987643398038
36,552,569 : -0.623354441662336
272,593,665 : -0.5296707004416876
51,466,613 : -0.7409534424591617
168,569,649 : -0.8284062882271879
271,337,869 : -0.599876373768544
230,340,757 : -0.6571670851814826
160,356,733 : -0.8199812447252408
30,364,728 : -0.7214723881244296
33,367,981 : -0.7658806361912109
85,386,717 : -0.7999868501930276
61,393,751 : -0.7822745062353631
306,398,748 : -0.656211802572022
297,450,832 : -0.7492010658281592
77,491,797 : -0.7230345866871088
28,497,913 : -0.7139868716450644
64,504,674 : -0.7155181740097607
184,538,945 : -0.8212583613791333
144,542,699 : -0.8564594316027199
319,546,814 : -0.32647416530626905
128,569,697 : -0.811962583948092
118,591,746 : -0.7829076809916362
78,636,844 : -0.7711132761457757
238,652,965 : -0.8252757936713424
108,347,478 : -0.7474940720167371
244,342,357 : -0.5624916727495815
26,354,368 : -0.5930292772733066
100,421,595 : -0.682697508767184
145,431,491 : -0.6222640265626271
300,425,437 : -0.6760108088097287
171,360,477 : -0.662663775383737
123,487,553 : -0.5475004246591573
21,491,576 : -0.6010193068351288
84,397,525 : -0.6766602111555293
304,345,527 : -0.6553441236106907
86,527,539 : -0.6565353948818817
4,517,534 : -0.6425946045475641
104,447,537 : -0.61102550414315
333,563,630 : -0.75223296011628
57,403,572 : -0.5580801518892415
301,573,590 : -0.6829050869484354
262,366,637 : -0.6112194292944557
280,374,641 : -0.5583388570228989
335,381,498 : -0.6045534601708713
335,424,474 : -0.372257079760383
335,520,551 : -0.30907036430853396
336,379,413 : -0.7464177177974485
336,517,546 : -0.595695212995552
336,352,563 : -0.5379400058948338
338,450,641 : -0.6024334366056969
339,391,507 : -0.5587597104441411
339,512,649 : -0.3390585312716834
339,531,658 : -0.2588749806746389
340,381,601 : -0.5893297488354456
340,594,606 : -0.6569162935541837
341,551,617 : -0.26761543698735357
341,575,596 : -0.17763616138642968
341,590,596 : -0.2599067744858963
344,381,652 : -0.4919843035306335
347,354,530 : -0.46145336875846765
347,588,649 : -0.48144702974028597
347,603,633 : -0.3330185159745458
347,652,655 : -0.4367372653749064
348,360,519 : -0.39648307972133434
348,396,551 : -0.4594824248118259
349,463,465 : -0.4009135167960065
348,350,354 : -0.35030722156630834
351,368,566 : -0.4539540899567365
351,377,452 : -0.4106886328678425
351,397,423 : -0.46167051721356045
351,584,631 : -0.32065404936271524
352,530,632 : -0.26099133838982636
352,385,538 : -0.33445212155730686
353,398,645 : -0.5203418354270164
354,392,477 : -0.481480440769416
354,571,666 : -0.40407290224249515
354,376,641 : -0.4451654035697823
355,362,580 : -0.3798904761523545
356,484,494 : -0.432529384476946
356,369,506 : -0.5043012829215086
356,548,588 : -0.5096098007684109
358,503,649 : -0.3870210496066262
358,381,541 : -0.46984160721856805
358,373,547 : -0.23596671894951604
358,412,584 : -0.2822282500067217
361,432,555 : -0.36730081963615135
362,379,406 : -0.5113056307762112
362,378,490 : -0.41647003404304783
347,362,515 : -0.4022877049632505
362,403,659 : -0.49615273693411877
364,529,625 : -0.4604463323150334
364,433,544 : -0.4780128942430668
364,554,557 : -0.5107465107846296
365,372,626 : -0.22863520391377445
366,653,663 : -0.4867626408088914
357,367,607 : -0.40217369421525184
367,420,493 : -0.4797829380236509
367,426,533 : -0.44123479299781976
370,458,562 : -0.3534362597497538
370,632,656 : -0.4314398865745026
342,371,564 : -0.5759457609536343
365,373,405 : -0.32752900160517107
373,429,576 : -0.3090289669524293
373,387,655 : -0.4767885437407777
336,376,497 : -0.5145385208854463
377,425,489 : -0.5199350588510749
377,470,562 : -0.3394022301260242
377,575,581 : -0.329188429751907
378,564,653 : -0.3785081632378744
378,640,643 : -0.43379862772153244
341,380,402 : -0.311098886456719
380,484,664 : -0.49197699444672427
380,563,573 : -0.5408401952222792
383,517,664 : -0.49552839757479217
367,384,472 : -0.2079220078901165
381,384,539 : -0.29949278358184706
362,384,597 : -0.5085775043280283
337,385,388 : -0.4879210923207187
362,385,589 : -0.40376144071350706
385,421,452 : -0.34481598518678647
385,438,462 : -0.5365884748612082
385,622,624 : -0.48768508089267537
387,604,664 : -0.4161585385241433
357,388,389 : -0.3905098772493618
389,434,618 : -0.42530659827911976
391,617,657 : -0.5176113725132157
393,418,426 : -0.568573701308301
393,555,624 : -0.5072106057063774
394,480,511 : -0.3674924894259042
395,407,441 : -0.483945938164001
395,503,645 : -0.392352302262033
395,536,619 : -0.4439277365111942
395,567,661 : -0.444365451507843
361,396,443 : -0.5029206809378846
396,514,666 : -0.47378682274331707
396,502,548 : -0.36196581607913814
397,611,638 : -0.3913757738851458
398,588,615 : -0.4988787219299611
373,399,580 : -0.39188242171158194
399,578,651 : -0.4397618066411253
400,661,663 : -0.3470079304712188
401,540,615 : -0.27995517399902226
342,404,409 : -0.28834466121936053
404,581,651 : -0.4784883830828479
406,555,599 : -0.27767167214732424
407,517,642 : -0.5046854546980075
408,504,576 : -0.3867808122200145
404,409,507 : -0.03743897619577696
410,506,612 : -0.4237276953080791
410,533,664 : -0.570677868944538
350,410,411 : -0.35949511113895194
411,630,636 : -0.48088408614238176
411,580,652 : -0.24675383113084903
351,412,473 : -0.3068205573384537
412,559,599 : -0.5157410453405666
414,459,614 : -0.46536722275191744
336,415,556 : -0.6177276732116572
415,620,635 : -0.1517401510872407
416,533,643 : -0.34542390572457027
416,459,648 : -0.33144806500357626
416,538,648 : -0.28609219423343735
417,420,568 : -0.40143603453223786
394,405,418 : -0.154376446540621
418,491,645 : -0.4596267686381039
418,571,585 : -0.5082446051090579
419,563,601 : -0.4436727570439305
339,420,514 : -0.5803856690174958
381,420,467 : -0.6031031463743841
420,554,570 : -0.26018532216585166
342,388,422 : -0.26417917752032993
423,442,657 : -0.568472833517512
389,423,448 : -0.3942070587504327
423,481,489 : -0.4107825854773264
376,423,529 : -0.4174484203429534
423,474,543 : -0.16335476118653003
423,551,613 : -0.4276091457404263
414,424,463 : -0.45373073410981135
424,473,524 : -0.20832218335966957
424,537,566 : -0.2870098119116893
355,410,425 : -0.38184243930607886
425,430,436 : -0.39481068823853516
342,426,517 : -0.50562342695279
373,426,548 : -0.3605623527177182
368,426,562 : -0.39474910328749035
427,469,629 : -0.28463722210064635
337,375,431 : -0.5900043937671384
431,590,643 : -0.5561631525210784
397,431,653 : -0.4502985223246023
432,641,662 : -0.4479825528909118
433,444,571 : -0.6341258837865622
433,562,574 : -0.37926999230048386
378,434,615 : -0.36703117988343403
395,434,622 : -0.37502260881372407
434,447,524 : -0.38290455271793444
435,560,638 : -0.04203699727907262
408,436,549 : -0.43289729790831477
387,415,437 : -0.49368818685652904
437,441,578 : -0.3571881339957894
338,438,551 : -0.5239922121016689
353,438,500 : -0.31230939349566045
438,535,653 : -0.4374590934282041
439,468,556 : -0.2485128168160129
439,587,606 : -0.5454261683799926
441,504,549 : -0.4571859256673312
442,467,528 : -0.5112894274073247
442,568,571 : -0.38519500173529453
337,393,443 : -0.4624616356794111
443,477,534 : -0.472368585554511
445,447,617 : -0.3109961924947715
376,445,612 : -0.4335309376997536
445,614,617 : -0.25886482676937983
390,446,558 : -0.6122472962048735
374,446,506 : -0.4916895813634494
402,446,508 : -0.3322481749361508
446,533,575 : -0.290052591780281
446,533,631 : -0.3522640475234753
446,543,616 : -0.4186231662011064
446,532,628 : -0.4339926867155297
446,447,544 : -0.3104240918552037
447,609,641 : -0.43961712633665684
335,448,530 : -0.45894175341019894
448,573,662 : -0.6391544563557208
426,449,657 : -0.5556370769985173
450,485,642 : -0.5967885141931952
430,450,522 : -0.4501604384009188
354,451,537 : -0.3694722123763341
451,452,461 : -0.3752374124002933
452,579,614 : -0.37436649443860803
453,544,612 : -0.34264798823859044
453,535,554 : -0.45195149425489367
453,565,642 : -0.4180425274264723
345,454,521 : -0.34582295357906956
454,466,659 : -0.4440453413794714
379,455,625 : -0.31892356083635987
429,455,656 : -0.3780115171904401
455,469,516 : -0.3147555285398378
396,445,456 : -0.41193895686190185
342,364,457 : -0.43135668802708027
361,457,458 : -0.48787869810152507
433,457,592 : -0.4095567169107537
347,379,458 : -0.47901651872341433
368,459,561 : -0.39049346594923917
459,492,608 : -0.45548960478722544
335,406,460 : -0.4245466919990779
460,464,550 : -0.17820237026541452
460,542,608 : -0.43955687725526404
421,462,585 : -0.4733072697277654
462,595,609 : -0.46315159957009566
463,591,653 : -0.4757231688709127
413,464,542 : -0.4818746643318743
430,464,636 : -0.5316953735116381
385,465,552 : -0.3601728907431485
363,394,466 : -0.35681906588471546
366,405,466 : -0.5712785920295489
387,425,466 : -0.4679127298738539
466,498,519 : -0.48008349177832366
439,468,600 : -0.18107815599625265
425,468,545 : -0.5967482994061273
469,501,534 : -0.43377446286600696
470,491,612 : -0.4211871503462339
470,506,523 : -0.4335807065946009
470,606,663 : -0.4685444888310504
399,444,471 : -0.4255675397303298
358,473,651 : -0.317345197791729
473,496,566 : -0.3081635934994811
381,473,597 : -0.365981506006253
474,514,567 : -0.4617640997253307
418,475,589 : -0.3030112365096136
475,495,523 : -0.38225763537186164
448,476,479 : -0.28815328641820503
353,476,602 : -0.5080239340988233
405,476,657 : -0.2780757462459271
387,477,586 : -0.5143723993666194
410,411,478 : -0.29538796823097213
478,525,598 : -0.3047727215179199
353,405,479 : -0.3577085646458593
362,386,480 : -0.4047633231959338
481,507,543 : -0.3381928185804719
383,481,627 : -0.45225908409658166
481,566,640 : -0.17606985096600347
409,475,484 : -0.27738649048400155
484,491,505 : -0.47690882565813997
484,498,513 : -0.39954494713174027
484,594,641 : -0.4025893112086161
484,543,648 : -0.35807410024665387
388,485,660 : -0.502690635503376
383,485,516 : -0.5094192653012743
344,429,486 : -0.3017934813856342
399,486,504 : -0.3688128745692014
480,486,584 : -0.2935766112538958
487,500,555 : -0.317783068181426
487,572,625 : -0.4473572887766155
441,488,617 : -0.44857414380718263
454,488,524 : -0.16625368594637058
381,488,537 : -0.43323049600915686
382,489,509 : -0.5853930399374572
366,490,523 : -0.4503260305404304
370,490,637 : -0.29743139001875907
417,492,588 : -0.34453898700392616
354,493,590 : -0.5605810853862745
378,452,493 : -0.35472260299440705
420,452,493 : -0.3843819932066115
493,558,667 : -0.20233313067033842
386,420,494 : -0.5521562312583004
441,494,659 : -0.5213062260621517
389,496,651 : -0.31395950961389407
494,497,628 : -0.3557405889444718
344,499,585 : -0.5334122936641261
411,499,558 : -0.3897803249179952
499,513,592 : -0.4878026948952263
482,500,619 : -0.4694731963125274
446,497,501 : -0.4378886423432522
470,501,595 : -0.44090478560875357
341,400,503 : -0.29877958724499365
373,503,543 : -0.3664880505717871
503,522,615 : -0.30120502643104885
504,611,663 : -0.557517919625647
429,486,505 : -0.21220240508962207
505,581,617 : -0.3939145347255315
463,505,589 : -0.30957929970229214
335,505,649 : -0.4070413707833822
478,506,584 : -0.4768315271236705
506,508,600 : -0.31688003559037337
380,507,511 : -0.5177570890665932
377,508,583 : -0.3290659795388655
400,403,508 : -0.38641493054978726
491,508,522 : -0.48466690562702475
508,509,643 : -0.5586554506748693
394,438,509 : -0.38704917083424295
509,577,616 : -0.10352218847670303
453,510,561 : -0.34622662063662357
493,499,510 : -0.4528485652770122
503,510,521 : -0.3557304661798837
335,510,544 : -0.34480928482838547
377,511,585 : -0.3036351845633227
350,417,511 : -0.4326701899661243
482,511,659 : -0.515518535373084
476,511,620 : -0.4708673268003265
512,638,642 : -0.46930476221826845
513,610,662 : -0.49113853081728265
351,514,547 : -0.3989482862701985
357,465,515 : -0.46216382705258696
478,515,610 : -0.48380145689849474
507,515,524 : -0.45914493578001414
515,528,613 : -0.5764954226727093
384,434,516 : -0.28822819569756875
335,517,520 : -0.39371093611059615
399,447,518 : -0.4559627915854816
490,520,561 : -0.49703688148824865
468,522,564 : -0.5876947387337257
406,442,523 : -0.4022303698127556
523,550,564 : -0.37236543914986187
411,524,566 : -0.23370739500380333
411,525,624 : -0.3982000107353594
475,525,662 : -0.47101411821907946
491,526,553 : -0.4930122585544403
526,538,574 : -0.3740461233833312
379,526,627 : -0.5401546320999129
433,528,631 : -0.6219134359286675
451,506,529 : -0.23559379775671196
388,471,530 : -0.37388003763138533
350,504,530 : -0.3235627039151927
529,530,562 : -0.2987125487074316
419,530,653 : -0.4742801312985565
384,469,531 : -0.2919539378896616
395,463,531 : -0.34010197816161436
505,531,534 : -0.28914045526976806
440,459,532 : -0.4733758384403406
385,416,533 : -0.28324520096402606
477,502,533 : -0.3611842001002763
422,486,533 : -0.40892635196778926
461,520,534 : -0.47432721723991755
411,534,580 : -0.388890470722667
374,535,596 : -0.3623894959502625
411,535,581 : -0.5043057905325989
494,535,641 : -0.4066926127465078
400,466,537 : -0.378849431690893
537,607,615 : -0.499188092624572
423,451,538 : -0.342123334788776
454,461,538 : -0.33069890515528066
538,540,632 : -0.2949845066991945
473,538,612 : -0.2778350493645938
488,538,612 : -0.3352898022917832
516,539,590 : -0.34648151665974014
363,473,540 : -0.3682199725793953
497,541,564 : -0.44950668177146724
542,545,553 : -0.5696707377616228
534,542,621 : -0.5257355819810656
542,562,661 : -0.5464241316396652
423,543,545 : -0.3120065493552664
537,543,640 : -0.3650733815850191
392,543,587 : -0.23084425451542145
520,543,596 : -0.2955947282440481
543,596,612 : -0.26056567303997014
429,543,657 : -0.3496461570154825
400,500,544 : -0.37492538727675373
544,555,666 : -0.29148707714811484
527,545,554 : -0.609634841056583
545,548,604 : -0.248050921299086
482,546,632 : -0.5118722423901403
351,487,546 : -0.6272894486699381
405,434,547 : -0.44422439415890236
351,486,548 : -0.3693580976892934
548,579,638 : -0.36390479273019727
398,521,549 : -0.5581650965458851
402,550,594 : -0.2984642493072649
349,408,551 : -0.4836791677070529
340,375,551 : -0.4884782653657871
389,551,646 : -0.22846502311392913
431,447,552 : -0.4936059770578627
552,591,618 : -0.452110919694348
467,553,576 : -0.5238080302317922
409,507,553 : -0.25598014261933466
404,553,594 : -0.3719813655092645
382,449,554 : -0.617583176092928
498,554,638 : -0.5328071031725046
407,554,604 : -0.36985347083088804
353,555,599 : -0.30922825924616326
555,595,647 : -0.5099041398217397
346,475,556 : -0.269886906727713
397,500,556 : -0.44947786247930654
551,556,585 : -0.45295144768596396
557,600,648 : -0.3138791330930837
374,419,558 : -0.3325646234703219
343,488,558 : -0.509478937169499
535,558,616 : -0.29614240466172115
465,538,559 : -0.4054211770103866
551,559,605 : -0.3927356932446029
464,491,561 : -0.5625361083646303
399,561,608 : -0.5380985482446747
392,561,622 : -0.3807004395886402
521,562,621 : -0.46527744257022796
372,431,564 : -0.6129874234162316
558,564,652 : -0.4114118531037949
363,418,565 : -0.37604091547315965
347,565,568 : -0.44248191293373296
387,403,566 : -0.4407198814884634
469,566,572 : -0.4149168089805755
467,518,566 : -0.40160187761806077
473,568,635 : -0.45509634616811634
342,569,608 : -0.6595098776425965
436,443,569 : -0.5719898660016631
367,571,588 : -0.30019487833702563
345,571,599 : -0.5044026836697868
359,445,572 : -0.4337796220601233
348,511,572 : -0.4564056945070263
346,415,573 : -0.2720242208891044
414,574,619 : -0.23588646995696672
575,638,650 : -0.35675123827573674
398,491,576 : -0.42694533653977773
350,415,576 : -0.4293808334322404
463,576,615 : -0.4207444566672689
436,578,603 : -0.4080593880985295
547,580,617 : -0.3808046305554378
424,574,581 : -0.2637745028379057
459,541,581 : -0.5379461846662605
423,581,646 : -0.3467990453413452
340,341,582 : -0.49426742909715715
363,536,582 : -0.433922392552589
365,582,622 : -0.4947857407539531
336,582,596 : -0.5264046477182727
421,583,651 : -0.4195905646382363
423,432,583 : -0.3486271654013908
497,583,656 : -0.5630529653853205
430,585,659 : -0.4341992121411151
450,585,618 : -0.5018163573345134
402,552,585 : -0.32695545866419295
444,563,586 : -0.5508442279444266
451,587,600 : -0.1709093648314144
566,587,618 : -0.344327143804092
427,587,656 : -0.44291792689919296
509,588,613 : -0.4951500765445571
571,579,588 : -0.17394259901431264
370,576,589 : -0.4645031183134547
363,376,589 : -0.4474255168866357
409,434,589 : -0.41247067670936244
473,590,636 : -0.6360180817479755
428,591,617 : -0.6862208603509077
496,591,650 : -0.46601693577095915
421,592,634 : -0.45216206533011416
426,592,650 : -0.34333752400083317
357,592,601 : -0.6448865238117252
469,593,628 : -0.5756880868270102
558,595,653 : -0.46125165076064345
375,596,619 : -0.5009295724916143
456,563,597 : -0.5024920532032369
554,597,655 : -0.47726738672086655
442,598,634 : -0.35213625740120635
385,506,598 : -0.3098082999018106
421,518,598 : -0.23900993061593057
487,509,599 : -0.4777200168629292
425,599,640 : -0.5266066951056003
367,385,600 : -0.5108100318783522
369,375,601 : -0.3255628465598608
444,536,602 : -0.500927826405746
507,603,618 : -0.5812597250929494
452,603,633 : -0.27920297248789505
349,604,643 : -0.498673404790283
353,605,643 : -0.5250752484430814
447,556,607 : -0.4576172699259953
541,607,650 : -0.3439393147753049
423,555,608 : -0.5770571797177002
423,532,609 : -0.49194650104461757
388,537,610 : -0.5922327995323595
361,490,611 : -0.49098333368218827
422,586,611 : -0.22302594844737933
397,599,611 : -0.3267685478391549
385,521,612 : -0.35722455302435674
407,541,612 : -0.4763672340054783
351,424,612 : -0.39330536689064566
371,446,612 : -0.45179536200922277
377,592,612 : -0.2713407958756622
372,384,613 : -0.6249752354541869
503,527,613 : -0.40873267667514934
339,615,655 : -0.433262970136278
522,615,666 : -0.37934638631263384
396,597,617 : -0.33003447757313276
520,606,617 : -0.5785505685751833
600,617,620 : -0.5197617060480506
422,617,651 : -0.3860266797009064
446,531,618 : -0.4113927956261283
484,540,618 : -0.417216577483001
417,580,618 : -0.4545151188705683
339,555,619 : -0.548119449017676
424,540,619 : -0.22396991505870556
457,566,619 : -0.5777606957527741
339,417,621 : -0.3084023216510867
476,621,649 : -0.4895690330817586
571,572,623 : -0.546742281128392
510,624,634 : -0.3313047349013136
381,469,627 : -0.36834960177983245
411,504,627 : -0.4099150133942091
372,627,644 : -0.4104746741366825
447,587,628 : -0.35610005417094603
497,628,637 : -0.29588081165910696
348,576,628 : -0.49035283619567904
364,592,628 : -0.5216222971501885
408,578,629 : -0.5353579049286941
482,595,629 : -0.5360272039552993
509,512,629 : -0.4540889304816862
569,630,647 : -0.44137866054569264
356,473,631 : -0.43750497125413457
544,632,649 : -0.35099574049835836
439,445,633 : -0.36123235500842643
349,542,634 : -0.44594485586200516
353,386,634 : -0.6059043624493574
360,545,634 : -0.4427606673449316
511,592,635 : -0.40643632392967044
620,635,639 : -0.12503594793628414
466,629,636 : -0.5294406584392526
372,624,638 : -0.6184926803605673
549,566,639 : -0.4689871662131986
434,601,640 : -0.45189841303200073
338,532,642 : -0.5109370120396421
352,611,643 : -0.4571397238548689
532,643,644 : -0.5663841310537776
427,535,645 : -0.31165350520543234
600,629,645 : -0.315971244607379
521,646,660 : -0.30905223496172773
427,478,647 : -0.5028912876006801
431,589,647 : -0.43694210586000426
414,475,648 : -0.4662580688560465
535,539,648 : -0.45611333906511886
474,587,648 : -0.2695001314405101
434,539,651 : -0.38708897867812997
369,483,652 : -0.29558127423154046
359,629,653 : -0.488555904625106
489,514,654 : -0.17142105524036833
397,617,655 : -0.4381451969864969
455,458,655 : -0.28445518673226644
495,524,655 : -0.27541493140573414
550,571,655 : -0.5221907363091316
549,630,655 : -0.3523057322693237
406,438,656 : -0.3756198898824481
407,502,656 : -0.37489352914743446
477,500,656 : -0.4660852374378246
365,377,657 : -0.31454178017955403
415,614,657 : -0.39675309619599597
548,646,659 : -0.4488775808848511
566,658,659 : -0.36487268244837545
385,426,660 : -0.3016415928114
586,589,660 : -0.4458257627809208
583,617,660 : -0.3851089761049056
341,494,661 : -0.3716253372948626
501,647,661 : -0.3322272252145648
475,511,661 : -0.4624672224837747
431,535,661 : -0.43117730977585467
371,519,662 : -0.5302858449412753
549,655,662 : -0.4620807038645096
451,612,663 : -0.28964347852888483
372,424,665 : -0.559429256743452
639,647,665 : -0.41667898800534786
534,629,666 : -0.4102908908024443
341,428,809 : -0.7199822366669604
342,364,995 : -0.5825300332623626
349,585,915 : -0.6709698055440556
351,580,994 : -0.561250111826741
354,527,705 : -0.808465261949425
363,504,679 : -0.5193182438049415
376,592,799 : -0.6333574507660908
397,593,964 : -0.6615211562208252
386,412,701 : -0.603272523393064
435,457,668 : -0.4452974220626966
449,471,668 : -0.4226719060524826
485,569,797 : -0.6792732479381898
389,494,669 : -0.6824199227087899
372,505,679 : -0.49174046137914096
443,511,937 : -0.8047465672150498
533,542,922 : -0.8755770617708114
197,366,851 : -0.8518103908607906
29,391,935 : -0.7759669086704291
120,403,958 : -0.8298097495542058
181,423,698 : -0.6764466948245538
200,431,878 : -0.7959167621183643
105,462,711 : -0.7253989349419858
97,477,869 : -0.796984677923553
212,601,967 : -0.7297683862683568
169,609,858 : -0.7889631893043179
325,612,840 : -0.9668616686553522
67,615,876 : -0.7702547854615189
309,618,785 : -0.8928228913786931
203,651,852 : -0.7665714827403656
296,651,979 : -0.785494078597694
160,664,691 : -0.7560980330470817
383,456,996 : -0.7167021869021595
438,515,689 : -0.717574375442511
447,631,762 : -0.6506119147106246
456,462,926 : -0.6255904673817163
339,461,894 : -0.6481279457751468
470,620,739 : -0.6617520352053581
384,483,870 : -0.7311606846956982
366,520,905 : -0.6668997026407044
527,613,674 : -0.5272379027503598
489,639,862 : -0.6386736572494862
619,648,690 : -0.6849803740476557
372,872,886 : -0.7419508301546112
374,877,986 : -0.6083213584256772
376,725,997 : -0.6529164666637912
382,841,961 : -0.5548650769688452
413,684,743 : -0.596081857105571
428,837,980 : -0.2975300249199968
450,732,917 : -0.5583398743298988
493,767,984 : -0.636819751602673
523,678,800 : -0.7276353929445443
581,740,872 : -0.7137291777740347
582,730,817 : -0.6389868740876075
611,725,894 : -0.7493491469550921
631,694,757 : -0.6406164747063745
659,687,900 : -0.6940961502619512
201,231,679 : -0.6446076739498983
39,260,685 : -0.6954655936650853
1,117,776 : -0.7319458510316299
79,220,808 : -0.5671434334620162
220,297,818 : -0.5857893413395052
69,284,829 : -0.5882790713346324
148,258,833 : -0.6480011302366318
48,320,884 : -0.649488271486264
32,319,905 : -0.43458780221433835
107,176,923 : -0.49571122574131676
30,33,937 : -0.6281466784519691
113,170,958 : -0.1537421055349304
51,202,964 : -0.4045289177709579
44,347,725 : -0.8251288942572854
258,428,748 : -0.668498942617733
331,619,797 : -0.7899268198228655
19,573,817 : -0.6982305287660351
72,431,828 : -0.7161297583655533
218,409,878 : -0.8288351747457452
163,440,894 : -0.5756504800066691
159,494,906 : -0.7410584535600804
43,510,918 : -0.7784241018716913
153,636,989 : -0.6845049054754879
234,522,994 : -0.7232103258781537
248,692,992 : -0.5709181769517289
25,708,730 : -0.6788300339117059
78,714,812 : -0.6340291732063934
311,717,834 : -0.6656416909911109
124,746,967 : -0.6767155175879567
226,751,914 : -0.6373464492933891
52,769,793 : -0.5753215087010859
44,770,980 : -0.6382118123411544
259,772,933 : -0.5808708764069619
238,793,860 : -0.5345459275838502
182,814,815 : -0.6514195036656629
86,829,845 : -0.7186149990866495
25,830,951 : -0.44945298402255984
192,869,981 : -0.5669412138555296
268,739,881 : -0.6314533466937449
218,890,902 : -0.4780478607409233
116,805,897 : -0.5999951347946471
135,779,952 : -0.6215382129006204
280,819,962 : -0.5446746264437929
31,826,979 : -0.6016377655861502
327,537,668 : -0.8341811631188722
42,450,714 : -0.5417299617130531
34,456,721 : -0.8747155169527698
287,576,753 : -0.794307068979166
186,605,754 : -0.33346406433500486
210,643,768 : -0.8729750815065338
48,351,785 : -0.849881754081812
208,476,813 : -0.9154638136163284
91,408,826 : -0.8003832252202052
274,398,829 : -0.756897344878497
310,599,882 : -0.7770294196820791
88,441,891 : -0.80906420339412
200,487,930 : -0.7626121764290112
76,619,960 : -0.7966236579336787
181,359,964 : -0.4900385765737987
463,591,674 : -0.49599561480791277
522,549,732 : -0.5655858343804652
443,477,746 : -0.5297373702864454
353,363,756 : -0.6674554340120795
427,644,795 : -0.5857772201307196
338,597,799 : -0.73973533136094
549,648,830 : -0.7814075818323218
602,612,845 : -0.6872650052492189
552,662,874 : -0.7670691451289531
500,597,880 : -0.80687235386809
573,582,908 : -0.7336278561291163
371,586,936 : -0.46536594177186474
387,670,817 : -0.6894572579085192
509,739,941 : -0.6054006878774956
390,763,817 : -0.5140338671193692
357,772,780 : -0.5187596564725665
535,794,820 : -0.7703697941426788
381,805,860 : -0.7436685901398805
590,825,834 : -0.6207048852655073
462,694,828 : -0.6619139927907614
659,865,866 : -0.5767420049997161
547,897,947 : -0.6869403371093519
591,850,994 : -0.5348993461841482
320,678,892 : -0.6156366908957418
243,682,793 : -0.6290642458441629
243,683,775 : -0.6426840255664787
144,701,978 : -0.7640448577959005
264,705,962 : -0.7435005469631879
145,724,767 : -0.6382724086540998
104,744,843 : -0.6888254763145958
307,785,897 : -0.6796012019215201
199,788,854 : -0.5573870605495457
185,810,928 : -0.45736337131954397
296,819,889 : -0.657661929298607
45,703,833 : -0.7597623198258991
212,724,833 : -0.45729183772550086
21,860,991 : -0.4330016483090504
24,701,873 : -0.7853331871978779
21,877,972 : -0.5132257811799312
274,882,911 : -0.7105611138235273
159,871,915 : -0.7478737766919292
294,832,927 : -0.6382735274747637
210,907,973 : -0.6773458814610787
322,794,974 : -0.6464368320938834
199,821,992 : -0.6889634028232843
508,672,988 : -0.6237411208016468
537,673,900 : -0.7388779553560694
375,702,803 : -0.5902417879604434
370,723,743 : -0.8041911762819987
482,731,749 : -0.7372710414041141
497,722,757 : -0.5552307011980961
340,773,883 : -0.6017339681147909
534,782,843 : -0.7930811843184498
607,783,901 : -0.6280065800958434
410,741,787 : -0.7169195019971473
348,798,926 : -0.736540841345364
442,800,912 : -0.5197530704021025
528,802,866 : -0.6137833734795453
522,807,970 : -0.602275355947077
660,833,851 : -0.8232887768810109
414,764,863 : -0.7638622818273726
546,829,873 : -0.5874761844373138
663,705,876 : -0.6327432261095698
335,878,889 : -0.9080918616621694
664,883,899 : -0.6714765311435671
367,835,906 : -0.6351601306625607
608,723,957 : -0.6827029674065952
670,734,803 : -0.5287076300927867
671,766,870 : -0.5235568506060273
672,798,823 : -0.4706639302139901
674,781,792 : -0.48466292010068934
674,896,900 : -0.6150060091742524
675,684,900 : -0.3460344053096651
675,849,887 : -0.4298354259962709
678,811,839 : -0.4315793941818904
678,954,976 : -0.4375205463064229
680,744,849 : -0.3518161666515729
683,851,995 : -0.5156196566655971
683,899,920 : -0.4618502682747405
683,795,919 : -0.29945436939375014
685,693,804 : -0.5176642962047766
685,838,891 : -0.5056606175079441
687,746,840 : -0.41171554649535547
687,885,953 : -0.36896766792832647
688,719,854 : -0.4324948300628413
688,781,831 : -0.42923353872388614
688,796,833 : -0.5819407089578261
688,923,935 : -0.5689547301831568
689,698,979 : -0.49129675460154876
689,892,993 : -0.35480082642450217
690,913,930 : -0.42005624363081107
691,710,734 : -0.3305549615577006
691,885,975 : -0.49033907451311576
691,930,984 : -0.49675862086395917
693,750,784 : -0.4840077002338017
686,693,994 : -0.47309875028628845
694,831,964 : -0.6241494887003551
694,939,965 : -0.6200008353963145
694,718,960 : -0.3959897696484296
695,843,878 : -0.3096467602287496
696,768,774 : -0.3192996897515772
696,851,886 : -0.3434858764513029
697,846,967 : -0.16243199558320143
697,707,988 : -0.2342998372399263
698,731,894 : -0.6617026101719032
698,718,993 : -0.44130866519595724
699,718,774 : -0.505242206900266
699,732,853 : -0.5179146105770402
697,700,763 : -0.3713207185532128
669,701,706 : -0.5569624073302615
675,703,889 : -0.43515449446624754
703,855,995 : -0.4178874482133659
704,824,975 : -0.2723657500668071
708,761,903 : -0.5152184398569517
708,777,967 : -0.3533239952012992
709,886,905 : -0.4450230898350931
709,891,985 : -0.40760768942631653
710,880,906 : -0.22694557433227835
711,783,807 : -0.37788830268702744
711,720,851 : -0.5508211644188523
711,933,942 : -0.4551541050371637
694,712,984 : -0.3651872189901184
713,762,947 : -0.5161724872214801
713,777,807 : -0.236035759450695
713,782,797 : -0.5767879335053285
713,831,858 : -0.44052566982670127
714,763,986 : -0.5545549332080615
714,772,869 : -0.41030700550709653
715,777,801 : -0.39327579262219214
715,842,968 : -0.43270016681383616
717,757,853 : -0.4279997514247833
678,717,877 : -0.3627920261013622
712,717,945 : -0.39522365688358696
690,718,884 : -0.4589598134039963
721,726,796 : -0.5602121814236303
699,721,730 : -0.5010425154012546
721,879,975 : -0.4317569884124284
705,722,792 : -0.40368076709459144
721,722,787 : -0.5267605130551793
722,773,803 : -0.4185114739087432
722,736,909 : -0.17464296349703057
705,723,972 : -0.5659384632022371
724,779,849 : -0.3194553883453839
724,756,981 : -0.4271493516978162
689,725,746 : -0.4528147230260595
725,769,910 : -0.3242448843097212
725,855,910 : -0.46907832097445157
716,725,936 : -0.4093222467883024
726,823,842 : -0.49798472240533487
726,827,906 : -0.3621715751023209
723,727,731 : -0.414505745021591
728,741,855 : -0.4420417706832285
728,825,977 : -0.4030579260310472
729,811,865 : -0.27652036407329317
729,870,895 : -0.16661125898048512
729,839,986 : -0.3332598784694061
731,764,932 : -0.3512490625208835
703,733,884 : -0.5906023985369564
733,929,990 : -0.4010496239993122
735,890,988 : -0.4682206593362386
737,914,940 : -0.32284384112614184
738,793,809 : -0.5103822143904866
738,879,961 : -0.4859901400075306
738,988,1000 : -0.3505372358858867
740,763,896 : -0.277709070985771
740,763,793 : -0.29914974079231516
740,930,982 : -0.38421952547578897
683,710,741 : -0.3839015110013533
742,745,1000 : -0.20885437861398648
716,744,776 : -0.5333418535251693
744,817,890 : -0.44770156656904514
694,745,879 : -0.3275590416642975
700,746,909 : -0.4332859475600974
742,746,762 : -0.43118793417865
746,767,933 : -0.49306820047421995
731,747,947 : -0.446725027374701
748,898,992 : -0.5686060877839076
676,749,815 : -0.37341055664606015
737,750,848 : -0.27477787850268065
674,751,945 : -0.5007965377001344
752,795,955 : -0.4740283883717915
753,895,962 : -0.4555993736028294
755,780,869 : -0.4054391683269247
700,756,849 : -0.35577115522875213
713,756,841 : -0.490433679493929
757,773,977 : -0.4172148591594087
680,757,799 : -0.44945960351908765
707,758,908 : -0.3671736704936397
758,768,948 : -0.3965488735308971
758,804,915 : -0.5128719287545906
697,758,910 : -0.39564550675773025
727,758,979 : -0.39899555516820406
742,759,782 : -0.410805188285176
757,759,810 : -0.36373470695394294
759,809,954 : -0.3346892089168312
759,870,991 : -0.41383123141188194
760,818,917 : -0.4184080298746997
761,952,972 : -0.5628307483304997
718,762,780 : -0.44084816402336746
690,756,763 : -0.5283428148314404
726,764,938 : -0.35755439848434256
710,753,764 : -0.5024790242415482
764,827,995 : -0.33615510703796314
764,794,957 : -0.5260229685248956
719,764,993 : -0.49252533019647515
700,765,795 : -0.44275402614175885
716,765,990 : -0.3563176480235277
736,766,771 : -0.38011753501233625
766,788,840 : -0.5644642852125843
686,767,836 : -0.42165133008788924
742,768,960 : -0.3854489447583209
692,768,864 : -0.32596994296838466
769,849,940 : -0.4324257204320361
672,769,868 : -0.522195378690439
771,817,855 : -0.39370655027138723
707,771,883 : -0.5073818197748894
771,792,887 : -0.37466817975558264
739,771,989 : -0.6317167966685697
772,844,981 : -0.33514175280802205
692,773,925 : -0.34521240415845034
755,773,864 : -0.4217780773078692
773,783,935 : -0.5632407502052055
774,833,839 : -0.5055750948795201
775,822,856 : -0.5877283294839093
775,797,832 : -0.5488974711987082
707,777,793 : -0.2492841758563895
671,778,971 : -0.5080387234209411
689,779,786 : -0.6066317148213181
742,779,888 : -0.40566918198613555
738,779,987 : -0.4034854593911048
780,793,860 : -0.40253530353631284
780,935,938 : -0.44557484849898343
712,781,992 : -0.3964278848749756
781,803,928 : -0.4380763938331358
715,781,978 : -0.2999427937162351
777,781,982 : -0.2078214079986096
716,783,968 : -0.20563229553926332
732,783,813 : -0.5165572269527028
771,784,811 : -0.31738410466157596
707,785,896 : -0.4190128305921972
785,949,961 : -0.5314692845896969
669,716,786 : -0.4310715314319793
783,786,792 : -0.4602086117839277
682,770,787 : -0.4106297665301364
740,787,813 : -0.4485324576823033
787,820,975 : -0.5670724962988098
683,770,788 : -0.4715443724034649
738,789,804 : -0.45211688983785403
789,858,944 : -0.3691397832868415
701,775,790 : -0.6678138911248059
791,809,963 : -0.5118525701446157
765,794,854 : -0.3825734662602325
794,876,963 : -0.2018381422717268
795,924,960 : -0.4505545255926251
673,796,995 : -0.3979023379531912
780,798,962 : -0.5366373390000925
762,767,799 : -0.2438215528228327
738,799,859 : -0.5149252503927197
800,920,950 : -0.20193909002464006
762,799,801 : -0.4009744624789362
719,802,972 : -0.49621721178554123
802,857,995 : -0.5817233455412665
757,803,966 : -0.42122482514525017
793,803,971 : -0.4573396287227216
804,829,877 : -0.5151891674090698
805,919,992 : -0.3223138862835575
678,776,806 : -0.4101115374651356
731,807,904 : -0.4890888654643013
795,807,926 : -0.5624193336473788
756,807,883 : -0.3963051711403369
807,942,952 : -0.36396181309170395
673,808,904 : -0.42897775051244014
699,809,959 : -0.36618690756198724
723,789,811 : -0.5031573888580354
811,899,985 : -0.3537285868503326
736,812,922 : -0.4280347529693487
705,813,982 : -0.37950918832115055
708,750,813 : -0.48298510445365395
814,881,921 : -0.3756664846783637
695,711,815 : -0.26731097144505345
815,828,949 : -0.4559865682225921
731,809,818 : -0.3689935293955402
713,818,853 : -0.370705502264292
735,799,819 : -0.5292098140356423
699,819,899 : -0.5180114026383218
743,820,949 : -0.30601092274725294
808,821,935 : -0.4765866856514367
681,821,975 : -0.37866488000149623
748,779,822 : -0.5852524328433961
782,789,824 : -0.4509820674310099
824,855,960 : -0.35208213330576177
777,825,849 : -0.41618214286324506
787,825,915 : -0.5537795854438667
782,825,896 : -0.4096972934410201
817,825,975 : -0.4871255343547196
814,826,829 : -0.45843501868289716
811,826,962 : -0.41596000160242763
709,826,966 : -0.3846652144838605
817,824,827 : -0.36115319771470733
818,827,930 : -0.4436169643517496
827,870,922 : -0.4238957031789614
827,940,974 : -0.29171759189268465
723,758,828 : -0.41463156498453113
764,816,828 : -0.6070332876706763
805,828,830 : -0.5937286273540814
672,738,829 : -0.5051200799546307
713,829,905 : -0.6028745502364972
735,829,918 : -0.5766284373264305
693,818,830 : -0.4567219475876203
749,830,869 : -0.4060829511270998
831,898,931 : -0.4593330510042346
715,832,910 : -0.34342731579226204
832,919,924 : -0.2333274242873935
833,856,902 : -0.5731673080260618
824,834,865 : -0.2733940808815172
677,832,834 : -0.26018873262348796
786,834,916 : -0.5172433806783705
743,835,963 : -0.3464739384675031
835,860,899 : -0.4820362603999704
835,895,961 : -0.40759487644325065
835,907,977 : -0.37000035349277605
691,742,837 : -0.5659758419213903
735,803,838 : -0.42694673942287364
759,838,843 : -0.4199966319449373
838,881,987 : -0.27125113322360983
805,838,992 : -0.3997149114398848
706,840,914 : -0.4260317213962408
790,823,841 : -0.35449859137455864
696,778,842 : -0.49340679958494316
680,813,843 : -0.4749852257866909
802,804,843 : -0.6702061246530553
676,829,844 : -0.5420368179440913
703,758,844 : -0.463475437048253
807,844,934 : -0.32543432664280325
740,845,940 : -0.4277311057406308
720,751,845 : -0.39451850190357374
748,847,878 : -0.46882489176667175
747,843,847 : -0.2866043272206049
816,847,907 : -0.278561046054435
848,933,943 : -0.19127208645058325
776,848,965 : -0.36827067027923155
738,850,982 : -0.41206312518817123
783,815,850 : -0.4322977161205579
795,851,886 : -0.31676999450062393
801,851,974 : -0.43590279711712054
835,852,954 : -0.428321404347068
852,952,953 : -0.573693434158637
715,733,853 : -0.5067261316201568
721,855,887 : -0.3521706326502989
764,855,866 : -0.3903686030539797
710,855,899 : -0.1929357001180967
855,916,985 : -0.3261720937447403
856,908,956 : -0.40419454503029373
793,857,934 : -0.31635175661298987
784,803,857 : -0.4811621682725604
857,890,898 : -0.3528782362605636
674,708,858 : -0.5402937466412183
731,858,866 : -0.47774217529254637
858,884,933 : -0.4035771171095106
826,861,905 : -0.5035393970824276
824,861,907 : -0.5580399466181523
732,793,862 : -0.5326676156180126
773,846,862 : -0.4774821830420075
862,925,988 : -0.5183377855451168
862,936,965 : -0.5926889601247931
785,864,953 : -0.41892326947191494
864,964,973 : -0.3970053782034233
686,865,896 : -0.2964079551291712
687,817,865 : -0.2706764331161442
773,827,865 : -0.41351529766925843
706,760,867 : -0.5103381602831858
762,767,867 : -0.32562325662929803
720,858,867 : -0.39804068060543907
792,868,923 : -0.46240097123870494
869,917,984 : -0.43734400439174403
729,826,870 : -0.32973445330570383
772,871,904 : -0.5122850289396688
790,871,997 : -0.5017419750112231
792,871,979 : -0.42797046474853717
852,861,871 : -0.38010906610935047
715,871,888 : -0.4481030814499689
786,872,937 : -0.5657847458125456
668,873,923 : -0.6970615863187373
756,873,989 : -0.4779645528882792
704,874,879 : -0.11590705197523143
780,874,995 : -0.5383342957462203
810,875,989 : 0.025178689102336338
877,881,904 : -0.38782185944492475
695,752,878 : -0.24622586532686475
703,760,879 : -0.4030546509473789
683,757,880 : -0.37350914974258353
838,880,910 : -0.3301530698852557
795,873,881 : -0.5464470051716996
734,810,881 : -0.371840846601295
715,724,882 : -0.5606644471883067
792,836,882 : -0.3939299245189103
706,842,882 : -0.539366880286491
882,925,934 : -0.49059111970753944
792,836,883 : -0.4419389648413028
851,883,991 : -0.4460704377439799
761,863,884 : -0.31566985021138994
671,886,952 : -0.49871764310899547
687,737,888 : -0.35557828647663836
771,888,954 : -0.3246008442745276
859,873,888 : -0.40981909512875525
761,888,943 : -0.32703374732175616
693,729,889 : -0.4774667633803309
797,806,889 : -0.4840028695815921
818,889,991 : -0.35003478851223346
889,951,981 : -0.322580297795789
754,883,891 : -0.5230716720772439
712,767,892 : -0.5121426703282119
689,892,900 : -0.5069360141508417
669,893,968 : -0.27979759449950636
808,885,893 : -0.4654975254743967
726,868,894 : -0.5075670118653339
853,894,983 : -0.5394756153771334
717,731,895 : -0.46432493499616134
752,824,895 : -0.470166971854284
801,895,979 : -0.3880369248530051
693,699,896 : -0.5418146422028012
700,868,897 : -0.36905118851705
705,897,976 : -0.47237795305645713
792,897,922 : -0.4546256092728429
676,682,898 : -0.36165370140089226
782,791,898 : -0.4949447727196836
779,899,973 : -0.4853812443652572
752,815,900 : -0.5133249606271102
724,729,902 : -0.36843753735864726
877,880,902 : -0.453180058677797
677,903,971 : -0.18432448367095144
688,743,903 : -0.5990667956497773
712,759,904 : -0.3906741521268038
680,776,906 : -0.3390752808586628
734,778,906 : -0.3217139688809936
690,907,925 : -0.3877341825935985
671,816,907 : -0.38926398513603266
697,769,908 : -0.2909743580005051
846,908,927 : -0.32397584619988073
792,909,948 : -0.2840601469909725
755,910,924 : -0.33497918719214104
717,810,910 : -0.3097095801504566
685,834,910 : -0.4164678060135669
734,911,954 : -0.3982700134699311
860,900,911 : -0.616668651808683
870,911,922 : -0.4177413717873497
772,912,952 : -0.4341292811159263
776,912,991 : -0.35679276887534694
723,842,913 : -0.5024487269550963
730,913,924 : -0.43282821315033315
880,913,984 : -0.3465472358934685
712,914,975 : -0.5719403862217516
684,840,914 : -0.31104176085184054
720,852,915 : -0.5102112787157189
795,916,983 : -0.30304401313401663
768,917,918 : -0.5625790125406354
749,917,966 : -0.3480590628652984
776,784,918 : -0.4193890455578002
756,851,918 : -0.5065162631004818
713,880,919 : -0.28053650024767895
698,762,920 : -0.5026248629985393
800,920,989 : -0.39049597225945254
669,813,920 : -0.6003033847236967
783,921,939 : -0.3749202919465131
723,887,921 : -0.392893750554107
758,831,922 : -0.5329895257638022
832,903,922 : -0.42666813945196136
683,776,924 : -0.32149103926719347
793,889,924 : -0.4185576816684764
826,869,924 : -0.41762778506175
907,919,925 : -0.22846813108721165
925,993,1000 : -0.41302567745402063
679,900,926 : -0.6275212882253909
736,894,927 : -0.5645164131226674
927,928,967 : -0.3470626748254859
793,927,988 : -0.30613046910662156
770,869,928 : -0.41401952727123703
870,895,928 : -0.2756881025793503
899,928,984 : -0.38592827024416665
759,792,929 : -0.37528013276328176
852,929,940 : -0.48134829218293906
750,916,930 : -0.501574724655276
741,749,931 : -0.5159008346249347
786,863,932 : -0.27249156608051406
676,780,933 : -0.47064853647899607
768,933,954 : -0.5357349179966993
705,748,934 : -0.5843671589722117
794,880,934 : -0.34107233615604327
727,842,934 : -0.32589594125462495
730,934,939 : -0.31474934572923496
935,942,961 : -0.3856708650486016
792,846,937 : -0.5213629050446644
734,902,937 : -0.49153547456422864
911,919,937 : -0.4534933648894708
876,938,963 : -0.28155471816225264
925,938,952 : -0.38633195565445955
725,939,970 : -0.37615287713478085
769,794,939 : -0.3864371557575055
772,849,939 : -0.3681168936338448
857,940,967 : -0.37453538397615116
941,944,954 : -0.36415409940189747
673,840,942 : -0.4561907248249173
839,859,943 : -0.3150702111220731
929,943,965 : -0.2302916547039322
809,887,945 : -0.4271097243977031
891,945,993 : -0.5505130862033258
881,942,945 : -0.4849971651434679
852,944,947 : -0.44110439253893774
882,947,969 : -0.2613156003398083
678,725,948 : -0.46849212233549475
673,822,950 : -0.47229191139840987
799,906,950 : -0.4503777836139342
874,885,952 : -0.47530951123287757
707,953,962 : -0.35032818349629524
878,901,954 : -0.5280763899376133
684,779,955 : -0.43339221605227074
878,888,956 : -0.431782766417502
729,797,958 : -0.6353243596612566
735,871,958 : -0.6184303241739779
715,780,958 : -0.49424978422312504
761,863,958 : -0.44897144595964056
803,913,958 : -0.4451239330712271
903,947,959 : -0.427658600030953
713,773,961 : -0.3373774548229598
675,706,962 : -0.47715515861228974
733,962,974 : -0.506477084384251
803,832,962 : -0.48349602952595916
961,962,986 : -0.38178255860922783
795,865,963 : -0.5544991628931393
858,908,963 : -0.6132868676108179
743,963,970 : -0.3974572037922761
811,953,964 : -0.4448090534661753
778,891,965 : -0.4811983575093097
792,933,965 : -0.41462824252137986
709,801,965 : -0.470949548725603
671,810,967 : -0.47101536013800116
783,838,968 : -0.30809151521979605
714,806,970 : -0.36383755820989383
840,857,970 : -0.3959701525078334
681,880,970 : -0.3444869994365616
686,733,971 : -0.5322100242113537
916,971,983 : -0.1627756810408676
829,943,971 : -0.4854180719921375
808,908,972 : -0.5730271106992584
700,973,982 : -0.4271504066905214
726,816,973 : -0.35614867073243417
755,756,973 : -0.3624619777373317
844,846,974 : -0.3284625321502388
762,812,975 : -0.6121104726184206
836,950,975 : -0.4688200286228381
671,873,976 : -0.5354060260986633
750,809,976 : -0.34530070200069507
880,963,976 : -0.2845997815782362
752,830,977 : -0.3927728847881502
681,755,978 : -0.2700941545956448
794,860,978 : -0.5266873457355872
789,840,978 : -0.5539882718685465
726,901,979 : -0.49658191060836976
829,979,990 : -0.48469271288202087
731,961,982 : -0.393873127581293
746,757,984 : -0.35487044507049204
849,985,991 : -0.29425772750862333
692,948,986 : -0.1732279729754338
687,746,986 : -0.4117186061708298
935,960,986 : -0.467867633593813
673,743,988 : -0.5346321060858674
714,770,989 : -0.43412094542366786
724,810,989 : -0.307760591274469
824,864,989 : -0.5395526529266497
746,830,990 : -0.5013541945763631
781,978,990 : -0.23533442828211415
752,793,990 : -0.3925632187735095
919,952,990 : -0.32075602832047956
752,952,991 : -0.27227452071317315
710,952,991 : -0.24365045312167677
824,906,992 : -0.3814668679994906
778,855,992 : -0.43061301134839236
839,926,992 : -0.699935637895682
945,973,992 : -0.4411650251712653
753,856,996 : -0.4657770654946052
888,922,996 : -0.5340992721299544
820,996,1000 : -0.417432314136168
766,844,997 : -0.4322750971756526
793,982,997 : -0.428736776348702
671,719,998 : -0.331604142440044
791,883,998 : -0.47767590524423964
739,803,999 : -0.46881669505355017
884,933,999 : -0.2774349307357902
805,948,1000 : -0.38122267147799715
849,902,1000 : -0.5126161361226067
82,159,172 : -0.21635377187319405
