0,335 : -0.891
0,361 : -0.7425000000000002
1,330 : -0.792
1,357 : -1.089
1,939 : -1.1880000000000002
2,371 : -1.225714285714286
2,466 : -0.8744999999999998
2,912 : -0.9525000000000003
3,215 : -0.8485714285714285
5,19 : -1.1314285714285717
5,161 : -0.9900000000000002
5,471 : -1.225714285714286
6,32 : -0.9975
6,151 : -0.6569999999999998
6,747 : -1.08
7,150 : -0.44785714285714295
8,162 : -1.1432142857142855
8,616 : -0.86625
9,421 : -0.8957142857142857
10,100 : -1.03125
10,244 : -1.0890000000000004
10,879 : -1.03125
11,252 : -1.27875
11,262 : -0.8250000000000002
11,282 : -0.8250000000000002
11,443 : -0.5775000000000001
11,750 : -1.2581250000000002
12,404 : -0.5940000000000001
13,331 : -0.8485714285714285
13,347 : -0.9900000000000002
13,678 : -0.9192857142857143
14,769 : -0.9075000000000002
15,21 : -0.7177500000000001
15,148 : -0.891
15,393 : -0.9900000000000002
15,437 : -1.0065
17,84 : -0.6806249999999998
17,403 : -1.1550000000000002
17,792 : -0.9281250000000001
19,216 : -1.0890000000000004
19,438 : -1.126125
19,518 : -0.9687857142857144
19,779 : -0.9617142857142857
20,473 : -1.089
20,561 : -1.1715
20,898 : -1.3200000000000003
21,256 : -0.9899999999999998
21,398 : -1.299375
22,375 : -1.010625
22,475 : -1.1314285714285717
22,666 : -1.010625
22,786 : -0.86625
23,635 : -0.8662500000000002
23,745 : -1.21
24,596 : -0.9988392857142858
25,873 : -0.9075000000000002
25,952 : -0.9281250000000001
26,54 : -0.6435
26,120 : -1.089
26,495 : -1.1597142857142857
27,169 : -0.935
29,698 : -0.400714285714286
29,917 : -0.9546428571428569
30,112 : -1.1756250000000001
30,202 : -1.1756250000000001
30,834 : -1.134375
31,633 : -0.94875
31,857 : -1.150875
31,966 : -1.010625
31,985 : -0.94875
32,963 : -1.0725000000000002
33,361 : -1.2374999999999998
33,417 : -0.18800000000000017
33,847 : -0.8662500000000002
34,146 : -0.9074999999999998
36,71 : -1.2952500000000002
36,269 : -0.9900000000000002
36,312 : -1.03125
36,407 : -1.0724999999999998
36,468 : -1.03125
36,676 : -1.0065
37,415 : -0.9281250000000001
37,547 : -0.39600000000000013
38,361 : -1.1385
38,454 : -0.7920000000000003
39,876 : -0.433125
39,972 : 0.010000000000000009
40,914 : -1.0065
41,446 : 0.01000000000000012
42,63 : -1.1809285714285718
42,248 : -1.0076785714285714
43,152 : -0.9239999999999999
43,614 : -0.7012500000000002
46,320 : -0.875089285714286
46,988 : -1.051875
47,468 : -0.8249999999999997
48,638 : -0.7012499999999999
48,867 : -0.7425000000000002
49,400 : -1.2650000000000001
49,561 : -1.3090000000000002
49,774 : -1.045
50,245 : -1.051875
50,317 : -0.878625
50,546 : -0.8868750000000001
50,651 : -1.010625
51,239 : -1.17
51,544 : -0.9900000000000002
52,410 : -0.9652500000000002
52,412 : -0.5362500000000001
53,172 : -0.8250000000000002
53,851 : -0.9664285714285714
55,267 : -1.0607142857142855
55,944 : -0.9811607142857142
56,136 : -0.8250000000000002
56,316 : -0.9075000000000002
57,398 : -0.7590000000000001
57,886 : -0.6600000000000001
58,377 : -1.060714285714286
58,581 : -0.8485714285714288
58,973 : -1.1549999999999998
59,300 : -0.7920000000000003
59,388 : -1.2127499999999998
59,548 : -0.99
60,112 : -0.7424999999999997
60,513 : -0.6599999999999997
61,75 : -1.1550000000000002
62,241 : -0.8456250000000001
63,101 : -1.089
63,730 : -1.1137500000000005
64,373 : -0.9281250000000001
64,953 : -0.8250000000000002
65,294 : -0.5657142857142856
65,309 : -1.3011428571428572
65,437 : -0.6364285714285716
65,554 : -1.3258928571428568
65,692 : -0.4242857142857146
65,950 : -1.2728571428571427
65,993 : -1.2021428571428574
66,246 : -0.94875
66,592 : -1.19625
67,939 : -1.051875
68,366 : -0.6600000000000001
69,209 : -1.11375
70,288 : -0.9281249999999996
70,628 : -0.6600000000000001
70,749 : -0.9899999999999998
71,431 : -0.9900000000000002
71,563 : -0.99
71,884 : -1.2149999999999999
72,907 : -0.7425000000000002
72,925 : -0.76725
73,455 : -1.089
74,139 : -0.891
74,222 : -1.11375
75,338 : -0.4950000000000001
75,493 : -0.8415000000000004
76,405 : -0.8799999999999999
76,872 : -0.5775000000000001
77,680 : -1.1651538461538462
77,767 : -0.9528750000000001
78,316 : -0.777857142857143
78,329 : -0.6505714285714288
78,564 : -1.1314285714285717
78,747 : -1.125
79,152 : -0.8250000000000002
79,739 : -0.9074999999999998
80,283 : -1.1880000000000002
80,314 : -0.792
81,197 : -0.9652500000000002
81,203 : -0.6930000000000003
81,342 : -1.2021428571428574
81,853 : -0.9652500000000002
82,158 : -0.8250000000000002
82,640 : -0.8957142857142855
83,205 : -0.7012500000000004
83,548 : -0.4949999999999999
85,761 : -0.99
86,201 : -0.9617142857142855
86,216 : -0.7896428571428573
86,842 : -0.8839285714285716
86,987 : -0.9075
87,482 : 0.020000000000000018
88,352 : -1.1
88,402 : -1.089
90,622 : -1.29
91,309 : -1.0999999999999996
91,310 : -0.9350000000000005
91,979 : -1.051875
92,154 : -0.8367857142857142
92,405 : -1.1550000000000002
92,513 : -0.99
92,744 : -0.9192857142857145
93,345 : -0.7920000000000003
93,482 : -1.0890000000000004
95,485 : -1.045
95,888 : -0.9899999999999998
96,479 : -0.8414999999999999
96,849 : -0.99
97,975 : -0.4950000000000001
98,824 : -0.3182142857142858
99,212 : -1.089
99,685 : -0.9900000000000002
99,802 : -1.2127500000000002
100,154 : -0.8642857142857143
100,229 : -1.3090000000000002
100,385 : -1.3640000000000003
100,639 : -1.1
101,363 : -0.9239999999999999
101,486 : -0.7480000000000002
102,279 : -0.6600000000000001
103,675 : -0.612857142857143
103,694 : -0.7012500000000002
104,107 : -0.9475714285714285
104,235 : -1.1989999999999998
104,553 : -0.5445000000000002
104,799 : -1.1385000000000005
106,701 : 0.02000000000000024
107,647 : -1.2846428571428574
107,844 : -1.0394999999999999
108,234 : -0.99
109,263 : -0.7424999999999999
109,288 : -1.11375
110,332 : -0.919285714285714
110,668 : -0.9192857142857145
111,748 : -0.5775000000000001
111,914 : -0.6270000000000002
112,669 : -0.9075
113,786 : -0.7637142857142858
115,554 : -0.433125
116,542 : -0.8662500000000002
117,485 : -0.9075
117,796 : -1.0724999999999998
118,313 : -1.11375
118,335 : -1.0890000000000004
118,359 : -0.7920000000000003
118,473 : -1.0395000000000003
118,672 : -1.1219999999999999
118,757 : -0.9405000000000001
118,789 : -1.2516428571428575
120,921 : -0.9075
122,232 : -0.876857142857143
122,742 : -0.5657142857142858
124,174 : -0.8250000000000002
124,430 : -0.4950000000000001
125,228 : -1.051875
125,892 : -1.045
126,640 : 0.02000000000000013
127,929 : -0.9257142857142859
128,208 : -0.680625
128,423 : -0.8485714285714285
128,673 : -1.3200000000000003
130,621 : -0.24750000000000005
131,175 : -0.6600000000000001
131,364 : -0.9240000000000004
132,423 : -0.8485714285714285
132,899 : -0.6599999999999997
135,261 : -0.6541071428571428
136,647 : -0.9075000000000002
137,549 : -0.5774999999999999
137,989 : -0.726
138,512 : -0.9899999999999998
138,574 : -0.7012500000000002
139,288 : -1.051875
141,488 : -0.8485714285714288
141,584 : -0.9428571428571428
143,260 : -1.1549999999999998
144,591 : -0.49499999999999966
144,610 : -1.0607142857142855
144,752 : -0.99
145,440 : -0.6600000000000001
146,597 : -0.8415000000000001
147,220 : -0.9900000000000002
147,760 : -0.4950000000000001
147,827 : -1.1715
148,411 : -1.1864285714285714
149,809 : -1.1550000000000002
149,847 : -0.86625
150,235 : -1.0135714285714288
151,459 : -1.1715
152,700 : -0.891
153,236 : -0.99
154,582 : -1.1597142857142861
154,812 : -1.0430357142857143
155,210 : -0.3959999999999999
157,242 : -0.7218749999999998
157,349 : -0.9075
157,469 : -0.763125
157,514 : -0.5568749999999998
157,714 : -0.66825
157,898 : -1.0642500000000004
158,960 : -0.9192857142857143
161,307 : -0.99
162,830 : -1.0890000000000004
162,849 : -1.2581250000000002
163,232 : -0.9735000000000003
163,260 : -1.0724999999999998
163,785 : -0.8250000000000002
163,926 : -1.0724999999999998
165,618 : -0.4950000000000001
166,681 : -0.5774999999999999
167,490 : -1.051875
167,789 : -1.0607142857142855
168,250 : -0.9570000000000003
168,597 : -1.1385
169,195 : -0.935
169,471 : -1.1825
169,488 : -1.0724999999999998
169,878 : -0.9460000000000002
169,967 : -1.1
171,750 : -0.8456250000000003
172,399 : -1.0065
172,688 : -0.9428571428571431
172,927 : -1.0724999999999998
173,793 : 0.020000000000000018
174,427 : -0.9899999999999998
174,455 : -0.9652500000000002
174,671 : -0.9157500000000001
174,939 : -0.9157500000000001
176,654 : -0.721875
178,485 : -0.9900000000000002
179,441 : -1.0842857142857145
180,611 : -0.9075
180,620 : -0.4950000000000001
184,297 : -0.7248214285714285
184,799 : -1.0960714285714284
186,590 : -0.6187499999999999
186,813 : -1.1756250000000001
188,721 : -0.8909999999999998
190,441 : -0.6600000000000001
191,894 : -0.1237499999999998
192,738 : -0.6600000000000001
193,207 : -1.0724999999999998
193,315 : -0.8250000000000002
193,974 : -0.9900000000000002
194,799 : -1.1385
194,896 : 0.019999999999999796
195,239 : -1.125
196,467 : -0.9310714285714285
196,575 : -1.1879999999999997
196,668 : -1.001785714285714
197,728 : -0.9652500000000004
197,961 : -1.0725000000000002
198,972 : -0.8250000000000002
199,877 : -0.94875
200,430 : -0.5940000000000003
200,755 : -0.9405000000000001
201,325 : -0.6187500000000001
201,632 : -0.9075000000000002
202,607 : -0.9900000000000002
202,732 : -1.089
203,576 : -0.99
203,622 : -1.2149999999999999
203,953 : -0.825
204,753 : -0.16500000000000026
205,831 : -0.777857142857143
206,399 : -0.56925
206,887 : -0.7672500000000002
207,332 : -0.9664285714285716
207,680 : -1.066153846153846
209,745 : -0.9968750000000002
209,837 : -0.9723214285714286
211,739 : -1.060714285714286
211,834 : -0.9900000000000002
211,938 : -0.8132142857142859
211,978 : -0.9899999999999998
212,396 : -0.9475714285714285
213,523 : -0.8043749999999998
213,931 : -0.891
214,557 : -0.94875
214,786 : -1.001785714285714
215,484 : -0.8839285714285716
215,680 : -1.0280769230769229
216,691 : -0.9075000000000002
217,429 : -1.0999999999999996
217,734 : -0.8662500000000002
218,377 : -0.891
219,645 : -0.9617142857142857
219,663 : -1.1314285714285717
219,848 : -1.1314285714285717
219,940 : -1.1550000000000002
220,675 : -1.0842857142857145
220,704 : -1.0725000000000002
220,808 : -0.6600000000000001
220,819 : -1.2139285714285712
221,851 : 0.02000000000000024
222,444 : -1.1844642857142857
222,920 : -1.1756249999999997
223,388 : -0.78375
224,305 : -0.33000000000000007
225,678 : -0.7590000000000001
226,275 : -1.2139285714285712
226,499 : -1.29
226,977 : -1.1432142857142855
226,984 : -1.0065
227,662 : -0.86625
228,493 : -1.1385
228,596 : -1.1933035714285714
228,977 : -0.9192857142857143
229,855 : -0.86625
230,710 : -0.94875
230,738 : -0.9652499999999999
230,758 : -0.7974999999999999
230,976 : -0.556875
231,846 : -1.1314285714285717
232,249 : -0.8910000000000002
233,246 : -0.86625
233,812 : -0.99
234,353 : -0.99
234,809 : -1.19625
235,568 : -0.99
235,582 : -1.089
236,703 : -0.5774999999999999
236,947 : -0.9074999999999998
239,289 : -0.7312500000000002
240,723 : -0.9900000000000002
241,744 : -1.2463392857142859
241,749 : -1.051875
241,909 : -1.010625
241,980 : -0.8662499999999997
243,968 : -0.8662500000000004
244,405 : -1.21
244,815 : -0.9900000000000002
245,499 : -1.0350000000000001
245,672 : -0.8250000000000002
246,507 : -1.1756250000000001
246,840 : -1.1137499999999996
247,759 : -0.825
248,477 : -0.9900000000000002
248,791 : -0.7955357142857142
249,963 : -0.9899999999999998
250,857 : -0.6930000000000001
251,542 : -0.4950000000000001
251,916 : -0.24750000000000005
252,281 : -1.134375
252,502 : -1.11375
252,790 : -1.0931249999999997
252,860 : -1.11375
253,924 : -0.4949999999999999
255,565 : -0.3959999999999999
256,288 : -1.2374999999999998
257,538 : -0.7012499999999999
257,831 : -1.1314285714285712
258,368 : -0.7919999999999998
259,640 : -1.0324285714285715
259,807 : -1.089
260,361 : -1.0395000000000003
260,791 : -1.060714285714286
260,834 : -0.8662500000000002
260,912 : -1.1306250000000002
261,928 : -0.8485714285714288
263,350 : -1.060714285714286
263,395 : -0.9900000000000002
264,584 : -0.7425000000000002
264,723 : -0.8868749999999999
265,570 : -0.6600000000000001
266,346 : -0.7425000000000002
266,641 : -0.8250000000000002
266,680 : -1.3390384615384616
270,846 : -0.99
272,299 : -0.7012499999999999
272,463 : -1.0065
272,928 : -0.9075
273,824 : -1.2021428571428574
273,843 : 0.020000000000000018
274,783 : -0.6256250000000003
274,951 : -0.7301250000000001
274,970 : -0.24750000000000005
275,382 : -0.891
275,554 : -1.264017857142857
275,716 : -1.0371428571428574
275,825 : -0.7660714285714287
276,754 : -0.8957142857142855
276,988 : -1.202142857142857
277,376 : -1.1933035714285714
277,436 : -1.0607142857142855
277,486 : -1.1314285714285717
277,537 : -0.86625
278,977 : -0.9664285714285716
279,745 : -0.8800000000000001
280,418 : -1.19625
280,476 : -0.7866964285714286
280,910 : -1.0725000000000002
281,855 : -0.6187499999999999
284,663 : -0.4950000000000001
285,569 : -1.2374999999999998
285,693 : -1.0065
288,505 : -1.051875
289,695 : -0.4950000000000001
290,569 : -0.7425000000000002
290,884 : -0.9112499999999999
291,682 : -0.763125
291,745 : -1.1275
292,823 : -0.32999999999999985
293,405 : -1.2540000000000004
293,531 : -1.1880000000000002
293,568 : -0.8910000000000002
293,636 : -0.99
294,929 : -0.7200000000000002
295,342 : -1.060714285714286
295,538 : -0.8014285714285716
295,969 : -1.2257142857142855
298,693 : -0.8414999999999997
299,884 : -0.9449999999999998
300,329 : -0.6930000000000001
301,867 : -0.8662499999999997
302,751 : -0.8250000000000002
303,737 : -1.0931249999999997
303,884 : -0.8381249999999998
304,701 : -1.0725000000000002
306,532 : -0.9075
307,336 : -1.0012500000000002
307,895 : -1.0350000000000001
308,370 : -0.6600000000000001
308,939 : -1.0642500000000004
309,432 : -1.2003750000000002
309,741 : -1.0890000000000004
309,801 : -1.0724999999999998
309,956 : -1.101375
310,715 : -0.8485714285714285
311,389 : -0.7260000000000002
311,765 : -0.9075000000000002
311,834 : -0.99
313,450 : -0.7837500000000004
313,878 : -0.5073750000000001
314,506 : -0.9900000000000002
314,920 : -0.6187499999999999
315,493 : -0.726
315,841 : -0.8250000000000002
316,599 : -1.0725000000000002
316,787 : -0.9900000000000002
317,660 : -0.6435
317,910 : -1.089
318,388 : -1.051875
319,724 : -0.8775
320,604 : -0.99
320,633 : -1.0371428571428574
320,651 : -0.8485714285714285
320,655 : -0.8980714285714286
322,876 : -0.7425000000000002
322,972 : -0.5692500000000003
323,330 : -0.5775000000000001
323,382 : -0.9900000000000002
323,550 : -1.254
323,746 : -1.2540000000000004
323,911 : -1.2540000000000004
324,513 : -0.9900000000000002
324,632 : -0.9075
324,976 : -0.6187499999999999
326,372 : -0.7672500000000002
327,879 : -0.8485714285714288
327,928 : -0.8485714285714285
328,398 : -1.1385
329,592 : -0.9652499999999999
329,690 : -0.6930000000000001
330,622 : -1.125
330,849 : -1.1756250000000001
331,697 : -0.5657142857142858
332,799 : -0.862714285714286
334,337 : -0.32999999999999985
335,994 : -0.6930000000000001
337,966 : -0.6600000000000001
339,979 : -0.86625
341,865 : -1.1597142857142857
341,956 : -1.3789285714285713
342,628 : -1.060714285714286
343,996 : -0.7071428571428573
344,663 : -0.671785714285714
344,969 : -1.0724999999999998
345,665 : -0.8132142857142857
346,800 : -0.9664285714285712
347,565 : -1.0065
347,635 : -0.86625
348,462 : -0.7218750000000003
348,804 : 0.020000000000000018
348,841 : -1.2374999999999998
349,919 : -1.0725000000000002
350,431 : -1.0607142857142855
350,794 : -1.0371428571428574
350,914 : -1.060714285714286
351,777 : -0.792
352,436 : -0.4125000000000001
352,935 : -1.089
353,361 : -1.1385000000000005
353,406 : -0.7425000000000002
353,636 : -1.1880000000000002
353,646 : -0.9240000000000004
353,802 : -1.0147499999999998
353,895 : -0.9157500000000001
353,951 : -0.9405000000000001
354,956 : -1.3258928571428572
354,963 : -1.4142857142857141
355,789 : -0.5657142857142856
356,495 : -1.0371428571428574
357,708 : -1.089
357,807 : -1.089
358,709 : -0.9192857142857145
358,895 : -0.9811607142857142
360,376 : -1.1343750000000004
360,898 : -1.1385
361,738 : -0.9900000000000002
362,821 : -0.8250000000000002
365,588 : -0.3836249999999999
365,719 : -0.8414999999999999
365,745 : -1.254
366,854 : -1.0395000000000003
368,498 : -0.9899999999999998
369,396 : -0.9900000000000002
371,383 : -1.0371428571428574
371,599 : -1.0724999999999998
372,471 : -1.1715
372,759 : -0.891
372,809 : -1.1219999999999999
372,884 : -1.1475
372,925 : -0.8415000000000001
372,959 : -0.8415000000000001
373,597 : -0.7053749999999999
373,941 : -0.6187499999999999
376,706 : -1.274625
378,600 : -0.6600000000000001
378,923 : -0.9075000000000002
379,381 : -0.8085
379,800 : -1.004142857142857
384,506 : -0.891
385,666 : -1.1990000000000003
385,803 : -1.1880000000000002
387,498 : -0.9192857142857143
388,692 : -1.0724999999999998
389,708 : -0.6930000000000003
389,956 : -1.0147500000000003
390,437 : -0.9900000000000002
391,588 : -0.86625
391,844 : -0.8839285714285716
392,554 : -1.1756249999999997
392,959 : -0.8043750000000001
393,625 : -1.11375
393,728 : -0.9900000000000002
394,885 : -0.86625
395,630 : -0.9899999999999998
397,585 : -0.24750000000000005
397,918 : -0.9239999999999999
398,434 : -1.1385000000000005
398,435 : -1.1880000000000002
398,806 : -1.1385
399,813 : -0.8538749999999999
400,487 : -0.8250000000000002
400,981 : -0.4950000000000001
402,857 : -1.1880000000000002
403,584 : -0.9900000000000002
403,696 : -0.8485714285714288
403,754 : -0.8250000000000002
403,766 : -0.24750000000000005
404,671 : -1.089
405,766 : -0.55
407,679 : -1.0229999999999997
408,502 : -0.9900000000000002
408,609 : -1.089
409,743 : -0.8250000000000002
409,825 : -1.0065
409,995 : -0.29700000000000015
411,619 : -0.4950000000000001
411,849 : -1.0587499999999999
411,949 : -0.6737500000000001
411,984 : -1.0450000000000004
413,719 : -1.0724999999999998
413,817 : -0.6599999999999999
413,944 : -1.11375
415,480 : -0.5568749999999998
416,507 : -1.051875
416,529 : -0.99
417,455 : -0.44550000000000045
418,494 : -0.7425000000000002
418,658 : -0.99
420,507 : -0.9693750000000003
420,870 : -0.7425000000000002
421,805 : -1.0889999999999995
422,532 : -1.0890000000000004
422,785 : -0.6930000000000001
423,432 : -1.255178571428571
423,851 : -1.2728571428571431
423,911 : -1.1314285714285717
424,426 : -0.99
424,461 : -0.6187499999999999
424,865 : -0.792
425,448 : -0.935
425,869 : -0.6600000000000001
426,934 : -0.9900000000000002
427,576 : -1.1314285714285717
427,604 : -1.0076785714285714
427,713 : -0.9762500000000003
428,769 : -0.33000000000000007
429,937 : -0.8250000000000002
430,498 : -1.0135714285714283
430,673 : -1.1550000000000002
430,747 : -1.2000000000000002
432,571 : 0.02000000000000013
432,646 : -1.010625
433,499 : -0.9720000000000002
434,582 : -0.9240000000000002
435,552 : -0.3712500000000001
435,556 : -0.9487500000000002
435,579 : -1.3517307692307692
437,692 : -0.33000000000000007
438,708 : -1.0147499999999998
438,873 : -0.9528749999999999
441,865 : -1.089
444,857 : -0.99
447,747 : -1.12
447,818 : -1.0725000000000002
448,815 : -1.1412499999999999
449,836 : -0.7425000000000002
449,952 : -0.86625
450,974 : -0.7424999999999999
451,578 : -0.5775000000000001
452,529 : -0.9900000000000002
453,588 : -0.721875
454,517 : -0.946
455,864 : -1.089
458,531 : -0.8250000000000002
458,600 : -0.9240000000000004
458,671 : -0.825
459,518 : -0.9782142857142859
459,705 : -1.0724999999999998
459,779 : -0.8485714285714288
460,709 : -0.825
460,879 : -0.7425000000000002
461,482 : -0.49499999999999966
463,682 : -0.8662499999999997
465,601 : -0.8662500000000002
465,745 : -0.825
465,919 : -0.7837500000000004
467,696 : -0.99
467,791 : -0.919285714285714
467,902 : -1.1550000000000002
468,921 : -1.1549999999999998
469,929 : -0.7349999999999999
471,971 : -0.99
472,848 : -0.6600000000000001
474,900 : -0.7425000000000002
475,681 : -0.8132142857142854
475,916 : -0.86625
476,664 : -1.1314285714285717
478,937 : -0.9075000000000002
479,655 : -0.9405000000000003
479,798 : -1.0147500000000003
481,736 : -0.7672500000000002
481,996 : -0.8768571428571428
482,579 : -1.218461538461538
483,883 : -1.045
483,929 : -1.06
483,944 : -0.7699999999999998
484,599 : -1.2045000000000003
484,668 : -1.060714285714286
485,805 : -1.056
486,496 : -1.1
486,535 : -0.64625
489,553 : -0.99
489,652 : -0.39600000000000013
490,862 : -1.2037500000000003
490,973 : -0.9693749999999999
491,686 : -0.33000000000000007
491,797 : -0.32999999999999985
492,746 : -1.3011428571428572
493,639 : -0.891
493,679 : -1.287
495,989 : -1.0607142857142855
497,911 : -1.3365
497,925 : -1.076625
497,971 : -0.99
499,928 : -1.2407142857142857
499,942 : -0.78
501,607 : -0.8627142857142855
501,664 : -0.7495714285714288
501,714 : -0.8627142857142855
505,599 : -1.0890000000000004
509,946 : -0.8250000000000002
511,527 : -0.556875
511,563 : -0.9281250000000001
511,680 : -1.2184615384615385
512,667 : -1.089
512,744 : -1.0324285714285715
513,847 : -0.9487500000000002
514,890 : -0.15500000000000003
516,751 : -0.8250000000000002
516,772 : -0.24750000000000005
516,882 : -1.0041428571428574
517,785 : -1.045
518,969 : -1.0135714285714288
518,987 : -1.084285714285714
519,969 : -0.8250000000000002
521,790 : 0.02000000000000013
522,741 : -0.825
522,906 : -0.7920000000000003
523,560 : -0.86625
525,718 : -0.99
525,746 : -1.254
525,943 : -1.1550000000000002
528,911 : -0.9240000000000004
529,530 : -0.9652500000000002
529,545 : -0.5940000000000001
529,634 : -1.0890000000000004
534,608 : -1.0076785714285714
534,982 : -0.8662500000000002
535,782 : -0.7424999999999997
535,842 : -0.9075000000000002
536,723 : -0.7012499999999999
539,618 : -1.0725000000000002
539,653 : -0.6187500000000001
539,678 : -0.7590000000000001
540,579 : -0.7996153846153848
543,670 : -1.0725000000000002
543,758 : -1.045
543,908 : 0.020000000000000018
543,923 : -1.2374999999999998
549,663 : -1.0076785714285714
550,629 : -1.1
551,810 : -0.5657142857142858
554,584 : -1.0724999999999998
554,738 : -1.11375
555,831 : -0.86625
559,685 : -0.6187499999999999
561,813 : -1.2127500000000002
561,921 : -1.1550000000000002
562,735 : -0.32999999999999985
564,631 : -0.94875
564,812 : -1.19625
566,962 : -1.051875
567,728 : -1.089
567,940 : -0.9075000000000002
573,963 : -1.3294285714285716
574,873 : -0.7590000000000001
575,609 : -1.1384999999999996
575,747 : -1.2734999999999999
575,921 : -1.4024999999999999
575,982 : -1.1385
576,699 : -1.1031428571428572
576,740 : -0.34357142857142864
577,758 : -0.24750000000000005
581,765 : -0.8662499999999997
583,785 : -0.7425000000000002
584,992 : -1.134375
588,927 : -0.7424999999999999
591,810 : -0.32999999999999985
592,731 : -0.9281250000000001
594,607 : -0.7260000000000002
595,829 : -0.9240000000000002
595,979 : -1.0147500000000003
596,655 : -1.2374999999999998
596,730 : -0.6717857142857144
597,824 : -1.0960714285714284
597,996 : -1.0324285714285715
598,675 : -0.8957142857142859
600,820 : -0.9075000000000002
602,827 : -0.5939999999999999
603,648 : -1.08
604,915 : -0.9899999999999998
606,950 : -1.037142857142857
608,667 : -0.9900000000000002
613,791 : -0.99
614,818 : -0.9900000000000002
618,811 : -1.2374999999999998
620,755 : -0.6765000000000003
622,762 : -0.9075
623,941 : -0.8910000000000002
626,856 : -0.7071428571428571
627,860 : -0.99
628,676 : -0.8250000000000002
629,846 : -1.2650000000000001
629,884 : -1.0999999999999996
629,960 : -1.225714285714286
631,814 : -0.5362500000000003
635,973 : -0.9075000000000002
636,742 : -0.6270000000000002
638,732 : -0.825
639,922 : -0.5940000000000001
640,836 : -1.0783928571428572
640,837 : -1.2021428571428574
642,724 : -1.0875
643,747 : -0.7264285714285714
643,980 : -0.8220535714285713
644,815 : -1.0724999999999998
646,882 : -0.754285714285714
647,789 : -1.284642857142857
648,742 : -0.825
648,951 : -0.9765000000000001
651,984 : -0.99
654,979 : -1.051875
654,992 : -1.1137499999999996
655,747 : -1.1475
655,842 : -1.1880000000000002
655,877 : -1.1756250000000001
655,898 : -1.0890000000000004
657,679 : -1.0395000000000003
657,820 : -0.9240000000000004
658,701 : -0.9075000000000002
658,991 : -1.0724999999999998
659,844 : -0.5939999999999999
661,737 : -0.6435
661,811 : -0.7425000000000002
662,923 : -1.1550000000000002
665,871 : -0.8957142857142855
672,813 : -0.9487500000000002
673,711 : -1.254
675,792 : -1.1314285714285712
675,815 : -1.2433928571428572
677,986 : -0.825
679,920 : -1.0395000000000003
679,928 : -1.251642857142857
680,936 : -1.0128461538461542
680,977 : -1.1368681318681322
681,783 : -1.2650000000000001
684,898 : -1.056
687,724 : -1.0350000000000001
688,887 : -1.089
688,951 : -1.0677857142857143
690,880 : -0.8910000000000002
691,957 : -0.5774999999999999
693,710 : -1.0340000000000003
694,967 : -0.7424999999999999
695,783 : -0.5775000000000001
700,727 : -1.0724999999999998
702,875 : -0.7071428571428569
702,971 : -0.5940000000000001
703,917 : -0.6187499999999999
704,957 : -0.7424999999999999
706,867 : -0.9652499999999999
710,723 : -1.0175
711,826 : -1.0725000000000002
711,833 : -0.7920000000000003
712,806 : -0.891
713,795 : -0.7700000000000002
713,800 : -1.1707142857142858
713,861 : -0.8642857142857143
713,862 : -0.9900000000000002
713,886 : -1.1825
714,803 : -1.0890000000000004
716,829 : -0.6600000000000001
717,780 : -0.825
719,746 : -1.089
719,851 : -1.2021428571428574
723,732 : -1.19625
724,842 : -1.005
724,929 : -1.17
726,776 : -0.33000000000000007
727,759 : -0.99
731,839 : -0.7424999999999999
733,933 : -0.6600000000000001
733,957 : -0.7424999999999997
734,902 : -1.1550000000000002
736,879 : -0.9487499999999998
737,947 : -1.0724999999999998
738,814 : -0.9240000000000002
738,934 : -0.6930000000000001
739,769 : -0.9074999999999998
741,871 : -0.33000000000000007
744,819 : -1.0607142857142855
745,789 : -1.4221428571428572
746,856 : -1.3011428571428572
747,889 : -0.9990000000000001
750,907 : -1.1137499999999996
752,983 : -0.5609999999999999
753,880 : -0.3959999999999999
755,904 : -0.7424999999999999
756,800 : -0.99
762,893 : -0.5610000000000002
762,919 : -1.216875
765,998 : -0.7425000000000002
767,902 : -0.6393749999999998
767,944 : -1.11375
770,939 : -0.3959999999999999
773,998 : -0.9075
774,781 : -1.045
774,832 : -0.8800000000000003
775,923 : 0.020000000000000018
781,996 : -1.0076785714285714
783,815 : -1.2100000000000004
786,862 : -1.015714285714286
789,999 : -1.2021428571428574
790,826 : -0.8250000000000002
791,858 : -0.7071428571428573
793,851 : -1.202142857142857
800,820 : -1.143214285714286
802,919 : -0.9899999999999998
802,992 : -0.8043749999999998
806,811 : -0.9900000000000002
808,993 : -0.4950000000000001
810,864 : -1.03125
813,991 : -1.1756249999999997
815,915 : -0.825
816,864 : -0.7424999999999999
819,945 : -1.0783928571428572
821,962 : -1.0890000000000004
823,885 : -0.4949999999999999
826,869 : -0.9900000000000002
830,935 : -1.1880000000000002
837,862 : -1.060714285714286
838,986 : -0.6600000000000001
839,859 : -0.4950000000000001
852,854 : -1.0890000000000004
852,926 : -1.2374999999999998
852,946 : -1.0395000000000003
854,961 : -1.1055000000000001
854,978 : -0.9735
856,866 : -0.9664285714285716
858,886 : -0.6599999999999999
860,991 : -0.891
863,961 : -0.9075
865,883 : -1.1715
870,952 : -0.9693750000000003
871,992 : -0.680625
874,969 : -0.8085
876,919 : -1.1756249999999997
876,950 : -1.1225892857142856
882,959 : -0.7071428571428573
886,955 : -0.5775000000000001
892,942 : -0.7149999999999999
907,926 : -0.9652500000000002
909,982 : -1.03125
912,950 : -1.0414285714285718
912,951 : -0.9630000000000001
915,951 : -0.7672500000000002
921,931 : -0.9900000000000002
921,983 : -0.6600000000000001
956,967 : -0.9899999999999998
973,986 : -1.1549999999999998
979,994 : -0.86625
0,187,959 : -0.380392857142857
0,222,358 : -0.7424999999999999
0,499,625 : -0.678375
1,119,234 : -0.6682499999999998
1,141,382 : -0.6576428571428572
2,61,821 : -0.7095000000000002
2,89,666 : -0.6325000000000001
2,332,932 : -0.500892857142857
3,43,891 : -0.8279464285714286
3,178,267 : -0.695357142857143
3,341,592 : -0.8839285714285714
3,350,688 : -0.8132142857142859
3,427,968 : -0.7734375
3,737,842 : -0.7366071428571428
4,69,632 : -0.6311249999999999
4,303,693 : -0.7858125000000002
4,307,816 : -0.6536249999999999
4,596,937 : -0.7660714285714285
4,650,831 : -0.7920000000000003
5,15,256 : -0.6620625
5,30,170 : -0.7424999999999997
5,228,300 : -0.8211696428571429
5,448,452 : -0.8250000000000002
6,20,644 : -0.8737499999999998
6,53,453 : -0.6674999999999998
6,61,899 : -0.55125
6,96,752 : -0.5996250000000001
6,257,572 : -0.842625
6,300,755 : -0.8145
6,379,946 : -0.7334999999999998
6,592,615 : -0.8200000000000001
7,234,435 : -0.7218749999999998
7,670,781 : -0.4537499999999999
8,13,262 : -0.7660714285714285
8,339,613 : -0.8839285714285712
8,506,665 : -0.7919999999999998
8,586,677 : -0.459642857142857
8,827,894 : -0.7018392857142857
9,80,657 : -0.6764999999999999
9,372,381 : -0.7672500000000002
10,183,490 : -0.6806249999999998
11,280,829 : -0.8353125000000001
12,314,809 : -0.5775000000000001
13,22,653 : -0.7159821428571429
13,127,669 : -0.7012499999999999
13,310,629 : -0.7660714285714285
14,42,503 : -0.6835714285714287
14,279,476 : -0.6482142857142859
14,488,523 : -0.6703124999999999
14,567,613 : -0.7307142857142859
14,783,810 : -0.7150000000000003
16,41,854 : -0.7837500000000004
16,178,498 : -0.6517500000000003
16,660,676 : -0.5939999999999999
16,748,824 : -0.7142142857142859
16,849,943 : -0.7734375000000002
17,110,751 : -0.7713749999999999
17,169,913 : -0.8043750000000001
17,248,939 : -0.8848125000000002
17,295,389 : -0.8229375000000001
17,731,940 : -0.8456249999999996
18,262,414 : 0.09250000000000003
18,331,599 : -0.5539285714285715
18,341,917 : -0.6482142857142859
19,49,172 : -0.8992500000000003
19,153,888 : -0.7693125000000001
19,283,520 : -0.5940000000000001
19,568,837 : -0.7990714285714287
19,699,773 : -0.7548750000000002
20,387,932 : -0.5244642857142856
20,786,960 : -0.8544642857142857
21,150,433 : -0.5736696428571428
21,159,837 : -0.7451517857142855
21,238,673 : -0.7424999999999999
21,317,401 : -0.5011874999999999
21,317,436 : -0.5671875
22,37,235 : -0.8098750000000001
22,128,788 : -0.8146874999999998
22,867,895 : -0.8353124999999999
23,395,496 : -0.78375
23,504,845 : -0.5362499999999999
23,573,873 : -0.8662500000000004
23,824,826 : -0.6776785714285714
24,105,525 : -0.2684375000000001
24,150,367 : -0.7925892857142853
24,159,207 : -0.7466250000000001
24,174,588 : -0.8971875
24,218,544 : -0.66825
24,423,978 : -0.860357142857143
24,506,880 : -0.9343125000000001
25,158,437 : -0.7424999999999999
25,178,589 : -0.4125000000000001
25,498,912 : -0.7071428571428571
25,505,725 : -0.5445
26,109,812 : -0.8951250000000002
26,408,802 : -0.8229375000000001
27,34,748 : -0.6600000000000001
27,168,674 : -0.598125
27,604,893 : -0.6311249999999999
28,190,455 : -0.56925
28,215,999 : -0.627
28,231,415 : -0.5627678571428572
29,44,840 : -0.5657142857142858
29,199,815 : -0.7925892857142858
29,406,954 : -0.765482142857143
29,462,647 : -0.7778571428571428
29,611,750 : -0.8441517857142857
30,110,342 : -0.746919642857143
30,155,816 : -0.433125
30,261,485 : -0.6354464285714285
30,840,927 : -0.8662499999999997
31,59,286 : -0.24368750000000006
31,205,787 : -0.7425000000000002
31,231,429 : -0.9104464285714284
31,325,436 : -0.8043750000000003
32,127,303 : -0.9178125000000001
32,182,214 : -0.4949999999999999
32,301,302 : -0.6022500000000002
32,466,732 : -0.6847500000000002
33,36,316 : -0.7301250000000001
33,110,148 : -0.8061428571428573
34,102,783 : -0.59125
34,240,497 : -0.6703125000000001
34,255,310 : -0.5362499999999999
34,834,884 : -0.7875000000000003
35,456,627 : -0.13850000000000007
36,37,455 : -0.8043750000000001
36,158,252 : -0.9325446428571427
36,380,610 : -0.58575
36,622,818 : -0.8118750000000001
36,893,900 : -0.6600000000000004
37,72,881 : -0.5940000000000001
38,107,370 : -0.5539285714285715
38,309,723 : -0.7239374999999999
38,436,861 : -0.736607142857143
40,66,364 : -0.7012499999999999
40,75,676 : -0.6105
40,159,575 : -0.66825
40,317,654 : -0.5775000000000001
40,553,977 : -0.6482142857142859
41,307,729 : -0.6869999999999998
42,298,564 : -0.8338392857142858
42,396,566 : -0.7469196428571432
42,418,690 : -0.78375
42,489,667 : -0.9122142857142856
44,100,882 : -0.6757142857142857
45,200,662 : -0.5940000000000003
45,354,575 : -0.7566428571428574
45,518,782 : -0.6435
45,744,861 : -0.6222857142857143
45,854,910 : -0.5362499999999999
46,54,784 : -0.20656249999999998
46,56,686 : -0.7940624999999999
46,275,661 : -0.765482142857143
46,477,892 : -0.7390625000000002
46,479,913 : -0.7198125000000002
46,610,621 : -0.7425000000000002
47,671,862 : -0.7125000000000004
47,723,938 : -0.6703125000000001
48,94,651 : -0.7228571428571429
48,476,837 : -0.7601785714285714
49,91,864 : -0.7493750000000001
49,198,674 : -0.4675
49,292,721 : -0.7503571428571427
49,547,935 : -0.5005
49,674,717 : -0.43999999999999995
50,107,239 : -0.8931696428571425
50,111,930 : -0.28874999999999984
50,142,222 : -0.29937499999999995
50,675,883 : -0.758705357142857
51,501,992 : -0.7645982142857144
51,558,576 : -0.2551785714285715
51,828,846 : -0.78375
51,853,895 : -0.6187499999999999
52,198,779 : -0.5539285714285713
52,734,951 : -0.6063749999999999
54,127,579 : -0.7996153846153846
54,179,349 : -0.639375
55,140,515 : -0.19330357142857135
55,230,448 : -0.7719642857142857
55,366,479 : -0.8709642857142859
55,451,460 : -0.695357142857143
55,468,893 : -0.6399642857142858
56,168,455 : -0.75075
56,329,768 : -0.5445
56,404,826 : -0.8250000000000002
57,157,448 : -0.6015625
58,104,629 : -0.8470000000000002
58,621,883 : -0.6953571428571428
58,654,728 : -0.9864642857142856
58,797,980 : -0.7100892857142858
59,375,819 : -0.4620000000000002
61,120,756 : -0.792
61,210,467 : -0.9039642857142858
61,503,710 : -0.7287500000000002
62,204,745 : -0.6324999999999998
62,689,830 : -0.528
63,149,855 : -0.7796250000000002
63,394,906 : -0.7425000000000002
63,412,431 : -0.7590000000000003
63,604,864 : -0.8361964285714287
63,651,912 : -0.80375
63,691,832 : -0.7012499999999999
63,754,927 : -0.7651875000000001
64,161,824 : -0.6930000000000001
64,276,700 : -0.862714285714286
64,438,943 : -0.680625
66,128,132 : -0.4876339285714284
66,138,630 : -0.763125
66,663,715 : -0.9310714285714288
67,113,944 : -0.6868124999999998
67,188,783 : -0.7390625
67,239,696 : -0.6999107142857144
67,387,949 : -0.7469196428571427
67,524,947 : -0.7424999999999997
67,596,917 : -0.7248214285714285
67,874,909 : -0.7858125
68,135,392 : -0.6599999999999999
68,166,319 : -0.4125000000000001
69,168,644 : -0.680625
69,312,554 : -0.7425000000000002
70,641,720 : -0.598125
71,398,699 : -0.8415000000000001
72,806,885 : -0.7425000000000002
73,79,683 : -0.7660714285714287
73,308,693 : -0.6859285714285712
73,488,903 : -0.6600000000000001
73,573,870 : -0.6717857142857144
73,759,950 : -0.7896428571428571
73,820,920 : -0.6658928571428571
74,193,656 : -0.6270000000000002
74,270,287 : -0.7301249999999997
74,303,362 : -0.49293750000000003
75,227,747 : -0.6909375
75,412,643 : -0.624642857142857
76,376,767 : -0.86625
76,559,844 : -0.6682500000000002
77,188,962 : -0.7053750000000001
77,225,532 : -0.6600000000000001
77,410,580 : -0.680625
78,230,584 : -0.7675446428571426
78,260,476 : -0.7822767857142856
78,486,958 : -0.6600000000000001
80,195,339 : -0.6930000000000001
80,541,563 : -0.7425000000000004
81,143,378 : -0.75075
82,396,852 : -0.8297142857142858
83,259,279 : -0.56925
83,619,864 : -0.5878125000000001
84,212,438 : -0.7033125
84,412,475 : -0.6128571428571428
85,118,268 : -0.5321250000000002
85,368,383 : -0.6599999999999999
85,622,778 : -0.9045000000000001
86,207,341 : -0.654107142857143
86,270,312 : -0.7100892857142858
86,328,799 : -0.7142142857142859
88,122,887 : -0.6311250000000002
88,594,926 : -0.6104999999999998
89,518,578 : -0.44785714285714295
90,156,444 : -0.5480357142857144
90,392,962 : -0.8043750000000001
90,477,982 : -0.8250000000000002
90,590,841 : -0.5774999999999999
90,645,673 : -0.6599999999999999
91,92,639 : -0.6324999999999998
91,193,307 : -0.8744999999999998
91,194,447 : -0.8579999999999999
91,291,764 : -0.6187500000000001
91,566,704 : -0.77
92,215,682 : -0.6820982142857142
93,427,616 : -0.9157500000000001
93,444,597 : -0.9617142857142855
93,537,573 : -0.8043750000000003
94,158,307 : -0.7039285714285712
94,184,976 : -0.7425000000000002
94,242,382 : -0.78375
94,434,741 : -0.6305357142857144
94,448,451 : -0.5549107142857141
94,483,713 : -0.7385714285714287
95,97,190 : -0.598125
95,270,595 : -0.6311249999999999
96,151,484 : -0.5073749999999999
97,119,426 : -0.5445
97,341,876 : -0.9413839285714283
98,143,943 : -0.37124999999999986
99,192,900 : -0.8250000000000002
99,258,901 : -0.528
99,267,857 : -0.6930000000000001
99,358,720 : -0.6770892857142858
99,384,546 : -0.7755000000000001
99,422,988 : -0.8085
99,566,934 : -0.7424999999999999
100,116,986 : -0.935
100,338,449 : -0.5775000000000001
100,548,650 : -0.8126249999999999
101,204,724 : -0.7095
101,782,977 : -0.6930000000000001
102,213,929 : -0.504375
102,306,956 : -0.6909375000000002
102,450,604 : -0.7012500000000002
102,551,830 : -0.6493928571428573
103,199,586 : -0.4125000000000001
107,130,396 : -0.6364285714285716
107,508,782 : -0.8485714285714285
108,210,726 : -0.6600000000000001
108,347,492 : -0.7366071428571428
108,664,909 : -0.680625
109,125,492 : -0.78375
109,483,507 : -0.6668750000000001
109,879,939 : -0.6435000000000002
112,407,624 : -0.5878124999999998
112,524,815 : -0.7528125000000003
112,578,680 : -0.7464663461538461
112,643,782 : -0.6320089285714285
112,712,882 : -0.777857142857143
113,429,631 : -0.77
113,434,913 : -0.5610000000000002
113,651,889 : -0.649
114,413,616 : -0.17562499999999992
115,426,989 : -0.4950000000000001
116,522,814 : -0.7425000000000002
116,721,739 : -0.9310714285714288
117,162,729 : -0.78375
117,211,794 : -0.7248214285714285
117,305,581 : -0.7424999999999999
117,485,803 : -0.6820000000000002
118,339,401 : -0.8291250000000001
118,421,964 : -0.9369642857142857
120,778,856 : -0.8627142857142858
121,174,411 : -0.5190625
121,711,927 : -0.5135624999999999
122,510,541 : -0.513857142857143
122,544,897 : -0.8132142857142859
122,573,685 : -0.86625
122,729,996 : -0.7920000000000003
123,408,992 : -0.40837500000000015
123,687,844 : -0.6187500000000001
124,285,755 : -0.726
125,250,507 : -0.7734375
125,712,781 : -0.66825
127,189,219 : -0.7719642857142857
127,194,852 : -0.6717857142857144
127,589,812 : -0.5347767857142858
128,218,364 : -0.6661874999999999
128,618,787 : -0.7321875000000002
128,947,984 : -0.8043749999999998
129,246,369 : -0.6187499999999999
129,307,696 : -0.5199107142857142
131,292,963 : -0.6835714285714287
132,149,401 : -0.7513392857142858
132,256,462 : -0.7572321428571425
132,391,839 : -0.8132142857142859
132,447,466 : -0.6764999999999999
133,533,750 : -0.02093749999999983
134,202,626 : -0.46199999999999997
134,421,877 : -0.7616517857142859
134,664,974 : -0.6270000000000002
135,285,523 : -0.46406250000000027
135,361,420 : -0.6105
136,366,889 : -0.66825
137,540,650 : -0.4125000000000001
138,247,433 : -0.7095000000000002
139,290,964 : -0.7713749999999999
139,562,684 : -0.6517500000000003
139,903,944 : -0.5589374999999999
141,187,696 : -0.6364285714285716
141,366,565 : -0.7342500000000001
141,546,657 : -0.83325
141,875,910 : -0.6364285714285716
143,435,868 : -0.8435625
143,517,757 : -0.7782499999999999
143,647,739 : -0.94875
144,328,387 : -0.5745535714285714
144,551,715 : -0.6010714285714287
144,682,891 : -0.8397321428571427
144,799,853 : -0.8008392857142859
145,447,679 : -0.7342500000000001
145,532,665 : -0.6812142857142858
146,187,239 : -0.6932142857142856
146,196,948 : -0.6187499999999999
146,224,421 : -0.6835714285714287
146,489,985 : -0.627
147,196,509 : -0.7424999999999999
147,363,390 : -0.7919999999999998
147,373,757 : -0.7734375
148,313,456 : -0.8397321428571427
148,478,634 : -0.8338392857142858
148,642,888 : -0.7366071428571428
148,864,961 : -0.8338392857142858
150,249,864 : -0.870669642857143
150,373,686 : -0.7616517857142857
150,643,774 : -0.6914285714285715
151,302,560 : -0.5692499999999998
151,309,679 : -0.7425000000000002
152,331,356 : -0.8155714285714288
152,422,971 : -0.7425000000000002
153,278,771 : -0.11375000000000002
153,291,345 : -0.7012499999999999
153,478,601 : -0.6393750000000002
153,905,952 : -0.8456249999999998
154,490,632 : -0.788169642857143
154,774,861 : -0.7071428571428573
154,952,970 : -0.6956517857142859
156,258,440 : -0.6105
156,358,882 : -0.5539285714285715
157,306,579 : -0.8154807692307693
158,168,258 : -0.8132142857142859
158,200,448 : -0.733857142857143
159,313,796 : -0.7734375
159,394,466 : -0.5445000000000002
160,649,840 : -0.14468749999999986
161,225,250 : -0.7590000000000003
161,334,376 : -0.66825
162,288,732 : -0.8146875
162,342,465 : -0.7130357142857142
163,206,803 : -0.7260000000000002
163,381,891 : -0.7940624999999999
164,222,464 : -0.6600000000000001
164,282,495 : -0.5421428571428573
164,764,903 : -0.4950000000000001
165,447,573 : -0.7562500000000003
167,525,874 : -0.8744999999999998
167,564,706 : -0.7507499999999998
169,336,721 : -0.7071428571428573
169,764,934 : -0.5720000000000001
170,226,960 : -0.777857142857143
170,519,718 : -0.598125
170,756,819 : -0.680625
171,360,550 : -0.7507500000000003
171,394,670 : -0.7012499999999999
172,337,778 : -0.7507500000000003
174,312,812 : -0.7424999999999999
175,380,478 : -0.3712500000000001
175,588,852 : -0.796125
176,180,353 : -0.75075
176,217,936 : -0.6270000000000002
176,227,884 : -0.7106250000000001
176,459,524 : -0.598125
176,522,749 : -0.7562500000000001
177,223,615 : -0.5225
177,477,813 : -0.46406250000000004
178,475,856 : -0.8957142857142859
178,522,755 : -0.80575
179,266,893 : -0.7012499999999999
179,373,670 : -0.8456250000000001
179,583,934 : -0.5445000000000002
179,585,632 : -0.6187499999999999
180,376,576 : -0.8338392857142856
180,562,978 : -0.7424999999999999
180,664,904 : -0.4620000000000002
181,519,782 : -0.5775000000000001
181,592,777 : -0.5445
182,200,512 : -0.5445000000000002
183,257,968 : -0.6930000000000001
183,265,463 : -0.6600000000000004
183,505,629 : -0.7081249999999999
184,186,791 : -0.7159821428571429
184,237,993 : -0.19330357142857135
184,245,916 : -0.6947678571428573
184,681,786 : -0.7542857142857142
185,682,895 : -0.37124999999999986
185,950,960 : -0.41928571428571426
186,269,601 : -0.6084375
186,484,847 : -0.7796250000000002
186,652,718 : -0.6290624999999999
186,680,958 : -0.7099759615384618
186,788,987 : -0.680625
187,281,895 : -0.6703125000000001
187,304,580 : -0.6894642857142861
187,326,684 : -0.5804464285714288
187,394,447 : -0.7770714285714284
188,438,684 : -0.7053750000000001
188,648,870 : -0.6967500000000002
189,216,835 : -0.78375
189,244,685 : -0.75075
189,407,856 : -0.8132142857142859
189,566,880 : -0.6496875000000002
189,724,734 : -0.68625
191,252,665 : -0.6275892857142855
192,497,509 : -0.4950000000000001
194,376,970 : -0.7672499999999998
195,461,490 : -0.680625
196,306,562 : -0.825
197,658,793 : -0.7837499999999997
198,234,523 : -0.7940625000000003
198,367,429 : -0.6600000000000001
198,627,782 : -0.78375
201,303,903 : -0.6909375
201,483,836 : -0.7150000000000003
202,537,976 : -0.66825
205,405,688 : -0.8544642857142859
205,473,507 : -0.680625
205,503,745 : -0.6285714285714286
206,965,980 : -0.6894642857142859
207,300,432 : -0.7033125
208,625,998 : -0.6084375
209,235,948 : -0.8318749999999999
209,346,749 : -0.7940625000000001
209,500,715 : -0.28611607142857154
209,503,844 : -0.29876785714285736
209,710,844 : -0.5506875
210,669,910 : -0.6600000000000001
210,706,961 : -0.8415000000000004
211,447,790 : -0.8682142857142856
211,684,736 : -0.7719642857142857
212,336,715 : -0.641732142857143
212,392,869 : -0.8023125000000002
213,597,623 : -0.5692500000000003
214,332,700 : -0.8691964285714286
214,582,723 : -0.7713749999999999
214,946,965 : -0.8273571428571429
215,234,935 : -0.7124464285714285
215,568,603 : -0.6664821428571428
216,332,474 : -0.6894642857142856
216,439,933 : -0.6270000000000002
217,364,492 : -0.7566428571428574
217,575,799 : -0.8662500000000002
218,359,494 : -0.4950000000000001
218,496,699 : -0.7342500000000001
218,730,845 : -0.6187499999999999
219,254,776 : -0.6010714285714287
219,476,496 : -0.8603571428571426
220,369,695 : -0.5610000000000002
222,552,655 : -0.6868125
222,822,991 : -0.6703125000000001
223,629,980 : -0.6668750000000001
226,600,941 : -0.8250000000000002
227,345,434 : -0.680625
228,230,408 : -0.8167499999999999
228,317,750 : -0.8353124999999999
228,749,940 : -0.7940625000000001
229,432,477 : -0.8126249999999997
229,536,655 : -0.5610000000000002
229,710,837 : -0.6521428571428571
230,741,834 : -0.680625
231,307,815 : -0.8453571428571429
231,324,758 : -0.6796428571428572
231,348,648 : -0.7481249999999999
231,391,727 : -0.8544642857142859
232,267,318 : -0.66825
232,276,630 : -0.6523392857142858
233,242,505 : -0.7920000000000003
233,479,777 : -0.8662500000000002
234,634,682 : -0.7734375
235,273,651 : -0.8721428571428573
235,352,433 : -0.6105
235,456,835 : -0.7260000000000002
238,371,835 : -0.7448571428571429
238,376,649 : -0.639375
239,240,744 : -0.6428571428571428
239,309,511 : -0.7438124999999998
239,327,929 : -0.5882142857142858
239,392,645 : -0.6300000000000001
239,607,989 : -0.8099999999999998
240,276,498 : -0.680625
241,327,331 : -0.6717857142857144
241,635,818 : -0.78375
241,739,892 : -0.8903125000000001
242,283,842 : -0.78375
242,386,611 : -0.5775000000000001
242,501,522 : -0.605
243,313,997 : -0.6393750000000002
243,318,905 : -0.6187499999999999
243,681,850 : -0.17562500000000014
244,662,915 : -0.40837499999999993
245,259,713 : -0.7920000000000003
246,276,390 : -0.7257053571428571
246,281,951 : -0.738375
246,423,952 : -0.769017857142857
247,561,800 : -0.7448571428571427
249,731,789 : -0.8485714285714283
250,318,974 : -0.763125
252,273,772 : -0.5966517857142857
253,678,936 : -0.5939999999999999
254,397,504 : -0.6929999999999998
254,689,817 : -0.4125000000000001
254,815,928 : -0.7866964285714286
256,322,661 : -0.7858125
256,358,415 : -0.7557589285714286
256,666,765 : -0.7682812500000002
256,758,831 : -0.735625
258,272,485 : -0.8195000000000001
259,740,898 : -0.6187500000000004
260,419,710 : -0.22718749999999988
261,390,897 : -0.7159821428571427
261,645,810 : -0.4902857142857142
261,755,912 : -0.6650357142857144
261,861,939 : -0.6965357142857143
263,460,889 : -0.627
264,384,667 : -0.7095000000000002
265,277,522 : -0.8053571428571431
266,308,583 : -0.7425000000000002
266,525,803 : -0.9570000000000003
268,433,517 : -0.4455
269,439,768 : -0.47850000000000037
271,317,352 : -0.5005000000000002
271,546,654 : -0.4950000000000001
271,569,795 : -0.4949999999999999
272,701,715 : -0.7719642857142859
272,777,892 : -0.7535000000000001
273,560,877 : -0.7248214285714285
273,690,763 : -0.6152142857142859
273,802,936 : -0.8397321428571427
274,369,807 : -0.7363125000000001
274,463,811 : -0.6744374999999998
274,632,809 : -0.9281250000000001
274,666,881 : -0.5671875
274,833,854 : -0.6930000000000001
275,486,807 : -0.8705714285714286
276,387,593 : -0.5657142857142856
277,470,836 : -0.4773214285714287
277,760,815 : -0.7660714285714285
278,705,721 : -0.7802142857142857
279,648,974 : -0.68625
279,714,875 : -0.7201071428571431
280,307,698 : -0.7978125
280,476,670 : -0.6879910714285717
280,533,866 : -0.6290625000000001
280,944,957 : -0.8971875000000002
281,542,853 : -0.7218750000000003
281,711,729 : -0.6600000000000001
282,342,677 : -0.5067857142857142
283,349,649 : -0.6187500000000001
283,793,914 : -0.8414999999999999
284,398,898 : -0.5940000000000003
285,395,790 : -0.763125
285,420,435 : -0.5465625000000001
287,439,572 : -0.6435000000000002
287,479,923 : -0.8084999999999998
287,486,683 : -0.7342499999999998
287,680,791 : -0.6462197802197802
288,697,951 : -0.5630625
288,855,862 : -0.6525000000000001
289,497,539 : -0.6496874999999998
289,625,878 : -0.6001875000000001
290,483,969 : -0.7906250000000001
291,484,681 : -0.66825
291,499,860 : -0.798
293,375,819 : -0.46199999999999997
295,340,512 : -0.8273571428571431
295,405,517 : -0.8485714285714288
295,481,546 : -0.8568214285714286
296,387,679 : -0.5197500000000002
296,780,983 : -0.10312499999999991
297,354,910 : -0.6393750000000002
297,503,919 : -0.6894642857142856
297,680,852 : -0.6891923076923079
298,437,614 : -0.6600000000000001
298,443,579 : -0.6282692307692308
299,594,931 : -0.6105
299,894,898 : -0.8414999999999999
301,320,848 : -0.5727857142857142
301,687,977 : -0.7142142857142857
302,576,596 : -0.7849285714285716
302,659,912 : -0.558
303,352,936 : -0.6902500000000003
303,774,979 : -0.7424999999999999
304,429,534 : -0.8613392857142856
304,738,886 : -0.6558749999999998
305,410,773 : -0.6105000000000005
306,409,434 : -0.6187500000000001
306,851,954 : -0.8544642857142857
307,508,891 : -0.7874999999999996
309,393,997 : -0.6930000000000001
312,387,945 : -0.7159821428571429
312,551,762 : -0.7130357142857142
313,615,878 : -0.4461875000000002
313,727,825 : -0.7115625000000003
316,499,537 : -0.7931249999999999
317,534,642 : -0.84975
317,748,947 : -0.7177500000000001
319,438,735 : -0.5259375
319,835,891 : -0.6311249999999999
320,707,849 : -0.6187499999999999
321,671,963 : -0.23042857142857143
322,710,827 : -0.8690000000000004
322,724,933 : -0.6795
323,608,863 : -0.515625
325,407,564 : -0.7012499999999999
325,432,807 : -0.8353125000000003
326,598,654 : -0.6393750000000002
326,755,877 : -0.680625
327,389,862 : -0.7148571428571429
327,488,551 : -0.5126785714285713
327,579,944 : -0.7091826923076923
328,762,798 : -0.4537499999999999
331,448,485 : -0.9428571428571428
331,844,852 : -0.7318928571428573
332,553,628 : -0.5450892857142859
333,595,852 : -0.6435
333,694,819 : -0.5391964285714288
335,511,650 : -0.6620625000000002
335,919,990 : -0.6847499999999997
336,516,758 : -0.7205000000000001
340,348,927 : -0.7734375
340,404,897 : -0.66825
340,888,894 : -0.7115624999999999
341,569,613 : -0.7778571428571428
342,905,911 : -0.7654821428571428
343,634,759 : -0.5775000000000001
344,453,684 : -0.6187499999999999
344,639,764 : -0.5774999999999999
347,454,572 : -0.7837500000000004
347,877,946 : -0.796125
348,551,989 : -0.8795089285714286
348,570,750 : -0.7012499999999999
348,890,903 : -0.6496875000000002
349,444,522 : -0.8053571428571429
349,810,902 : -0.7837500000000002
350,528,802 : -0.8898214285714285
350,534,923 : -0.9605357142857143
351,413,927 : -0.7012499999999999
351,415,801 : -0.6703125000000001
351,579,838 : -0.7475769230769234
351,615,897 : -0.6379999999999999
352,381,455 : -0.72325
352,436,637 : -0.42625
352,497,713 : -0.8490625
353,406,450 : -0.56925
354,368,605 : -0.19330357142857157
354,385,386 : -0.6505714285714288
354,907,948 : -0.6806249999999998
355,415,506 : -0.66825
356,575,885 : -0.7342500000000003
357,404,998 : -0.7425000000000002
357,826,877 : -0.8043750000000003
358,888,924 : -0.7822767857142856
360,406,501 : -0.5539285714285715
360,416,517 : -0.7672500000000002
360,544,984 : -0.792
361,400,828 : -0.891
361,583,625 : -0.6373125000000002
361,656,845 : -0.726
362,372,738 : -0.6270000000000002
363,660,930 : -0.28874999999999984
364,994,997 : -0.5775000000000001
365,396,945 : -0.7920000000000003
365,588,733 : -0.5011874999999999
366,371,870 : -0.6364285714285716
367,563,862 : -0.75
369,431,444 : -0.792
370,541,675 : -0.7307142857142856
371,519,636 : -0.9039642857142858
371,806,876 : -0.6991875000000001
372,680,940 : -0.8167500000000001
373,396,788 : -0.7307142857142859
373,709,929 : -0.8634374999999999
374,496,761 : -0.16500000000000004
374,513,557 : -0.515625
377,410,457 : -0.18799999999999994
377,555,618 : -0.7012500000000002
377,690,747 : -0.7650000000000001
379,456,748 : -0.6187500000000004
379,504,824 : -0.6311249999999999
381,441,466 : -0.8214642857142858
381,508,625 : -0.6187500000000001
382,727,755 : -0.7590000000000003
383,587,812 : -0.474375
384,510,778 : -0.6600000000000004
384,767,986 : -0.7259999999999998
385,471,689 : -0.7095
388,420,965 : -0.5185714285714287
388,483,534 : -0.8878571428571429
388,768,854 : -0.7466250000000001
388,840,978 : -0.6806249999999998
390,579,971 : -0.8795769230769233
391,474,801 : -0.530357142857143
391,489,615 : -0.7150000000000001
391,668,981 : -0.6364285714285711
392,498,518 : -0.7866964285714284
392,972,980 : -0.6806249999999996
393,418,550 : -0.68475
397,579,995 : -0.6282692307692308
397,583,906 : -0.5940000000000001
398,467,683 : -0.8061428571428573
398,532,870 : -0.6517500000000003
399,420,497 : -0.796125
399,477,724 : -0.7155
401,533,712 : -0.6063749999999999
402,461,832 : -0.598125
402,549,812 : -0.8848124999999998
402,550,967 : -0.7425000000000002
403,421,688 : -0.825
405,580,588 : -0.8215624999999998
405,717,988 : -0.77
406,464,708 : -0.6435
407,929,956 : -0.6196875
409,573,593 : -0.6682500000000002
410,452,778 : -0.7920000000000003
411,780,931 : -0.748
411,861,999 : -0.9098571428571429
411,873,962 : -0.7720625000000001
412,484,724 : -0.7462500000000003
412,542,749 : -0.6599999999999999
413,569,993 : -0.8043750000000001
415,648,994 : -0.8454375000000001
415,865,998 : -0.8126249999999999
416,469,955 : -0.34650000000000003
416,600,683 : -0.6788571428571428
418,490,694 : -0.8249999999999997
421,756,912 : -0.8537142857142856
422,557,764 : -0.713625
424,524,579 : -0.7996153846153846
425,613,884 : -0.7532142857142856
426,519,872 : -0.7507499999999998
427,687,878 : -0.6435000000000002
427,727,774 : -0.7975000000000001
428,849,964 : -0.7012500000000002
429,606,714 : -0.7645
429,618,627 : -0.7892500000000002
429,886,890 : -0.5775000000000001
430,859,975 : -0.33000000000000007
431,502,603 : -0.680625
432,849,949 : -0.680625
435,523,965 : -0.6320089285714285
438,696,765 : -0.7587053571428573
439,479,523 : -0.8353125000000001
439,636,839 : -0.779625
440,441,887 : -0.8980714285714286
440,575,866 : -0.83325
440,986,990 : -0.6599999999999999
441,460,472 : -0.8485714285714288
441,818,863 : -0.7307142857142854
444,486,805 : -0.7645000000000002
445,669,941 : -0.21275
446,658,815 : -0.680625
447,492,545 : -0.8407142857142862
448,531,840 : -0.8250000000000002
449,504,900 : -0.78375
450,627,868 : -0.5527500000000001
450,818,964 : -0.86625
451,473,831 : -0.6930000000000001
452,535,699 : -0.5445
452,623,790 : -0.8745000000000003
454,557,601 : -0.6187499999999999
454,566,888 : -0.66825
455,625,965 : -0.7716696428571428
455,952,987 : -0.8394375000000001
456,641,928 : -0.8155714285714286
459,582,828 : -0.7837500000000002
460,464,799 : -0.8373750000000002
463,637,951 : -0.5940000000000003
464,579,796 : -0.790096153846154
465,495,508 : -0.7153928571428572
465,511,755 : -0.8311875
467,511,715 : -0.7424999999999999
470,726,987 : -0.4537500000000001
471,555,648 : -0.7650000000000001
472,707,822 : -0.12375000000000025
473,595,924 : -0.6435
475,490,964 : -0.8898214285714288
475,631,779 : -0.6894642857142856
478,487,569 : -0.7012499999999999
478,799,927 : -0.7486875
479,526,813 : -0.7177500000000001
479,568,795 : -0.78375
480,709,922 : -0.12375000000000003
481,609,703 : -0.7301249999999999
481,630,720 : -0.6806249999999998
483,891,904 : -0.7424999999999997
484,536,643 : -0.6729642857142859
484,665,973 : -0.8851071428571431
484,683,875 : -0.852107142857143
485,645,774 : -0.6930000000000001
486,643,906 : -0.5775000000000001
487,567,752 : -0.6476249999999999
488,669,852 : -0.5940000000000003
492,556,574 : -0.6835714285714287
492,904,952 : -0.6231696428571429
494,545,820 : -0.6600000000000001
495,517,573 : -0.9648571428571429
495,661,979 : -0.8132142857142857
496,761,821 : -0.5238749999999999
499,548,670 : -0.7668750000000002
499,622,881 : -0.7706249999999997
499,648,970 : -0.5895000000000001
501,628,966 : -0.8485714285714288
502,530,733 : -0.7424999999999999
503,623,668 : -0.8202857142857143
503,844,924 : -0.41544642857142855
507,825,884 : -0.8146874999999998
507,950,973 : -0.8412053571428573
508,562,875 : -0.7330714285714288
510,887,947 : -0.4950000000000001
511,679,827 : -0.8291249999999999
513,544,796 : -0.8126250000000002
515,603,770 : -0.11874999999999991
515,680,779 : -0.7703777472527473
515,912,939 : -0.6176249999999999
516,759,802 : -0.7940625000000001
517,637,860 : -0.726
517,708,909 : -0.6957500000000001
519,565,861 : -0.678857142857143
520,572,891 : -0.4826250000000001
522,614,992 : -0.7493750000000001
523,666,844 : -0.7755000000000001
526,556,706 : -0.46199999999999997
527,743,831 : -0.4832142857142858
528,624,960 : -0.4832142857142858
530,608,622 : -0.675
530,892,900 : -0.859375
531,606,656 : -0.627
531,968,978 : -0.75075
533,570,875 : -0.515625
534,704,705 : -0.6399642857142855
538,737,988 : -0.6187499999999999
539,562,738 : -0.75075
539,580,615 : -0.6668750000000001
541,648,996 : -0.7874999999999999
541,948,990 : -0.5445
542,792,958 : -0.5609999999999999
543,573,876 : -0.8497500000000002
543,765,965 : -0.7012499999999999
546,638,919 : -0.721875
549,728,945 : -0.7301250000000001
551,663,764 : -0.624642857142857
554,612,848 : -0.24368750000000006
555,577,868 : -0.111375
559,615,718 : -0.7149999999999999
559,868,938 : -0.66825
560,640,696 : -0.8485714285714285
565,862,962 : -0.8128124999999999
566,592,625 : -0.7425000000000002
566,683,688 : -0.7380803571428571
572,604,721 : -0.792
573,629,710 : -0.8222500000000001
579,882,906 : -0.7289010989010989
581,657,763 : -0.4455
586,623,905 : -0.598125
587,642,987 : -0.5362499999999999
592,668,716 : -0.8279464285714286
597,652,736 : -0.6352500000000001
597,666,914 : -0.9267500000000002
597,799,830 : -0.891
598,737,813 : -0.8043749999999998
599,613,854 : -0.7472142857142856
602,667,828 : -0.4950000000000001
607,637,962 : -0.7115624999999999
609,757,941 : -0.5939999999999999
610,655,698 : -0.5775000000000001
610,840,868 : -0.7301250000000001
611,744,756 : -0.7424999999999999
613,730,767 : -0.7999553571428573
615,621,833 : -0.825
615,792,935 : -0.8525
616,888,940 : -0.7940625000000001
620,701,898 : -0.7260000000000002
622,650,658 : -0.8700000000000001
622,683,898 : -0.7534285714285716
622,705,798 : -0.6761250000000001
628,732,900 : -0.7012499999999999
633,797,805 : -0.5445
640,901,942 : -0.542142857142857
642,805,880 : -0.6930000000000001
642,954,998 : -0.825
644,816,926 : -0.48262499999999986
647,798,872 : -0.6187499999999999
648,651,758 : -0.6975
651,884,892 : -0.7049999999999998
653,767,902 : -0.556875
653,883,988 : -0.7218750000000003
654,705,889 : -0.5878125000000001
660,665,835 : -0.7566428571428572
663,761,851 : -0.8485714285714285
666,695,929 : -0.7050000000000001
666,918,999 : -0.6435
668,682,743 : -0.78375
669,949,996 : -0.8338392857142856
673,674,721 : -0.6688392857142857
676,929,980 : -0.7053750000000001
678,822,909 : -0.792
679,752,962 : -0.8043750000000001
682,874,960 : -0.7451517857142855
687,701,820 : -0.83325
703,854,925 : -0.8415000000000001
712,779,992 : -0.7637142857142858
720,901,964 : -0.598125
724,811,825 : -0.7275
725,838,902 : -0.33000000000000007
729,862,899 : -0.7095000000000002
738,903,974 : -0.66825
747,938,939 : -0.7695000000000001
748,774,954 : -0.776875
750,874,888 : -0.8353124999999999
757,825,967 : -0.6105
758,821,840 : -0.8318750000000001
758,881,961 : -0.605
762,800,809 : -0.9075000000000002
767,777,895 : -0.7919999999999998
773,786,918 : -0.6128571428571428
779,876,925 : -0.7787410714285712
780,879,956 : -0.763125
783,794,833 : -0.5610000000000002
783,892,970 : -0.5445
811,891,955 : -0.6290624999999999
833,856,999 : -0.7425000000000002
841,883,965 : -0.8191071428571428
848,963,968 : -0.7990714285714284
862,912,980 : -0.6524999999999999
875,916,985 : -0.695357142857143
877,953,994 : -0.8023124999999998
892,931,979 : -0.859375
