0,335 : -1.1083333333333334
0,361 : -0.0678571428571424
118,335 : 1.3342803030303039
335,994 : -1.045
33,361 : -0.8029761904761892
38,361 : 0.24880952380952448
260,361 : -1.7640476190476186
353,361 : -1.2430555555555527
361,738 : -1.5265476190476186
1,330 : -1.8298809523809527
1,357 : -1.2191666666666667
1,939 : -0.20083333333333242
323,330 : -1.366190476190475
330,622 : -1.2573809523809523
330,849 : -1.6014285714285703
357,708 : -0.7124999999999997
357,807 : -0.31666666666666654
67,939 : 2.0945833333333335
174,939 : -0.5220238095238087
308,939 : 1.751666666666667
770,939 : 2.0945833333333335
2,371 : -0.28
2,466 : 0.4325000000000001
2,912 : -1.3275000000000003
371,383 : 0.4325000000000001
371,599 : -0.28249999999999953
260,912 : -1.4911111111111113
912,950 : -2.04
912,951 : -1.4849404761904752
3,215 : 0.21875000000000022
215,484 : -1.0899999999999996
215,680 : 1.5250000000000008
5,19 : -0.4026190476190463
5,161 : -1.1399999999999995
5,471 : -1.8208333333333329
19,216 : -0.1085714285714271
19,438 : -0.4976190476190462
19,518 : -0.25761904761904564
19,779 : 0.7082142857142868
161,307 : -0.21666666666666634
169,471 : -0.4736309523809511
372,471 : -0.5075252525252515
471,971 : -1.2561111111111112
6,32 : -1.0027777777777773
6,151 : -1.0027777777777773
6,747 : 1.1569730269730283
32,963 : 0.7333333333333335
151,459 : 0.25833333333333375
78,747 : -0.43691586191586085
430,747 : -0.4397946497946478
447,747 : 2.2785008047508053
575,747 : -0.8620168720168704
643,747 : 2.278500804750805
655,747 : -1.7389953102453082
747,889 : 3.540176767676768
7,150 : 0.10000000000000009
150,235 : 0.7650000000000008
8,162 : 0.2266666666666669
8,616 : 0.10000000000000009
162,830 : -0.19000000000000006
162,849 : -0.7057142857142851
9,421 : 0.10000000000000009
421,805 : -0.375
10,100 : -0.640119047619046
10,244 : -2.18047619047619
10,879 : -0.5541666666666663
100,154 : -1.0359523809523794
100,229 : 0.5157142857142862
100,385 : -0.022619047619046206
100,639 : -0.1309523809523806
244,405 : -0.8482142857142841
244,815 : -0.2651587301587286
327,879 : 0.0950000000000002
460,879 : 0.665
736,879 : 0.665
11,252 : 0.03125000000000089
11,262 : 2.2395833333333335
11,282 : 2.2395833333333335
11,443 : 2.239583333333334
11,750 : 0.6750000000000007
252,281 : 0.6333333333333342
252,502 : 0.633333333333334
252,790 : 0.12916666666666798
252,860 : 0.12916666666666776
171,750 : 0.33750000000000013
750,907 : -0.5041666666666659
12,404 : 0.10000000000000009
404,671 : -0.21666666666666612
13,331 : 0.10000000000000031
13,347 : -0.47499999999999987
13,678 : -0.1874999999999999
331,697 : 0.10000000000000009
347,565 : 0.1000000000000002
347,635 : -0.6649999999999998
225,678 : 0.5750000000000001
539,678 : 0.10000000000000009
14,769 : 0.8625
428,769 : 0.8624999999999999
739,769 : 0.1475000000000002
15,21 : -0.9771428571428568
15,148 : -0.6649999999999994
15,393 : -0.2825
15,437 : -0.9422222222222209
21,256 : -1.4838095238095237
21,398 : 0.5046428571428578
148,411 : 0.742380952380953
393,625 : 0.4325
393,728 : -0.37749999999999995
65,437 : 0.7366558441558447
390,437 : 0.7383333333333337
437,692 : -0.21166666666666667
17,84 : 0.4666666666666668
17,403 : 0.525000000000001
17,792 : -0.7866666666666664
403,584 : -0.8915674603174605
403,696 : 0.4116666666666666
403,754 : 0.8866666666666666
403,766 : 0.31666666666666643
675,792 : 0.2452777777777776
86,216 : -0.6308333333333329
216,691 : -1.1399999999999995
438,708 : -1.2666666666666662
438,873 : -0.791666666666666
459,518 : -0.11488095238095031
518,969 : -0.4428571428571413
518,987 : -0.8482142857142849
459,779 : 0.7200000000000005
20,473 : -1.5019047619047614
20,561 : -1.6398809523809523
20,898 : -0.8630555555555546
118,473 : 2.0185064935064942
49,561 : -1.6082142857142856
561,813 : -1.2282142857142846
561,921 : -0.8173015873015863
157,898 : -0.37876984126984037
360,898 : -0.19805555555555576
655,898 : -1.3821047008547
684,898 : 1.1922222222222225
256,288 : 1.1400000000000003
57,398 : 1.2917857142857154
328,398 : 2.8116071428571434
398,434 : 1.4501190476190484
398,435 : 0.6306547619047627
398,806 : 1.0364285714285724
22,375 : 1.1500000000000004
22,475 : -0.2508333333333336
22,666 : -0.026666666666666505
22,786 : -0.08999999999999919
475,681 : -0.5675000000000001
475,916 : -0.5066666666666666
385,666 : -0.7916666666666663
113,786 : 0.9916666666666671
214,786 : 0.6750000000000006
786,862 : -1.0424999999999993
23,635 : -1.1852380952380948
23,745 : 1.873268398268399
635,973 : -0.6174999999999999
209,745 : 1.3238636363636371
279,745 : 2.968506493506494
291,745 : 2.189935064935065
365,745 : 0.3951136363636373
465,745 : 1.0863636363636373
745,789 : -0.5301461038961022
24,596 : 0.7277777777777781
228,596 : -1.1940476190476177
596,655 : -0.7118269230769221
596,730 : -0.5333333333333325
25,873 : -0.3166666666666663
25,952 : 2.220446049250313e-16
574,873 : 2.220446049250313e-16
449,952 : 0.3166666666666669
870,952 : 0.3166666666666669
26,54 : 0.7041666666666668
26,120 : -0.5333333333333334
26,495 : 0.5750000000000003
120,921 : 1.0668650793650802
356,495 : 0.7041666666666668
495,989 : 0.1000000000000002
27,169 : 3.0151785714285717
169,195 : 1.6763095238095247
169,488 : 1.9929761904761907
169,878 : 1.6763095238095251
169,967 : 0.5453571428571449
29,698 : 0.10000000000000009
29,917 : 0.10000000000000009
703,917 : -0.3166666666666669
30,112 : -0.37749999999999984
30,202 : -1.14
30,834 : -1.4724999999999997
60,112 : -0.37499999999999967
112,669 : 0.7041666666666668
202,607 : -0.42500000000000004
202,732 : -1.0291666666666663
211,834 : -0.9158333333333317
260,834 : -1.4198611111111106
311,834 : -1.4724999999999997
31,633 : 0.0050000000000003375
31,857 : 0.20833333333333537
31,966 : 0.5750000000000006
31,985 : 1.3583333333333336
320,633 : -0.03166666666666618
250,857 : 0.4750000000000004
402,857 : 0.4750000000000004
444,857 : 0.158333333333334
337,966 : -0.3749999999999998
249,963 : 0.7333333333333336
354,963 : 0.4800000000000001
573,963 : 1.7249999999999999
33,417 : -1.1988095238095235
33,847 : -1.072142857142857
417,455 : -0.16238095238095218
149,847 : -0.8233333333333331
513,847 : -0.6174999999999998
34,146 : 0.09999999999999998
146,597 : 1.4390476190476198
36,71 : 0.1067857142857147
36,269 : 3.1601785714285713
36,312 : 3.1601785714285713
36,407 : 1.5046428571428576
36,468 : 0.9710714285714297
36,676 : 1.757976190476191
71,431 : -0.9499999999999997
71,563 : -0.7916666666666667
71,884 : -0.7988636363636353
407,679 : -0.316666666666666
47,468 : -0.035714285714285365
468,921 : 0.32519841269841465
628,676 : -0.9499999999999995
37,415 : 0.20000000000000018
37,547 : 0.10000000000000009
415,480 : 0.10000000000000009
38,454 : -0.6333333333333333
454,517 : -0.4750000000000001
39,876 : 0.20178571428571468
39,972 : 0.5958333333333334
322,876 : 0.20178571428571457
876,919 : -0.7690476190476172
876,950 : -1.1940476190476181
198,972 : 0.8333333333333335
322,972 : 0.5958333333333334
40,914 : 0.5616666666666669
111,914 : 0.3266666666666669
350,914 : 0.5116666666666669
42,63 : -0.31666666666666654
42,248 : -0.533333333333333
63,101 : -0.14000000000000012
63,730 : -0.47499999999999976
248,477 : 0.4666666666666667
248,791 : 0.2093253968253982
43,152 : 0.3166666666666671
43,614 : -0.31666666666666643
79,152 : 2.220446049250313e-16
152,700 : 0.31666666666666665
614,818 : 0.0
46,320 : 0.4433333333333336
46,988 : -0.5699999999999998
320,604 : -0.807499999999999
320,651 : -0.8074999999999993
320,655 : -1.3107158119658113
276,988 : 0.0
48,638 : -0.6333333333333333
48,867 : 0.41666666666666685
638,732 : -0.6333333333333332
301,867 : 0.8333333333333335
706,867 : 0.1000000000000002
49,400 : -0.08999999999999986
49,774 : -0.37749999999999984
400,487 : 0.8625
400,981 : 0.8625
774,781 : -0.37499999999999967
774,832 : 0.7041666666666668
50,245 : -0.7575000000000001
50,317 : 0.32166666666666677
50,546 : 1.1
50,651 : -0.7575000000000003
245,499 : -0.6692857142857124
245,672 : -2.2483333333333326
317,660 : 0.5616666666666668
317,910 : -0.4066666666666665
651,984 : -1.9633333333333327
51,239 : 0.7333333333333336
51,544 : 0.10000000000000009
195,239 : -0.316666666666666
239,289 : 0.31666666666666665
52,410 : 0.10000000000000009
52,412 : 0.10000000000000009
53,172 : -0.1899999999999996
53,851 : 0.32821428571428635
172,399 : -0.1399999999999998
172,688 : -0.23047619047618995
172,927 : -0.09499999999999964
221,851 : 1.7912500000000002
423,851 : -0.8038690476190474
719,851 : -0.9067857142857131
793,851 : 1.473214285714286
55,267 : 0.10000000000000009
55,944 : 0.6700000000000005
413,944 : -0.23499999999999954
483,944 : -0.6966666666666658
767,944 : -0.42749999999999977
56,136 : -0.7916666666666667
56,316 : 0.10000000000000031
136,647 : -0.7238095238095233
78,316 : -1.3116666666666659
316,599 : -0.48833333333333173
316,787 : 0.9916666666666671
57,886 : -0.29583333333333306
713,886 : 0.12097222222222259
858,886 : -0.23249999999999982
886,955 : 1.1604166666666664
58,377 : 0.22666666666666713
58,581 : -0.5066666666666665
58,973 : -0.37999999999999967
218,377 : 0.10000000000000009
581,765 : -0.31666666666666654
490,973 : -0.7600000000000002
973,986 : 0.29000000000000015
59,300 : -0.6649999999999997
59,388 : 0.3533333333333335
59,548 : -0.19000000000000006
300,329 : -0.12666666666666582
223,388 : 1.4666666666666668
318,388 : 1.4666666666666668
388,692 : -0.6204166666666667
83,548 : -0.3166666666666669
60,513 : -0.41166666666666607
92,513 : -1.4657142857142846
324,513 : -0.379999999999999
61,75 : 0.6249999999999998
75,338 : 0.6249999999999999
75,493 : 0.2357142857142862
62,241 : 2.29
241,744 : -0.4091666666666657
241,749 : 1.056547619047619
241,909 : 1.056547619047619
241,980 : 1.3732142857142857
101,363 : 0.4325000000000001
101,486 : -0.10583333333333345
64,373 : -0.3166666666666663
64,953 : -0.7916666666666665
373,597 : 0.13571428571428668
373,941 : 0.10000000000000042
203,953 : -0.474999999999999
65,294 : 0.7581836219336227
65,309 : -1.472022005772005
65,554 : -1.659760101010099
65,692 : 0.8924891774891779
65,950 : -0.6349116161616151
65,993 : 1.328183621933623
294,929 : 0.3055952380952386
91,309 : -0.6568795093795091
309,432 : -0.9552128427128416
309,741 : -0.4193795093795091
309,801 : 1.6888798701298702
309,956 : -1.0941810966810952
115,554 : 1.4072727272727275
275,554 : -1.2789033189033192
392,554 : -0.11025252525252416
554,584 : -1.635153318903318
554,738 : -1.4271969696969695
606,950 : 0.3611111111111117
808,993 : -1.2485714285714282
66,246 : 0.4483333333333335
66,592 : -0.6649999999999999
233,246 : 0.4483333333333337
246,507 : 0.36666666666666714
246,840 : 1.5166666666666666
329,592 : -0.18999999999999906
592,731 : -0.19000000000000006
68,366 : 0.10000000000000009
366,854 : 0.9550000000000005
69,209 : 0.21875000000000022
209,837 : -1.4066666666666667
70,288 : 0.39583333333333515
70,628 : -0.7916666666666662
70,749 : -1.203333333333333
109,288 : 1.1400000000000003
139,288 : 1.4566666666666668
288,505 : 0.9816666666666674
342,628 : -0.9025
350,431 : 0.0050000000000003375
511,563 : -0.8499999999999999
290,884 : 1.0219696969696974
299,884 : 0.7053030303030311
303,884 : 0.7053030303030309
372,884 : -0.9527777777777753
629,884 : -0.513863636363636
72,907 : -0.6333333333333329
72,925 : -1.108333333333333
907,926 : -0.9024999999999996
372,925 : 0.8356691919191924
497,925 : -1.0212499999999993
73,455 : 1.0369047619047622
174,455 : -0.6602380952380941
455,864 : -0.05154761904761895
74,139 : -0.8866666666666667
74,222 : 3.3306690738754696e-16
222,444 : -0.47499999999999976
222,920 : -0.7916666666666661
228,493 : -1.3797619047619034
315,493 : -0.7351190476190471
493,639 : -0.6059523809523801
493,679 : -1.2610119047619033
76,405 : 1.2580952380952386
76,872 : 0.09999999999999998
92,405 : -1.2440476190476173
293,405 : -0.4840476190476175
405,766 : 0.01809523809523883
77,680 : 1.9726190476190482
77,767 : -1.1852380952380952
207,680 : 0.8812499999999999
266,680 : 1.7625000000000002
511,680 : 1.7625000000000004
680,936 : 3.4289682539682538
680,977 : 0.2055555555555557
767,902 : -0.8549999999999998
78,329 : -1.3933333333333318
78,564 : -1.5674999999999997
329,690 : 0.19000000000000072
564,631 : -0.5066666666666668
564,812 : -0.855
79,739 : -0.8233333333333331
211,739 : -0.25083333333333324
80,283 : 0.10000000000000009
80,314 : 0.4166666666666671
314,506 : 0.41666666666666685
314,920 : -0.7916666666666661
81,197 : -0.6783333333333337
81,203 : -0.804999999999999
81,342 : -0.6783333333333332
81,853 : 0.9416666666666671
197,728 : -0.9025
197,961 : -0.8050000000000004
203,576 : -0.5333333333333324
203,622 : -0.9316666666666661
295,342 : -1.2191666666666667
82,158 : -0.5699999999999998
82,640 : 1.5541666666666671
158,960 : -0.4750000000000001
126,640 : 2.4483333333333333
259,640 : 1.554166666666667
640,836 : 1.5541666666666663
640,837 : 0.14500000000000068
83,205 : -0.31666666666666665
205,831 : 0.41666666666666685
86,201 : -0.04499999999999982
86,842 : -1.6557142857142848
86,987 : -0.23499999999999954
201,325 : 0.5616666666666668
201,632 : -0.4066666666666665
535,842 : -1.4473809523809515
655,842 : -1.5700808913308906
724,842 : -0.9108333333333325
87,482 : 1.5166666666666666
93,482 : 0.7650000000000001
461,482 : 0.4483333333333338
482,579 : 0.321666666666667
88,352 : 0.3166666666666671
88,402 : -0.7916666666666665
352,436 : -0.158333333333333
352,935 : 0.31666666666666665
90,622 : 0.783333333333334
622,762 : -0.5649999999999994
91,310 : -0.6238095238095236
91,979 : 0.038690476190477274
310,715 : 0.10000000000000009
339,979 : 2.2266666666666675
595,979 : 1.3008333333333337
654,979 : 0.5908333333333344
979,994 : 0.984166666666667
92,154 : -1.9180952380952372
92,744 : -1.9180952380952374
154,582 : -1.2757142857142854
154,812 : -1.1332142857142848
512,744 : -0.8957142857142851
744,819 : -1.0673809523809514
93,345 : -0.4750000000000001
345,665 : -0.31666666666666665
95,485 : 1.6250000000000004
95,888 : 0.1000000000000002
117,485 : 1.6250000000000002
178,485 : 1.7249999999999999
485,805 : 1.0499999999999998
96,479 : -0.8499999999999999
96,849 : -0.737380952380952
479,655 : 0.27775641025641107
479,798 : 0.34791666666666665
411,849 : -0.2257142857142843
98,824 : 0.46666666666666656
273,824 : 0.20000000000000018
597,824 : 0.5023809523809534
99,212 : -0.18999999999999984
99,685 : 0.2266666666666669
99,802 : -1.4657142857142853
212,396 : -0.21666666666666679
559,685 : 0.10000000000000009
353,802 : -0.5486507936507932
802,919 : -1.6104761904761888
802,992 : -2.171428571428571
229,855 : -0.5700000000000001
385,803 : -0.6333333333333329
639,922 : 0.10000000000000042
277,486 : -0.153333333333332
486,496 : 0.9416666666666669
486,535 : -0.24833333333333285
102,279 : 0.1000000000000002
103,675 : 0.5619444444444446
103,694 : -0.8866666666666665
220,675 : -0.6097222222222215
598,675 : 1.5801388888888892
675,815 : -0.44323412698412656
694,967 : -1.04047619047619
104,107 : -1.0450000000000004
104,235 : -0.6966666666666653
104,553 : -0.28499999999999914
104,799 : -0.6966666666666657
107,647 : -1.3096428571428569
107,844 : -0.37750000000000006
235,568 : -0.28499999999999903
235,582 : -0.5699999999999995
489,553 : -0.3749999999999998
184,799 : 0.7650000000000007
194,799 : 0.7650000000000008
332,799 : -0.4274999999999992
106,701 : 0.8625
304,701 : 0.8624999999999999
658,701 : 0.10000000000000042
647,789 : -0.06594155844155691
391,844 : -0.37499999999999967
659,844 : 0.7041666666666668
108,234 : 0.17916666666666692
234,353 : 1.380992063492064
234,809 : -1.1902777777777775
109,263 : -0.7599999999999999
263,350 : 0.17666666666666686
263,395 : 0.2266666666666669
110,332 : -0.8233333333333333
110,668 : -0.6333333333333331
207,332 : -1.3775
196,668 : -1.2191666666666658
484,668 : -0.9024999999999996
111,748 : 0.10000000000000009
116,542 : 0.10000000000000009
251,542 : 0.10000000000000009
117,796 : 0.10000000000000009
118,313 : 1.3342803030303045
118,359 : 3.5449404761904764
118,672 : 0.6217803030303044
118,757 : 3.5449404761904764
118,789 : -0.28620670995670805
313,450 : -0.47499999999999976
313,878 : -1.1083333333333325
672,813 : -0.8934523809523799
167,789 : 0.7144155844155856
355,789 : 2.2209740259740265
789,999 : 2.2209740259740265
575,921 : -1.1600829725829707
921,931 : 1.3835317460317462
921,983 : 1.3835317460317462
122,232 : -0.5066666666666665
122,742 : -0.6333333333333331
163,232 : -0.9975
232,249 : -0.6649999999999997
636,742 : -1.0872222222222219
648,742 : -0.22142857142857086
124,174 : -0.5519047619047615
124,430 : -0.19575757575757546
174,427 : -1.7167857142857132
174,671 : -0.7577380952380939
200,430 : 0.057575757575757835
430,498 : 0.10757575757575799
430,673 : -0.7340909090909075
125,228 : -0.6107142857142851
125,892 : -0.47499999999999987
228,977 : -1.510714285714285
892,942 : -0.5699999999999998
127,929 : 1.9495833333333334
469,929 : 0.35083333333333366
483,929 : -0.0924999999999987
724,929 : 0.2452380952380957
128,208 : 0.33750000000000013
128,423 : -0.3910714285714265
128,673 : -1.0583333333333327
132,423 : 0.6880952380952391
423,432 : -1.1691666666666654
423,911 : -1.067380952380951
673,711 : -0.7416666666666663
131,175 : 0.10000000000000009
131,364 : 0.10000000000000009
132,899 : 0.10000000000000031
135,261 : 0.09999999999999998
261,928 : 0.9866666666666671
137,549 : -0.4750000000000001
137,989 : -0.31666666666666665
549,663 : 0.5750000000000004
138,512 : -0.1899999999999996
138,574 : -0.6333333333333331
512,667 : -0.19000000000000006
141,488 : -1.2033333333333336
141,584 : 0.030158730158730607
264,584 : -0.5398412698412696
584,992 : -1.4807936507936492
143,260 : 1.4612500000000002
163,260 : -1.4198611111111106
260,791 : -1.1425396825396819
144,591 : 0.1000000000000002
144,610 : 0.8333333333333335
144,752 : 0.41666666666666663
591,810 : -0.21666666666666634
752,983 : -0.9500000000000006
168,597 : 0.76904761904762
597,996 : 0.05000000000000182
147,220 : 0.36666666666666814
147,760 : 0.466666666666667
147,827 : 0.20000000000000062
220,704 : 0.3166666666666669
220,808 : 0.6333333333333337
220,819 : -0.013333333333332753
602,827 : 0.10000000000000009
411,619 : 2.2133333333333334
411,949 : 2.213333333333334
411,984 : -0.06511904761904663
149,809 : -1.108333333333333
372,809 : 0.6113636363636368
459,705 : 1.3583333333333336
700,727 : -0.6333333333333335
153,236 : 0.8333333333333335
236,703 : 0.41666666666666663
236,947 : 0.1000000000000002
434,582 : -1.3299999999999994
233,812 : -0.9816666666666662
157,242 : 2.8964285714285722
157,349 : 1.2910317460317469
157,469 : 1.2910317460317469
157,514 : 2.59436507936508
157,714 : 0.6509126984126996
349,919 : -0.2985714285714276
514,890 : 0.1000000000000002
501,714 : -0.8821428571428567
714,803 : -1.0404761904761903
629,960 : -0.047499999999999876
307,336 : 0.7041666666666667
307,895 : -0.4777777777777772
830,935 : -0.6333333333333337
163,785 : -0.7258333333333321
163,926 : -1.4725000000000001
422,785 : 0.5750000000000003
517,785 : 0.5750000000000003
583,785 : 1.3583333333333334
852,926 : -1.0925
165,618 : 0.5750000000000002
539,618 : 0.10000000000000031
618,811 : -0.18749999999999967
166,681 : 0.4325000000000002
681,783 : -0.5199999999999998
167,490 : -1.33
490,862 : -1.3775000000000002
168,250 : -1.045
956,967 : -0.6710317460317453
206,399 : -0.438333333333333
399,813 : -0.40261904761904677
688,887 : -0.5288095238095236
688,951 : -0.5722619047619033
588,927 : 0.29000000000000037
173,793 : 0.10000000000000009
427,576 : -1.0965476190476173
427,604 : -2.067380952380952
427,713 : -1.0407539682539673
458,671 : -0.7916666666666662
176,654 : 0.19500000000000017
654,992 : -1.0673809523809514
179,441 : 0.7200000000000001
190,441 : 0.72
441,865 : 0.6700000000000005
180,611 : 0.10000000000000009
180,620 : -0.21666666666666656
620,755 : 0.41666666666666674
184,297 : 0.10000000000000009
186,590 : 0.09999999999999998
186,813 : 1.1857142857142864
813,991 : -0.49761904761904663
192,738 : 2.0787500000000003
230,738 : -0.7337499999999996
738,814 : 0.9524999999999995
738,934 : 0.9524999999999995
193,207 : -1.1875
193,315 : -0.7916666666666666
193,974 : -0.31666666666666676
315,841 : -0.9499999999999996
450,974 : -0.6333333333333337
194,896 : 0.10000000000000009
196,467 : -1.2598809523809522
196,575 : -1.4571464646464634
467,696 : -0.8007142857142855
467,791 : -0.7635317460317446
467,902 : -0.753214285714285
575,609 : -0.30131313131313076
575,982 : -0.8396464646464638
567,728 : -0.31666666666666665
854,961 : 0.09749999999999992
863,961 : 0.4325000000000001
199,877 : 0.10000000000000009
655,877 : 1.5152564102564117
200,755 : -0.15333333333333332
755,904 : 0.8333333333333335
324,632 : -0.5066666666666663
501,607 : -0.18749999999999967
594,607 : 0.5750000000000002
723,732 : 0.4958333333333341
576,699 : 1.1500000000000008
576,740 : 1.1500000000000006
204,753 : 0.10000000000000009
753,880 : 0.10000000000000009
257,831 : 0.41666666666666685
555,831 : 0.8333333333333335
206,887 : -0.21666666666666656
837,862 : -1.741666666666666
211,938 : 1.1500000000000004
211,978 : -0.1849999999999994
854,978 : -0.09499999999999964
369,396 : 0.10000000000000009
213,523 : 0.10000000000000009
213,931 : -0.6333333333333337
523,560 : 0.10000000000000009
214,557 : 0.10000000000000009
484,599 : -0.8549999999999998
691,957 : 1.1102230246251565e-16
217,429 : 0.0
217,734 : -0.31666666666666665
429,937 : 0.10000000000000009
734,902 : -0.5066666666666662
219,645 : 1.3583333333333334
219,663 : 0.41666666666666885
219,848 : 1.1500000000000006
219,940 : 0.5750000000000006
284,663 : 1.3583333333333336
344,663 : 0.0050000000000003375
472,848 : 0.10000000000000009
567,940 : -0.7916666666666667
704,957 : -0.2533333333333334
819,945 : 0.19500000000000017
679,920 : -0.7916666666666655
226,275 : -1.2907936507936504
226,499 : -1.1917857142857131
226,977 : -1.8364285714285702
226,984 : -1.9655952380952377
275,382 : 0.03015873015873005
275,716 : 0.6001587301587301
275,825 : 0.28349206349206346
433,499 : 1.569583333333334
499,928 : -0.7755952380952371
499,942 : 0.5498809523809527
278,977 : 0.36111111111111205
227,662 : 0.10000000000000009
662,923 : 1.1500000000000006
281,855 : -0.5699999999999998
230,710 : -1.3616666666666668
230,758 : -0.6625000000000002
230,976 : -0.6491666666666664
693,710 : -0.6941666666666666
710,723 : 0.11583333333333423
543,758 : 0.11833333333333318
577,758 : 0.29000000000000004
324,976 : -0.6649999999999997
231,846 : 0.7200000000000001
270,846 : 0.72
629,846 : 0.2425000000000005
353,406 : 3.432222222222224
353,636 : 0.7662698412698425
353,646 : 0.5815476190476194
353,895 : 0.96154761904762
353,951 : -0.9693650793650771
293,568 : -0.42071428571428504
737,947 : 1.1102230246251565e-16
289,695 : -0.791666666666667
240,723 : 2.3716666666666675
264,723 : 0.8283333333333337
536,723 : 2.371666666666667
909,982 : -0.8866666666666665
643,980 : -1.2825000000000002
448,815 : 1.239007936507937
644,815 : 2.3366071428571433
783,815 : -0.18712301587301516
815,915 : -0.07855158730158707
416,507 : -0.7599999999999999
420,507 : -0.19000000000000006
247,759 : 0.3479166666666669
372,759 : 1.255113636363637
727,759 : -0.3749999999999998
613,791 : 1.4772222222222227
791,858 : -0.0306746031746028
251,916 : -0.31666666666666665
408,502 : -0.5700000000000001
521,790 : 0.33750000000000013
790,826 : -0.5041666666666661
627,860 : 0.33750000000000013
860,991 : -1.0583333333333322
255,565 : 0.10000000000000009
257,538 : -0.6333333333333333
295,538 : -0.6333333333333332
258,368 : 0.10000000000000009
368,498 : 0.20000000000000018
259,807 : -0.8866666666666667
272,928 : -0.31666666666666565
327,928 : -0.158333333333333
679,928 : -1.0291666666666655
350,794 : 1.3083333333333333
395,630 : 0.10000000000000009
266,346 : -0.9450000000000001
266,641 : 0.34791666666666665
346,800 : 0.5619444444444448
272,299 : -0.9499999999999998
272,463 : -0.31666666666666676
463,682 : -0.3166666666666669
273,843 : 0.10000000000000009
274,783 : -0.625178571428571
274,951 : 0.08845238095238217
274,970 : 0.12714285714285756
695,783 : -0.33250000000000013
648,951 : 0.17440476190476317
915,951 : -0.7011904761904753
323,382 : -0.29857142857142793
716,829 : -0.5700000000000001
409,825 : -0.05333333333333323
276,754 : -0.5700000000000001
277,376 : -0.013333333333332864
277,436 : -0.026666666666666172
277,537 : 1.1500000000000004
360,376 : -0.7599999999999999
376,706 : -0.5066666666666665
280,418 : 0.050000000000000266
280,476 : 0.0
280,910 : -0.31666666666666643
418,494 : 0.5750000000000001
418,658 : -0.42499999999999993
476,664 : -0.6333333333333335
285,569 : -0.31666666666666665
285,693 : 0.1000000000000002
290,569 : -0.6333333333333337
298,693 : 0.7041666666666667
505,599 : -0.6649999999999994
291,682 : -0.6785714285714286
292,823 : 0.10000000000000009
823,885 : 0.20000000000000018
293,531 : -0.26238095238095216
293,636 : -1.280992063492063
458,531 : -0.7916666666666664
295,969 : 0.3148809523809537
344,969 : 0.742380952380953
519,969 : 2.213333333333334
874,969 : 2.213333333333334
302,751 : 0.10000000000000009
516,751 : 0.516666666666667
303,737 : -0.31666666666666676
661,737 : 2.220446049250313e-16
306,532 : 0.10000000000000009
422,532 : -0.375
358,895 : -0.844444444444444
308,370 : 0.10000000000000009
432,571 : 0.4723214285714288
432,646 : -1.7218253968253963
522,741 : -0.30714285714285694
741,871 : -1.0721428571428568
341,956 : 0.05277777777777848
354,956 : 0.05277777777777848
389,956 : -0.5805555555555547
311,389 : -1.4566666666666668
311,765 : -0.6649999999999998
389,708 : -1.2666666666666664
765,998 : 0.41666666666666685
384,506 : 0.10000000000000009
348,841 : 0.20000000000000018
319,724 : 2.0812500000000003
642,724 : 2.08125
687,724 : 2.08125
604,915 : -2.27095238095238
323,550 : -0.20357142857142807
323,746 : -0.9622023809523803
323,911 : -0.9090476190476178
550,629 : -0.6174999999999997
492,746 : 1.3479166666666669
525,746 : 0.5232142857142866
719,746 : -1.22345238095238
746,856 : 0.523214285714286
497,911 : -1.1397619047619043
528,911 : 0.5571428571428574
326,372 : 2.886111111111112
372,959 : 0.6113636363636379
690,880 : -0.47499999999999987
334,337 : 0.10000000000000009
341,865 : -0.1899999999999996
424,865 : 3.3306690738754696e-16
865,883 : 0.06333333333333369
343,996 : 1.2452380952380953
481,996 : 0.4392857142857145
781,996 : 0.12261904761904785
665,871 : -0.5066666666666664
379,800 : 1.5486111111111114
713,800 : -0.3144444444444443
756,800 : 1.8572222222222228
800,820 : -0.05555555555555536
348,462 : 0.9916666666666667
348,804 : 0.9916666666666667
465,919 : -0.4702380952380937
762,919 : -0.2169047619047607
646,882 : -1.6677777777777776
358,709 : -0.31666666666666665
460,709 : -0.4750000000000001
362,821 : 0.10000000000000009
821,962 : 0.20000000000000018
365,588 : -0.6783333333333329
365,719 : -2.076428571428571
391,588 : 0.4483333333333335
453,588 : 1.5166666666666666
413,719 : -1.0764285714285708
852,854 : -0.23749999999999927
387,498 : 0.4666666666666667
392,959 : -1.4249999999999992
882,959 : -1.1874999999999996
623,941 : 0.10000000000000009
378,600 : -0.7916666666666665
378,923 : 0.2583333333333335
458,600 : -0.47499999999999987
600,820 : -0.7916666666666664
543,923 : 0.4350000000000015
775,923 : 1.3583333333333336
379,381 : 0.10000000000000009
394,885 : 0.10000000000000009
397,585 : 0.10000000000000009
397,918 : 0.10000000000000009
435,552 : 1.110416666666667
435,556 : 1.1104166666666668
435,579 : -0.11916666666666653
712,806 : 0.2696428571428572
806,811 : -0.5946428571428567
657,679 : 1.1102230246251565e-16
408,609 : -0.5700000000000001
409,743 : 0.9916666666666667
409,995 : 0.9916666666666667
413,817 : 0.29000000000000015
416,529 : 1.7833333333333337
452,529 : 3.105
529,530 : 3.105
529,545 : 3.105
529,634 : 3.105
658,991 : -1.2666666666666664
420,870 : -0.6333333333333335
424,426 : -0.19000000000000006
424,461 : -0.6649999999999997
426,934 : -0.9500000000000006
425,448 : -0.6333333333333337
425,869 : -0.31666666666666665
826,869 : -0.31666666666666654
713,795 : 2.1762500000000005
713,861 : 2.1762500000000005
713,862 : -0.8236111111111101
478,937 : 0.10000000000000009
540,579 : 0.29000000000000004
447,818 : -0.7124999999999999
449,836 : -0.8866666666666667
810,864 : 0.14750000000000008
816,864 : 0.4325000000000001
465,601 : -0.018750000000000044
497,971 : -0.6650000000000001
702,971 : -0.08999999999999986
501,664 : -0.3166666666666663
481,736 : -0.9500000000000002
483,883 : -1.2983333333333331
535,782 : 0.29000000000000015
489,652 : 0.10000000000000009
491,686 : 0.10000000000000009
491,797 : 0.10000000000000009
509,946 : 0.10000000000000009
852,946 : -0.08999999999999964
511,527 : 0.34791666666666665
608,667 : -0.3166666666666669
516,772 : 0.7041666666666667
516,882 : -0.18749999999999944
522,906 : 0.10000000000000009
525,718 : 0.625
525,943 : 0.6250000000000002
534,608 : -0.31666666666666665
534,982 : -0.31666666666666643
539,653 : 0.5750000000000001
543,670 : 1.3083333333333336
543,908 : 1.3083333333333336
551,810 : 0.7041666666666667
631,814 : -0.9500000000000006
566,962 : 0.10000000000000009
871,992 : -1.1332142857142855
731,839 : -0.21666666666666679
595,829 : -0.5699999999999998
657,820 : -1.2033333333333336
603,648 : 0.2696428571428575
661,811 : -0.633333333333333
762,893 : 0.19499999999999995
626,856 : 0.625
856,866 : 0.6250000000000002
711,826 : -0.18749999999999967
711,833 : 0.5750000000000002
677,986 : 0.72
838,986 : 0.7200000000000001
733,957 : 0.7333333333333335
702,875 : 0.10000000000000009
839,859 : 0.10000000000000009
733,933 : 0.10000000000000009
773,998 : 0.10000000000000009
41,446 : nan
85,761 : nan
97,975 : nan
130,621 : nan
145,440 : nan
155,210 : nan
188,721 : nan
191,894 : nan
224,305 : nan
243,968 : nan
253,924 : nan
265,570 : nan
351,777 : nan
451,578 : nan
474,900 : nan
562,735 : nan
717,780 : nan
726,776 : nan
21,317,401 : 0.10000000000000009
21,317,436 : 0.10000000000000009
49,198,674 : 0.10000000000000009
49,674,717 : 0.10000000000000009
59,375,819 : 0.10000000000000009
293,375,819 : 0.10000000000000009
209,503,844 : 0.20000000000000018
209,710,844 : 0.10000000000000009
503,844,924 : 0.10000000000000009
374,496,761 : 0.10000000000000009
496,761,821 : 0.10000000000000009
0,187,959 : nan
0,222,358 : nan
0,499,625 : nan
1,119,234 : nan
1,141,382 : nan
2,61,821 : nan
2,89,666 : nan
2,332,932 : nan
3,43,891 : nan
3,178,267 : nan
3,341,592 : nan
3,350,688 : nan
3,427,968 : nan
3,737,842 : nan
4,69,632 : nan
4,303,693 : nan
4,307,816 : nan
4,596,937 : nan
4,650,831 : nan
5,15,256 : nan
5,30,170 : nan
5,228,300 : nan
5,448,452 : nan
6,20,644 : nan
6,53,453 : nan
6,61,899 : nan
6,96,752 : nan
6,257,572 : nan
6,300,755 : nan
6,379,946 : nan
6,592,615 : nan
7,234,435 : nan
7,670,781 : nan
8,13,262 : nan
8,339,613 : nan
8,506,665 : nan
8,586,677 : nan
8,827,894 : nan
9,80,657 : nan
9,372,381 : nan
10,183,490 : nan
11,280,829 : nan
12,314,809 : nan
13,22,653 : nan
13,127,669 : nan
13,310,629 : nan
14,42,503 : nan
14,279,476 : nan
14,488,523 : nan
14,567,613 : nan
14,783,810 : nan
16,41,854 : nan
16,178,498 : nan
16,660,676 : nan
16,748,824 : nan
16,849,943 : nan
17,110,751 : nan
17,169,913 : nan
17,248,939 : nan
17,295,389 : nan
17,731,940 : nan
18,262,414 : nan
18,331,599 : nan
18,341,917 : nan
19,49,172 : nan
19,153,888 : nan
19,283,520 : nan
19,568,837 : nan
19,699,773 : nan
20,387,932 : nan
20,786,960 : nan
21,150,433 : nan
21,159,837 : nan
21,238,673 : nan
22,37,235 : nan
22,128,788 : nan
22,867,895 : nan
23,395,496 : nan
23,504,845 : nan
23,573,873 : nan
23,824,826 : nan
24,105,525 : nan
24,150,367 : nan
24,159,207 : nan
24,174,588 : nan
24,218,544 : nan
24,423,978 : nan
24,506,880 : nan
25,158,437 : nan
25,178,589 : nan
25,498,912 : nan
25,505,725 : nan
26,109,812 : nan
26,408,802 : nan
27,34,748 : nan
27,168,674 : nan
27,604,893 : nan
28,190,455 : nan
28,215,999 : nan
28,231,415 : nan
29,44,840 : nan
29,199,815 : nan
29,406,954 : nan
29,462,647 : nan
29,611,750 : nan
30,110,342 : nan
30,155,816 : nan
30,261,485 : nan
30,840,927 : nan
31,59,286 : nan
31,205,787 : nan
31,231,429 : nan
31,325,436 : nan
32,127,303 : nan
32,182,214 : nan
32,301,302 : nan
32,466,732 : nan
33,36,316 : nan
33,110,148 : nan
34,102,783 : nan
34,240,497 : nan
34,255,310 : nan
34,834,884 : nan
35,456,627 : nan
36,37,455 : nan
36,158,252 : nan
36,380,610 : nan
36,622,818 : nan
36,893,900 : nan
37,72,881 : nan
38,107,370 : nan
38,309,723 : nan
38,436,861 : nan
40,66,364 : nan
40,75,676 : nan
40,159,575 : nan
40,317,654 : nan
40,553,977 : nan
41,307,729 : nan
42,298,564 : nan
42,396,566 : nan
42,418,690 : nan
42,489,667 : nan
44,100,882 : nan
45,200,662 : nan
45,354,575 : nan
45,518,782 : nan
45,744,861 : nan
45,854,910 : nan
46,54,784 : nan
46,56,686 : nan
46,275,661 : nan
46,477,892 : nan
46,479,913 : nan
46,610,621 : nan
47,671,862 : nan
47,723,938 : nan
48,94,651 : nan
48,476,837 : nan
49,91,864 : nan
49,292,721 : nan
49,547,935 : nan
50,107,239 : nan
50,111,930 : nan
50,142,222 : nan
50,675,883 : nan
51,501,992 : nan
51,558,576 : nan
51,828,846 : nan
51,853,895 : nan
52,198,779 : nan
52,734,951 : nan
54,127,579 : nan
54,179,349 : nan
55,140,515 : nan
55,230,448 : nan
55,366,479 : nan
55,451,460 : nan
55,468,893 : nan
56,168,455 : nan
56,329,768 : nan
56,404,826 : nan
57,157,448 : nan
58,104,629 : nan
58,621,883 : nan
58,654,728 : nan
58,797,980 : nan
61,120,756 : nan
61,210,467 : nan
61,503,710 : nan
62,204,745 : nan
62,689,830 : nan
63,149,855 : nan
63,394,906 : nan
63,412,431 : nan
63,604,864 : nan
63,651,912 : nan
63,691,832 : nan
63,754,927 : nan
64,161,824 : nan
64,276,700 : nan
64,438,943 : nan
66,128,132 : nan
66,138,630 : nan
66,663,715 : nan
67,113,944 : nan
67,188,783 : nan
67,239,696 : nan
67,387,949 : nan
67,524,947 : nan
67,596,917 : nan
67,874,909 : nan
68,135,392 : nan
68,166,319 : nan
69,168,644 : nan
69,312,554 : nan
70,641,720 : nan
71,398,699 : nan
72,806,885 : nan
73,79,683 : nan
73,308,693 : nan
73,488,903 : nan
73,573,870 : nan
73,759,950 : nan
73,820,920 : nan
74,193,656 : nan
74,270,287 : nan
74,303,362 : nan
75,227,747 : nan
75,412,643 : nan
76,376,767 : nan
76,559,844 : nan
77,188,962 : nan
77,225,532 : nan
77,410,580 : nan
78,230,584 : nan
78,260,476 : nan
78,486,958 : nan
80,195,339 : nan
80,541,563 : nan
81,143,378 : nan
82,396,852 : nan
83,259,279 : nan
83,619,864 : nan
84,212,438 : nan
84,412,475 : nan
85,118,268 : nan
85,368,383 : nan
85,622,778 : nan
86,207,341 : nan
86,270,312 : nan
86,328,799 : nan
88,122,887 : nan
88,594,926 : nan
89,518,578 : nan
90,156,444 : nan
90,392,962 : nan
90,477,982 : nan
90,590,841 : nan
90,645,673 : nan
91,92,639 : nan
91,193,307 : nan
91,194,447 : nan
91,291,764 : nan
91,566,704 : nan
92,215,682 : nan
93,427,616 : nan
93,444,597 : nan
93,537,573 : nan
94,158,307 : nan
94,184,976 : nan
94,242,382 : nan
94,434,741 : nan
94,448,451 : nan
94,483,713 : nan
95,97,190 : nan
95,270,595 : nan
96,151,484 : nan
97,119,426 : nan
97,341,876 : nan
98,143,943 : nan
99,192,900 : nan
99,258,901 : nan
99,267,857 : nan
99,358,720 : nan
99,384,546 : nan
99,422,988 : nan
99,566,934 : nan
100,116,986 : nan
100,338,449 : nan
100,548,650 : nan
101,204,724 : nan
101,782,977 : nan
102,213,929 : nan
102,306,956 : nan
102,450,604 : nan
102,551,830 : nan
103,199,586 : nan
107,130,396 : nan
107,508,782 : nan
108,210,726 : nan
108,347,492 : nan
108,664,909 : nan
109,125,492 : nan
109,483,507 : nan
109,879,939 : nan
112,407,624 : nan
112,524,815 : nan
112,578,680 : nan
112,643,782 : nan
112,712,882 : nan
113,429,631 : nan
113,434,913 : nan
113,651,889 : nan
114,413,616 : nan
115,426,989 : nan
116,522,814 : nan
116,721,739 : nan
117,162,729 : nan
117,211,794 : nan
117,305,581 : nan
117,485,803 : nan
118,339,401 : nan
118,421,964 : nan
120,778,856 : nan
121,174,411 : nan
121,711,927 : nan
122,510,541 : nan
122,544,897 : nan
122,573,685 : nan
122,729,996 : nan
123,408,992 : nan
123,687,844 : nan
124,285,755 : nan
125,250,507 : nan
125,712,781 : nan
127,189,219 : nan
127,194,852 : nan
127,589,812 : nan
128,218,364 : nan
128,618,787 : nan
128,947,984 : nan
129,246,369 : nan
129,307,696 : nan
131,292,963 : nan
132,149,401 : nan
132,256,462 : nan
132,391,839 : nan
132,447,466 : nan
133,533,750 : nan
134,202,626 : nan
134,421,877 : nan
134,664,974 : nan
135,285,523 : nan
135,361,420 : nan
136,366,889 : nan
137,540,650 : nan
138,247,433 : nan
139,290,964 : nan
139,562,684 : nan
139,903,944 : nan
141,187,696 : nan
141,366,565 : nan
141,546,657 : nan
141,875,910 : nan
143,435,868 : nan
143,517,757 : nan
143,647,739 : nan
144,328,387 : nan
144,551,715 : nan
144,682,891 : nan
144,799,853 : nan
145,447,679 : nan
145,532,665 : nan
146,187,239 : nan
146,196,948 : nan
146,224,421 : nan
146,489,985 : nan
147,196,509 : nan
147,363,390 : nan
147,373,757 : nan
148,313,456 : nan
148,478,634 : nan
148,642,888 : nan
148,864,961 : nan
150,249,864 : nan
150,373,686 : nan
150,643,774 : nan
151,302,560 : nan
151,309,679 : nan
152,331,356 : nan
152,422,971 : nan
153,278,771 : nan
153,291,345 : nan
153,478,601 : nan
153,905,952 : nan
154,490,632 : nan
154,774,861 : nan
154,952,970 : nan
156,258,440 : nan
156,358,882 : nan
157,306,579 : nan
158,168,258 : nan
158,200,448 : nan
159,313,796 : nan
159,394,466 : nan
160,649,840 : nan
161,225,250 : nan
161,334,376 : nan
162,288,732 : nan
162,342,465 : nan
163,206,803 : nan
163,381,891 : nan
164,222,464 : nan
164,282,495 : nan
164,764,903 : nan
165,447,573 : nan
167,525,874 : nan
167,564,706 : nan
169,336,721 : nan
169,764,934 : nan
170,226,960 : nan
170,519,718 : nan
170,756,819 : nan
171,360,550 : nan
171,394,670 : nan
172,337,778 : nan
174,312,812 : nan
175,380,478 : nan
175,588,852 : nan
176,180,353 : nan
176,217,936 : nan
176,227,884 : nan
176,459,524 : nan
176,522,749 : nan
177,223,615 : nan
177,477,813 : nan
178,475,856 : nan
178,522,755 : nan
179,266,893 : nan
179,373,670 : nan
179,583,934 : nan
179,585,632 : nan
180,376,576 : nan
180,562,978 : nan
180,664,904 : nan
181,519,782 : nan
181,592,777 : nan
182,200,512 : nan
183,257,968 : nan
183,265,463 : nan
183,505,629 : nan
184,186,791 : nan
184,237,993 : nan
184,245,916 : nan
184,681,786 : nan
185,682,895 : nan
185,950,960 : nan
186,269,601 : nan
186,484,847 : nan
186,652,718 : nan
186,680,958 : nan
186,788,987 : nan
187,281,895 : nan
187,304,580 : nan
187,326,684 : nan
187,394,447 : nan
188,438,684 : nan
188,648,870 : nan
189,216,835 : nan
189,244,685 : nan
189,407,856 : nan
189,566,880 : nan
189,724,734 : nan
191,252,665 : nan
192,497,509 : nan
194,376,970 : nan
195,461,490 : nan
196,306,562 : nan
197,658,793 : nan
198,234,523 : nan
198,367,429 : nan
198,627,782 : nan
201,303,903 : nan
201,483,836 : nan
202,537,976 : nan
205,405,688 : nan
205,473,507 : nan
205,503,745 : nan
206,965,980 : nan
207,300,432 : nan
208,625,998 : nan
209,235,948 : nan
209,346,749 : nan
209,500,715 : nan
210,669,910 : nan
210,706,961 : nan
211,447,790 : nan
211,684,736 : nan
212,336,715 : nan
212,392,869 : nan
213,597,623 : nan
214,332,700 : nan
214,582,723 : nan
214,946,965 : nan
215,234,935 : nan
215,568,603 : nan
216,332,474 : nan
216,439,933 : nan
217,364,492 : nan
217,575,799 : nan
218,359,494 : nan
218,496,699 : nan
218,730,845 : nan
219,254,776 : nan
219,476,496 : nan
220,369,695 : nan
222,552,655 : nan
222,822,991 : nan
223,629,980 : nan
226,600,941 : nan
227,345,434 : nan
228,230,408 : nan
228,317,750 : nan
228,749,940 : nan
229,432,477 : nan
229,536,655 : nan
229,710,837 : nan
230,741,834 : nan
231,307,815 : nan
231,324,758 : nan
231,348,648 : nan
231,391,727 : nan
232,267,318 : nan
232,276,630 : nan
233,242,505 : nan
233,479,777 : nan
234,634,682 : nan
235,273,651 : nan
235,352,433 : nan
235,456,835 : nan
238,371,835 : nan
238,376,649 : nan
239,240,744 : nan
239,309,511 : nan
239,327,929 : nan
239,392,645 : nan
239,607,989 : nan
240,276,498 : nan
241,327,331 : nan
241,635,818 : nan
241,739,892 : nan
242,283,842 : nan
242,386,611 : nan
242,501,522 : nan
243,313,997 : nan
243,318,905 : nan
243,681,850 : nan
244,662,915 : nan
245,259,713 : nan
246,276,390 : nan
246,281,951 : nan
246,423,952 : nan
247,561,800 : nan
249,731,789 : nan
250,318,974 : nan
252,273,772 : nan
253,678,936 : nan
254,397,504 : nan
254,689,817 : nan
254,815,928 : nan
256,322,661 : nan
256,358,415 : nan
256,666,765 : nan
256,758,831 : nan
258,272,485 : nan
259,740,898 : nan
260,419,710 : nan
261,390,897 : nan
261,645,810 : nan
261,755,912 : nan
261,861,939 : nan
263,460,889 : nan
264,384,667 : nan
265,277,522 : nan
266,308,583 : nan
266,525,803 : nan
268,433,517 : nan
269,439,768 : nan
271,317,352 : nan
271,546,654 : nan
271,569,795 : nan
272,701,715 : nan
272,777,892 : nan
273,560,877 : nan
273,690,763 : nan
273,802,936 : nan
274,369,807 : nan
274,463,811 : nan
274,632,809 : nan
274,666,881 : nan
274,833,854 : nan
275,486,807 : nan
276,387,593 : nan
277,470,836 : nan
277,760,815 : nan
278,705,721 : nan
279,648,974 : nan
279,714,875 : nan
280,307,698 : nan
280,476,670 : nan
280,533,866 : nan
280,944,957 : nan
281,542,853 : nan
281,711,729 : nan
282,342,677 : nan
283,349,649 : nan
283,793,914 : nan
284,398,898 : nan
285,395,790 : nan
285,420,435 : nan
287,439,572 : nan
287,479,923 : nan
287,486,683 : nan
287,680,791 : nan
288,697,951 : nan
288,855,862 : nan
289,497,539 : nan
289,625,878 : nan
290,483,969 : nan
291,484,681 : nan
291,499,860 : nan
295,340,512 : nan
295,405,517 : nan
295,481,546 : nan
296,387,679 : nan
296,780,983 : nan
297,354,910 : nan
297,503,919 : nan
297,680,852 : nan
298,437,614 : nan
298,443,579 : nan
299,594,931 : nan
299,894,898 : nan
301,320,848 : nan
301,687,977 : nan
302,576,596 : nan
302,659,912 : nan
303,352,936 : nan
303,774,979 : nan
304,429,534 : nan
304,738,886 : nan
305,410,773 : nan
306,409,434 : nan
306,851,954 : nan
307,508,891 : nan
309,393,997 : nan
312,387,945 : nan
312,551,762 : nan
313,615,878 : nan
313,727,825 : nan
316,499,537 : nan
317,534,642 : nan
317,748,947 : nan
319,438,735 : nan
319,835,891 : nan
320,707,849 : nan
321,671,963 : nan
322,710,827 : nan
322,724,933 : nan
323,608,863 : nan
325,407,564 : nan
325,432,807 : nan
326,598,654 : nan
326,755,877 : nan
327,389,862 : nan
327,488,551 : nan
327,579,944 : nan
328,762,798 : nan
331,448,485 : nan
331,844,852 : nan
332,553,628 : nan
333,595,852 : nan
333,694,819 : nan
335,511,650 : nan
335,919,990 : nan
336,516,758 : nan
340,348,927 : nan
340,404,897 : nan
340,888,894 : nan
341,569,613 : nan
342,905,911 : nan
343,634,759 : nan
344,453,684 : nan
344,639,764 : nan
347,454,572 : nan
347,877,946 : nan
348,551,989 : nan
348,570,750 : nan
348,890,903 : nan
349,444,522 : nan
349,810,902 : nan
350,528,802 : nan
350,534,923 : nan
351,413,927 : nan
351,415,801 : nan
351,579,838 : nan
351,615,897 : nan
352,381,455 : nan
352,436,637 : nan
352,497,713 : nan
353,406,450 : nan
354,368,605 : nan
354,385,386 : nan
354,907,948 : nan
355,415,506 : nan
356,575,885 : nan
357,404,998 : nan
357,826,877 : nan
358,888,924 : nan
360,406,501 : nan
360,416,517 : nan
360,544,984 : nan
361,400,828 : nan
361,583,625 : nan
361,656,845 : nan
362,372,738 : nan
363,660,930 : nan
364,994,997 : nan
365,396,945 : nan
365,588,733 : nan
366,371,870 : nan
367,563,862 : nan
369,431,444 : nan
370,541,675 : nan
371,519,636 : nan
371,806,876 : nan
372,680,940 : nan
373,396,788 : nan
373,709,929 : nan
374,513,557 : nan
377,410,457 : nan
377,555,618 : nan
377,690,747 : nan
379,456,748 : nan
379,504,824 : nan
381,441,466 : nan
381,508,625 : nan
382,727,755 : nan
383,587,812 : nan
384,510,778 : nan
384,767,986 : nan
385,471,689 : nan
388,420,965 : nan
388,483,534 : nan
388,768,854 : nan
388,840,978 : nan
390,579,971 : nan
391,474,801 : nan
391,489,615 : nan
391,668,981 : nan
392,498,518 : nan
392,972,980 : nan
393,418,550 : nan
397,579,995 : nan
397,583,906 : nan
398,467,683 : nan
398,532,870 : nan
399,420,497 : nan
399,477,724 : nan
401,533,712 : nan
402,461,832 : nan
402,549,812 : nan
402,550,967 : nan
403,421,688 : nan
405,580,588 : nan
405,717,988 : nan
406,464,708 : nan
407,929,956 : nan
409,573,593 : nan
410,452,778 : nan
411,780,931 : nan
411,861,999 : nan
411,873,962 : nan
412,484,724 : nan
412,542,749 : nan
413,569,993 : nan
415,648,994 : nan
415,865,998 : nan
416,469,955 : nan
416,600,683 : nan
418,490,694 : nan
421,756,912 : nan
422,557,764 : nan
424,524,579 : nan
425,613,884 : nan
426,519,872 : nan
427,687,878 : nan
427,727,774 : nan
428,849,964 : nan
429,606,714 : nan
429,618,627 : nan
429,886,890 : nan
430,859,975 : nan
431,502,603 : nan
432,849,949 : nan
435,523,965 : nan
438,696,765 : nan
439,479,523 : nan
439,636,839 : nan
440,441,887 : nan
440,575,866 : nan
440,986,990 : nan
441,460,472 : nan
441,818,863 : nan
444,486,805 : nan
445,669,941 : nan
446,658,815 : nan
447,492,545 : nan
448,531,840 : nan
449,504,900 : nan
450,627,868 : nan
450,818,964 : nan
451,473,831 : nan
452,535,699 : nan
452,623,790 : nan
454,557,601 : nan
454,566,888 : nan
455,625,965 : nan
455,952,987 : nan
456,641,928 : nan
459,582,828 : nan
460,464,799 : nan
463,637,951 : nan
464,579,796 : nan
465,495,508 : nan
465,511,755 : nan
467,511,715 : nan
470,726,987 : nan
471,555,648 : nan
472,707,822 : nan
473,595,924 : nan
475,490,964 : nan
475,631,779 : nan
478,487,569 : nan
478,799,927 : nan
479,526,813 : nan
479,568,795 : nan
480,709,922 : nan
481,609,703 : nan
481,630,720 : nan
483,891,904 : nan
484,536,643 : nan
484,665,973 : nan
484,683,875 : nan
485,645,774 : nan
486,643,906 : nan
487,567,752 : nan
488,669,852 : nan
492,556,574 : nan
492,904,952 : nan
494,545,820 : nan
495,517,573 : nan
495,661,979 : nan
499,548,670 : nan
499,622,881 : nan
499,648,970 : nan
501,628,966 : nan
502,530,733 : nan
503,623,668 : nan
507,825,884 : nan
507,950,973 : nan
508,562,875 : nan
510,887,947 : nan
511,679,827 : nan
513,544,796 : nan
515,603,770 : nan
515,680,779 : nan
515,912,939 : nan
516,759,802 : nan
517,637,860 : nan
517,708,909 : nan
519,565,861 : nan
520,572,891 : nan
522,614,992 : nan
523,666,844 : nan
526,556,706 : nan
527,743,831 : nan
528,624,960 : nan
530,608,622 : nan
530,892,900 : nan
531,606,656 : nan
531,968,978 : nan
533,570,875 : nan
534,704,705 : nan
538,737,988 : nan
539,562,738 : nan
539,580,615 : nan
541,648,996 : nan
541,948,990 : nan
542,792,958 : nan
543,573,876 : nan
543,765,965 : nan
546,638,919 : nan
549,728,945 : nan
551,663,764 : nan
554,612,848 : nan
555,577,868 : nan
559,615,718 : nan
559,868,938 : nan
560,640,696 : nan
565,862,962 : nan
566,592,625 : nan
566,683,688 : nan
572,604,721 : nan
573,629,710 : nan
579,882,906 : nan
581,657,763 : nan
586,623,905 : nan
587,642,987 : nan
592,668,716 : nan
597,652,736 : nan
597,666,914 : nan
597,799,830 : nan
598,737,813 : nan
599,613,854 : nan
602,667,828 : nan
607,637,962 : nan
609,757,941 : nan
610,655,698 : nan
610,840,868 : nan
611,744,756 : nan
613,730,767 : nan
615,621,833 : nan
615,792,935 : nan
616,888,940 : nan
620,701,898 : nan
622,650,658 : nan
622,683,898 : nan
622,705,798 : nan
628,732,900 : nan
633,797,805 : nan
640,901,942 : nan
642,805,880 : nan
642,954,998 : nan
644,816,926 : nan
647,798,872 : nan
648,651,758 : nan
651,884,892 : nan
653,767,902 : nan
653,883,988 : nan
654,705,889 : nan
660,665,835 : nan
663,761,851 : nan
666,695,929 : nan
666,918,999 : nan
668,682,743 : nan
669,949,996 : nan
673,674,721 : nan
676,929,980 : nan
678,822,909 : nan
679,752,962 : nan
682,874,960 : nan
687,701,820 : nan
703,854,925 : nan
712,779,992 : nan
720,901,964 : nan
724,811,825 : nan
725,838,902 : nan
729,862,899 : nan
738,903,974 : nan
747,938,939 : nan
748,774,954 : nan
750,874,888 : nan
757,825,967 : nan
758,821,840 : nan
758,881,961 : nan
762,800,809 : nan
767,777,895 : nan
773,786,918 : nan
779,876,925 : nan
780,879,956 : nan
783,794,833 : nan
783,892,970 : nan
811,891,955 : nan
833,856,999 : nan
841,883,965 : nan
848,963,968 : nan
862,912,980 : nan
875,916,985 : nan
877,953,994 : nan
892,931,979 : nan
