0,669 : -3
0,720 : -5
2,659 : -21
2,712 : -13
3,880 : -15
4,744 : -16
4,933 : -8
5,832 : -18
6,437 : -12
10,62 : -19
10,345 : -22
10,964 : -19
12,97 : -17
12,335 : -12
13,541 : -15
14,346 : -12
16,386 : -19
17,312 : -13
18,921 : -18
20,299 : -15
20,586 : -18
21,878 : -17
22,624 : -24
22,644 : -18
22,684 : -23
23,30 : -18
23,643 : -15
24,951 : -18
26,830 : -30
26,861 : -27
27,550 : -11
29,762 : -17
30,265 : -15
30,518 : -22
31,39 : -22
31,126 : -18
34,453 : -17
35,126 : -18
35,903 : -15
38,788 : -12
39,272 : -23
39,432 : -28
39,954 : -29
41,382 : -19
41,557 : -20
42,274 : -8
42,945 : -15
43,273 : -20
45,273 : -23
45,472 : -16
45,853 : -15
46,140 : -17
47,838 : -16
48,107 : -20
49,809 : -18
52,468 : -14
52,625 : -15
52,775 : -24
52,907 : -15
53,711 : -12
55,115 : -20
60,352 : -23
60,789 : -15
61,180 : -13
61,360 : -10
62,688 : -20
64,351 : -21
64,798 : -11
65,81 : -16
65,118 : -14
67,144 : -14
67,873 : -18
67,985 : -17
68,914 : -14
69,512 : -7
73,506 : -28
73,901 : -28
73,986 : -33
74,251 : -12
74,373 : -16
74,788 : -18
76,344 : -19
76,607 : -22
78,315 : -15
78,500 : -18
81,508 : -16
81,700 : -17
83,670 : -15
84,734 : -12
85,968 : -12
86,424 : -13
88,322 : -10
89,337 : -12
94,940 : -17
96,469 : -19
97,431 : -18
99,872 : -13
100,430 : -14
101,498 : -18
101,819 : -19
102,347 : -10
103,291 : -14
103,434 : -18
103,892 : -16
104,208 : -17
105,386 : -18
105,995 : -14
107,836 : -16
107,840 : -19
109,471 : -18
110,940 : -21
113,890 : -21
115,475 : -25
115,745 : -19
116,222 : -7
118,507 : -15
119,604 : -20
120,590 : -18
120,998 : -19
121,905 : -20
122,561 : -6
122,736 : -13
123,180 : -15
124,312 : -21
125,239 : -15
126,365 : -18
128,829 : -17
130,681 : -19
132,204 : -19
133,495 : -12
134,790 : -23
135,476 : -15
135,505 : -18
135,760 : -22
135,994 : -19
136,406 : -10
136,922 : -18
137,146 : -14
137,518 : -19
138,349 : -17
141,332 : -14
142,191 : -14
143,880 : -16
146,335 : -14
147,164 : -13
147,406 : -10
148,774 : -15
149,187 : -16
149,830 : -18
152,187 : -18
152,223 : -19
153,288 : -16
154,662 : -17
154,828 : -19
157,380 : -34
157,690 : -28
159,679 : -24
160,774 : -16
162,559 : -18
162,732 : -22
163,837 : -28
163,863 : -26
164,497 : -17
164,863 : -19
165,680 : -14
167,188 : -22
168,284 : -18
168,345 : -23
170,288 : -20
170,300 : -19
170,577 : -23
171,770 : -11
172,387 : -21
173,525 : -13
174,663 : -20
175,524 : -16
180,504 : -14
181,392 : -16
181,421 : -11
182,856 : -14
183,330 : -23
184,329 : -12
186,264 : -18
186,364 : -15
191,393 : -20
192,777 : -15
192,778 : -13
194,504 : -14
194,668 : -16
195,365 : -17
195,581 : -21
196,239 : -20
197,450 : -23
197,723 : -20
202,354 : -14
203,363 : -14
204,556 : -17
205,501 : -11
207,972 : -26
209,892 : -12
210,679 : -27
211,837 : -26
212,284 : -18
212,786 : -12
212,936 : -19
213,462 : -16
213,970 : -21
215,646 : -19
215,891 : -22
217,706 : -17
220,950 : -22
220,988 : -12
221,826 : -12
222,305 : -9
222,941 : -12
223,656 : -18
227,942 : -17
230,308 : -15
230,701 : -16
231,494 : -11
233,800 : -29
233,850 : -28
236,424 : -16
237,334 : -18
239,749 : -21
240,322 : -15
241,849 : -7
244,587 : -26
248,652 : -18
250,895 : -15
253,303 : -18
253,924 : -19
254,975 : -16
255,275 : -27
255,322 : -20
255,550 : -19
255,948 : -24
256,374 : -28
256,438 : -26
261,522 : -17
264,447 : -18
265,733 : -13
268,903 : -20
269,684 : -17
271,571 : -26
273,447 : -24
274,964 : -16
278,397 : -20
278,697 : -18
279,407 : -19
279,907 : -20
284,697 : -19
285,827 : -7
286,492 : -19
288,922 : -23
290,455 : -19
295,840 : -14
299,534 : -14
301,666 : -11
302,848 : -20
303,921 : -22
304,349 : -19
305,804 : -11
311,497 : -18
311,688 : -17
315,725 : -15
319,371 : -24
319,409 : -21
319,692 : -20
321,419 : -17
324,412 : -15
325,687 : -17
327,422 : -7
327,556 : -12
328,755 : -15
332,578 : -16
332,654 : -14
333,462 : -12
336,615 : -24
339,808 : -15
340,912 : -13
344,668 : -16
345,473 : -27
345,957 : -22
351,489 : -16
351,703 : -18
351,943 : -19
352,385 : -20
352,785 : -19
353,506 : -11
356,381 : -18
361,910 : -14
366,456 : -21
366,493 : -25
366,930 : -21
366,985 : -18
368,773 : -14
369,424 : -17
373,638 : -9
376,558 : -22
378,597 : -10
379,574 : -15
380,539 : -25
381,616 : -17
382,855 : -11
383,791 : -16
383,825 : -19
384,990 : -16
385,554 : -19
389,989 : -17
391,724 : -17
392,696 : -16
393,567 : -19
395,743 : -15
397,455 : -21
397,510 : -15
397,942 : -21
398,877 : -17
403,612 : -19
408,596 : -13
410,969 : -14
414,602 : -14
414,619 : -13
424,713 : -21
426,571 : -22
431,557 : -18
432,436 : -19
437,679 : -23
442,563 : -17
446,868 : -7
449,516 : -26
450,518 : -23
450,735 : -20
452,958 : -30
455,583 : -17
455,776 : -20
456,526 : -25
459,965 : -18
460,641 : -28
460,826 : -15
463,940 : -25
464,872 : -16
467,897 : -14
470,718 : -17
471,895 : -18
473,491 : -17
474,701 : -9
475,791 : -23
478,769 : -28
479,499 : -20
481,741 : -20
481,833 : -19
482,979 : -18
485,624 : -25
488,832 : -16
490,536 : -22
492,497 : -21
492,970 : -24
494,655 : -18
500,939 : -23
501,624 : -21
507,616 : -13
507,805 : -14
508,522 : -23
508,601 : -20
509,520 : -19
512,882 : -7
514,727 : -13
516,582 : -15
517,558 : -23
519,561 : -12
519,953 : -17
523,631 : -27
525,721 : -23
526,858 : -26
528,764 : -19
532,987 : -20
533,556 : -13
533,925 : -14
534,643 : -15
536,744 : -22
536,801 : -22
537,547 : -12
537,568 : -11
540,809 : -19
542,633 : -12
544,673 : -15
545,707 : -21
548,735 : -12
553,790 : -22
555,641 : -21
556,645 : -15
558,718 : -23
558,731 : -28
560,753 : -15
563,645 : -18
563,851 : -13
565,743 : -14
568,743 : -15
571,705 : -23
571,760 : -28
571,799 : -20
572,808 : -19
575,809 : -17
576,727 : -20
579,991 : -15
582,869 : -18
584,651 : -20
586,737 : -18
588,960 : -13
588,987 : -15
593,716 : -12
594,799 : -10
602,847 : -16
608,872 : -19
612,877 : -19
612,886 : -17
613,820 : -20
613,962 : -15
621,912 : -16
622,918 : -12
624,987 : -24
627,743 : -19
628,717 : -15
631,785 : -21
633,718 : -13
636,969 : -13
639,823 : -13
641,734 : -26
646,803 : -21
650,686 : -11
652,857 : -19
654,915 : -17
655,794 : -17
656,893 : -15
658,785 : -25
658,925 : -22
663,856 : -15
670,792 : -12
673,742 : -22
679,791 : -23
681,741 : -23
682,979 : -17
689,813 : -13
690,838 : -19
692,809 : -19
695,753 : -15
695,839 : -16
695,995 : -14
700,998 : -17
707,723 : -20
707,812 : -19
713,929 : -16
714,922 : -24
718,954 : -23
722,857 : -23
724,897 : -17
724,974 : -16
748,852 : -14
755,939 : -19
757,782 : -12
760,991 : -26
766,822 : -24
766,860 : -23
772,813 : -17
773,924 : -21
773,961 : -19
775,783 : -23
776,903 : -20
778,784 : -14
779,781 : -13
784,999 : -20
787,827 : -9
788,836 : -11
788,955 : -15
789,844 : -11
789,945 : -15
801,827 : -16
806,828 : -11
810,850 : -21
810,965 : -23
815,903 : -16
822,970 : -24
846,936 : -14
854,989 : -13
856,950 : -15
887,911 : -13
904,960 : -16
917,983 : -8
925,994 : -20
941,958 : -21
943,970 : -20
0,216,376 : -16
0,331,505 : -16
0,368,750 : -9
0,444,675 : -16
2,15,779 : -29
2,98,176 : -25
2,256,830 : -38
3,15,337 : -25
5,286,977 : -34
6,445,653 : -26
6,659,948 : -34
8,341,541 : -33
9,199,828 : -32
10,157,578 : -35
10,282,542 : -32
11,100,327 : -19
12,599,675 : -23
13,312,938 : -22
14,164,526 : -30
14,309,587 : -27
15,170,998 : -30
15,333,817 : -25
15,820,949 : -27
16,41,344 : -32
16,155,748 : -36
16,658,972 : -38
17,226,250 : -32
17,685,954 : -33
17,915,931 : -32
19,217,516 : -30
19,795,821 : -24
20,235,776 : -32
20,820,946 : -32
21,195,927 : -29
21,571,625 : -32
22,257,708 : -30
22,451,531 : -21
23,282,668 : -32
23,572,897 : -30
24,39,687 : -33
25,281,304 : -22
26,152,343 : -36
26,174,867 : -40
26,188,911 : -42
26,192,217 : -38
28,336,999 : -39
28,440,832 : -27
28,482,495 : -28
28,553,642 : -29
29,42,405 : -23
29,189,921 : -39
29,338,761 : -27
29,737,797 : -29
30,78,274 : -25
30,374,690 : -40
31,418,498 : -31
33,202,616 : -22
33,243,781 : -22
33,379,733 : -26
34,593,945 : -28
34,813,893 : -26
35,595,665 : -21
36,111,465 : -30
36,679,777 : -41
37,947,954 : -38
39,168,987 : -40
41,123,888 : -30
43,67,878 : -26
44,946,984 : -30
46,532,750 : -27
46,687,770 : -29
47,247,680 : -24
48,674,903 : -23
49,238,803 : -26
49,584,693 : -26
50,220,622 : -26
51,324,452 : -38
52,106,422 : -26
52,159,479 : -26
52,736,862 : -30
53,286,970 : -29
53,321,677 : -25
54,380,805 : -36
54,587,841 : -34
55,239,773 : -31
55,352,782 : -26
56,207,715 : -33
56,530,556 : -29
57,334,346 : -29
57,410,488 : -27
57,462,826 : -24
58,68,146 : -28
58,74,950 : -37
58,194,865 : -25
58,275,735 : -38
58,328,765 : -31
59,316,351 : -23
59,322,732 : -26
60,154,681 : -36
60,500,556 : -34
62,68,539 : -29
62,141,631 : -28
62,885,990 : -28
63,199,202 : -29
64,290,632 : -31
65,175,611 : -26
65,791,933 : -25
67,92,639 : -25
69,429,549 : -23
69,610,621 : -23
69,656,731 : -33
71,76,286 : -25
72,289,844 : -26
73,188,503 : -45
75,157,421 : -38
75,349,586 : -33
76,218,475 : -40
76,522,637 : -38
76,596,976 : -29
76,748,862 : -35
76,905,964 : -38
77,97,679 : -40
77,319,640 : -32
77,930,957 : -29
80,398,860 : -31
82,272,783 : -26
82,685,847 : -27
83,86,634 : -28
83,473,831 : -32
88,149,185 : -16
89,278,356 : -25
89,418,504 : -30
91,126,509 : -28
92,283,555 : -20
93,292,734 : -36
93,586,903 : -33
93,772,845 : -29
95,177,279 : -26
95,419,818 : -22
96,145,915 : -35
96,563,700 : -35
97,198,710 : -20
97,289,350 : -32
98,450,643 : -24
99,195,673 : -27
101,154,263 : -27
101,478,805 : -31
101,659,890 : -30
101,661,693 : -31
102,348,377 : -22
103,352,728 : -35
103,763,793 : -28
104,554,642 : -29
106,393,760 : -38
107,143,458 : -29
107,235,502 : -33
107,287,460 : -34
107,297,751 : -29
108,211,757 : -26
109,296,333 : -30
111,218,707 : -37
111,757,976 : -31
112,161,829 : -37
113,276,853 : -30
113,356,434 : -33
113,566,568 : -34
115,172,443 : -29
115,383,940 : -35
115,502,853 : -31
115,551,819 : -37
117,259,657 : -32
117,353,699 : -20
117,500,961 : -28
118,707,721 : -38
119,783,873 : -29
119,867,877 : -28
120,661,977 : -37
121,756,987 : -35
122,219,436 : -26
123,815,899 : -28
124,438,504 : -41
125,370,686 : -24
126,132,298 : -33
126,354,547 : -27
126,653,803 : -30
127,432,454 : -23
127,507,655 : -27
127,648,953 : -30
127,721,951 : -36
128,453,757 : -27
128,701,775 : -29
129,465,761 : -23
130,563,632 : -31
131,187,991 : -36
131,211,257 : -34
131,308,948 : -34
132,371,952 : -27
133,598,900 : -25
134,141,824 : -23
134,289,976 : -33
134,362,582 : -22
136,213,389 : -29
136,278,920 : -23
137,160,267 : -24
138,236,242 : -20
139,217,909 : -29
139,220,735 : -31
139,240,308 : -27
141,366,687 : -27
142,393,886 : -26
142,614,859 : -21
145,658,698 : -33
148,715,796 : -26
151,577,921 : -40
151,709,872 : -32
152,732,905 : -35
153,837,984 : -34
154,234,518 : -32
155,266,985 : -32
155,420,811 : -36
156,380,865 : -28
157,465,724 : -34
158,398,793 : -26
160,235,778 : -26
162,486,855 : -29
162,585,841 : -23
162,721,753 : -35
163,488,999 : -38
163,888,899 : -34
164,218,291 : -25
165,174,553 : -36
165,325,429 : -34
165,482,505 : -33
168,195,317 : -24
169,860,864 : -22
170,281,931 : -28
170,467,638 : -20
172,271,391 : -33
172,363,928 : -29
172,493,547 : -31
173,545,583 : -26
174,587,768 : -42
176,752,982 : -29
177,554,684 : -31
179,726,896 : -23
180,417,558 : -32
180,837,948 : -36
181,421,428 : -20
184,239,560 : -27
184,487,930 : -32
184,730,787 : -22
186,689,702 : -26
187,359,524 : -29
187,472,980 : -28
189,293,790 : -36
189,337,814 : -21
189,352,472 : -32
189,560,685 : -30
189,680,770 : -28
191,263,614 : -25
191,479,672 : -33
191,530,977 : -33
194,681,993 : -25
195,215,338 : -27
196,449,941 : -36
196,606,690 : -30
197,290,510 : -32
197,402,948 : -35
198,375,707 : -23
199,293,808 : -31
199,331,883 : -26
202,226,429 : -36
204,207,277 : -32
204,218,785 : -36
204,258,523 : -34
206,270,349 : -33
206,282,619 : -29
207,490,760 : -44
207,571,795 : -43
207,657,985 : -35
211,652,705 : -34
216,656,899 : -27
218,228,606 : -24
218,259,898 : -32
218,373,867 : -26
219,392,976 : -30
219,483,819 : -28
220,702,722 : -35
222,229,455 : -22
223,695,828 : -32
223,744,879 : -32
224,278,783 : -27
224,916,946 : -25
226,436,473 : -38
226,456,926 : -32
227,474,884 : -22
229,346,853 : -23
230,330,761 : -36
230,521,897 : -35
230,764,954 : -38
233,412,797 : -30
233,445,461 : -38
233,785,904 : -36
237,270,576 : -29
237,356,583 : -25
237,371,530 : -32
237,473,563 : -35
242,719,918 : -27
243,610,677 : -23
244,391,920 : -29
244,460,860 : -33
245,366,543 : -27
248,371,956 : -35
248,409,694 : -23
248,438,459 : -33
249,368,953 : -19
252,643,696 : -27
252,898,939 : -30
253,393,636 : -29
253,409,777 : -29
259,381,394 : -31
260,386,888 : -21
261,712,965 : -20
264,526,670 : -33
264,860,893 : -30
266,383,773 : -29
270,404,684 : -31
272,728,915 : -32
273,323,980 : -30
273,648,784 : -39
275,612,632 : -37
276,342,854 : -19
278,657,829 : -33
279,389,938 : -34
279,698,940 : -37
286,531,847 : -22
287,470,898 : -25
287,740,924 : -32
288,376,708 : -30
288,604,606 : -29
288,725,776 : -32
289,372,798 : -20
289,417,611 : -30
290,493,754 : -31
294,925,997 : -31
297,408,419 : -26
298,886,991 : -30
303,420,903 : -28
306,452,648 : -40
307,415,570 : -27
309,384,459 : -25
310,859,912 : -20
311,457,874 : -25
311,564,844 : -26
311,698,936 : -31
313,389,801 : -34
313,620,682 : -15
313,805,883 : -23
316,572,716 : -24
318,794,866 : -20
319,535,721 : -34
321,496,532 : -20
323,729,885 : -25
325,437,594 : -20
331,489,643 : -20
332,604,664 : -28
337,425,958 : -24
339,485,568 : -27
341,658,663 : -36
343,510,678 : -23
346,624,926 : -28
347,745,781 : -23
348,510,742 : -30
350,397,700 : -33
350,440,883 : -27
350,539,706 : -28
352,487,866 : -34
357,581,973 : -31
358,359,822 : -28
360,472,884 : -22
362,402,697 : -27
363,369,409 : -30
363,369,782 : -25
365,367,565 : -27
366,455,803 : -36
367,379,499 : -37
367,636,837 : -36
370,460,965 : -31
371,417,533 : -29
372,427,779 : -20
372,777,810 : -28
376,587,979 : -38
380,423,756 : -43
380,438,471 : -42
380,570,622 : -36
380,757,881 : -35
380,884,930 : -36
381,392,986 : -35
382,641,902 : -37
383,434,719 : -28
383,843,955 : -25
384,871,970 : -35
385,631,667 : -28
387,644,692 : -30
387,833,835 : -36
389,581,924 : -35
392,887,939 : -28
401,479,881 : -24
402,426,651 : -31
404,745,953 : -26
404,813,959 : -24
407,966,974 : -27
410,471,972 : -30
410,482,546 : -22
411,577,828 : -35
411,647,753 : -27
412,448,472 : -26
416,496,598 : -21
419,503,953 : -28
421,467,697 : -27
421,553,809 : -32
423,634,682 : -33
425,469,809 : -23
426,650,865 : -19
428,837,909 : -29
429,562,790 : -35
435,571,783 : -31
438,624,992 : -39
438,887,981 : -28
439,937,971 : -23
441,573,829 : -23
443,628,669 : -23
447,923,942 : -28
449,699,840 : -32
449,714,777 : -38
450,806,906 : -30
452,480,587 : -39
452,486,795 : -43
452,572,867 : -34
452,573,708 : -35
452,612,652 : -39
453,576,766 : -34
456,473,787 : -31
457,488,937 : -28
459,621,881 : -26
459,941,996 : -26
464,649,709 : -24
466,577,608 : -37
466,748,789 : -23
468,678,869 : -27
469,787,892 : -20
475,595,879 : -26
478,618,964 : -30
478,662,672 : -36
479,676,754 : -28
482,511,870 : -21
483,744,878 : -28
484,599,704 : -19
484,962,975 : -21
485,625,958 : -35
488,681,958 : -37
492,575,734 : -28
493,629,650 : -26
495,530,867 : -24
496,695,730 : -20
500,735,820 : -34
503,777,971 : -26
504,676,876 : -25
507,612,810 : -34
508,545,961 : -31
516,758,914 : -40
516,842,984 : -30
521,637,994 : -36
523,693,908 : -36
523,802,940 : -41
527,853,878 : -29
532,632,943 : -27
532,646,717 : -25
532,758,892 : -30
534,732,844 : -31
543,663,831 : -23
545,562,890 : -30
549,704,806 : -19
554,756,803 : -37
554,887,969 : -25
556,705,752 : -28
559,640,684 : -30
569,585,675 : -28
572,750,896 : -23
573,617,854 : -29
577,740,803 : -39
581,865,962 : -23
583,820,915 : -34
589,632,784 : -25
591,719,737 : -31
592,736,939 : -27
597,770,778 : -24
600,816,904 : -25
603,626,987 : -32
607,710,793 : -23
614,626,769 : -35
624,632,819 : -35
626,815,820 : -32
627,640,713 : -32
647,693,835 : -29
648,652,719 : -38
648,690,986 : -39
651,769,907 : -39
651,822,997 : -37
653,804,893 : -21
657,674,907 : -28
661,766,864 : -34
666,672,883 : -30
668,731,994 : -38
677,752,768 : -30
679,791,818 : -31
684,732,766 : -39
686,923,924 : -27
687,749,942 : -31
697,820,998 : -33
704,780,998 : -29
714,840,887 : -27
741,784,970 : -36
746,766,813 : -28
751,760,928 : -33
751,761,886 : -27
756,868,940 : -31
767,869,894 : -30
768,968,997 : -29
842,870,999 : -30
885,917,954 : -30
902,942,958 : -35
0,211,589,591 : -27
0,258,315,541 : -24
1,44,925,997 : -45
1,450,587,848 : -53
1,523,675,992 : -50
3,67,174,713 : -52
3,97,520,891 : -51
3,457,708,893 : -40
4,287,655,911 : -38
4,853,890,936 : -37
5,145,672,939 : -50
5,154,204,604 : -48
5,226,249,977 : -51
5,575,688,721 : -50
6,85,94,495 : -37
6,419,569,716 : -46
6,428,481,883 : -38
7,117,132,806 : -41
7,143,518,756 : -51
7,252,398,779 : -40
7,279,416,567 : -44
8,60,105,695 : -46
8,266,639,641 : -52
9,46,159,246 : -39
9,82,190,482 : -36
9,91,577,705 : -50
9,132,329,772 : -45
9,364,526,601 : -50
9,453,597,676 : -45
9,816,871,938 : -45
10,135,195,831 : -41
11,85,100,927 : -32
11,631,669,936 : -36
12,57,591,651 : -44
12,685,897,993 : -39
13,111,538,973 : -40
13,160,244,331 : -38
13,275,385,975 : -43
13,488,573,844 : -40
14,254,698,710 : -37
15,323,648,811 : -47
17,196,362,883 : -42
19,44,259,519 : -44
19,475,744,891 : -52
20,75,157,554 : -52
20,286,517,809 : -46
21,202,884,906 : -42
22,55,269,320 : -40
22,229,477,872 : -43
22,298,418,817 : -49
22,486,737,915 : -53
24,264,374,758 : -54
24,676,928,934 : -38
25,507,727,834 : -36
25,655,691,915 : -43
26,34,113,661 : -63
26,153,200,858 : -50
26,230,734,872 : -56
26,355,551,646 : -54
26,449,621,914 : -61
27,234,525,798 : -28
28,142,825,989 : -42
28,215,218,236 : -47
28,226,417,593 : -48
29,137,211,977 : -52
29,288,449,993 : -51
29,615,707,946 : -53
30,219,327,693 : -39
30,307,335,744 : -47
31,387,817,969 : -43
32,138,224,487 : -38
32,395,645,751 : -35
32,418,554,718 : -45
32,806,828,957 : -34
33,96,109,335 : -43
33,96,128,918 : -38
34,35,296,822 : -46
34,135,472,976 : -42
35,244,707,997 : -47
36,252,444,793 : -42
36,380,900,997 : -54
36,478,619,966 : -44
37,69,247,555 : -40
37,188,393,578 : -49
37,252,543,779 : -40
37,266,335,950 : -46
37,290,752,982 : -46
37,369,503,669 : -37
38,103,634,960 : -46
38,162,493,858 : -46
39,92,389,708 : -45
39,113,291,359 : -53
39,604,656,755 : -48
39,626,746,926 : -45
40,304,412,961 : -37
41,179,536,832 : -47
41,795,860,936 : -52
42,193,423,812 : -31
43,158,284,810 : -44
44,70,460,769 : -45
44,94,783,905 : -46
44,109,438,653 : -45
45,135,433,771 : -41
45,379,937,960 : -44
46,124,414,654 : -47
46,167,376,416 : -45
46,281,729,907 : -45
47,77,149,800 : -45
47,125,835,872 : -42
47,252,543,749 : -44
48,207,399,633 : -39
48,274,426,550 : -36
48,914,938,999 : -49
49,72,262,993 : -28
49,158,655,920 : -40
50,202,275,309 : -42
50,282,685,853 : -41
50,538,672,816 : -40
51,136,261,580 : -41
51,403,899,982 : -49
51,813,982,986 : -49
53,311,471,649 : -37
54,60,675,709 : -45
54,73,415,837 : -59
54,833,894,912 : -42
56,114,688,931 : -38
56,370,444,645 : -41
57,87,681,829 : -48
57,351,855,994 : -43
58,94,183,326 : -40
58,182,217,522 : -47
58,244,393,623 : -50
60,151,178,393 : -49
60,491,521,944 : -41
61,104,438,697 : -47
63,243,604,716 : -40
63,259,331,407 : -42
63,430,590,597 : -37
64,137,543,847 : -40
64,377,520,573 : -46
65,534,638,838 : -35
67,282,501,984 : -48
67,437,696,861 : -39
67,482,773,871 : -47
67,719,771,863 : -52
70,196,201,205 : -30
72,207,522,570 : -47
72,452,498,598 : -46
73,120,268,576 : -59
73,244,387,526 : -68
73,284,950,968 : -55
73,321,762,951 : -52
73,325,690,888 : -57
74,180,397,673 : -49
74,443,521,986 : -48
74,446,702,795 : -44
75,79,262,877 : -35
76,477,784,818 : -39
76,543,713,830 : -50
77,139,275,930 : -50
78,156,322,772 : -37
78,580,691,894 : -38
79,166,483,971 : -32
79,284,501,983 : -33
80,112,550,992 : -51
80,179,908,953 : -44
80,380,610,732 : -51
80,391,792,935 : -40
80,473,662,808 : -48
82,93,440,940 : -47
83,275,423,457 : -52
83,329,483,823 : -33
83,624,642,835 : -46
83,654,902,905 : -44
84,267,448,775 : -39
85,330,687,690 : -47
87,440,577,956 : -51
87,647,730,958 : -49
89,319,377,858 : -44
89,542,551,768 : -46
90,175,279,833 : -42
90,256,576,863 : -45
90,274,466,754 : -30
91,256,307,427 : -44
91,635,905,994 : -44
92,132,792,985 : -33
93,157,201,731 : -58
94,468,469,814 : -29
96,139,219,526 : -55
96,155,311,396 : -47
96,214,396,621 : -36
97,252,646,985 : -40
100,186,359,537 : -38
100,319,850,979 : -50
101,220,558,785 : -51
102,229,371,659 : -39
103,279,771,808 : -48
104,105,330,615 : -51
104,433,735,976 : -44
104,467,733,962 : -35
105,165,402,614 : -44
105,191,360,471 : -38
105,211,634,890 : -50
105,240,897,900 : -42
105,551,825,918 : -46
106,189,237,852 : -41
106,395,634,923 : -43
109,264,334,772 : -47
109,281,484,624 : -45
110,491,915,995 : -36
111,187,489,553 : -40
111,298,304,793 : -38
111,390,736,823 : -33
112,148,155,350 : -55
112,266,282,686 : -52
112,329,954,986 : -55
112,567,690,844 : -51
113,168,668,907 : -53
113,208,527,979 : -55
115,167,392,739 : -42
115,370,461,901 : -44
118,207,277,536 : -44
119,379,779,987 : -46
122,209,275,450 : -48
122,249,370,648 : -41
123,184,575,846 : -32
123,399,409,577 : -45
123,539,643,730 : -38
124,165,295,959 : -50
124,183,808,874 : -50
124,427,573,630 : -50
124,775,832,975 : -51
125,152,584,714 : -42
126,457,461,500 : -48
127,235,640,713 : -42
129,179,182,763 : -38
129,360,487,820 : -42
130,302,567,644 : -39
130,367,803,989 : -46
131,191,573,767 : -45
132,349,675,980 : -45
132,408,420,479 : -43
133,244,523,831 : -48
136,258,482,896 : -31
137,267,583,933 : -34
138,179,427,819 : -41
140,811,944,952 : -35
142,339,724,727 : -36
143,324,404,439 : -38
144,268,330,429 : -45
145,155,377,764 : -46
146,147,848,952 : -34
146,627,900,903 : -42
147,341,819,867 : -44
148,275,466,843 : -46
148,381,490,617 : -49
148,515,754,960 : -34
152,183,615,940 : -50
153,376,778,809 : -43
155,325,477,775 : -53
156,271,539,837 : -46
157,223,352,435 : -52
157,312,606,617 : -43
157,448,755,914 : -51
157,528,568,608 : -51
158,201,332,896 : -37
158,369,382,992 : -41
158,371,522,839 : -48
158,699,768,801 : -47
159,469,487,741 : -44
160,471,637,799 : -41
163,374,418,997 : -61
163,399,595,636 : -39
163,578,825,919 : -47
164,445,623,882 : -40
164,529,911,919 : -31
165,181,324,597 : -41
165,449,465,705 : -51
165,475,485,757 : -54
165,555,667,945 : -46
166,359,412,968 : -37
167,254,408,661 : -49
168,637,669,754 : -37
170,625,690,746 : -38
171,525,665,840 : -31
173,223,464,752 : -38
175,367,659,772 : -50
175,536,694,809 : -40
175,569,707,766 : -55
176,233,545,641 : -58
176,262,328,653 : -32
176,307,395,574 : -36
176,514,580,762 : -36
177,297,679,744 : -53
178,271,358,377 : -39
178,668,916,955 : -39
179,723,776,960 : -48
181,378,540,840 : -35
182,242,407,700 : -38
182,388,587,848 : -51
183,203,758,888 : -41
183,293,389,740 : -48
184,295,330,789 : -38
193,196,527,946 : -42
194,355,424,874 : -39
195,446,526,956 : -52
196,268,324,449 : -52
197,240,814,823 : -35
197,388,647,806 : -47
199,202,322,777 : -42
199,494,654,869 : -44
205,508,733,914 : -41
206,245,551,613 : -41
206,290,485,608 : -51
206,344,725,768 : -40
206,401,541,631 : -39
208,267,384,826 : -37
208,273,327,947 : -47
208,556,749,752 : -44
210,386,517,570 : -43
212,770,799,802 : -38
215,476,543,982 : -42
216,264,302,945 : -45
216,449,522,550 : -49
216,638,684,856 : -38
217,318,330,602 : -43
218,224,403,618 : -38
219,670,839,933 : -34
220,292,421,642 : -48
226,259,773,776 : -56
226,416,674,912 : -43
228,397,536,799 : -39
230,403,675,956 : -47
230,453,848,910 : -45
230,499,764,863 : -53
231,254,505,722 : -46
232,494,571,639 : -42
233,413,769,828 : -55
234,506,934,974 : -36
237,272,978,979 : -45
238,526,568,766 : -47
242,244,685,929 : -38
242,253,292,432 : -49
243,494,672,697 : -45
244,558,763,942 : -48
246,376,380,764 : -51
246,693,696,756 : -42
247,449,479,862 : -50
247,676,749,800 : -52
253,317,458,976 : -32
255,294,323,644 : -39
255,542,576,954 : -51
256,386,431,591 : -46
256,486,911,914 : -52
259,537,902,980 : -40
260,804,881,909 : -31
262,290,518,601 : -44
262,711,719,934 : -37
264,332,357,833 : -45
264,475,660,910 : -42
267,417,576,885 : -40
271,294,385,593 : -42
272,460,603,646 : -40
275,543,713,816 : -49
276,818,864,897 : -31
277,521,834,980 : -36
281,286,310,420 : -34
282,298,698,981 : -44
282,628,698,885 : -48
283,489,626,861 : -40
288,416,608,758 : -54
288,587,656,803 : -54
289,357,448,568 : -40
290,747,943,947 : -46
292,296,332,973 : -53
292,417,434,745 : -44
292,524,629,752 : -42
294,516,521,731 : -53
295,307,485,852 : -42
296,368,624,649 : -44
296,389,495,929 : -44
296,453,688,719 : -51
298,301,597,830 : -38
299,442,500,655 : -41
300,463,488,647 : -47
300,487,580,835 : -51
303,432,462,663 : -44
304,396,774,801 : -39
304,863,964,965 : -47
305,442,763,978 : -38
309,472,473,571 : -47
310,397,595,700 : -36
311,473,504,765 : -45
313,366,727,950 : -49
313,379,546,584 : -36
316,571,601,702 : -44
317,392,603,904 : -29
319,604,776,906 : -49
319,672,755,785 : -51
320,866,960,963 : -34
322,387,697,808 : -49
324,467,636,771 : -34
325,476,518,722 : -51
325,585,914,982 : -45
330,354,872,944 : -44
330,609,623,928 : -42
334,341,712,954 : -46
336,500,523,852 : -55
336,641,768,822 : -60
341,444,481,551 : -49
341,749,797,912 : -45
347,349,656,825 : -47
348,401,608,693 : -42
349,367,562,856 : -51
352,517,795,972 : -53
352,877,880,950 : -46
355,623,816,956 : -46
357,403,453,584 : -42
359,703,725,971 : -37
360,465,804,901 : -33
363,380,570,683 : -50
365,568,740,861 : -39
374,508,676,800 : -60
374,595,861,977 : -50
381,637,679,873 : -58
384,444,651,790 : -53
385,429,794,973 : -43
387,544,736,843 : -39
388,597,835,932 : -41
390,759,904,970 : -37
391,440,909,916 : -37
395,475,673,859 : -44
404,563,666,943 : -41
410,442,677,728 : -40
411,622,825,871 : -46
413,419,713,805 : -43
413,528,709,932 : -41
413,566,640,943 : -40
415,708,764,869 : -46
416,498,685,946 : -44
418,591,825,966 : -46
421,463,627,719 : -51
426,542,578,743 : -41
426,705,733,744 : -46
429,659,824,923 : -40
430,820,913,992 : -40
432,652,796,978 : -51
432,657,673,842 : -51
436,572,605,748 : -36
438,487,502,997 : -56
438,742,947,958 : -59
443,611,678,779 : -33
444,490,593,992 : -45
445,777,810,849 : -44
452,651,718,724 : -53
452,703,733,890 : -47
455,590,874,958 : -45
457,747,780,889 : -42
458,623,891,963 : -38
458,672,722,977 : -50
463,518,544,570 : -44
469,722,807,911 : -45
470,719,790,850 : -54
472,505,843,864 : -40
474,801,807,972 : -46
476,573,659,838 : -42
476,634,672,844 : -47
477,528,544,714 : -39
479,528,820,961 : -44
479,615,805,830 : -46
479,776,848,877 : -48
480,723,870,947 : -39
488,645,658,913 : -41
490,724,842,991 : -48
492,679,768,923 : -56
493,538,766,838 : -48
495,709,905,968 : -39
497,678,826,858 : -39
499,512,516,796 : -42
509,558,594,990 : -36
521,836,889,919 : -33
538,775,829,838 : -46
550,731,941,968 : -42
558,660,787,844 : -41
577,643,757,893 : -45
580,792,921,935 : -43
584,735,801,947 : -50
590,650,760,793 : -40
630,681,817,945 : -49
637,646,753,957 : -42
661,679,698,764 : -61
775,863,961,963 : -46
786,880,884,963 : -28
791,905,932,934 : -43
0,45,236,578,852 : -34
1,100,373,619,978 : -52
1,186,215,320,381 : -59
1,292,361,527,920 : -61
1,558,566,595,938 : -57
1,569,749,937,973 : -65
2,46,106,114,858 : -60
2,420,515,569,841 : -55
2,459,773,897,921 : -68
3,124,199,339,600 : -63
3,235,240,504,914 : -59
3,700,810,850,896 : -61
4,25,131,385,777 : -51
5,28,86,116,261 : -47
5,161,471,788,970 : -62
5,358,587,668,781 : -63
6,16,215,391,442 : -60
6,26,388,452,751 : -77
6,194,752,778,891 : -57
7,9,16,87,922 : -68
7,52,206,389,691 : -62
7,346,368,385,519 : -53
8,31,502,518,750 : -56
8,192,493,613,949 : -56
8,302,470,541,772 : -58
8,626,632,658,877 : -65
9,45,259,474,999 : -61
9,161,466,972,984 : -62
10,34,36,51,841 : -58
11,387,649,853,919 : -53
12,29,318,419,981 : -56
12,264,473,652,731 : -71
14,518,858,861,862 : -61
15,119,444,699,984 : -58
15,460,563,679,863 : -77
16,35,148,559,584 : -54
16,212,590,601,614 : -58
17,22,48,500,895 : -65
17,58,213,327,731 : -62
17,109,250,336,499 : -63
18,46,235,253,388 : -58
18,114,357,451,876 : -40
18,124,455,476,877 : -62
18,139,207,410,767 : -58
18,165,623,895,931 : -60
19,25,271,405,999 : -54
19,30,46,185,563 : -57
19,297,409,683,780 : -52
20,54,339,548,622 : -49
21,40,109,387,860 : -65
21,111,739,877,910 : -55
21,162,238,829,876 : -53
21,234,384,628,657 : -64
23,335,371,895,954 : -65
23,341,398,567,760 : -66
24,110,478,604,862 : -64
24,156,363,418,494 : -57
24,169,345,651,930 : -60
24,216,377,464,990 : -46
24,413,427,824,990 : -50
25,62,367,459,940 : -66
26,27,144,253,978 : -61
26,154,158,508,709 : -71
26,188,231,612,920 : -65
26,271,468,596,647 : -62
26,413,851,911,945 : -64
27,37,405,538,815 : -46
27,186,201,722,781 : -55
27,189,504,538,989 : -47
28,30,44,263,729 : -61
28,316,589,837,967 : -57
28,510,666,881,967 : -54
29,303,626,788,972 : -67
29,311,407,717,882 : -54
29,744,847,863,981 : -68
30,548,562,682,747 : -53
32,258,576,658,973 : -56
32,439,478,709,780 : -59
34,129,193,246,535 : -39
35,283,330,525,876 : -54
36,63,79,147,201 : -50
36,180,296,493,511 : -61
36,216,431,816,912 : -58
37,195,575,605,715 : -52
37,224,334,546,748 : -55
37,812,856,950,955 : -58
38,56,758,794,974 : -59
38,556,758,785,987 : -66
40,149,160,446,670 : -46
40,336,570,582,900 : -56
41,192,567,791,900 : -60
41,398,811,944,967 : -60
41,523,876,913,984 : -61
41,774,839,972,974 : -63
43,84,221,356,656 : -44
43,365,587,700,783 : -59
44,150,473,509,658 : -56
45,101,210,640,682 : -53
45,231,326,398,677 : -48
46,707,834,917,930 : -56
47,346,528,724,769 : -60
49,77,78,462,564 : -53
49,197,587,720,752 : -64
49,210,232,470,788 : -46
50,179,520,748,897 : -65
50,202,298,431,944 : -54
51,68,285,577,914 : -62
51,106,416,723,817 : -63
51,131,388,811,850 : -73
51,220,610,758,792 : -62
51,302,334,433,729 : -63
51,517,623,636,647 : -62
51,600,749,907,935 : -62
52,75,376,847,907 : -59
52,212,333,721,780 : -66
53,87,276,860,931 : -52
54,68,345,349,773 : -70
54,165,175,289,371 : -69
55,87,393,394,555 : -57
55,416,738,755,927 : -51
55,494,520,529,882 : -52
56,80,526,661,780 : -74
56,172,589,848,850 : -61
56,204,459,830,908 : -60
56,384,490,878,972 : -66
57,134,622,762,786 : -46
57,199,696,831,874 : -52
57,321,449,456,880 : -61
58,219,363,732,978 : -70
59,86,404,847,932 : -46
59,173,734,807,886 : -48
60,106,380,686,774 : -69
60,119,129,593,930 : -56
61,394,493,514,738 : -52
61,465,499,516,812 : -57
61,478,796,854,948 : -64
62,101,513,515,716 : -46
62,575,745,766,891 : -64
63,80,160,348,452 : -66
63,209,490,837,997 : -68
63,289,406,599,990 : -48
64,131,498,571,624 : -71
65,76,170,417,499 : -63
65,82,164,622,818 : -47
66,185,811,833,943 : -54
67,506,652,655,901 : -60
68,81,152,177,587 : -62
68,115,423,912,958 : -67
68,381,386,453,992 : -62
69,157,674,695,761 : -60
69,228,520,626,774 : -60
69,377,540,572,678 : -52
70,78,166,566,678 : -46
70,209,320,617,959 : -46
70,213,342,679,733 : -59
71,223,579,658,819 : -55
71,348,588,690,970 : -53
72,266,664,815,843 : -49
73,124,269,374,433 : -83
73,431,449,698,967 : -78
73,591,612,760,812 : -74
74,141,374,540,987 : -67
74,434,624,953,972 : -65
75,126,345,459,824 : -63
75,276,486,510,530 : -54
75,580,667,713,926 : -56
76,345,348,644,953 : -64
77,153,169,781,936 : -53
77,328,345,863,947 : -70
79,102,414,889,950 : -48
81,214,547,569,939 : -59
81,355,585,921,965 : -60
82,291,526,560,908 : -57
82,363,632,684,937 : -61
84,438,671,730,866 : -52
85,331,615,692,862 : -58
85,651,718,848,934 : -60
87,122,132,456,964 : -63
87,293,387,516,906 : -67
88,178,294,608,637 : -56
89,113,385,524,937 : -64
89,553,580,606,723 : -54
89,583,650,726,764 : -50
90,286,844,856,977 : -55
91,458,706,899,909 : -51
91,526,569,689,870 : -65
93,96,363,490,499 : -75
93,141,162,364,446 : -53
93,215,566,639,641 : -72
93,295,572,683,765 : -57
93,384,530,542,613 : -64
94,398,401,540,564 : -50
96,374,521,562,641 : -82
97,168,188,233,435 : -65
97,371,423,517,891 : -68
98,299,457,594,759 : -41
98,370,631,885,899 : -53
100,126,309,608,810 : -63
100,257,365,421,660 : -52
100,527,687,762,769 : -59
103,399,639,725,815 : -55
103,536,682,729,937 : -59
104,273,433,830,869 : -73
105,117,505,863,871 : -61
106,153,393,753,872 : -62
106,380,547,719,951 : -72
107,174,438,739,803 : -71
107,284,452,478,503 : -74
109,341,367,721,968 : -72
110,170,250,350,791 : -56
110,340,541,601,659 : -55
110,358,423,737,999 : -59
111,125,373,901,946 : -52
111,188,252,296,908 : -67
111,427,637,714,792 : -62
112,183,296,711,832 : -67
112,186,399,761,812 : -61
112,456,559,757,890 : -65
112,460,548,622,706 : -58
113,157,431,558,572 : -81
113,172,407,579,835 : -61
113,293,371,584,605 : -64
113,356,628,728,890 : -65
113,447,634,742,850 : -77
114,243,907,930,998 : -54
115,161,364,639,714 : -62
115,172,263,313,689 : -53
115,596,691,880,924 : -55
116,143,707,720,819 : -56
117,179,444,699,919 : -53
117,359,719,817,878 : -58
118,213,515,755,825 : -54
119,172,470,676,972 : -63
120,162,174,359,424 : -67
120,168,198,519,863 : -60
120,248,454,667,830 : -54
120,660,847,978,992 : -62
121,212,223,749,946 : -64
121,248,485,755,764 : -62
121,364,510,667,694 : -46
123,148,611,730,921 : -57
124,163,230,266,890 : -75
124,183,347,402,945 : -67
124,321,493,621,942 : -70
124,807,851,893,949 : -55
126,184,302,502,954 : -64
127,308,549,728,760 : -56
128,336,397,487,662 : -68
129,248,330,604,805 : -58
129,456,539,740,930 : -56
130,283,380,541,647 : -66
130,426,434,639,905 : -59
131,235,747,790,948 : -70
131,475,598,761,932 : -63
131,513,657,776,852 : -55
134,167,210,540,780 : -60
134,259,270,307,341 : -66
134,349,402,758,858 : -69
135,520,579,728,858 : -60
136,139,527,689,997 : -59
137,283,392,407,612 : -57
137,349,466,681,697 : -64
138,482,491,747,810 : -53
139,273,330,516,861 : -73
140,179,318,503,941 : -52
140,306,518,801,911 : -63
140,527,881,931,980 : -56
143,210,334,664,698 : -58
143,255,432,547,809 : -67
143,524,583,611,921 : -60
143,638,642,807,874 : -51
145,217,499,586,878 : -59
145,524,729,792,868 : -47
145,574,671,679,999 : -65
146,214,343,491,938 : -45
146,423,664,720,982 : -55
147,238,412,441,456 : -43
147,259,375,502,560 : -53
151,183,436,709,976 : -59
151,185,320,358,684 : -52
151,388,416,769,987 : -70
151,501,586,652,876 : -57
152,268,374,757,970 : -71
152,322,436,497,667 : -55
154,254,707,753,901 : -61
155,169,689,784,938 : -55
155,219,492,933,984 : -62
155,220,376,779,843 : -62
155,433,451,838,943 : -56
157,478,500,666,790 : -78
158,177,267,713,958 : -62
158,269,280,411,788 : -51
159,599,749,781,969 : -49
161,209,266,523,795 : -69
161,415,884,936,982 : -56
163,215,232,353,461 : -55
163,233,466,498,557 : -70
163,235,501,522,728 : -69
163,309,337,502,885 : -54
163,367,448,902,920 : -64
164,326,524,741,839 : -53
166,273,563,911,960 : -66
166,375,490,671,956 : -56
166,504,854,951,986 : -60
167,207,554,630,974 : -66
168,348,440,711,964 : -57
171,375,609,861,938 : -41
172,212,472,569,804 : -60
173,447,730,787,925 : -52
174,487,802,873,885 : -63
175,304,449,612,833 : -66
176,386,829,935,955 : -55
176,419,574,806,923 : -52
177,414,692,769,878 : -58
178,235,722,763,940 : -68
178,242,280,471,619 : -49
178,357,388,664,923 : -54
179,297,811,852,985 : -54
179,399,641,884,954 : -70
181,218,841,886,956 : -59
183,226,386,601,800 : -71
186,215,438,559,963 : -60
186,316,815,827,866 : -45
186,525,680,936,951 : -58
187,244,344,661,973 : -64
187,359,445,797,907 : -59
188,212,238,731,801 : -69
188,224,432,501,683 : -61
188,523,557,628,857 : -73
190,475,673,863,961 : -61
192,218,492,578,683 : -57
192,648,673,915,924 : -68
193,298,581,586,691 : -52
194,291,581,648,785 : -60
195,237,445,811,861 : -66
196,282,526,698,859 : -70
196,390,519,742,845 : -55
196,484,505,611,681 : -61
197,520,906,956,969 : -68
198,217,316,557,801 : -56
199,391,525,758,804 : -62
199,403,423,523,651 : -74
200,408,475,870,958 : -63
201,223,583,866,914 : -58
201,366,611,677,774 : -57
204,221,299,367,400 : -54
204,372,717,816,957 : -49
207,414,461,766,817 : -67
208,314,434,448,642 : -50
209,224,282,634,749 : -65
209,234,668,770,864 : -53
210,525,584,625,833 : -53
214,217,562,614,892 : -49
214,341,411,564,738 : -54
215,439,564,634,790 : -63
216,302,715,762,961 : -50
217,493,803,862,979 : -71
218,266,380,661,710 : -69
220,330,470,742,921 : -70
221,259,809,891,975 : -61
221,334,379,435,442 : -53
221,376,531,775,860 : -57
222,484,682,756,973 : -56
223,336,573,657,972 : -72
223,353,608,858,972 : -64
225,430,698,702,803 : -57
225,581,767,904,917 : -50
226,283,452,739,807 : -68
226,293,319,627,839 : -68
227,248,415,520,866 : -57
227,736,737,961,962 : -52
228,415,696,723,843 : -49
229,502,506,628,760 : -60
233,250,602,692,745 : -57
233,452,566,637,730 : -72
234,512,725,747,775 : -55
235,405,679,920,998 : -63
236,247,395,497,569 : -57
237,268,537,681,820 : -61
239,308,413,592,825 : -60
239,372,570,803,921 : -62
239,397,460,773,923 : -64
241,318,542,598,905 : -51
241,630,695,742,947 : -59
243,269,464,507,859 : -47
243,384,527,644,955 : -58
247,277,409,540,837 : -59
247,300,559,617,837 : -63
247,351,690,792,819 : -63
249,613,691,718,921 : -60
250,367,741,775,954 : -72
251,581,617,729,738 : -51
253,587,783,945,959 : -67
254,278,502,688,776 : -63
254,369,705,717,735 : -56
255,296,598,632,894 : -62
255,517,722,945,986 : -75
256,258,300,856,909 : -56
257,351,416,711,746 : -56
258,334,452,526,808 : -71
260,325,695,739,994 : -52
261,342,425,554,812 : -45
263,485,498,977,991 : -68
265,308,719,845,893 : -52
265,522,618,689,805 : -46
267,417,778,800,995 : -55
268,307,462,583,857 : -60
268,388,665,713,797 : -58
269,301,322,445,759 : -49
270,315,699,744,967 : -59
271,405,590,800,957 : -61
275,344,593,649,996 : -58
275,471,549,722,916 : -61
275,505,565,780,996 : -65
277,561,637,720,932 : -49
278,364,718,907,996 : -57
279,308,336,365,647 : -61
279,381,463,558,959 : -67
280,285,294,881,970 : -52
282,387,461,713,833 : -71
285,405,486,651,671 : -53
287,326,466,534,608 : -57
289,541,768,856,927 : -58
290,445,686,849,931 : -55
294,411,783,808,847 : -60
295,324,447,515,712 : -44
295,421,588,751,929 : -49
300,534,732,959,991 : -63
301,302,639,813,999 : -56
301,370,443,635,733 : -46
306,497,523,554,760 : -75
307,520,770,922,933 : -64
314,341,402,530,889 : -56
315,422,463,600,880 : -51
320,345,800,819,889 : -65
321,354,432,749,865 : -56
326,341,553,829,945 : -63
330,581,742,765,869 : -73
330,630,649,867,905 : -64
331,396,431,715,933 : -47
332,355,559,811,817 : -61
332,473,539,556,655 : -63
335,533,869,900,951 : -60
340,444,508,667,703 : -53
342,642,738,754,794 : -46
343,448,629,770,924 : -54
344,363,465,607,992 : -60
344,577,886,942,955 : -60
346,534,662,974,991 : -59
348,391,560,756,785 : -67
348,640,740,895,948 : -64
350,367,536,628,669 : -61
353,463,540,682,962 : -51
355,403,732,942,995 : -58
355,438,571,800,948 : -77
355,462,555,570,748 : -56
361,484,521,631,936 : -60
366,567,615,701,992 : -61
374,382,734,796,842 : -63
375,607,631,906,922 : -57
376,397,728,756,950 : -70
377,645,743,917,950 : -55
380,628,807,811,850 : -76
381,418,617,623,640 : -66
385,411,527,648,756 : -70
386,615,742,775,871 : -69
387,419,619,807,846 : -56
387,508,546,657,864 : -61
393,482,555,773,897 : -62
397,402,527,780,987 : -71
399,587,850,925,987 : -71
400,517,555,565,768 : -51
401,577,673,759,775 : -64
403,563,890,924,948 : -66
406,627,748,802,903 : -53
410,721,807,833,909 : -65
412,590,701,988,998 : -47
413,507,801,893,949 : -57
417,432,579,969,978 : -58
421,523,741,795,846 : -71
439,465,831,898,925 : -48
448,519,727,840,879 : -54
457,552,660,720,811 : -48
461,544,651,719,769 : -66
462,604,627,771,989 : -57
467,488,585,666,706 : -47
477,492,567,601,676 : -61
487,498,557,723,794 : -62
487,541,759,858,952 : -55
490,514,617,800,870 : -64
497,607,740,760,964 : -70
498,629,639,663,781 : -54
499,505,652,871,919 : -60
502,782,838,900,947 : -56
508,550,695,776,786 : -56
515,519,557,707,850 : -61
522,577,646,895,947 : -72
523,603,725,751,889 : -60
526,553,557,685,915 : -67
526,769,857,986,992 : -76
558,590,652,747,905 : -67
582,604,722,734,829 : -61
591,603,718,855,878 : -49
599,612,621,741,914 : -61
613,644,726,786,981 : -43
626,627,635,794,951 : -59
628,646,690,782,990 : -55
641,664,784,785,908 : -66
682,727,743,826,993 : -51
716,837,928,941,973 : -60
0,33,306,386,400,598 : -49
0,78,87,637,692,799 : -58
0,112,142,288,551,895 : -68
0,114,580,656,732,983 : -50
0,207,374,379,406,732 : -71
1,265,303,342,559,796 : -67
2,7,16,50,185,485 : -78
2,58,102,469,494,640 : -72
2,78,401,733,811,991 : -79
2,85,415,623,632,957 : -75
2,494,611,731,836,886 : -76
3,5,178,345,839,900 : -81
3,171,236,254,282,470 : -71
3,263,702,849,922,940 : -77
5,175,226,508,873,879 : -82
5,200,566,615,699,928 : -73
5,499,605,618,659,831 : -67
6,132,546,603,668,741 : -74
6,139,281,607,901,953 : -75
7,91,397,451,510,908 : -71
7,229,321,583,697,848 : -75
7,551,731,748,895,914 : -90
8,118,197,545,847,871 : -78
8,281,314,381,481,800 : -80
8,329,421,457,580,706 : -73
9,113,293,454,857,944 : -78
9,187,581,595,600,791 : -78
10,47,117,289,571,761 : -79
10,89,177,187,474,503 : -69
10,300,483,501,697,902 : -75
11,62,96,289,801,911 : -85
11,124,472,603,703,708 : -73
11,438,671,755,793,864 : -68
12,23,226,410,498,956 : -85
12,170,303,335,666,741 : -77
12,197,200,223,727,780 : -84
12,264,273,688,698,759 : -81
13,140,272,343,433,562 : -68
13,240,443,493,600,851 : -66
14,225,292,345,688,954 : -82
15,91,423,659,711,766 : -82
15,253,254,421,919,981 : -74
15,347,745,780,894,965 : -73
16,26,80,155,649,828 : -93
16,77,450,883,921,996 : -83
16,366,374,573,857,897 : -90
17,93,126,200,865,922 : -78
17,133,236,791,797,915 : -71
17,240,378,424,661,728 : -76
18,47,87,128,292,737 : -77
19,43,55,359,598,977 : -72
20,73,626,629,684,932 : -90
20,81,122,449,543,896 : -76
20,182,501,590,769,991 : -82
20,200,328,399,756,906 : -72
21,55,243,492,602,678 : -73
21,104,165,273,680,768 : -86
21,341,370,581,592,904 : -77
21,392,587,739,849,859 : -73
22,137,517,575,760,977 : -85
22,227,300,800,839,842 : -83
22,233,484,814,830,834 : -78
22,307,340,348,374,918 : -80
23,32,84,125,174,526 : -76
23,124,241,463,767,939 : -83
23,211,518,598,806,935 : -77
25,256,369,474,741,966 : -70
26,157,323,401,540,589 : -82
26,809,860,909,971,996 : -85
28,64,289,400,705,936 : -78
28,248,255,346,869,949 : -81
29,40,440,630,685,838 : -75
29,53,95,361,694,983 : -61
29,60,119,199,369,680 : -81
30,213,409,411,845,986 : -76
30,468,487,532,927,956 : -77
31,51,476,848,872,976 : -81
31,76,213,601,745,787 : -72
31,425,539,638,722,741 : -71
33,351,663,859,890,929 : -68
34,132,431,577,586,641 : -93
34,361,409,862,966,976 : -76
35,174,370,422,641,673 : -83
36,66,191,348,450,691 : -75
36,105,269,274,605,697 : -67
36,407,660,739,767,816 : -70
37,192,245,261,679,758 : -85
38,61,83,407,487,699 : -75
38,140,273,341,910,960 : -80
39,56,279,586,607,854 : -86
39,124,245,677,764,766 : -95
39,131,533,621,961,978 : -84
39,156,189,364,479,861 : -78
39,197,283,351,614,772 : -89
39,207,220,233,675,966 : -92
39,221,274,860,913,996 : -74
39,382,503,532,660,850 : -82
40,48,520,562,666,795 : -81
40,154,197,354,833,940 : -83
40,256,320,569,667,902 : -78
40,275,310,381,443,874 : -73
41,48,83,175,566,988 : -73
41,131,173,270,624,994 : -85
41,186,298,683,722,869 : -86
41,366,400,574,764,771 : -77
42,340,734,785,948,996 : -72
43,96,520,547,574,677 : -77
44,60,162,704,951,970 : -85
44,68,87,188,308,708 : -80
44,96,107,204,463,532 : -87
44,198,294,603,976,982 : -73
45,246,455,502,706,760 : -77
46,211,272,351,516,905 : -88
47,84,255,271,454,854 : -70
47,155,389,413,673,864 : -84
48,142,475,514,623,684 : -77
48,338,565,637,731,885 : -74
49,197,270,336,699,956 : -84
50,188,287,381,664,772 : -80
51,160,453,517,665,813 : -77
52,138,149,371,430,825 : -76
52,161,279,508,811,842 : -83
53,96,139,269,273,901 : -79
54,88,306,314,658,703 : -69
54,107,157,239,602,686 : -86
54,111,215,260,486,576 : -77
54,146,624,800,841,995 : -77
55,197,334,476,625,702 : -74
56,161,299,486,822,980 : -77
57,123,403,437,824,868 : -60
58,135,265,423,430,729 : -75
58,248,325,435,461,732 : -79
59,560,646,746,899,948 : -72
60,76,524,715,738,965 : -79
60,177,706,829,966,986 : -78
61,109,374,734,738,742 : -82
62,131,388,530,861,872 : -85
62,210,366,424,596,634 : -80
62,259,270,580,761,991 : -85
62,464,791,910,921,955 : -77
63,221,416,485,769,964 : -86
63,266,304,647,860,955 : -74
64,67,121,287,506,559 : -76
64,119,328,801,892,927 : -74
64,130,314,393,409,847 : -76
64,181,505,565,571,752 : -78
65,182,509,545,902,922 : -72
65,246,289,735,764,850 : -81
66,116,128,420,427,507 : -59
66,143,206,610,619,679 : -76
66,229,672,735,774,972 : -74
66,418,517,589,720,980 : -68
67,345,361,426,519,612 : -84
69,204,361,418,839,940 : -82
69,208,512,533,615,687 : -66
71,119,179,218,597,934 : -70
72,253,284,389,529,645 : -68
73,81,213,287,804,967 : -85
73,87,256,349,746,978 : -98
73,155,347,765,777,959 : -88
73,156,357,552,619,795 : -76
73,205,542,775,784,922 : -90
73,242,243,387,676,981 : -89
73,287,315,428,899,999 : -89
73,302,630,737,753,837 : -92
73,312,319,511,569,799 : -83
74,143,302,316,709,731 : -82
74,191,198,277,342,349 : -73
74,343,450,533,545,899 : -77
74,351,424,463,516,705 : -88
75,93,112,485,792,938 : -89
75,208,540,602,816,950 : -75
77,122,180,459,477,694 : -65
77,160,423,748,770,814 : -74
79,220,299,657,806,883 : -73
79,320,821,855,877,902 : -60
80,185,249,565,906,980 : -64
80,255,347,523,634,832 : -89
80,257,296,382,822,891 : -85
81,119,599,648,692,800 : -82
81,196,600,741,846,922 : -80
81,325,508,758,891,943 : -87
82,286,306,551,693,907 : -76
82,390,398,627,721,800 : -84
83,93,256,407,444,483 : -81
83,120,294,523,951,982 : -91
83,523,567,608,627,822 : -93
85,163,203,453,523,676 : -86
85,367,550,661,898,947 : -81
86,527,564,770,888,977 : -74
87,255,449,531,577,875 : -80
89,338,434,462,615,773 : -72
90,149,315,329,490,592 : -67
90,361,383,435,831,977 : -65
91,188,347,352,473,836 : -79
91,487,790,883,884,927 : -80
93,280,333,366,486,560 : -78
94,121,234,898,913,979 : -66
94,174,464,736,819,842 : -74
94,615,743,879,887,940 : -75
95,157,427,461,500,819 : -85
95,189,207,240,412,424 : -79
95,328,356,505,629,676 : -71
95,354,815,879,905,973 : -69
95,522,528,671,693,804 : -71
96,154,424,641,658,821 : -91
97,271,390,636,947,955 : -75
98,113,338,480,567,924 : -69
99,545,644,858,869,932 : -73
99,665,751,763,778,833 : -67
101,311,447,493,626,771 : -82
102,265,329,382,929,988 : -53
103,256,324,431,594,916 : -74
103,292,293,381,409,696 : -86
103,319,495,522,926,962 : -76
103,476,632,665,964,986 : -81
104,109,187,384,410,695 : -79
104,351,640,663,756,964 : -83
104,400,445,708,830,880 : -73
106,145,281,379,434,610 : -70
106,418,744,785,986,997 : -94
106,564,676,737,790,892 : -80
107,144,391,486,490,641 : -92
107,153,271,607,769,790 : -95
107,175,433,635,655,796 : -77
108,157,188,222,290,895 : -82
108,328,492,591,685,740 : -71
108,332,403,747,795,974 : -75
108,566,630,659,843,989 : -67
109,130,263,315,799,808 : -72
110,257,395,511,663,809 : -66
110,268,310,314,328,677 : -68
110,592,627,816,912,920 : -69
112,132,438,447,754,996 : -86
112,210,468,528,675,801 : -79
112,226,359,430,719,945 : -95
112,404,485,527,581,793 : -89
112,408,430,525,667,855 : -74
112,456,478,537,633,722 : -85
113,184,211,483,668,680 : -79
113,189,233,298,461,836 : -87
113,234,420,475,783,843 : -85
114,188,455,481,657,701 : -75
115,343,652,732,767,939 : -85
118,120,324,558,609,631 : -73
118,208,514,585,602,843 : -65
118,263,387,460,562,672 : -81
119,414,547,886,958,960 : -79
120,426,480,560,850,965 : -78
120,443,572,577,578,630 : -79
121,128,181,240,455,757 : -71
121,336,360,411,429,463 : -78
121,357,523,587,822,931 : -93
122,174,561,616,978,981 : -70
123,150,227,301,365,584 : -58
123,382,497,716,721,828 : -81
124,297,722,770,772,832 : -86
124,451,574,721,736,998 : -81
125,252,492,706,918,949 : -66
125,449,498,527,539,657 : -87
126,167,480,576,677,938 : -76
126,296,481,721,742,928 : -91
127,162,211,341,696,971 : -80
127,418,552,665,776,915 : -73
128,389,492,604,862,979 : -85
130,216,484,726,825,930 : -72
130,293,430,436,506,566 : -70
133,230,282,390,922,958 : -84
133,300,445,641,729,965 : -88
133,406,569,616,767,774 : -68
133,726,768,822,921,984 : -76
134,194,408,489,857,994 : -73
134,202,350,503,592,661 : -78
134,688,691,707,727,979 : -83
135,257,315,442,506,534 : -69
136,218,232,648,679,899 : -88
139,282,350,361,457,857 : -80
140,174,287,349,700,917 : -80
140,313,350,362,882,945 : -69
141,183,402,527,756,833 : -81
143,287,477,586,869,957 : -81
144,499,696,857,870,879 : -67
145,441,466,661,676,791 : -73
146,268,378,614,922,931 : -73
147,332,450,541,571,956 : -85
148,246,322,486,783,853 : -73
149,228,745,751,913,973 : -64
151,161,486,727,946,982 : -84
151,180,281,284,716,940 : -79
151,271,560,666,916,997 : -79
151,275,564,608,872,987 : -91
151,500,576,704,765,832 : -75
152,211,226,417,420,939 : -87
153,166,219,395,928,948 : -74
153,198,288,394,499,848 : -76
153,404,449,478,654,848 : -86
153,600,621,704,794,924 : -71
154,283,518,758,763,939 : -88
154,384,704,795,810,970 : -87
155,176,245,254,478,829 : -86
155,408,623,651,711,910 : -82
157,340,373,686,859,906 : -72
158,427,790,807,854,894 : -76
159,270,296,498,545,994 : -80
160,178,195,440,948,999 : -81
161,226,238,254,570,606 : -76
162,246,522,758,812,830 : -85
163,226,537,575,617,794 : -80
163,402,463,487,758,823 : -89
165,391,529,635,679,895 : -84
166,285,680,714,737,969 : -69
166,433,519,718,767,798 : -68
167,168,323,329,445,866 : -70
167,292,300,404,521,649 : -83
167,306,336,634,821,862 : -80
167,432,671,683,731,997 : -82
168,177,330,407,870,916 : -76
169,362,429,514,692,727 : -67
170,230,308,433,513,842 : -69
173,203,239,392,570,982 : -69
173,284,367,431,588,795 : -77
174,277,524,662,692,965 : -75
174,312,350,562,602,862 : -78
176,251,319,497,586,728 : -74
178,345,429,534,613,910 : -78
179,288,356,616,790,871 : -80
181,211,446,560,690,710 : -73
181,361,648,824,951,971 : -77
182,281,305,394,557,975 : -60
185,536,668,810,936,946 : -79
187,236,290,414,542,780 : -78
189,196,302,325,711,760 : -85
190,357,590,758,848,887 : -72
190,363,408,439,626,917 : -68
191,231,371,429,470,740 : -74
191,286,397,902,939,967 : -81
192,268,272,817,896,923 : -70
194,203,608,823,891,937 : -70
195,217,485,547,840,925 : -81
195,296,383,420,655,994 : -82
196,266,450,607,815,824 : -78
200,720,730,844,846,938 : -63
201,334,623,790,931,977 : -84
202,255,362,477,516,788 : -76
202,367,426,580,726,998 : -77
206,292,306,325,740,958 : -87
206,326,428,554,645,672 : -71
207,280,318,607,761,867 : -71
208,303,369,495,727,969 : -72
209,432,445,713,954,962 : -84
209,657,678,728,828,845 : -72
211,295,814,937,964,971 : -73
212,404,765,804,891,967 : -76
212,485,622,747,898,984 : -76
213,389,481,795,835,845 : -77
217,237,542,688,763,873 : -75
219,328,546,688,773,819 : -76
219,469,475,521,559,738 : -78
221,247,488,906,925,993 : -68
222,336,403,418,679,771 : -92
223,665,751,781,803,953 : -78
224,227,509,703,766,925 : -72
224,489,646,744,869,939 : -83
225,227,278,613,750,902 : -69
225,275,501,811,893,990 : -79
225,345,490,492,514,635 : -78
225,485,582,662,681,862 : -75
227,280,609,721,888,891 : -75
227,336,702,765,835,837 : -85
228,303,386,691,817,889 : -68
230,342,564,637,914,986 : -82
232,277,294,607,796,869 : -74
233,242,358,530,672,825 : -85
233,636,642,702,909,974 : -76
233,714,724,828,869,895 : -91
234,363,373,393,529,681 : -72
235,270,345,670,771,800 : -84
239,241,497,629,684,966 : -69
242,362,569,658,714,898 : -81
244,275,630,802,875,998 : -75
245,293,650,679,744,873 : -82
245,314,519,557,596,763 : -64
249,339,379,822,897,960 : -75
249,551,721,899,932,994 : -85
250,374,563,649,701,973 : -79
252,378,379,436,824,835 : -69
252,422,458,554,743,957 : -67
254,272,453,521,665,673 : -80
254,321,364,442,480,771 : -68
256,300,520,535,544,548 : -70
257,273,285,551,700,812 : -77
257,346,398,573,802,874 : -69
257,411,490,580,872,912 : -83
259,295,350,539,727,970 : -84
261,374,450,589,648,935 : -79
262,296,505,617,696,737 : -78
262,526,684,738,746,884 : -75
267,408,765,813,947,991 : -79
268,354,569,796,875,974 : -73
268,379,456,705,957,978 : -83
270,477,511,522,834,924 : -69
271,384,503,677,956,974 : -84
271,431,553,733,935,971 : -74
273,319,352,428,750,801 : -86
273,396,600,634,661,937 : -83
273,465,767,825,871,881 : -83
278,528,626,631,732,817 : -81
280,821,825,837,871,995 : -73
283,370,528,729,751,903 : -75
283,417,658,750,820,987 : -83
284,390,611,714,882,888 : -68
288,343,478,494,613,863 : -85
290,306,388,715,862,932 : -78
292,394,419,643,891,991 : -82
292,396,630,635,810,856 : -76
292,481,721,771,810,820 : -94
293,307,615,628,810,841 : -81
297,355,716,721,934,979 : -75
299,337,854,873,900,991 : -69
300,536,550,601,606,747 : -73
303,326,572,641,679,975 : -90
303,371,481,643,689,764 : -77
305,307,520,715,810,915 : -83
305,412,718,774,775,950 : -80
306,451,617,721,818,944 : -71
308,425,478,808,825,942 : -81
313,517,671,756,877,967 : -74
314,340,357,493,578,740 : -73
315,501,521,662,899,992 : -79
321,493,497,592,659,749 : -83
323,411,452,500,542,849 : -78
331,335,444,563,740,769 : -81
333,592,711,749,842,994 : -72
334,362,490,608,609,870 : -75
336,633,672,759,908,922 : -76
339,551,662,743,744,915 : -81
343,353,765,802,830,978 : -74
344,460,532,647,670,747 : -72
346,445,585,600,782,978 : -72
349,394,418,510,614,918 : -73
349,509,649,709,723,735 : -75
351,658,728,885,944,951 : -84
352,432,486,587,785,956 : -99
355,380,487,488,541,960 : -91
358,413,415,549,601,894 : -61
363,545,717,723,741,796 : -78
372,538,553,838,939,941 : -69
374,518,534,693,725,999 : -87
378,439,447,473,803,808 : -77
385,475,555,641,717,888 : -83
388,391,648,714,941,965 : -86
389,436,447,598,674,681 : -74
391,413,462,705,765,854 : -77
408,428,629,686,802,950 : -69
412,591,627,654,796,958 : -77
414,561,731,744,769,945 : -88
419,473,520,784,790,834 : -86
423,530,607,651,722,826 : -85
424,634,710,807,873,926 : -71
435,478,535,594,613,775 : -73
446,466,530,535,664,780 : -67
447,639,743,772,857,959 : -76
448,507,569,655,822,951 : -84
461,463,520,750,830,875 : -78
484,538,742,806,883,964 : -75
486,523,657,715,901,929 : -85
491,628,660,835,903,908 : -69
506,673,731,916,946,999 : -84
551,558,641,763,928,947 : -93
562,714,742,780,869,904 : -88
616,731,926,942,963,996 : -70
621,645,729,766,979,985 : -77
625,714,725,840,881,917 : -68
641,691,702,776,827,850 : -85
642,687,703,772,787,976 : -70
