0,669 : 0.10000000000000009
0,720 : 0.10000000000000009
2,659 : 0.10000000000000009
2,712 : 0.10000000000000009
3,880 : 0.10000000000000009
143,880 : 0.10000000000000009
4,744 : -0.21666666666666656
4,933 : 0.10000000000000009
536,744 : 0.41666666666666674
5,832 : 0.10000000000000009
488,832 : 0.10000000000000009
6,437 : 0.10000000000000009
437,679 : 1.44
10,62 : -0.19000000000000006
10,345 : 0.3666666666666667
10,964 : -0.19000000000000006
62,688 : -0.3166666666666669
168,345 : 0.44833333333333325
345,473 : 1.34
345,957 : 1.5166666666666666
274,964 : -0.3166666666666669
12,97 : 0.0
12,335 : 0.0
97,431 : 0.0
146,335 : 0.0
16,386 : 0.10000000000000009
105,386 : 0.10000000000000009
17,312 : 0.10000000000000009
124,312 : 0.10000000000000009
18,921 : 0.10000000000000009
303,921 : 0.10000000000000009
20,299 : 0.0
20,586 : 0.10000000000000009
299,534 : 0.0
586,737 : 0.10000000000000009
22,624 : 0.5116666666666668
22,644 : 0.5616666666666669
22,684 : 0.3266666666666669
485,624 : 1.3083333333333336
501,624 : 1.0550000000000002
624,987 : 0.5116666666666672
269,684 : 0.10000000000000009
23,30 : 5.551115123125783e-16
23,643 : -0.31666666666666643
30,265 : 0.41666666666666685
30,518 : -0.2374999999999997
534,643 : 0.0
26,830 : 0.10000000000000009
26,861 : 0.10000000000000009
149,830 : 0.0
27,550 : 0.10000000000000009
255,550 : 1.4400000000000002
265,733 : 0.10000000000000009
137,518 : -0.31666666666666654
450,518 : -0.2374999999999997
31,39 : 0.7333333333333332
31,126 : -0.15833333333333321
39,272 : 1.7249999999999999
39,432 : 1.625
39,954 : 0.5750000000000002
35,126 : -0.158333333333333
126,365 : 0.31666666666666665
35,903 : 0.8333333333333334
268,903 : 1.8833333333333333
776,903 : 0.675
815,903 : 1.8833333333333333
38,788 : 1.675
74,788 : 0.8783333333333335
788,836 : 0.5483333333333335
788,955 : 1.675
432,436 : 0.10000000000000009
718,954 : 0.10000000000000042
41,382 : 0.10000000000000009
41,557 : 0.0
382,855 : 0.10000000000000009
431,557 : 0.0
42,274 : 0.0
42,945 : -0.31666666666666665
789,945 : 0.41666666666666674
43,273 : 0.7041666666666668
45,273 : 0.8625000000000003
273,447 : 0.10000000000000009
45,472 : 0.8625
45,853 : 0.8625
47,838 : 0.10000000000000009
690,838 : 0.10000000000000009
48,107 : 0.8333333333333335
107,836 : -0.058333333333333015
107,840 : 0.8333333333333336
49,809 : 2.041666666666667
540,809 : 2.041666666666667
575,809 : 2.041666666666667
692,809 : 0.9333333333333333
52,468 : 1.8833333333333333
52,625 : 1.8833333333333333
52,775 : 1.725
52,907 : 1.1500000000000001
775,783 : 0.10000000000000009
279,907 : -0.3749999999999998
55,115 : 0.9916666666666667
115,475 : 0.20000000000000018
115,745 : 0.9916666666666667
60,352 : -0.3166666666666663
60,789 : 0.10000000000000009
352,385 : 0.41666666666666685
352,785 : 4.440892098500626e-16
789,844 : 0.8333333333333335
61,180 : 0.8333333333333336
61,360 : 0.10000000000000009
123,180 : 0.8333333333333335
180,504 : 0.41666666666666663
311,688 : -0.3166666666666669
64,351 : 1.725
64,798 : 0.1000000000000002
351,489 : 1.8833333333333333
351,703 : 1.8833333333333333
351,943 : 0.675
65,81 : 3.3306690738754696e-16
65,118 : -0.6333333333333331
81,508 : 0.2875000000000002
81,700 : -1.1102230246251565e-16
118,507 : 0.41666666666666685
67,144 : 0.9916666666666667
67,873 : 0.9916666666666667
67,985 : 0.04166666666666696
366,985 : 0.8333333333333335
69,512 : 0.10000000000000009
512,882 : 0.10000000000000009
73,506 : 0.9333333333333336
73,901 : 0.9916666666666667
73,986 : 0.9916666666666667
353,506 : 0.10000000000000009
74,251 : 0.5616666666666668
74,373 : 0.3266666666666669
373,638 : 0.10000000000000009
76,344 : 0.10000000000000009
76,607 : 0.10000000000000009
344,668 : 0.0
78,315 : 0.10000000000000009
78,500 : 0.0
315,725 : 0.10000000000000009
500,939 : 0.0
508,522 : 0.5166666666666669
508,601 : 0.7041666666666668
700,998 : -0.3166666666666669
83,670 : 0.10000000000000009
670,792 : 0.10000000000000009
84,734 : 0.10000000000000009
641,734 : 0.8333333333333335
86,424 : 2.041666666666667
236,424 : 2.041666666666667
369,424 : 2.041666666666667
424,713 : 1.825
88,322 : 0.7200000000000001
240,322 : 0.72
255,322 : 1.2133333333333338
94,940 : 1.15
110,940 : 1.15
463,940 : 1.15
99,872 : 1.15
464,872 : 1.15
608,872 : 1.15
101,498 : 0.10000000000000009
101,819 : 0.10000000000000009
103,291 : 0.9916666666666667
103,434 : 0.9916666666666667
103,892 : 0.9333333333333336
209,892 : 0.10000000000000009
105,995 : -0.31666666666666665
695,995 : 0.41666666666666674
295,840 : 0.10000000000000009
109,471 : 0.10000000000000009
471,895 : 0.20000000000000018
475,791 : -0.5066666666666666
116,222 : 0.8333333333333335
222,305 : 0.8333333333333336
222,941 : 0.41666666666666663
507,616 : 0.41666666666666685
507,805 : 0.8333333333333335
120,590 : 0.10000000000000009
120,998 : 0.10000000000000009
122,561 : 0.10000000000000009
122,736 : 0.10000000000000009
519,561 : 0.10000000000000009
125,239 : 1.15
196,239 : 1.15
239,749 : 1.15
195,365 : -0.21666666666666679
130,681 : 0.10000000000000009
681,741 : 0.10000000000000009
132,204 : 0.10000000000000009
204,556 : 1.5250000000000004
134,790 : 0.10000000000000009
553,790 : 0.10000000000000009
135,476 : 1.675
135,505 : 1.675
135,760 : 0.03666666666666718
135,994 : 0.5483333333333331
571,760 : 0.6408333333333347
760,991 : -0.4066666666666663
925,994 : -0.15833333333333333
136,406 : -0.31666666666666665
136,922 : 0.10000000000000009
147,406 : -0.31666666666666665
288,922 : 0.3375
714,922 : 0.7041666666666668
137,146 : -0.31666666666666665
138,349 : 0.10000000000000009
304,349 : 0.10000000000000009
141,332 : 0.9916666666666667
332,578 : 0.9916666666666667
332,654 : 0.9333333333333336
142,191 : 0.10000000000000009
191,393 : 0.20000000000000018
147,164 : 1.1102230246251565e-16
164,497 : -0.23749999999999993
164,863 : 1.1102230246251565e-16
148,774 : 0.10000000000000009
160,774 : 0.10000000000000009
149,187 : 0.0
152,187 : 0.0
152,223 : 0.0
223,656 : 0.10000000000000009
153,288 : 0.5750000000000001
170,288 : 0.6250000000000002
154,662 : 0.10000000000000009
154,828 : 0.20000000000000018
806,828 : 0.10000000000000009
157,380 : 0.10000000000000009
157,690 : 0.0
380,539 : 0.10000000000000009
159,679 : 1.6750000000000003
210,679 : 1.6750000000000003
679,791 : 0.5433333333333338
162,559 : 0.10000000000000009
162,732 : 0.10000000000000009
163,837 : 0.10000000000000009
163,863 : -0.31666666666666665
211,837 : 0.10000000000000009
311,497 : -0.31666666666666676
492,497 : -0.37749999999999995
168,284 : -0.475
212,284 : 0.2875000000000002
284,697 : 1.1102230246251565e-16
170,300 : 0.8625
170,577 : 0.8625
173,525 : 0.10000000000000009
525,721 : 0.10000000000000009
174,663 : 0.10000000000000009
663,856 : 0.8333333333333335
194,504 : -0.3166666666666669
181,392 : 0.20000000000000018
181,421 : 0.10000000000000009
392,696 : 0.10000000000000009
182,856 : 0.8333333333333335
856,950 : 0.41666666666666674
186,264 : 0.10000000000000009
186,364 : 0.10000000000000009
264,447 : -0.31666666666666665
393,567 : 0.10000000000000009
192,777 : 0.10000000000000009
192,778 : 0.10000000000000009
778,784 : 0.10000000000000009
194,668 : 0.0
195,581 : 0.10000000000000009
197,450 : 5.551115123125783e-16
197,723 : -0.6333333333333331
450,735 : 0.41666666666666696
707,723 : 0.5166666666666668
327,556 : 1.5250000000000004
533,556 : 0.6333333333333335
556,645 : 0.6333333333333337
205,501 : 0.10000000000000009
212,786 : 0.7041666666666668
212,936 : 0.5166666666666669
846,936 : 0.10000000000000009
213,462 : -0.375
213,970 : 0.665
333,462 : 0.10000000000000009
492,970 : 0.2875000000000003
822,970 : 0.665
943,970 : 0.1900000000000004
215,646 : 0.20000000000000018
215,891 : 0.10000000000000009
646,803 : 0.10000000000000009
220,950 : -0.21666666666666656
220,988 : 0.10000000000000009
221,826 : 0.10000000000000009
460,826 : -0.21666666666666656
305,804 : 0.10000000000000009
941,958 : -0.21666666666666679
656,893 : 0.10000000000000009
227,942 : 0.10000000000000009
397,942 : 1.1500000000000006
230,308 : 0.10000000000000009
230,701 : 0.20000000000000018
474,701 : 0.10000000000000009
231,494 : 0.10000000000000009
494,655 : 0.20000000000000018
233,800 : 0.10000000000000009
233,850 : 0.10000000000000009
810,850 : 0.0
248,652 : 0.10000000000000009
652,857 : 0.20000000000000018
250,895 : 0.10000000000000009
253,303 : 0.0
253,924 : -0.31666666666666665
773,924 : 0.5166666666666668
255,275 : 1.675
255,948 : 1.675
256,374 : 0.10000000000000009
256,438 : 0.10000000000000009
261,522 : 0.10000000000000009
271,571 : 2.7383333333333337
426,571 : 2.7383333333333337
571,705 : 2.7383333333333337
571,799 : 2.4191666666666674
278,397 : 0.5750000000000004
278,697 : -0.7916666666666665
397,455 : 0.6250000000000019
397,510 : 1.3583333333333334
279,407 : 0.10000000000000009
285,827 : 0.9916666666666667
787,827 : 0.9916666666666667
801,827 : 0.20000000000000018
286,492 : 0.4325000000000001
290,455 : 1.516666666666667
455,583 : 1.516666666666667
455,776 : 0.20000000000000062
319,371 : 0.9916666666666667
319,409 : 0.9916666666666667
319,692 : 0.04166666666666696
327,422 : 0.10000000000000009
328,755 : 0.10000000000000009
755,939 : 0.10000000000000009
654,915 : 0.10000000000000009
339,808 : 0.10000000000000009
572,808 : 0.10000000000000009
340,912 : 0.10000000000000009
621,912 : 0.10000000000000009
473,491 : 0.10000000000000009
385,554 : 0.10000000000000009
631,785 : 0.41666666666666696
658,785 : -0.31666666666666643
356,381 : 0.10000000000000009
381,616 : -0.21666666666666656
366,456 : 1.1500000000000001
366,493 : 1.8833333333333333
366,930 : 1.8833333333333333
456,526 : -0.3749999999999998
368,773 : 0.9916666666666667
773,961 : 0.9916666666666667
376,558 : 1.6750000000000003
517,558 : 1.6750000000000003
558,718 : 0.8333333333333348
558,731 : 1.6750000000000003
383,791 : 0.2266666666666668
383,825 : 0.10000000000000009
389,989 : 0.10000000000000009
854,989 : 0.10000000000000009
391,724 : 0.9916666666666667
724,897 : 0.9333333333333336
724,974 : 0.9916666666666667
395,743 : 2.041666666666667
565,743 : 2.041666666666667
568,743 : 1.2499999999999998
627,743 : 2.041666666666667
398,877 : 0.10000000000000009
612,877 : 0.9333333333333336
403,612 : 0.9916666666666667
612,886 : 0.9916666666666667
410,969 : 0.10000000000000009
636,969 : 0.10000000000000009
414,602 : 0.20000000000000018
414,619 : 0.10000000000000009
602,847 : 0.10000000000000009
713,929 : 0.10000000000000009
442,563 : 0.9916666666666667
563,645 : 0.04166666666666696
563,851 : 0.9916666666666667
449,516 : 0.10000000000000009
516,582 : 0.20000000000000018
548,735 : 0.10000000000000009
452,958 : 0.10000000000000009
526,858 : 0.10000000000000009
459,965 : 0.10000000000000009
810,965 : 0.10000000000000009
460,641 : 0.41666666666666674
555,641 : 0.8333333333333335
467,897 : 0.10000000000000009
470,718 : 1.3583333333333334
633,718 : 1.1500000000000006
481,741 : 0.10000000000000009
481,833 : 0.10000000000000009
482,979 : 0.10000000000000009
682,979 : 0.10000000000000009
490,536 : 0.8333333333333335
536,801 : 0.10000000000000009
655,794 : 0.10000000000000009
514,727 : 0.10000000000000009
576,727 : 0.10000000000000009
582,869 : 0.10000000000000009
519,953 : 0.10000000000000009
523,631 : 0.10000000000000009
532,987 : 0.5616666666666668
588,987 : -0.08999999999999986
533,925 : -0.15833333333333333
658,925 : 2.220446049250313e-16
537,547 : 0.10000000000000009
537,568 : -0.375
542,633 : 0.10000000000000009
544,673 : 0.10000000000000009
673,742 : 0.10000000000000009
545,707 : 0.9916666666666667
707,812 : 0.9916666666666667
560,753 : 0.10000000000000009
695,753 : 0.8333333333333335
594,799 : 0.10000000000000031
579,991 : 0.10000000000000009
588,960 : -0.21666666666666656
904,960 : 0.10000000000000009
613,820 : 0.10000000000000009
613,962 : 0.10000000000000009
722,857 : 0.10000000000000009
689,813 : 0.10000000000000009
772,813 : 0.10000000000000009
695,839 : 0.8333333333333335
766,822 : -0.375
766,860 : 0.10000000000000009
784,999 : 0.10000000000000009
13,541 : nan
14,346 : nan
21,878 : nan
24,951 : nan
29,762 : nan
34,453 : nan
46,140 : nan
53,711 : nan
68,914 : nan
85,968 : nan
89,337 : nan
96,469 : nan
100,430 : nan
102,347 : nan
104,208 : nan
113,890 : nan
119,604 : nan
121,905 : nan
128,829 : nan
133,495 : nan
165,680 : nan
167,188 : nan
171,770 : nan
172,387 : nan
175,524 : nan
183,330 : nan
184,329 : nan
202,354 : nan
203,363 : nan
207,972 : nan
217,706 : nan
237,334 : nan
241,849 : nan
244,587 : nan
254,975 : nan
301,666 : nan
302,848 : nan
321,419 : nan
324,412 : nan
325,687 : nan
336,615 : nan
361,910 : nan
378,597 : nan
379,574 : nan
384,990 : nan
408,596 : nan
446,868 : nan
478,769 : nan
479,499 : nan
509,520 : nan
528,764 : nan
584,651 : nan
593,716 : nan
622,918 : nan
628,717 : nan
639,823 : nan
650,686 : nan
748,852 : nan
757,782 : nan
779,781 : nan
887,911 : nan
917,983 : nan
363,369,409 : 0.10000000000000009
363,369,782 : 0.10000000000000009
0,216,376 : nan
0,331,505 : nan
0,368,750 : nan
0,444,675 : nan
2,15,779 : nan
2,98,176 : nan
2,256,830 : nan
3,15,337 : nan
5,286,977 : nan
6,445,653 : nan
6,659,948 : nan
8,341,541 : nan
9,199,828 : nan
10,157,578 : nan
10,282,542 : nan
11,100,327 : nan
12,599,675 : nan
13,312,938 : nan
14,164,526 : nan
14,309,587 : nan
15,170,998 : nan
15,333,817 : nan
15,820,949 : nan
16,41,344 : nan
16,155,748 : nan
16,658,972 : nan
17,226,250 : nan
17,685,954 : nan
17,915,931 : nan
19,217,516 : nan
19,795,821 : nan
20,235,776 : nan
20,820,946 : nan
21,195,927 : nan
21,571,625 : nan
22,257,708 : nan
22,451,531 : nan
23,282,668 : nan
23,572,897 : nan
24,39,687 : nan
25,281,304 : nan
26,152,343 : nan
26,174,867 : nan
26,188,911 : nan
26,192,217 : nan
28,336,999 : nan
28,440,832 : nan
28,482,495 : nan
28,553,642 : nan
29,42,405 : nan
29,189,921 : nan
29,338,761 : nan
29,737,797 : nan
30,78,274 : nan
30,374,690 : nan
31,418,498 : nan
33,202,616 : nan
33,243,781 : nan
33,379,733 : nan
34,593,945 : nan
34,813,893 : nan
35,595,665 : nan
36,111,465 : nan
36,679,777 : nan
37,947,954 : nan
39,168,987 : nan
41,123,888 : nan
43,67,878 : nan
44,946,984 : nan
46,532,750 : nan
46,687,770 : nan
47,247,680 : nan
48,674,903 : nan
49,238,803 : nan
49,584,693 : nan
50,220,622 : nan
51,324,452 : nan
52,106,422 : nan
52,159,479 : nan
52,736,862 : nan
53,286,970 : nan
53,321,677 : nan
54,380,805 : nan
54,587,841 : nan
55,239,773 : nan
55,352,782 : nan
56,207,715 : nan
56,530,556 : nan
57,334,346 : nan
57,410,488 : nan
57,462,826 : nan
58,68,146 : nan
58,74,950 : nan
58,194,865 : nan
58,275,735 : nan
58,328,765 : nan
59,316,351 : nan
59,322,732 : nan
60,154,681 : nan
60,500,556 : nan
62,68,539 : nan
62,141,631 : nan
62,885,990 : nan
63,199,202 : nan
64,290,632 : nan
65,175,611 : nan
65,791,933 : nan
67,92,639 : nan
69,429,549 : nan
69,610,621 : nan
69,656,731 : nan
71,76,286 : nan
72,289,844 : nan
73,188,503 : nan
75,157,421 : nan
75,349,586 : nan
76,218,475 : nan
76,522,637 : nan
76,596,976 : nan
76,748,862 : nan
76,905,964 : nan
77,97,679 : nan
77,319,640 : nan
77,930,957 : nan
80,398,860 : nan
82,272,783 : nan
82,685,847 : nan
83,86,634 : nan
83,473,831 : nan
88,149,185 : nan
89,278,356 : nan
89,418,504 : nan
91,126,509 : nan
92,283,555 : nan
93,292,734 : nan
93,586,903 : nan
93,772,845 : nan
95,177,279 : nan
95,419,818 : nan
96,145,915 : nan
96,563,700 : nan
97,198,710 : nan
97,289,350 : nan
98,450,643 : nan
99,195,673 : nan
101,154,263 : nan
101,478,805 : nan
101,659,890 : nan
101,661,693 : nan
102,348,377 : nan
103,352,728 : nan
103,763,793 : nan
104,554,642 : nan
106,393,760 : nan
107,143,458 : nan
107,235,502 : nan
107,287,460 : nan
107,297,751 : nan
108,211,757 : nan
109,296,333 : nan
111,218,707 : nan
111,757,976 : nan
112,161,829 : nan
113,276,853 : nan
113,356,434 : nan
113,566,568 : nan
115,172,443 : nan
115,383,940 : nan
115,502,853 : nan
115,551,819 : nan
117,259,657 : nan
117,353,699 : nan
117,500,961 : nan
118,707,721 : nan
119,783,873 : nan
119,867,877 : nan
120,661,977 : nan
121,756,987 : nan
122,219,436 : nan
123,815,899 : nan
124,438,504 : nan
125,370,686 : nan
126,132,298 : nan
126,354,547 : nan
126,653,803 : nan
127,432,454 : nan
127,507,655 : nan
127,648,953 : nan
127,721,951 : nan
128,453,757 : nan
128,701,775 : nan
129,465,761 : nan
130,563,632 : nan
131,187,991 : nan
131,211,257 : nan
131,308,948 : nan
132,371,952 : nan
133,598,900 : nan
134,141,824 : nan
134,289,976 : nan
134,362,582 : nan
136,213,389 : nan
136,278,920 : nan
137,160,267 : nan
138,236,242 : nan
139,217,909 : nan
139,220,735 : nan
139,240,308 : nan
141,366,687 : nan
142,393,886 : nan
142,614,859 : nan
145,658,698 : nan
148,715,796 : nan
151,577,921 : nan
151,709,872 : nan
152,732,905 : nan
153,837,984 : nan
154,234,518 : nan
155,266,985 : nan
155,420,811 : nan
156,380,865 : nan
157,465,724 : nan
158,398,793 : nan
160,235,778 : nan
162,486,855 : nan
162,585,841 : nan
162,721,753 : nan
163,488,999 : nan
163,888,899 : nan
164,218,291 : nan
165,174,553 : nan
165,325,429 : nan
165,482,505 : nan
168,195,317 : nan
169,860,864 : nan
170,281,931 : nan
170,467,638 : nan
172,271,391 : nan
172,363,928 : nan
172,493,547 : nan
173,545,583 : nan
174,587,768 : nan
176,752,982 : nan
177,554,684 : nan
179,726,896 : nan
180,417,558 : nan
180,837,948 : nan
181,421,428 : nan
184,239,560 : nan
184,487,930 : nan
184,730,787 : nan
186,689,702 : nan
187,359,524 : nan
187,472,980 : nan
189,293,790 : nan
189,337,814 : nan
189,352,472 : nan
189,560,685 : nan
189,680,770 : nan
191,263,614 : nan
191,479,672 : nan
191,530,977 : nan
194,681,993 : nan
195,215,338 : nan
196,449,941 : nan
196,606,690 : nan
197,290,510 : nan
197,402,948 : nan
198,375,707 : nan
199,293,808 : nan
199,331,883 : nan
202,226,429 : nan
204,207,277 : nan
204,218,785 : nan
204,258,523 : nan
206,270,349 : nan
206,282,619 : nan
207,490,760 : nan
207,571,795 : nan
207,657,985 : nan
211,652,705 : nan
216,656,899 : nan
218,228,606 : nan
218,259,898 : nan
218,373,867 : nan
219,392,976 : nan
219,483,819 : nan
220,702,722 : nan
222,229,455 : nan
223,695,828 : nan
223,744,879 : nan
224,278,783 : nan
224,916,946 : nan
226,436,473 : nan
226,456,926 : nan
227,474,884 : nan
229,346,853 : nan
230,330,761 : nan
230,521,897 : nan
230,764,954 : nan
233,412,797 : nan
233,445,461 : nan
233,785,904 : nan
237,270,576 : nan
237,356,583 : nan
237,371,530 : nan
237,473,563 : nan
242,719,918 : nan
243,610,677 : nan
244,391,920 : nan
244,460,860 : nan
245,366,543 : nan
248,371,956 : nan
248,409,694 : nan
248,438,459 : nan
249,368,953 : nan
252,643,696 : nan
252,898,939 : nan
253,393,636 : nan
253,409,777 : nan
259,381,394 : nan
260,386,888 : nan
261,712,965 : nan
264,526,670 : nan
264,860,893 : nan
266,383,773 : nan
270,404,684 : nan
272,728,915 : nan
273,323,980 : nan
273,648,784 : nan
275,612,632 : nan
276,342,854 : nan
278,657,829 : nan
279,389,938 : nan
279,698,940 : nan
286,531,847 : nan
287,470,898 : nan
287,740,924 : nan
288,376,708 : nan
288,604,606 : nan
288,725,776 : nan
289,372,798 : nan
289,417,611 : nan
290,493,754 : nan
294,925,997 : nan
297,408,419 : nan
298,886,991 : nan
303,420,903 : nan
306,452,648 : nan
307,415,570 : nan
309,384,459 : nan
310,859,912 : nan
311,457,874 : nan
311,564,844 : nan
311,698,936 : nan
313,389,801 : nan
313,620,682 : nan
313,805,883 : nan
316,572,716 : nan
318,794,866 : nan
319,535,721 : nan
321,496,532 : nan
323,729,885 : nan
325,437,594 : nan
331,489,643 : nan
332,604,664 : nan
337,425,958 : nan
339,485,568 : nan
341,658,663 : nan
343,510,678 : nan
346,624,926 : nan
347,745,781 : nan
348,510,742 : nan
350,397,700 : nan
350,440,883 : nan
350,539,706 : nan
352,487,866 : nan
357,581,973 : nan
358,359,822 : nan
360,472,884 : nan
362,402,697 : nan
365,367,565 : nan
366,455,803 : nan
367,379,499 : nan
367,636,837 : nan
370,460,965 : nan
371,417,533 : nan
372,427,779 : nan
372,777,810 : nan
376,587,979 : nan
380,423,756 : nan
380,438,471 : nan
380,570,622 : nan
380,757,881 : nan
380,884,930 : nan
381,392,986 : nan
382,641,902 : nan
383,434,719 : nan
383,843,955 : nan
384,871,970 : nan
385,631,667 : nan
387,644,692 : nan
387,833,835 : nan
389,581,924 : nan
392,887,939 : nan
401,479,881 : nan
402,426,651 : nan
404,745,953 : nan
404,813,959 : nan
407,966,974 : nan
410,471,972 : nan
410,482,546 : nan
411,577,828 : nan
411,647,753 : nan
412,448,472 : nan
416,496,598 : nan
419,503,953 : nan
421,467,697 : nan
421,553,809 : nan
423,634,682 : nan
425,469,809 : nan
426,650,865 : nan
428,837,909 : nan
429,562,790 : nan
435,571,783 : nan
438,624,992 : nan
438,887,981 : nan
439,937,971 : nan
441,573,829 : nan
443,628,669 : nan
447,923,942 : nan
449,699,840 : nan
449,714,777 : nan
450,806,906 : nan
452,480,587 : nan
452,486,795 : nan
452,572,867 : nan
452,573,708 : nan
452,612,652 : nan
453,576,766 : nan
456,473,787 : nan
457,488,937 : nan
459,621,881 : nan
459,941,996 : nan
464,649,709 : nan
466,577,608 : nan
466,748,789 : nan
468,678,869 : nan
469,787,892 : nan
475,595,879 : nan
478,618,964 : nan
478,662,672 : nan
479,676,754 : nan
482,511,870 : nan
483,744,878 : nan
484,599,704 : nan
484,962,975 : nan
485,625,958 : nan
488,681,958 : nan
492,575,734 : nan
493,629,650 : nan
495,530,867 : nan
496,695,730 : nan
500,735,820 : nan
503,777,971 : nan
504,676,876 : nan
507,612,810 : nan
508,545,961 : nan
516,758,914 : nan
516,842,984 : nan
521,637,994 : nan
523,693,908 : nan
523,802,940 : nan
527,853,878 : nan
532,632,943 : nan
532,646,717 : nan
532,758,892 : nan
534,732,844 : nan
543,663,831 : nan
545,562,890 : nan
549,704,806 : nan
554,756,803 : nan
554,887,969 : nan
556,705,752 : nan
559,640,684 : nan
569,585,675 : nan
572,750,896 : nan
573,617,854 : nan
577,740,803 : nan
581,865,962 : nan
583,820,915 : nan
589,632,784 : nan
591,719,737 : nan
592,736,939 : nan
597,770,778 : nan
600,816,904 : nan
603,626,987 : nan
607,710,793 : nan
614,626,769 : nan
624,632,819 : nan
626,815,820 : nan
627,640,713 : nan
647,693,835 : nan
648,652,719 : nan
648,690,986 : nan
651,769,907 : nan
651,822,997 : nan
653,804,893 : nan
657,674,907 : nan
661,766,864 : nan
666,672,883 : nan
668,731,994 : nan
677,752,768 : nan
679,791,818 : nan
684,732,766 : nan
686,923,924 : nan
687,749,942 : nan
697,820,998 : nan
704,780,998 : nan
714,840,887 : nan
741,784,970 : nan
746,766,813 : nan
751,760,928 : nan
751,761,886 : nan
756,868,940 : nan
767,869,894 : nan
768,968,997 : nan
842,870,999 : nan
885,917,954 : nan
902,942,958 : nan
0,211,589,591 : nan
0,258,315,541 : nan
1,44,925,997 : nan
1,450,587,848 : nan
1,523,675,992 : nan
3,67,174,713 : nan
3,97,520,891 : nan
3,457,708,893 : nan
4,287,655,911 : nan
4,853,890,936 : nan
5,145,672,939 : nan
5,154,204,604 : nan
5,226,249,977 : nan
5,575,688,721 : nan
6,85,94,495 : nan
6,419,569,716 : nan
6,428,481,883 : nan
7,117,132,806 : nan
7,143,518,756 : nan
7,252,398,779 : nan
7,279,416,567 : nan
8,60,105,695 : nan
8,266,639,641 : nan
9,46,159,246 : nan
9,82,190,482 : nan
9,91,577,705 : nan
9,132,329,772 : nan
9,364,526,601 : nan
9,453,597,676 : nan
9,816,871,938 : nan
10,135,195,831 : nan
11,85,100,927 : nan
11,631,669,936 : nan
12,57,591,651 : nan
12,685,897,993 : nan
13,111,538,973 : nan
13,160,244,331 : nan
13,275,385,975 : nan
13,488,573,844 : nan
14,254,698,710 : nan
15,323,648,811 : nan
17,196,362,883 : nan
19,44,259,519 : nan
19,475,744,891 : nan
20,75,157,554 : nan
20,286,517,809 : nan
21,202,884,906 : nan
22,55,269,320 : nan
22,229,477,872 : nan
22,298,418,817 : nan
22,486,737,915 : nan
24,264,374,758 : nan
24,676,928,934 : nan
25,507,727,834 : nan
25,655,691,915 : nan
26,34,113,661 : nan
26,153,200,858 : nan
26,230,734,872 : nan
26,355,551,646 : nan
26,449,621,914 : nan
27,234,525,798 : nan
28,142,825,989 : nan
28,215,218,236 : nan
28,226,417,593 : nan
29,137,211,977 : nan
29,288,449,993 : nan
29,615,707,946 : nan
30,219,327,693 : nan
30,307,335,744 : nan
31,387,817,969 : nan
32,138,224,487 : nan
32,395,645,751 : nan
32,418,554,718 : nan
32,806,828,957 : nan
33,96,109,335 : nan
33,96,128,918 : nan
34,35,296,822 : nan
34,135,472,976 : nan
35,244,707,997 : nan
36,252,444,793 : nan
36,380,900,997 : nan
36,478,619,966 : nan
37,69,247,555 : nan
37,188,393,578 : nan
37,252,543,779 : nan
37,266,335,950 : nan
37,290,752,982 : nan
37,369,503,669 : nan
38,103,634,960 : nan
38,162,493,858 : nan
39,92,389,708 : nan
39,113,291,359 : nan
39,604,656,755 : nan
39,626,746,926 : nan
40,304,412,961 : nan
41,179,536,832 : nan
41,795,860,936 : nan
42,193,423,812 : nan
43,158,284,810 : nan
44,70,460,769 : nan
44,94,783,905 : nan
44,109,438,653 : nan
45,135,433,771 : nan
45,379,937,960 : nan
46,124,414,654 : nan
46,167,376,416 : nan
46,281,729,907 : nan
47,77,149,800 : nan
47,125,835,872 : nan
47,252,543,749 : nan
48,207,399,633 : nan
48,274,426,550 : nan
48,914,938,999 : nan
49,72,262,993 : nan
49,158,655,920 : nan
50,202,275,309 : nan
50,282,685,853 : nan
50,538,672,816 : nan
51,136,261,580 : nan
51,403,899,982 : nan
51,813,982,986 : nan
53,311,471,649 : nan
54,60,675,709 : nan
54,73,415,837 : nan
54,833,894,912 : nan
56,114,688,931 : nan
56,370,444,645 : nan
57,87,681,829 : nan
57,351,855,994 : nan
58,94,183,326 : nan
58,182,217,522 : nan
58,244,393,623 : nan
60,151,178,393 : nan
60,491,521,944 : nan
61,104,438,697 : nan
63,243,604,716 : nan
63,259,331,407 : nan
63,430,590,597 : nan
64,137,543,847 : nan
64,377,520,573 : nan
65,534,638,838 : nan
67,282,501,984 : nan
67,437,696,861 : nan
67,482,773,871 : nan
67,719,771,863 : nan
70,196,201,205 : nan
72,207,522,570 : nan
72,452,498,598 : nan
73,120,268,576 : nan
73,244,387,526 : nan
73,284,950,968 : nan
73,321,762,951 : nan
73,325,690,888 : nan
74,180,397,673 : nan
74,443,521,986 : nan
74,446,702,795 : nan
75,79,262,877 : nan
76,477,784,818 : nan
76,543,713,830 : nan
77,139,275,930 : nan
78,156,322,772 : nan
78,580,691,894 : nan
79,166,483,971 : nan
79,284,501,983 : nan
80,112,550,992 : nan
80,179,908,953 : nan
80,380,610,732 : nan
80,391,792,935 : nan
80,473,662,808 : nan
82,93,440,940 : nan
83,275,423,457 : nan
83,329,483,823 : nan
83,624,642,835 : nan
83,654,902,905 : nan
84,267,448,775 : nan
85,330,687,690 : nan
87,440,577,956 : nan
87,647,730,958 : nan
89,319,377,858 : nan
89,542,551,768 : nan
90,175,279,833 : nan
90,256,576,863 : nan
90,274,466,754 : nan
91,256,307,427 : nan
91,635,905,994 : nan
92,132,792,985 : nan
93,157,201,731 : nan
94,468,469,814 : nan
96,139,219,526 : nan
96,155,311,396 : nan
96,214,396,621 : nan
97,252,646,985 : nan
100,186,359,537 : nan
100,319,850,979 : nan
101,220,558,785 : nan
102,229,371,659 : nan
103,279,771,808 : nan
104,105,330,615 : nan
104,433,735,976 : nan
104,467,733,962 : nan
105,165,402,614 : nan
105,191,360,471 : nan
105,211,634,890 : nan
105,240,897,900 : nan
105,551,825,918 : nan
106,189,237,852 : nan
106,395,634,923 : nan
109,264,334,772 : nan
109,281,484,624 : nan
110,491,915,995 : nan
111,187,489,553 : nan
111,298,304,793 : nan
111,390,736,823 : nan
112,148,155,350 : nan
112,266,282,686 : nan
112,329,954,986 : nan
112,567,690,844 : nan
113,168,668,907 : nan
113,208,527,979 : nan
115,167,392,739 : nan
115,370,461,901 : nan
118,207,277,536 : nan
119,379,779,987 : nan
122,209,275,450 : nan
122,249,370,648 : nan
123,184,575,846 : nan
123,399,409,577 : nan
123,539,643,730 : nan
124,165,295,959 : nan
124,183,808,874 : nan
124,427,573,630 : nan
124,775,832,975 : nan
125,152,584,714 : nan
126,457,461,500 : nan
127,235,640,713 : nan
129,179,182,763 : nan
129,360,487,820 : nan
130,302,567,644 : nan
130,367,803,989 : nan
131,191,573,767 : nan
132,349,675,980 : nan
132,408,420,479 : nan
133,244,523,831 : nan
136,258,482,896 : nan
137,267,583,933 : nan
138,179,427,819 : nan
140,811,944,952 : nan
142,339,724,727 : nan
143,324,404,439 : nan
144,268,330,429 : nan
145,155,377,764 : nan
146,147,848,952 : nan
146,627,900,903 : nan
147,341,819,867 : nan
148,275,466,843 : nan
148,381,490,617 : nan
148,515,754,960 : nan
152,183,615,940 : nan
153,376,778,809 : nan
155,325,477,775 : nan
156,271,539,837 : nan
157,223,352,435 : nan
157,312,606,617 : nan
157,448,755,914 : nan
157,528,568,608 : nan
158,201,332,896 : nan
158,369,382,992 : nan
158,371,522,839 : nan
158,699,768,801 : nan
159,469,487,741 : nan
160,471,637,799 : nan
163,374,418,997 : nan
163,399,595,636 : nan
163,578,825,919 : nan
164,445,623,882 : nan
164,529,911,919 : nan
165,181,324,597 : nan
165,449,465,705 : nan
165,475,485,757 : nan
165,555,667,945 : nan
166,359,412,968 : nan
167,254,408,661 : nan
168,637,669,754 : nan
170,625,690,746 : nan
171,525,665,840 : nan
173,223,464,752 : nan
175,367,659,772 : nan
175,536,694,809 : nan
175,569,707,766 : nan
176,233,545,641 : nan
176,262,328,653 : nan
176,307,395,574 : nan
176,514,580,762 : nan
177,297,679,744 : nan
178,271,358,377 : nan
178,668,916,955 : nan
179,723,776,960 : nan
181,378,540,840 : nan
182,242,407,700 : nan
182,388,587,848 : nan
183,203,758,888 : nan
183,293,389,740 : nan
184,295,330,789 : nan
193,196,527,946 : nan
194,355,424,874 : nan
195,446,526,956 : nan
196,268,324,449 : nan
197,240,814,823 : nan
197,388,647,806 : nan
199,202,322,777 : nan
199,494,654,869 : nan
205,508,733,914 : nan
206,245,551,613 : nan
206,290,485,608 : nan
206,344,725,768 : nan
206,401,541,631 : nan
208,267,384,826 : nan
208,273,327,947 : nan
208,556,749,752 : nan
210,386,517,570 : nan
212,770,799,802 : nan
215,476,543,982 : nan
216,264,302,945 : nan
216,449,522,550 : nan
216,638,684,856 : nan
217,318,330,602 : nan
218,224,403,618 : nan
219,670,839,933 : nan
220,292,421,642 : nan
226,259,773,776 : nan
226,416,674,912 : nan
228,397,536,799 : nan
230,403,675,956 : nan
230,453,848,910 : nan
230,499,764,863 : nan
231,254,505,722 : nan
232,494,571,639 : nan
233,413,769,828 : nan
234,506,934,974 : nan
237,272,978,979 : nan
238,526,568,766 : nan
242,244,685,929 : nan
242,253,292,432 : nan
243,494,672,697 : nan
244,558,763,942 : nan
246,376,380,764 : nan
246,693,696,756 : nan
247,449,479,862 : nan
247,676,749,800 : nan
253,317,458,976 : nan
255,294,323,644 : nan
255,542,576,954 : nan
256,386,431,591 : nan
256,486,911,914 : nan
259,537,902,980 : nan
260,804,881,909 : nan
262,290,518,601 : nan
262,711,719,934 : nan
264,332,357,833 : nan
264,475,660,910 : nan
267,417,576,885 : nan
271,294,385,593 : nan
272,460,603,646 : nan
275,543,713,816 : nan
276,818,864,897 : nan
277,521,834,980 : nan
281,286,310,420 : nan
282,298,698,981 : nan
282,628,698,885 : nan
283,489,626,861 : nan
288,416,608,758 : nan
288,587,656,803 : nan
289,357,448,568 : nan
290,747,943,947 : nan
292,296,332,973 : nan
292,417,434,745 : nan
292,524,629,752 : nan
294,516,521,731 : nan
295,307,485,852 : nan
296,368,624,649 : nan
296,389,495,929 : nan
296,453,688,719 : nan
298,301,597,830 : nan
299,442,500,655 : nan
300,463,488,647 : nan
300,487,580,835 : nan
303,432,462,663 : nan
304,396,774,801 : nan
304,863,964,965 : nan
305,442,763,978 : nan
309,472,473,571 : nan
310,397,595,700 : nan
311,473,504,765 : nan
313,366,727,950 : nan
313,379,546,584 : nan
316,571,601,702 : nan
317,392,603,904 : nan
319,604,776,906 : nan
319,672,755,785 : nan
320,866,960,963 : nan
322,387,697,808 : nan
324,467,636,771 : nan
325,476,518,722 : nan
325,585,914,982 : nan
330,354,872,944 : nan
330,609,623,928 : nan
334,341,712,954 : nan
336,500,523,852 : nan
336,641,768,822 : nan
341,444,481,551 : nan
341,749,797,912 : nan
347,349,656,825 : nan
348,401,608,693 : nan
349,367,562,856 : nan
352,517,795,972 : nan
352,877,880,950 : nan
355,623,816,956 : nan
357,403,453,584 : nan
359,703,725,971 : nan
360,465,804,901 : nan
363,380,570,683 : nan
365,568,740,861 : nan
374,508,676,800 : nan
374,595,861,977 : nan
381,637,679,873 : nan
384,444,651,790 : nan
385,429,794,973 : nan
387,544,736,843 : nan
388,597,835,932 : nan
390,759,904,970 : nan
391,440,909,916 : nan
395,475,673,859 : nan
404,563,666,943 : nan
410,442,677,728 : nan
411,622,825,871 : nan
413,419,713,805 : nan
413,528,709,932 : nan
413,566,640,943 : nan
415,708,764,869 : nan
416,498,685,946 : nan
418,591,825,966 : nan
421,463,627,719 : nan
426,542,578,743 : nan
426,705,733,744 : nan
429,659,824,923 : nan
430,820,913,992 : nan
432,652,796,978 : nan
432,657,673,842 : nan
436,572,605,748 : nan
438,487,502,997 : nan
438,742,947,958 : nan
443,611,678,779 : nan
444,490,593,992 : nan
445,777,810,849 : nan
452,651,718,724 : nan
452,703,733,890 : nan
455,590,874,958 : nan
457,747,780,889 : nan
458,623,891,963 : nan
458,672,722,977 : nan
463,518,544,570 : nan
469,722,807,911 : nan
470,719,790,850 : nan
472,505,843,864 : nan
474,801,807,972 : nan
476,573,659,838 : nan
476,634,672,844 : nan
477,528,544,714 : nan
479,528,820,961 : nan
479,615,805,830 : nan
479,776,848,877 : nan
480,723,870,947 : nan
488,645,658,913 : nan
490,724,842,991 : nan
492,679,768,923 : nan
493,538,766,838 : nan
495,709,905,968 : nan
497,678,826,858 : nan
499,512,516,796 : nan
509,558,594,990 : nan
521,836,889,919 : nan
538,775,829,838 : nan
550,731,941,968 : nan
558,660,787,844 : nan
577,643,757,893 : nan
580,792,921,935 : nan
584,735,801,947 : nan
590,650,760,793 : nan
630,681,817,945 : nan
637,646,753,957 : nan
661,679,698,764 : nan
775,863,961,963 : nan
786,880,884,963 : nan
791,905,932,934 : nan
0,45,236,578,852 : nan
1,100,373,619,978 : nan
1,186,215,320,381 : nan
1,292,361,527,920 : nan
1,558,566,595,938 : nan
1,569,749,937,973 : nan
2,46,106,114,858 : nan
2,420,515,569,841 : nan
2,459,773,897,921 : nan
3,124,199,339,600 : nan
3,235,240,504,914 : nan
3,700,810,850,896 : nan
4,25,131,385,777 : nan
5,28,86,116,261 : nan
5,161,471,788,970 : nan
5,358,587,668,781 : nan
6,16,215,391,442 : nan
6,26,388,452,751 : nan
6,194,752,778,891 : nan
7,9,16,87,922 : nan
7,52,206,389,691 : nan
7,346,368,385,519 : nan
8,31,502,518,750 : nan
8,192,493,613,949 : nan
8,302,470,541,772 : nan
8,626,632,658,877 : nan
9,45,259,474,999 : nan
9,161,466,972,984 : nan
10,34,36,51,841 : nan
11,387,649,853,919 : nan
12,29,318,419,981 : nan
12,264,473,652,731 : nan
14,518,858,861,862 : nan
15,119,444,699,984 : nan
15,460,563,679,863 : nan
16,35,148,559,584 : nan
16,212,590,601,614 : nan
17,22,48,500,895 : nan
17,58,213,327,731 : nan
17,109,250,336,499 : nan
18,46,235,253,388 : nan
18,114,357,451,876 : nan
18,124,455,476,877 : nan
18,139,207,410,767 : nan
18,165,623,895,931 : nan
19,25,271,405,999 : nan
19,30,46,185,563 : nan
19,297,409,683,780 : nan
20,54,339,548,622 : nan
21,40,109,387,860 : nan
21,111,739,877,910 : nan
21,162,238,829,876 : nan
21,234,384,628,657 : nan
23,335,371,895,954 : nan
23,341,398,567,760 : nan
24,110,478,604,862 : nan
24,156,363,418,494 : nan
24,169,345,651,930 : nan
24,216,377,464,990 : nan
24,413,427,824,990 : nan
25,62,367,459,940 : nan
26,27,144,253,978 : nan
26,154,158,508,709 : nan
26,188,231,612,920 : nan
26,271,468,596,647 : nan
26,413,851,911,945 : nan
27,37,405,538,815 : nan
27,186,201,722,781 : nan
27,189,504,538,989 : nan
28,30,44,263,729 : nan
28,316,589,837,967 : nan
28,510,666,881,967 : nan
29,303,626,788,972 : nan
29,311,407,717,882 : nan
29,744,847,863,981 : nan
30,548,562,682,747 : nan
32,258,576,658,973 : nan
32,439,478,709,780 : nan
34,129,193,246,535 : nan
35,283,330,525,876 : nan
36,63,79,147,201 : nan
36,180,296,493,511 : nan
36,216,431,816,912 : nan
37,195,575,605,715 : nan
37,224,334,546,748 : nan
37,812,856,950,955 : nan
38,56,758,794,974 : nan
38,556,758,785,987 : nan
40,149,160,446,670 : nan
40,336,570,582,900 : nan
41,192,567,791,900 : nan
41,398,811,944,967 : nan
41,523,876,913,984 : nan
41,774,839,972,974 : nan
43,84,221,356,656 : nan
43,365,587,700,783 : nan
44,150,473,509,658 : nan
45,101,210,640,682 : nan
45,231,326,398,677 : nan
46,707,834,917,930 : nan
47,346,528,724,769 : nan
49,77,78,462,564 : nan
49,197,587,720,752 : nan
49,210,232,470,788 : nan
50,179,520,748,897 : nan
50,202,298,431,944 : nan
51,68,285,577,914 : nan
51,106,416,723,817 : nan
51,131,388,811,850 : nan
51,220,610,758,792 : nan
51,302,334,433,729 : nan
51,517,623,636,647 : nan
51,600,749,907,935 : nan
52,75,376,847,907 : nan
52,212,333,721,780 : nan
53,87,276,860,931 : nan
54,68,345,349,773 : nan
54,165,175,289,371 : nan
55,87,393,394,555 : nan
55,416,738,755,927 : nan
55,494,520,529,882 : nan
56,80,526,661,780 : nan
56,172,589,848,850 : nan
56,204,459,830,908 : nan
56,384,490,878,972 : nan
57,134,622,762,786 : nan
57,199,696,831,874 : nan
57,321,449,456,880 : nan
58,219,363,732,978 : nan
59,86,404,847,932 : nan
59,173,734,807,886 : nan
60,106,380,686,774 : nan
60,119,129,593,930 : nan
61,394,493,514,738 : nan
61,465,499,516,812 : nan
61,478,796,854,948 : nan
62,101,513,515,716 : nan
62,575,745,766,891 : nan
63,80,160,348,452 : nan
63,209,490,837,997 : nan
63,289,406,599,990 : nan
64,131,498,571,624 : nan
65,76,170,417,499 : nan
65,82,164,622,818 : nan
66,185,811,833,943 : nan
67,506,652,655,901 : nan
68,81,152,177,587 : nan
68,115,423,912,958 : nan
68,381,386,453,992 : nan
69,157,674,695,761 : nan
69,228,520,626,774 : nan
69,377,540,572,678 : nan
70,78,166,566,678 : nan
70,209,320,617,959 : nan
70,213,342,679,733 : nan
71,223,579,658,819 : nan
71,348,588,690,970 : nan
72,266,664,815,843 : nan
73,124,269,374,433 : nan
73,431,449,698,967 : nan
73,591,612,760,812 : nan
74,141,374,540,987 : nan
74,434,624,953,972 : nan
75,126,345,459,824 : nan
75,276,486,510,530 : nan
75,580,667,713,926 : nan
76,345,348,644,953 : nan
77,153,169,781,936 : nan
77,328,345,863,947 : nan
79,102,414,889,950 : nan
81,214,547,569,939 : nan
81,355,585,921,965 : nan
82,291,526,560,908 : nan
82,363,632,684,937 : nan
84,438,671,730,866 : nan
85,331,615,692,862 : nan
85,651,718,848,934 : nan
87,122,132,456,964 : nan
87,293,387,516,906 : nan
88,178,294,608,637 : nan
89,113,385,524,937 : nan
89,553,580,606,723 : nan
89,583,650,726,764 : nan
90,286,844,856,977 : nan
91,458,706,899,909 : nan
91,526,569,689,870 : nan
93,96,363,490,499 : nan
93,141,162,364,446 : nan
93,215,566,639,641 : nan
93,295,572,683,765 : nan
93,384,530,542,613 : nan
94,398,401,540,564 : nan
96,374,521,562,641 : nan
97,168,188,233,435 : nan
97,371,423,517,891 : nan
98,299,457,594,759 : nan
98,370,631,885,899 : nan
100,126,309,608,810 : nan
100,257,365,421,660 : nan
100,527,687,762,769 : nan
103,399,639,725,815 : nan
103,536,682,729,937 : nan
104,273,433,830,869 : nan
105,117,505,863,871 : nan
106,153,393,753,872 : nan
106,380,547,719,951 : nan
107,174,438,739,803 : nan
107,284,452,478,503 : nan
109,341,367,721,968 : nan
110,170,250,350,791 : nan
110,340,541,601,659 : nan
110,358,423,737,999 : nan
111,125,373,901,946 : nan
111,188,252,296,908 : nan
111,427,637,714,792 : nan
112,183,296,711,832 : nan
112,186,399,761,812 : nan
112,456,559,757,890 : nan
112,460,548,622,706 : nan
113,157,431,558,572 : nan
113,172,407,579,835 : nan
113,293,371,584,605 : nan
113,356,628,728,890 : nan
113,447,634,742,850 : nan
114,243,907,930,998 : nan
115,161,364,639,714 : nan
115,172,263,313,689 : nan
115,596,691,880,924 : nan
116,143,707,720,819 : nan
117,179,444,699,919 : nan
117,359,719,817,878 : nan
118,213,515,755,825 : nan
119,172,470,676,972 : nan
120,162,174,359,424 : nan
120,168,198,519,863 : nan
120,248,454,667,830 : nan
120,660,847,978,992 : nan
121,212,223,749,946 : nan
121,248,485,755,764 : nan
121,364,510,667,694 : nan
123,148,611,730,921 : nan
124,163,230,266,890 : nan
124,183,347,402,945 : nan
124,321,493,621,942 : nan
124,807,851,893,949 : nan
126,184,302,502,954 : nan
127,308,549,728,760 : nan
128,336,397,487,662 : nan
129,248,330,604,805 : nan
129,456,539,740,930 : nan
130,283,380,541,647 : nan
130,426,434,639,905 : nan
131,235,747,790,948 : nan
131,475,598,761,932 : nan
131,513,657,776,852 : nan
134,167,210,540,780 : nan
134,259,270,307,341 : nan
134,349,402,758,858 : nan
135,520,579,728,858 : nan
136,139,527,689,997 : nan
137,283,392,407,612 : nan
137,349,466,681,697 : nan
138,482,491,747,810 : nan
139,273,330,516,861 : nan
140,179,318,503,941 : nan
140,306,518,801,911 : nan
140,527,881,931,980 : nan
143,210,334,664,698 : nan
143,255,432,547,809 : nan
143,524,583,611,921 : nan
143,638,642,807,874 : nan
145,217,499,586,878 : nan
145,524,729,792,868 : nan
145,574,671,679,999 : nan
146,214,343,491,938 : nan
146,423,664,720,982 : nan
147,238,412,441,456 : nan
147,259,375,502,560 : nan
151,183,436,709,976 : nan
151,185,320,358,684 : nan
151,388,416,769,987 : nan
151,501,586,652,876 : nan
152,268,374,757,970 : nan
152,322,436,497,667 : nan
154,254,707,753,901 : nan
155,169,689,784,938 : nan
155,219,492,933,984 : nan
155,220,376,779,843 : nan
155,433,451,838,943 : nan
157,478,500,666,790 : nan
158,177,267,713,958 : nan
158,269,280,411,788 : nan
159,599,749,781,969 : nan
161,209,266,523,795 : nan
161,415,884,936,982 : nan
163,215,232,353,461 : nan
163,233,466,498,557 : nan
163,235,501,522,728 : nan
163,309,337,502,885 : nan
163,367,448,902,920 : nan
164,326,524,741,839 : nan
166,273,563,911,960 : nan
166,375,490,671,956 : nan
166,504,854,951,986 : nan
167,207,554,630,974 : nan
168,348,440,711,964 : nan
171,375,609,861,938 : nan
172,212,472,569,804 : nan
173,447,730,787,925 : nan
174,487,802,873,885 : nan
175,304,449,612,833 : nan
176,386,829,935,955 : nan
176,419,574,806,923 : nan
177,414,692,769,878 : nan
178,235,722,763,940 : nan
178,242,280,471,619 : nan
178,357,388,664,923 : nan
179,297,811,852,985 : nan
179,399,641,884,954 : nan
181,218,841,886,956 : nan
183,226,386,601,800 : nan
186,215,438,559,963 : nan
186,316,815,827,866 : nan
186,525,680,936,951 : nan
187,244,344,661,973 : nan
187,359,445,797,907 : nan
188,212,238,731,801 : nan
188,224,432,501,683 : nan
188,523,557,628,857 : nan
190,475,673,863,961 : nan
192,218,492,578,683 : nan
192,648,673,915,924 : nan
193,298,581,586,691 : nan
194,291,581,648,785 : nan
195,237,445,811,861 : nan
196,282,526,698,859 : nan
196,390,519,742,845 : nan
196,484,505,611,681 : nan
197,520,906,956,969 : nan
198,217,316,557,801 : nan
199,391,525,758,804 : nan
199,403,423,523,651 : nan
200,408,475,870,958 : nan
201,223,583,866,914 : nan
201,366,611,677,774 : nan
204,221,299,367,400 : nan
204,372,717,816,957 : nan
207,414,461,766,817 : nan
208,314,434,448,642 : nan
209,224,282,634,749 : nan
209,234,668,770,864 : nan
210,525,584,625,833 : nan
214,217,562,614,892 : nan
214,341,411,564,738 : nan
215,439,564,634,790 : nan
216,302,715,762,961 : nan
217,493,803,862,979 : nan
218,266,380,661,710 : nan
220,330,470,742,921 : nan
221,259,809,891,975 : nan
221,334,379,435,442 : nan
221,376,531,775,860 : nan
222,484,682,756,973 : nan
223,336,573,657,972 : nan
223,353,608,858,972 : nan
225,430,698,702,803 : nan
225,581,767,904,917 : nan
226,283,452,739,807 : nan
226,293,319,627,839 : nan
227,248,415,520,866 : nan
227,736,737,961,962 : nan
228,415,696,723,843 : nan
229,502,506,628,760 : nan
233,250,602,692,745 : nan
233,452,566,637,730 : nan
234,512,725,747,775 : nan
235,405,679,920,998 : nan
236,247,395,497,569 : nan
237,268,537,681,820 : nan
239,308,413,592,825 : nan
239,372,570,803,921 : nan
239,397,460,773,923 : nan
241,318,542,598,905 : nan
241,630,695,742,947 : nan
243,269,464,507,859 : nan
243,384,527,644,955 : nan
247,277,409,540,837 : nan
247,300,559,617,837 : nan
247,351,690,792,819 : nan
249,613,691,718,921 : nan
250,367,741,775,954 : nan
251,581,617,729,738 : nan
253,587,783,945,959 : nan
254,278,502,688,776 : nan
254,369,705,717,735 : nan
255,296,598,632,894 : nan
255,517,722,945,986 : nan
256,258,300,856,909 : nan
257,351,416,711,746 : nan
258,334,452,526,808 : nan
260,325,695,739,994 : nan
261,342,425,554,812 : nan
263,485,498,977,991 : nan
265,308,719,845,893 : nan
265,522,618,689,805 : nan
267,417,778,800,995 : nan
268,307,462,583,857 : nan
268,388,665,713,797 : nan
269,301,322,445,759 : nan
270,315,699,744,967 : nan
271,405,590,800,957 : nan
275,344,593,649,996 : nan
275,471,549,722,916 : nan
275,505,565,780,996 : nan
277,561,637,720,932 : nan
278,364,718,907,996 : nan
279,308,336,365,647 : nan
279,381,463,558,959 : nan
280,285,294,881,970 : nan
282,387,461,713,833 : nan
285,405,486,651,671 : nan
287,326,466,534,608 : nan
289,541,768,856,927 : nan
290,445,686,849,931 : nan
294,411,783,808,847 : nan
295,324,447,515,712 : nan
295,421,588,751,929 : nan
300,534,732,959,991 : nan
301,302,639,813,999 : nan
301,370,443,635,733 : nan
306,497,523,554,760 : nan
307,520,770,922,933 : nan
314,341,402,530,889 : nan
315,422,463,600,880 : nan
320,345,800,819,889 : nan
321,354,432,749,865 : nan
326,341,553,829,945 : nan
330,581,742,765,869 : nan
330,630,649,867,905 : nan
331,396,431,715,933 : nan
332,355,559,811,817 : nan
332,473,539,556,655 : nan
335,533,869,900,951 : nan
340,444,508,667,703 : nan
342,642,738,754,794 : nan
343,448,629,770,924 : nan
344,363,465,607,992 : nan
344,577,886,942,955 : nan
346,534,662,974,991 : nan
348,391,560,756,785 : nan
348,640,740,895,948 : nan
350,367,536,628,669 : nan
353,463,540,682,962 : nan
355,403,732,942,995 : nan
355,438,571,800,948 : nan
355,462,555,570,748 : nan
361,484,521,631,936 : nan
366,567,615,701,992 : nan
374,382,734,796,842 : nan
375,607,631,906,922 : nan
376,397,728,756,950 : nan
377,645,743,917,950 : nan
380,628,807,811,850 : nan
381,418,617,623,640 : nan
385,411,527,648,756 : nan
386,615,742,775,871 : nan
387,419,619,807,846 : nan
387,508,546,657,864 : nan
393,482,555,773,897 : nan
397,402,527,780,987 : nan
399,587,850,925,987 : nan
400,517,555,565,768 : nan
401,577,673,759,775 : nan
403,563,890,924,948 : nan
406,627,748,802,903 : nan
410,721,807,833,909 : nan
412,590,701,988,998 : nan
413,507,801,893,949 : nan
417,432,579,969,978 : nan
421,523,741,795,846 : nan
439,465,831,898,925 : nan
448,519,727,840,879 : nan
457,552,660,720,811 : nan
461,544,651,719,769 : nan
462,604,627,771,989 : nan
467,488,585,666,706 : nan
477,492,567,601,676 : nan
487,498,557,723,794 : nan
487,541,759,858,952 : nan
490,514,617,800,870 : nan
497,607,740,760,964 : nan
498,629,639,663,781 : nan
499,505,652,871,919 : nan
502,782,838,900,947 : nan
508,550,695,776,786 : nan
515,519,557,707,850 : nan
522,577,646,895,947 : nan
523,603,725,751,889 : nan
526,553,557,685,915 : nan
526,769,857,986,992 : nan
558,590,652,747,905 : nan
582,604,722,734,829 : nan
591,603,718,855,878 : nan
599,612,621,741,914 : nan
613,644,726,786,981 : nan
626,627,635,794,951 : nan
628,646,690,782,990 : nan
641,664,784,785,908 : nan
682,727,743,826,993 : nan
716,837,928,941,973 : nan
0,33,306,386,400,598 : nan
0,78,87,637,692,799 : nan
0,112,142,288,551,895 : nan
0,114,580,656,732,983 : nan
0,207,374,379,406,732 : nan
1,265,303,342,559,796 : nan
2,7,16,50,185,485 : nan
2,58,102,469,494,640 : nan
2,78,401,733,811,991 : nan
2,85,415,623,632,957 : nan
2,494,611,731,836,886 : nan
3,5,178,345,839,900 : nan
3,171,236,254,282,470 : nan
3,263,702,849,922,940 : nan
5,175,226,508,873,879 : nan
5,200,566,615,699,928 : nan
5,499,605,618,659,831 : nan
6,132,546,603,668,741 : nan
6,139,281,607,901,953 : nan
7,91,397,451,510,908 : nan
7,229,321,583,697,848 : nan
7,551,731,748,895,914 : nan
8,118,197,545,847,871 : nan
8,281,314,381,481,800 : nan
8,329,421,457,580,706 : nan
9,113,293,454,857,944 : nan
9,187,581,595,600,791 : nan
10,47,117,289,571,761 : nan
10,89,177,187,474,503 : nan
10,300,483,501,697,902 : nan
11,62,96,289,801,911 : nan
11,124,472,603,703,708 : nan
11,438,671,755,793,864 : nan
12,23,226,410,498,956 : nan
12,170,303,335,666,741 : nan
12,197,200,223,727,780 : nan
12,264,273,688,698,759 : nan
13,140,272,343,433,562 : nan
13,240,443,493,600,851 : nan
14,225,292,345,688,954 : nan
15,91,423,659,711,766 : nan
15,253,254,421,919,981 : nan
15,347,745,780,894,965 : nan
16,26,80,155,649,828 : nan
16,77,450,883,921,996 : nan
16,366,374,573,857,897 : nan
17,93,126,200,865,922 : nan
17,133,236,791,797,915 : nan
17,240,378,424,661,728 : nan
18,47,87,128,292,737 : nan
19,43,55,359,598,977 : nan
20,73,626,629,684,932 : nan
20,81,122,449,543,896 : nan
20,182,501,590,769,991 : nan
20,200,328,399,756,906 : nan
21,55,243,492,602,678 : nan
21,104,165,273,680,768 : nan
21,341,370,581,592,904 : nan
21,392,587,739,849,859 : nan
22,137,517,575,760,977 : nan
22,227,300,800,839,842 : nan
22,233,484,814,830,834 : nan
22,307,340,348,374,918 : nan
23,32,84,125,174,526 : nan
23,124,241,463,767,939 : nan
23,211,518,598,806,935 : nan
25,256,369,474,741,966 : nan
26,157,323,401,540,589 : nan
26,809,860,909,971,996 : nan
28,64,289,400,705,936 : nan
28,248,255,346,869,949 : nan
29,40,440,630,685,838 : nan
29,53,95,361,694,983 : nan
29,60,119,199,369,680 : nan
30,213,409,411,845,986 : nan
30,468,487,532,927,956 : nan
31,51,476,848,872,976 : nan
31,76,213,601,745,787 : nan
31,425,539,638,722,741 : nan
33,351,663,859,890,929 : nan
34,132,431,577,586,641 : nan
34,361,409,862,966,976 : nan
35,174,370,422,641,673 : nan
36,66,191,348,450,691 : nan
36,105,269,274,605,697 : nan
36,407,660,739,767,816 : nan
37,192,245,261,679,758 : nan
38,61,83,407,487,699 : nan
38,140,273,341,910,960 : nan
39,56,279,586,607,854 : nan
39,124,245,677,764,766 : nan
39,131,533,621,961,978 : nan
39,156,189,364,479,861 : nan
39,197,283,351,614,772 : nan
39,207,220,233,675,966 : nan
39,221,274,860,913,996 : nan
39,382,503,532,660,850 : nan
40,48,520,562,666,795 : nan
40,154,197,354,833,940 : nan
40,256,320,569,667,902 : nan
40,275,310,381,443,874 : nan
41,48,83,175,566,988 : nan
41,131,173,270,624,994 : nan
41,186,298,683,722,869 : nan
41,366,400,574,764,771 : nan
42,340,734,785,948,996 : nan
43,96,520,547,574,677 : nan
44,60,162,704,951,970 : nan
44,68,87,188,308,708 : nan
44,96,107,204,463,532 : nan
44,198,294,603,976,982 : nan
45,246,455,502,706,760 : nan
46,211,272,351,516,905 : nan
47,84,255,271,454,854 : nan
47,155,389,413,673,864 : nan
48,142,475,514,623,684 : nan
48,338,565,637,731,885 : nan
49,197,270,336,699,956 : nan
50,188,287,381,664,772 : nan
51,160,453,517,665,813 : nan
52,138,149,371,430,825 : nan
52,161,279,508,811,842 : nan
53,96,139,269,273,901 : nan
54,88,306,314,658,703 : nan
54,107,157,239,602,686 : nan
54,111,215,260,486,576 : nan
54,146,624,800,841,995 : nan
55,197,334,476,625,702 : nan
56,161,299,486,822,980 : nan
57,123,403,437,824,868 : nan
58,135,265,423,430,729 : nan
58,248,325,435,461,732 : nan
59,560,646,746,899,948 : nan
60,76,524,715,738,965 : nan
60,177,706,829,966,986 : nan
61,109,374,734,738,742 : nan
62,131,388,530,861,872 : nan
62,210,366,424,596,634 : nan
62,259,270,580,761,991 : nan
62,464,791,910,921,955 : nan
63,221,416,485,769,964 : nan
63,266,304,647,860,955 : nan
64,67,121,287,506,559 : nan
64,119,328,801,892,927 : nan
64,130,314,393,409,847 : nan
64,181,505,565,571,752 : nan
65,182,509,545,902,922 : nan
65,246,289,735,764,850 : nan
66,116,128,420,427,507 : nan
66,143,206,610,619,679 : nan
66,229,672,735,774,972 : nan
66,418,517,589,720,980 : nan
67,345,361,426,519,612 : nan
69,204,361,418,839,940 : nan
69,208,512,533,615,687 : nan
71,119,179,218,597,934 : nan
72,253,284,389,529,645 : nan
73,81,213,287,804,967 : nan
73,87,256,349,746,978 : nan
73,155,347,765,777,959 : nan
73,156,357,552,619,795 : nan
73,205,542,775,784,922 : nan
73,242,243,387,676,981 : nan
73,287,315,428,899,999 : nan
73,302,630,737,753,837 : nan
73,312,319,511,569,799 : nan
74,143,302,316,709,731 : nan
74,191,198,277,342,349 : nan
74,343,450,533,545,899 : nan
74,351,424,463,516,705 : nan
75,93,112,485,792,938 : nan
75,208,540,602,816,950 : nan
77,122,180,459,477,694 : nan
77,160,423,748,770,814 : nan
79,220,299,657,806,883 : nan
79,320,821,855,877,902 : nan
80,185,249,565,906,980 : nan
80,255,347,523,634,832 : nan
80,257,296,382,822,891 : nan
81,119,599,648,692,800 : nan
81,196,600,741,846,922 : nan
81,325,508,758,891,943 : nan
82,286,306,551,693,907 : nan
82,390,398,627,721,800 : nan
83,93,256,407,444,483 : nan
83,120,294,523,951,982 : nan
83,523,567,608,627,822 : nan
85,163,203,453,523,676 : nan
85,367,550,661,898,947 : nan
86,527,564,770,888,977 : nan
87,255,449,531,577,875 : nan
89,338,434,462,615,773 : nan
90,149,315,329,490,592 : nan
90,361,383,435,831,977 : nan
91,188,347,352,473,836 : nan
91,487,790,883,884,927 : nan
93,280,333,366,486,560 : nan
94,121,234,898,913,979 : nan
94,174,464,736,819,842 : nan
94,615,743,879,887,940 : nan
95,157,427,461,500,819 : nan
95,189,207,240,412,424 : nan
95,328,356,505,629,676 : nan
95,354,815,879,905,973 : nan
95,522,528,671,693,804 : nan
96,154,424,641,658,821 : nan
97,271,390,636,947,955 : nan
98,113,338,480,567,924 : nan
99,545,644,858,869,932 : nan
99,665,751,763,778,833 : nan
101,311,447,493,626,771 : nan
102,265,329,382,929,988 : nan
103,256,324,431,594,916 : nan
103,292,293,381,409,696 : nan
103,319,495,522,926,962 : nan
103,476,632,665,964,986 : nan
104,109,187,384,410,695 : nan
104,351,640,663,756,964 : nan
104,400,445,708,830,880 : nan
106,145,281,379,434,610 : nan
106,418,744,785,986,997 : nan
106,564,676,737,790,892 : nan
107,144,391,486,490,641 : nan
107,153,271,607,769,790 : nan
107,175,433,635,655,796 : nan
108,157,188,222,290,895 : nan
108,328,492,591,685,740 : nan
108,332,403,747,795,974 : nan
108,566,630,659,843,989 : nan
109,130,263,315,799,808 : nan
110,257,395,511,663,809 : nan
110,268,310,314,328,677 : nan
110,592,627,816,912,920 : nan
112,132,438,447,754,996 : nan
112,210,468,528,675,801 : nan
112,226,359,430,719,945 : nan
112,404,485,527,581,793 : nan
112,408,430,525,667,855 : nan
112,456,478,537,633,722 : nan
113,184,211,483,668,680 : nan
113,189,233,298,461,836 : nan
113,234,420,475,783,843 : nan
114,188,455,481,657,701 : nan
115,343,652,732,767,939 : nan
118,120,324,558,609,631 : nan
118,208,514,585,602,843 : nan
118,263,387,460,562,672 : nan
119,414,547,886,958,960 : nan
120,426,480,560,850,965 : nan
120,443,572,577,578,630 : nan
121,128,181,240,455,757 : nan
121,336,360,411,429,463 : nan
121,357,523,587,822,931 : nan
122,174,561,616,978,981 : nan
123,150,227,301,365,584 : nan
123,382,497,716,721,828 : nan
124,297,722,770,772,832 : nan
124,451,574,721,736,998 : nan
125,252,492,706,918,949 : nan
125,449,498,527,539,657 : nan
126,167,480,576,677,938 : nan
126,296,481,721,742,928 : nan
127,162,211,341,696,971 : nan
127,418,552,665,776,915 : nan
128,389,492,604,862,979 : nan
130,216,484,726,825,930 : nan
130,293,430,436,506,566 : nan
133,230,282,390,922,958 : nan
133,300,445,641,729,965 : nan
133,406,569,616,767,774 : nan
133,726,768,822,921,984 : nan
134,194,408,489,857,994 : nan
134,202,350,503,592,661 : nan
134,688,691,707,727,979 : nan
135,257,315,442,506,534 : nan
136,218,232,648,679,899 : nan
139,282,350,361,457,857 : nan
140,174,287,349,700,917 : nan
140,313,350,362,882,945 : nan
141,183,402,527,756,833 : nan
143,287,477,586,869,957 : nan
144,499,696,857,870,879 : nan
145,441,466,661,676,791 : nan
146,268,378,614,922,931 : nan
147,332,450,541,571,956 : nan
148,246,322,486,783,853 : nan
149,228,745,751,913,973 : nan
151,161,486,727,946,982 : nan
151,180,281,284,716,940 : nan
151,271,560,666,916,997 : nan
151,275,564,608,872,987 : nan
151,500,576,704,765,832 : nan
152,211,226,417,420,939 : nan
153,166,219,395,928,948 : nan
153,198,288,394,499,848 : nan
153,404,449,478,654,848 : nan
153,600,621,704,794,924 : nan
154,283,518,758,763,939 : nan
154,384,704,795,810,970 : nan
155,176,245,254,478,829 : nan
155,408,623,651,711,910 : nan
157,340,373,686,859,906 : nan
158,427,790,807,854,894 : nan
159,270,296,498,545,994 : nan
160,178,195,440,948,999 : nan
161,226,238,254,570,606 : nan
162,246,522,758,812,830 : nan
163,226,537,575,617,794 : nan
163,402,463,487,758,823 : nan
165,391,529,635,679,895 : nan
166,285,680,714,737,969 : nan
166,433,519,718,767,798 : nan
167,168,323,329,445,866 : nan
167,292,300,404,521,649 : nan
167,306,336,634,821,862 : nan
167,432,671,683,731,997 : nan
168,177,330,407,870,916 : nan
169,362,429,514,692,727 : nan
170,230,308,433,513,842 : nan
173,203,239,392,570,982 : nan
173,284,367,431,588,795 : nan
174,277,524,662,692,965 : nan
174,312,350,562,602,862 : nan
176,251,319,497,586,728 : nan
178,345,429,534,613,910 : nan
179,288,356,616,790,871 : nan
181,211,446,560,690,710 : nan
181,361,648,824,951,971 : nan
182,281,305,394,557,975 : nan
185,536,668,810,936,946 : nan
187,236,290,414,542,780 : nan
189,196,302,325,711,760 : nan
190,357,590,758,848,887 : nan
190,363,408,439,626,917 : nan
191,231,371,429,470,740 : nan
191,286,397,902,939,967 : nan
192,268,272,817,896,923 : nan
194,203,608,823,891,937 : nan
195,217,485,547,840,925 : nan
195,296,383,420,655,994 : nan
196,266,450,607,815,824 : nan
200,720,730,844,846,938 : nan
201,334,623,790,931,977 : nan
202,255,362,477,516,788 : nan
202,367,426,580,726,998 : nan
206,292,306,325,740,958 : nan
206,326,428,554,645,672 : nan
207,280,318,607,761,867 : nan
208,303,369,495,727,969 : nan
209,432,445,713,954,962 : nan
209,657,678,728,828,845 : nan
211,295,814,937,964,971 : nan
212,404,765,804,891,967 : nan
212,485,622,747,898,984 : nan
213,389,481,795,835,845 : nan
217,237,542,688,763,873 : nan
219,328,546,688,773,819 : nan
219,469,475,521,559,738 : nan
221,247,488,906,925,993 : nan
222,336,403,418,679,771 : nan
223,665,751,781,803,953 : nan
224,227,509,703,766,925 : nan
224,489,646,744,869,939 : nan
225,227,278,613,750,902 : nan
225,275,501,811,893,990 : nan
225,345,490,492,514,635 : nan
225,485,582,662,681,862 : nan
227,280,609,721,888,891 : nan
227,336,702,765,835,837 : nan
228,303,386,691,817,889 : nan
230,342,564,637,914,986 : nan
232,277,294,607,796,869 : nan
233,242,358,530,672,825 : nan
233,636,642,702,909,974 : nan
233,714,724,828,869,895 : nan
234,363,373,393,529,681 : nan
235,270,345,670,771,800 : nan
239,241,497,629,684,966 : nan
242,362,569,658,714,898 : nan
244,275,630,802,875,998 : nan
245,293,650,679,744,873 : nan
245,314,519,557,596,763 : nan
249,339,379,822,897,960 : nan
249,551,721,899,932,994 : nan
250,374,563,649,701,973 : nan
252,378,379,436,824,835 : nan
252,422,458,554,743,957 : nan
254,272,453,521,665,673 : nan
254,321,364,442,480,771 : nan
256,300,520,535,544,548 : nan
257,273,285,551,700,812 : nan
257,346,398,573,802,874 : nan
257,411,490,580,872,912 : nan
259,295,350,539,727,970 : nan
261,374,450,589,648,935 : nan
262,296,505,617,696,737 : nan
262,526,684,738,746,884 : nan
267,408,765,813,947,991 : nan
268,354,569,796,875,974 : nan
268,379,456,705,957,978 : nan
270,477,511,522,834,924 : nan
271,384,503,677,956,974 : nan
271,431,553,733,935,971 : nan
273,319,352,428,750,801 : nan
273,396,600,634,661,937 : nan
273,465,767,825,871,881 : nan
278,528,626,631,732,817 : nan
280,821,825,837,871,995 : nan
283,370,528,729,751,903 : nan
283,417,658,750,820,987 : nan
284,390,611,714,882,888 : nan
288,343,478,494,613,863 : nan
290,306,388,715,862,932 : nan
292,394,419,643,891,991 : nan
292,396,630,635,810,856 : nan
292,481,721,771,810,820 : nan
293,307,615,628,810,841 : nan
297,355,716,721,934,979 : nan
299,337,854,873,900,991 : nan
300,536,550,601,606,747 : nan
303,326,572,641,679,975 : nan
303,371,481,643,689,764 : nan
305,307,520,715,810,915 : nan
305,412,718,774,775,950 : nan
306,451,617,721,818,944 : nan
308,425,478,808,825,942 : nan
313,517,671,756,877,967 : nan
314,340,357,493,578,740 : nan
315,501,521,662,899,992 : nan
321,493,497,592,659,749 : nan
323,411,452,500,542,849 : nan
331,335,444,563,740,769 : nan
333,592,711,749,842,994 : nan
334,362,490,608,609,870 : nan
336,633,672,759,908,922 : nan
339,551,662,743,744,915 : nan
343,353,765,802,830,978 : nan
344,460,532,647,670,747 : nan
346,445,585,600,782,978 : nan
349,394,418,510,614,918 : nan
349,509,649,709,723,735 : nan
351,658,728,885,944,951 : nan
352,432,486,587,785,956 : nan
355,380,487,488,541,960 : nan
358,413,415,549,601,894 : nan
363,545,717,723,741,796 : nan
372,538,553,838,939,941 : nan
374,518,534,693,725,999 : nan
378,439,447,473,803,808 : nan
385,475,555,641,717,888 : nan
388,391,648,714,941,965 : nan
389,436,447,598,674,681 : nan
391,413,462,705,765,854 : nan
408,428,629,686,802,950 : nan
412,591,627,654,796,958 : nan
414,561,731,744,769,945 : nan
419,473,520,784,790,834 : nan
423,530,607,651,722,826 : nan
424,634,710,807,873,926 : nan
435,478,535,594,613,775 : nan
446,466,530,535,664,780 : nan
447,639,743,772,857,959 : nan
448,507,569,655,822,951 : nan
461,463,520,750,830,875 : nan
484,538,742,806,883,964 : nan
486,523,657,715,901,929 : nan
491,628,660,835,903,908 : nan
506,673,731,916,946,999 : nan
551,558,641,763,928,947 : nan
562,714,742,780,869,904 : nan
616,731,926,942,963,996 : nan
621,645,729,766,979,985 : nan
625,714,725,840,881,917 : nan
641,691,702,776,827,850 : nan
642,687,703,772,787,976 : nan
