0,669 : -0.519661
0,720 : -0.386273
2,659 : -0.358785
2,712 : -0.430804
3,880 : -0.360688
4,744 : -0.404579
4,933 : -0.570032
5,832 : -0.248672
6,437 : -0.453226
10,62 : -0.297728
10,345 : -0.244107
10,964 : -0.243459
12,97 : -0.414074
12,335 : -0.1999
13,541 : -0.420844
14,346 : -0.402482
16,386 : -0.206503
17,312 : -0.286853
18,921 : -0.323745
20,299 : -0.408466
20,586 : -0.186998
21,878 : -0.346495
22,624 : -0.326678
22,644 : -0.322498
22,684 : -0.307814
23,30 : -0.312128
23,643 : -0.286998
24,951 : -0.206518
26,830 : -0.22096
26,861 : -0.18608
27,550 : -0.388413
29,762 : -0.311905
30,265 : -0.32774
30,518 : -0.251653
31,39 : -0.267815
31,126 : -0.479234
34,453 : -0.165262
35,126 : -0.437095
35,903 : -0.277609
38,788 : -0.353311
39,272 : -0.37569
39,432 : -0.225306
39,954 : -0.288981
41,382 : -0.184935
41,557 : -0.241883
42,274 : -0.572727
42,945 : -0.393077
43,273 : -0.397941
45,273 : -0.325893
45,472 : -0.331352
45,853 : -0.411681
46,140 : -0.238182
47,838 : -0.303515
48,107 : -0.349514
49,809 : -0.42824
52,468 : -0.397401
52,625 : -0.392482
52,775 : -0.386505
52,907 : -0.203243
53,711 : -0.411472
55,115 : -0.284894
60,352 : -0.287582
60,789 : -0.503902
61,180 : -0.299818
61,360 : -0.236392
62,688 : -0.191894
64,351 : -0.248991
64,798 : -0.342927
65,81 : -0.30115
65,118 : -0.397302
67,144 : -0.230958
67,873 : -0.234288
67,985 : -0.42202
68,914 : -0.110943
69,512 : -0.306906
73,506 : -0.262764
73,901 : -0.182328
73,986 : -0.119119
74,251 : -0.348063
74,373 : -0.411418
74,788 : -0.381446
76,344 : -0.380177
76,607 : -0.292479
78,315 : -0.252679
78,500 : -0.475189
81,508 : -0.204022
81,700 : -0.248196
83,670 : -0.387369
84,734 : -0.344348
85,968 : -0.223561
86,424 : -0.362143
88,322 : -0.44296
89,337 : -0.409353
94,940 : -0.209211
96,469 : -0.38785
97,431 : -0.242409
99,872 : -0.30244
100,430 : -0.285823
101,498 : -0.335754
101,819 : -0.434413
102,347 : -0.343474
103,291 : -0.391267
103,434 : -0.278977
103,892 : -0.396046
104,208 : -0.198027
105,386 : -0.219963
105,995 : -0.19369
107,836 : -0.387142
107,840 : -0.47965
109,471 : -0.174081
110,940 : -0.330292
113,890 : -0.174442
115,475 : -0.300847
115,745 : -0.386969
116,222 : -0.341842
118,507 : -0.399232
119,604 : -0.347296
120,590 : -0.222715
120,998 : -0.208765
121,905 : -0.269242
122,561 : -0.285827
122,736 : -0.408348
123,180 : -0.390563
124,312 : -0.373335
125,239 : -0.267997
126,365 : -0.336831
128,829 : -0.233765
130,681 : -0.179528
132,204 : -0.341137
133,495 : -0.369402
134,790 : -0.239569
135,476 : -0.268961
135,505 : -0.394924
135,760 : -0.27558
135,994 : -0.395312
136,406 : -0.39983
136,922 : -0.471926
137,146 : -0.432277
137,518 : -0.358155
138,349 : -0.370071
141,332 : -0.346139
142,191 : -0.210826
143,880 : -0.366728
146,335 : -0.34983
147,164 : -0.540359
147,406 : -0.35007
148,774 : -0.259073
149,187 : -0.411632
149,830 : -0.330093
152,187 : -0.356727
152,223 : -0.251148
153,288 : -0.150621
154,662 : -0.172026
154,828 : -0.310223
157,380 : -0.295852
157,690 : -0.289874
159,679 : -0.471613
160,774 : -0.403674
162,559 : -0.277541
162,732 : -0.326694
163,837 : -0.131525
163,863 : -0.246455
164,497 : -0.471726
164,863 : -0.442224
165,680 : -0.198099
167,188 : -0.103881
168,284 : -0.441585
168,345 : -0.26455
170,288 : -0.314014
170,300 : -0.322297
170,577 : -0.355531
171,770 : -0.244106
172,387 : -0.331055
173,525 : -0.427545
174,663 : -0.273283
175,524 : -0.316233
180,504 : -0.465376
181,392 : -0.435715
181,421 : -0.212076
182,856 : -0.311631
183,330 : -0.146893
184,329 : -0.214988
186,264 : -0.340814
186,364 : -0.250206
191,393 : -0.35167
192,777 : -0.352784
192,778 : -0.413567
194,504 : -0.421466
194,668 : -0.408281
195,365 : -0.368039
195,581 : -0.28209
196,239 : -0.204755
197,450 : -0.168508
197,723 : -0.330002
202,354 : -0.266299
203,363 : -0.299552
204,556 : -0.371357
205,501 : -0.376484
207,972 : -0.105953
209,892 : -0.517471
210,679 : -0.298064
211,837 : -0.269343
212,284 : -0.4114
212,786 : -0.382994
212,936 : -0.362833
213,462 : -0.392021
213,970 : -0.395888
215,646 : -0.41258
215,891 : -0.15153
217,706 : -0.386842
220,950 : -0.328517
220,988 : -0.319244
221,826 : -0.375701
222,305 : -0.432535
222,941 : -0.385091
223,656 : -0.33885
227,942 : -0.312352
230,308 : -0.140123
230,701 : -0.289602
231,494 : -0.220119
233,800 : -0.202563
233,850 : -0.241604
236,424 : -0.320628
237,334 : -0.226315
239,749 : -0.354802
240,322 : -0.380259
241,849 : -0.198059
244,587 : -0.290356
248,652 : -0.416624
250,895 : -0.18161
253,303 : -0.399706
253,924 : -0.394369
254,975 : -0.33283
255,275 : -0.230875
255,322 : -0.31798
255,550 : -0.341222
255,948 : -0.29151
256,374 : -0.186105
256,438 : -0.211032
261,522 : -0.356579
264,447 : -0.256762
265,733 : -0.403868
268,903 : -0.340338
269,684 : -0.244056
271,571 : -0.240411
273,447 : -0.316162
274,964 : -0.376061
278,397 : -0.27658
278,697 : -0.298684
279,407 : -0.26908
279,907 : -0.226777
284,697 : -0.33629
285,827 : -0.361689
286,492 : -0.238697
288,922 : -0.262001
290,455 : -0.295253
295,840 : -0.348578
299,534 : -0.411852
301,666 : -0.472077
302,848 : -0.221327
303,921 : -0.244948
304,349 : -0.408985
305,804 : -0.464585
311,497 : -0.575027
311,688 : -0.306141
315,725 : -0.28632
319,371 : -0.157829
319,409 : -0.261395
319,692 : -0.265785
321,419 : -0.276517
324,412 : -0.402278
325,687 : -0.314522
327,422 : -0.489963
327,556 : -0.536364
328,755 : -0.245964
332,578 : -0.404605
332,654 : -0.376971
333,462 : -0.428817
336,615 : -0.147604
339,808 : -0.293136
340,912 : -0.173492
344,668 : -0.326214
345,473 : -0.27985
345,957 : -0.264553
351,489 : -0.30188
351,703 : -0.266876
351,943 : -0.336501
352,385 : -0.420876
352,785 : -0.113872
353,506 : -0.287189
356,381 : -0.364799
361,910 : -0.257396
366,456 : -0.226546
366,493 : -0.243652
366,930 : -0.317699
366,985 : -0.346788
368,773 : -0.36118
369,424 : -0.433096
373,638 : -0.506682
376,558 : -0.308279
378,597 : -0.248063
379,574 : -0.256297
380,539 : -0.257225
381,616 : -0.322019
382,855 : -0.237249
383,791 : -0.356293
383,825 : -0.388139
384,990 : -0.388427
385,554 : -0.344067
389,989 : -0.300946
391,724 : -0.293704
392,696 : -0.339269
393,567 : -0.29735
395,743 : -0.381843
397,455 : -0.28579
397,510 : -0.201506
397,942 : -0.273802
398,877 : -0.327597
403,612 : -0.239188
408,596 : -0.321157
410,969 : -0.285358
414,602 : -0.278391
414,619 : -0.320531
424,713 : -0.22684
426,571 : -0.245624
431,557 : -0.283928
432,436 : -0.275533
437,679 : -0.540668
442,563 : -0.373695
446,868 : -0.242994
449,516 : -0.145837
450,518 : -0.201431
450,735 : -0.359627
452,958 : -0.239958
455,583 : -0.334087
455,776 : -0.34752
456,526 : -0.236334
459,965 : -0.214603
460,641 : -0.199947
460,826 : -0.460291
463,940 : -0.176568
464,872 : -0.281634
467,897 : -0.479115
470,718 : -0.382864
471,895 : -0.285799
473,491 : -0.363723
474,701 : -0.431849
475,791 : -0.178727
478,769 : -0.0902712
479,499 : -0.325035
481,741 : -0.174218
481,833 : -0.278047
482,979 : -0.421068
485,624 : -0.27057
488,832 : -0.34605
490,536 : -0.296201
492,497 : -0.268462
492,970 : -0.28513
494,655 : -0.305837
500,939 : -0.393654
501,624 : -0.296566
507,616 : -0.45735
507,805 : -0.376815
508,522 : -0.156698
508,601 : -0.217307
509,520 : -0.217946
512,882 : -0.387904
514,727 : -0.230163
516,582 : -0.274505
517,558 : -0.29081
519,561 : -0.411005
519,953 : -0.351562
523,631 : -0.233353
525,721 : -0.319396
526,858 : -0.269402
528,764 : -0.314996
532,987 : -0.230234
533,556 : -0.352886
533,925 : -0.297429
534,643 : -0.369749
536,744 : -0.304299
536,801 : -0.321291
537,547 : -0.356517
537,568 : -0.312588
540,809 : -0.257935
542,633 : -0.244201
544,673 : -0.211116
545,707 : -0.238452
548,735 : -0.329155
553,790 : -0.234597
555,641 : -0.24385
556,645 : -0.546561
558,718 : -0.450769
558,731 : -0.271947
560,753 : -0.284919
563,645 : -0.320451
563,851 : -0.362071
565,743 : -0.347631
568,743 : -0.375695
571,705 : -0.21729
571,760 : -0.339676
571,799 : -0.460247
572,808 : -0.302264
575,809 : -0.422088
576,727 : -0.291841
579,991 : -0.308493
582,869 : -0.275563
584,651 : -0.347988
586,737 : -0.237461
588,960 : -0.405977
588,987 : -0.418281
593,716 : -0.379906
594,799 : -0.48455
602,847 : -0.364819
608,872 : -0.1694
612,877 : -0.320512
612,886 : -0.273616
613,820 : -0.266597
613,962 : -0.423297
621,912 : -0.34841
622,918 : -0.311015
624,987 : -0.293908
627,743 : -0.448435
628,717 : -0.265697
631,785 : -0.25777
633,718 : -0.329481
636,969 : -0.406843
639,823 : -0.427362
641,734 : -0.263948
646,803 : -0.317344
650,686 : -0.382693
652,857 : -0.174474
654,915 : -0.442585
655,794 : -0.31203
656,893 : -0.454636
658,785 : -0.165863
658,925 : -0.20797
663,856 : -0.387713
670,792 : -0.376149
673,742 : -0.210076
679,791 : -0.258838
681,741 : -0.282655
682,979 : -0.301251
689,813 : -0.317331
690,838 : -0.263654
692,809 : -0.418754
695,753 : -0.372497
695,839 : -0.448676
695,995 : -0.332572
700,998 : -0.300243
707,723 : -0.178462
707,812 : -0.37334
713,929 : -0.278603
714,922 : -0.185858
718,954 : -0.310127
722,857 : -0.212544
724,897 : -0.379769
724,974 : -0.288684
748,852 : -0.194127
755,939 : -0.276869
757,782 : -0.460921
760,991 : -0.108507
766,822 : -0.243846
766,860 : -0.21852
772,813 : -0.158932
773,924 : -0.312991
773,961 : -0.451121
775,783 : -0.361478
776,903 : -0.356443
778,784 : -0.36117
779,781 : -0.326853
784,999 : -0.257777
787,827 : -0.419175
788,836 : -0.427959
788,955 : -0.363047
789,844 : -0.473994
789,945 : -0.414758
801,827 : -0.471347
806,828 : -0.0339117
810,850 : -0.135887
810,965 : -0.233807
815,903 : -0.325717
822,970 : -0.276864
846,936 : -0.355042
854,989 : -0.308779
856,950 : -0.308783
887,911 : -0.472867
904,960 : -0.395002
917,983 : -0.318116
925,994 : -0.301431
941,958 : -0.376631
943,970 : -0.478664
0,216,376 : -0.353233
0,331,505 : -0.445791
0,368,750 : -0.547806
0,444,675 : -0.311285
2,15,779 : -0.359321
2,98,176 : -0.428976
2,256,830 : -0.30789
3,15,337 : -0.421871
5,286,977 : -0.192978
6,445,653 : -0.410448
6,659,948 : -0.31211
8,341,541 : -0.127433
9,199,828 : -0.323359
10,157,578 : -0.313616
10,282,542 : -0.296681
11,100,327 : -0.327185
12,599,675 : -0.314751
13,312,938 : -0.362359
14,164,526 : -0.349025
14,309,587 : -0.428823
15,170,998 : -0.368119
15,333,817 : -0.35477
15,820,949 : -0.308452
16,41,344 : -0.257553
16,155,748 : -0.188064
16,658,972 : -0.282593
17,226,250 : -0.240443
17,685,954 : -0.303879
17,915,931 : -0.241871
19,217,516 : -0.339044
19,795,821 : -0.268771
20,235,776 : -0.277417
20,820,946 : -0.347457
21,195,927 : -0.361628
21,571,625 : -0.433047
22,257,708 : -0.307083
22,451,531 : -0.42131
23,282,668 : -0.352735
23,572,897 : -0.360545
24,39,687 : -0.303409
25,281,304 : -0.356997
26,152,343 : -0.296371
26,174,867 : -0.325948
26,188,911 : -0.212989
26,192,217 : -0.316341
28,336,999 : -0.199106
28,440,832 : -0.297537
28,482,495 : -0.435354
28,553,642 : -0.353962
29,42,405 : -0.485856
29,189,921 : -0.293698
29,338,761 : -0.411939
29,737,797 : -0.348105
30,78,274 : -0.53281
30,374,690 : -0.264631
31,418,498 : -0.300129
33,202,616 : -0.426656
33,243,781 : -0.33313
33,379,733 : -0.39159
34,593,945 : -0.332417
34,813,893 : -0.359233
35,595,665 : -0.317222
36,111,465 : -0.284156
36,679,777 : -0.338107
37,947,954 : -0.219197
39,168,987 : -0.301008
41,123,888 : -0.338943
43,67,878 : -0.347638
44,946,984 : -0.224602
46,532,750 : -0.329867
46,687,770 : -0.423646
47,247,680 : -0.330135
48,674,903 : -0.391958
49,238,803 : -0.4233
49,584,693 : -0.416
50,220,622 : -0.36986
51,324,452 : -0.296876
52,106,422 : -0.474949
52,159,479 : -0.338256
52,736,862 : -0.377987
53,286,970 : -0.360652
53,321,677 : -0.308791
54,380,805 : -0.357432
54,587,841 : -0.287293
55,239,773 : -0.376058
55,352,782 : -0.413627
56,207,715 : -0.204675
56,530,556 : -0.300768
57,334,346 : -0.321003
57,410,488 : -0.394827
57,462,826 : -0.370588
58,68,146 : -0.340805
58,74,950 : -0.349208
58,194,865 : -0.434128
58,275,735 : -0.326668
58,328,765 : -0.290047
59,316,351 : -0.403261
59,322,732 : -0.41679
60,154,681 : -0.271499
60,500,556 : -0.498603
62,68,539 : -0.360487
62,141,631 : -0.374394
62,885,990 : -0.318269
63,199,202 : -0.272562
64,290,632 : -0.260217
65,175,611 : -0.278991
65,791,933 : -0.418721
67,92,639 : -0.435749
69,429,549 : -0.417039
69,610,621 : -0.323631
69,656,731 : -0.407373
71,76,286 : -0.401445
72,289,844 : -0.437431
73,188,503 : -0.190575
75,157,421 : -0.262286
75,349,586 : -0.270962
76,218,475 : -0.358309
76,522,637 : -0.337625
76,596,976 : -0.36926
76,748,862 : -0.348402
76,905,964 : -0.315632
77,97,679 : -0.347987
77,319,640 : -0.314794
77,930,957 : -0.22726
80,398,860 : -0.284398
82,272,783 : -0.389717
82,685,847 : -0.313968
83,86,634 : -0.28432
83,473,831 : -0.312576
88,149,185 : -0.441216
89,278,356 : -0.303755
89,418,504 : -0.418564
91,126,509 : -0.272173
92,283,555 : -0.375179
93,292,734 : -0.271463
93,586,903 : -0.354965
93,772,845 : -0.261868
95,177,279 : -0.300635
95,419,818 : -0.321843
96,145,915 : -0.258938
96,563,700 : -0.337305
97,198,710 : -0.363256
97,289,350 : -0.318485
98,450,643 : -0.420973
99,195,673 : -0.378794
101,154,263 : -0.315106
101,478,805 : -0.384405
101,659,890 : -0.308212
101,661,693 : -0.367486
102,348,377 : -0.363861
103,352,728 : -0.300941
103,763,793 : -0.417198
104,554,642 : -0.232851
106,393,760 : -0.268306
107,143,458 : -0.315922
107,235,502 : -0.330144
107,287,460 : -0.285367
107,297,751 : -0.331512
108,211,757 : -0.323198
109,296,333 : -0.324666
111,218,707 : -0.326147
111,757,976 : -0.348906
112,161,829 : -0.186123
113,276,853 : -0.368853
113,356,434 : -0.23665
113,566,568 : -0.339945
115,172,443 : -0.376191
115,383,940 : -0.375494
115,502,853 : -0.401652
115,551,819 : -0.345841
117,259,657 : -0.281647
117,353,699 : -0.284849
117,500,961 : -0.322223
118,707,721 : -0.278949
119,783,873 : -0.394177
119,867,877 : -0.371925
120,661,977 : -0.293473
121,756,987 : -0.24486
122,219,436 : -0.426922
123,815,899 : -0.379074
124,438,504 : -0.327249
125,370,686 : -0.242868
126,132,298 : -0.313689
126,354,547 : -0.307833
126,653,803 : -0.373775
127,432,454 : -0.335048
127,507,655 : -0.310756
127,648,953 : -0.319705
127,721,951 : -0.208208
128,453,757 : -0.298003
128,701,775 : -0.336357
129,465,761 : -0.277786
130,563,632 : -0.353513
131,187,991 : -0.294466
131,211,257 : -0.260781
131,308,948 : -0.234181
132,371,952 : -0.371492
133,598,900 : -0.286594
134,141,824 : -0.274002
134,289,976 : -0.396494
134,362,582 : -0.257886
136,213,389 : -0.437102
136,278,920 : -0.440489
137,160,267 : -0.335255
138,236,242 : -0.30726
139,217,909 : -0.287226
139,220,735 : -0.301257
139,240,308 : -0.316716
141,366,687 : -0.38148
142,393,886 : -0.370859
142,614,859 : -0.355458
145,658,698 : -0.326389
148,715,796 : -0.323045
151,577,921 : -0.22778
151,709,872 : -0.0625993
152,732,905 : -0.273983
153,837,984 : -0.363796
154,234,518 : -0.290424
155,266,985 : -0.238426
155,420,811 : -0.248478
156,380,865 : -0.418371
157,465,724 : -0.380866
158,398,793 : -0.371139
160,235,778 : -0.278834
162,486,855 : -0.287108
162,585,841 : -0.297916
162,721,753 : -0.337947
163,488,999 : -0.302137
163,888,899 : -0.213961
164,218,291 : -0.434832
165,174,553 : -0.320989
165,325,429 : -0.258125
165,482,505 : -0.381002
168,195,317 : -0.431628
169,860,864 : -0.269304
170,281,931 : -0.375101
170,467,638 : -0.434869
172,271,391 : -0.305447
172,363,928 : -0.35646
172,493,547 : -0.364325
173,545,583 : -0.355561
174,587,768 : -0.238673
176,752,982 : -0.305911
177,554,684 : -0.342534
179,726,896 : -0.346154
180,417,558 : -0.408425
180,837,948 : -0.256949
181,421,428 : -0.278806
184,239,560 : -0.444296
184,487,930 : -0.386656
184,730,787 : -0.293644
186,689,702 : -0.311166
187,359,524 : -0.300731
187,472,980 : -0.411438
189,293,790 : -0.280769
189,337,814 : -0.383353
189,352,472 : -0.366897
189,560,685 : -0.30897
189,680,770 : -0.332272
191,263,614 : -0.216143
191,479,672 : -0.292103
191,530,977 : -0.288835
194,681,993 : -0.417908
195,215,338 : -0.459354
196,449,941 : -0.236947
196,606,690 : -0.303997
197,290,510 : -0.279558
197,402,948 : -0.310678
198,375,707 : -0.329583
199,293,808 : -0.163429
199,331,883 : -0.327146
202,226,429 : -0.30683
204,207,277 : -0.285217
204,218,785 : -0.312683
204,258,523 : -0.339445
206,270,349 : -0.315673
206,282,619 : -0.279986
207,490,760 : -0.249647
207,571,795 : -0.219103
207,657,985 : -0.299998
211,652,705 : -0.255223
216,656,899 : -0.352852
218,228,606 : -0.33515
218,259,898 : -0.337056
218,373,867 : -0.399618
219,392,976 : -0.403681
219,483,819 : -0.350234
220,702,722 : -0.293431
222,229,455 : -0.348678
223,695,828 : -0.34533
223,744,879 : -0.335305
224,278,783 : -0.376274
224,916,946 : -0.291671
226,436,473 : -0.241438
226,456,926 : -0.291392
227,474,884 : -0.416815
229,346,853 : -0.393824
230,330,761 : -0.312752
230,521,897 : -0.371202
230,764,954 : -0.229223
233,412,797 : -0.281711
233,445,461 : -0.177357
233,785,904 : -0.349075
237,270,576 : -0.257227
237,356,583 : -0.300854
237,371,530 : -0.339948
237,473,563 : -0.391255
242,719,918 : -0.330939
243,610,677 : -0.311878
244,391,920 : -0.343859
244,460,860 : -0.323186
245,366,543 : -0.342538
248,371,956 : -0.272749
248,409,694 : -0.380731
248,438,459 : -0.324636
249,368,953 : -0.234357
252,643,696 : -0.372385
252,898,939 : -0.334325
253,393,636 : -0.30986
253,409,777 : -0.330249
259,381,394 : -0.277974
260,386,888 : -0.29272
261,712,965 : -0.480759
264,526,670 : -0.336385
264,860,893 : -0.342931
266,383,773 : -0.378155
270,404,684 : -0.267817
272,728,915 : -0.257796
273,323,980 : -0.269054
273,648,784 : -0.257354
275,612,632 : -0.346939
276,342,854 : -0.334334
278,657,829 : -0.293258
279,389,938 : -0.350262
279,698,940 : -0.376518
286,531,847 : -0.292977
287,470,898 : -0.254311
287,740,924 : -0.2159
288,376,708 : -0.2984
288,604,606 : -0.321325
288,725,776 : -0.376167
289,372,798 : -0.445685
289,417,611 : -0.309297
290,493,754 : -0.400259
294,925,997 : -0.221589
297,408,419 : -0.267822
298,886,991 : -0.346559
303,420,903 : -0.417094
306,452,648 : -0.217782
307,415,570 : -0.247833
309,384,459 : -0.356402
310,859,912 : -0.32069
311,457,874 : -0.359631
311,564,844 : -0.384629
311,698,936 : -0.326658
313,389,801 : -0.421866
313,620,682 : -0.240082
313,805,883 : -0.366588
316,572,716 : -0.438401
318,794,866 : -0.342232
319,535,721 : -0.337609
321,496,532 : -0.533004
323,729,885 : -0.277245
325,437,594 : -0.456459
331,489,643 : -0.424752
332,604,664 : -0.359147
337,425,958 : -0.425625
339,485,568 : -0.305843
341,658,663 : -0.292671
343,510,678 : -0.33852
346,624,926 : -0.332534
347,745,781 : -0.32449
348,510,742 : -0.316504
350,397,700 : -0.320505
350,440,883 : -0.295946
350,539,706 : -0.238681
352,487,866 : -0.290764
357,581,973 : -0.305574
358,359,822 : -0.294269
360,472,884 : -0.413868
362,402,697 : -0.29925
363,369,409 : -0.2854
363,369,782 : -0.354444
365,367,565 : -0.386456
366,455,803 : -0.349747
367,379,499 : -0.293815
367,636,837 : -0.285183
370,460,965 : -0.260519
371,417,533 : -0.3478
372,427,779 : -0.367945
372,777,810 : -0.385384
376,587,979 : -0.278892
380,423,756 : -0.225345
380,438,471 : -0.362441
380,570,622 : -0.298312
380,757,881 : -0.348491
380,884,930 : -0.297206
381,392,986 : -0.318008
382,641,902 : -0.245596
383,434,719 : -0.280611
383,843,955 : -0.354974
384,871,970 : -0.251016
385,631,667 : -0.299216
387,644,692 : -0.261797
387,833,835 : -0.209314
389,581,924 : -0.313717
392,887,939 : -0.387776
401,479,881 : -0.274358
402,426,651 : -0.352298
404,745,953 : -0.361325
404,813,959 : -0.278966
407,966,974 : -0.293049
410,471,972 : -0.268435
410,482,546 : -0.381965
411,577,828 : -0.262928
411,647,753 : -0.314428
412,448,472 : -0.376238
416,496,598 : -0.36824
419,503,953 : -0.357402
421,467,697 : -0.454087
421,553,809 : -0.377802
423,634,682 : -0.293308
425,469,809 : -0.462136
426,650,865 : -0.392404
428,837,909 : -0.233683
429,562,790 : -0.233746
435,571,783 : -0.390782
438,624,992 : -0.299543
438,887,981 : -0.421863
439,937,971 : -0.206813
441,573,829 : -0.35365
443,628,669 : -0.35705
447,923,942 : -0.345839
449,699,840 : -0.390376
449,714,777 : -0.278738
450,806,906 : -0.211065
452,480,587 : -0.242719
452,486,795 : -0.145261
452,572,867 : -0.322562
452,573,708 : -0.316819
452,612,652 : -0.268021
453,576,766 : -0.299513
456,473,787 : -0.37668
457,488,937 : -0.319363
459,621,881 : -0.401845
459,941,996 : -0.274089
464,649,709 : -0.210403
466,577,608 : -0.248568
466,748,789 : -0.526123
468,678,869 : -0.397324
469,787,892 : -0.431251
475,595,879 : -0.288573
478,618,964 : -0.331258
478,662,672 : -0.133452
479,676,754 : -0.406777
482,511,870 : -0.379759
483,744,878 : -0.348679
484,599,704 : -0.31491
484,962,975 : -0.374636
485,625,958 : -0.327461
488,681,958 : -0.303189
492,575,734 : -0.3077
493,629,650 : -0.33097
495,530,867 : -0.368463
496,695,730 : -0.543596
500,735,820 : -0.341005
503,777,971 : -0.318808
504,676,876 : -0.3965
507,612,810 : -0.428748
508,545,961 : -0.312802
516,758,914 : -0.26786
516,842,984 : -0.2367
521,637,994 : -0.241468
523,693,908 : -0.230271
523,802,940 : -0.260862
527,853,878 : -0.393801
532,632,943 : -0.291089
532,646,717 : -0.351723
532,758,892 : -0.323191
534,732,844 : -0.385463
543,663,831 : -0.408775
545,562,890 : -0.311672
549,704,806 : -0.343577
554,756,803 : -0.287345
554,887,969 : -0.405558
556,705,752 : -0.405906
559,640,684 : -0.281341
569,585,675 : -0.300012
572,750,896 : -0.387744
573,617,854 : -0.251206
577,740,803 : -0.246022
581,865,962 : -0.392644
583,820,915 : -0.365573
589,632,784 : -0.324186
591,719,737 : -0.152697
592,736,939 : -0.333033
597,770,778 : -0.396797
600,816,904 : -0.256206
603,626,987 : -0.254788
607,710,793 : -0.279812
614,626,769 : -0.297738
624,632,819 : -0.340439
626,815,820 : -0.336747
627,640,713 : -0.218109
647,693,835 : -0.241968
648,652,719 : -0.260352
648,690,986 : -0.215981
651,769,907 : -0.251558
651,822,997 : -0.200526
653,804,893 : -0.44451
657,674,907 : -0.330172
661,766,864 : -0.250496
666,672,883 : -0.275896
668,731,994 : -0.330288
677,752,768 : -0.283584
679,791,818 : -0.314927
684,732,766 : -0.283077
686,923,924 : -0.215071
687,749,942 : -0.39217
697,820,998 : -0.31219
704,780,998 : -0.340924
714,840,887 : -0.321943
741,784,970 : -0.322188
746,766,813 : -0.243237
751,760,928 : -0.34659
751,761,886 : -0.358647
756,868,940 : -0.39391
767,869,894 : -0.278995
768,968,997 : -0.351021
842,870,999 : -0.243101
885,917,954 : -0.294081
902,942,958 : -0.270515
0,211,589,591 : -0.319953
0,258,315,541 : -0.33723
1,44,925,997 : -0.221121
1,450,587,848 : -0.281648
1,523,675,992 : -0.210291
3,67,174,713 : -0.30281
3,97,520,891 : -0.346177
3,457,708,893 : -0.331472
4,287,655,911 : -0.423803
4,853,890,936 : -0.447802
5,145,672,939 : -0.275472
5,154,204,604 : -0.322379
5,226,249,977 : -0.240683
5,575,688,721 : -0.301424
6,85,94,495 : -0.393303
6,419,569,716 : -0.334531
6,428,481,883 : -0.33911
7,117,132,806 : -0.366497
7,143,518,756 : -0.268555
7,252,398,779 : -0.296727
7,279,416,567 : -0.302128
8,60,105,695 : -0.368982
8,266,639,641 : -0.254206
9,46,159,246 : -0.38549
9,82,190,482 : -0.372481
9,91,577,705 : -0.305652
9,132,329,772 : -0.317093
9,364,526,601 : -0.291796
9,453,597,676 : -0.320011
9,816,871,938 : -0.343285
10,135,195,831 : -0.355843
11,85,100,927 : -0.350563
11,631,669,936 : -0.390123
12,57,591,651 : -0.328863
12,685,897,993 : -0.394764
13,111,538,973 : -0.35627
13,160,244,331 : -0.383838
13,275,385,975 : -0.419659
13,488,573,844 : -0.356121
14,254,698,710 : -0.303493
15,323,648,811 : -0.289684
17,196,362,883 : -0.375653
19,44,259,519 : -0.290297
19,475,744,891 : -0.310877
20,75,157,554 : -0.274568
20,286,517,809 : -0.385742
21,202,884,906 : -0.357383
22,55,269,320 : -0.305775
22,229,477,872 : -0.34087
22,298,418,817 : -0.31541
22,486,737,915 : -0.273864
24,264,374,758 : -0.28304
24,676,928,934 : -0.230676
25,507,727,834 : -0.34336
25,655,691,915 : -0.335803
26,34,113,661 : -0.261804
26,153,200,858 : -0.287668
26,230,734,872 : -0.343639
26,355,551,646 : -0.291853
26,449,621,914 : -0.196372
27,234,525,798 : -0.468367
28,142,825,989 : -0.416821
28,215,218,236 : -0.385308
28,226,417,593 : -0.396443
29,137,211,977 : -0.384539
29,288,449,993 : -0.394932
29,615,707,946 : -0.320706
30,219,327,693 : -0.438566
30,307,335,744 : -0.337621
31,387,817,969 : -0.3525
32,138,224,487 : -0.381241
32,395,645,751 : -0.318559
32,418,554,718 : -0.392312
32,806,828,957 : -0.320985
33,96,109,335 : -0.368628
33,96,128,918 : -0.387025
34,35,296,822 : -0.333521
34,135,472,976 : -0.377026
35,244,707,997 : -0.363835
36,252,444,793 : -0.338885
36,380,900,997 : -0.274688
36,478,619,966 : -0.276558
37,69,247,555 : -0.40226
37,188,393,578 : -0.253766
37,252,543,779 : -0.30038
37,266,335,950 : -0.347825
37,290,752,982 : -0.281331
37,369,503,669 : -0.437607
38,103,634,960 : -0.307506
38,162,493,858 : -0.322526
39,92,389,708 : -0.468958
39,113,291,359 : -0.377397
39,604,656,755 : -0.329359
39,626,746,926 : -0.274859
40,304,412,961 : -0.370563
41,179,536,832 : -0.32405
41,795,860,936 : -0.313814
42,193,423,812 : -0.400258
43,158,284,810 : -0.389204
44,70,460,769 : -0.338713
44,94,783,905 : -0.318357
44,109,438,653 : -0.360206
45,135,433,771 : -0.317955
45,379,937,960 : -0.32975
46,124,414,654 : -0.376732
46,167,376,416 : -0.296576
46,281,729,907 : -0.334745
47,77,149,800 : -0.322282
47,125,835,872 : -0.341842
47,252,543,749 : -0.325106
48,207,399,633 : -0.363751
48,274,426,550 : -0.430616
48,914,938,999 : -0.314793
49,72,262,993 : -0.448181
49,158,655,920 : -0.354922
50,202,275,309 : -0.338217
50,282,685,853 : -0.330484
50,538,672,816 : -0.360777
51,136,261,580 : -0.350799
51,403,899,982 : -0.247461
51,813,982,986 : -0.190872
53,311,471,649 : -0.388539
54,60,675,709 : -0.314284
54,73,415,837 : -0.295398
54,833,894,912 : -0.342831
56,114,688,931 : -0.30487
56,370,444,645 : -0.31536
57,87,681,829 : -0.28852
57,351,855,994 : -0.395578
58,94,183,326 : -0.283455
58,182,217,522 : -0.382857
58,244,393,623 : -0.327326
60,151,178,393 : -0.279736
60,491,521,944 : -0.370896
61,104,438,697 : -0.327854
63,243,604,716 : -0.352528
63,259,331,407 : -0.335787
63,430,590,597 : -0.339158
64,137,543,847 : -0.374873
64,377,520,573 : -0.366883
65,534,638,838 : -0.442084
67,282,501,984 : -0.342176
67,437,696,861 : -0.42852
67,482,773,871 : -0.361202
67,719,771,863 : -0.296997
70,196,201,205 : -0.35748
72,207,522,570 : -0.408998
72,452,498,598 : -0.322976
73,120,268,576 : -0.260852
73,244,387,526 : -0.252884
73,284,950,968 : -0.362896
73,321,762,951 : -0.347802
73,325,690,888 : -0.238817
74,180,397,673 : -0.40363
74,443,521,986 : -0.282848
74,446,702,795 : -0.316641
75,79,262,877 : -0.380707
76,477,784,818 : -0.309466
76,543,713,830 : -0.353934
77,139,275,930 : -0.318325
78,156,322,772 : -0.422565
78,580,691,894 : -0.342307
79,166,483,971 : -0.339081
79,284,501,983 : -0.408924
80,112,550,992 : -0.2196
80,179,908,953 : -0.269896
80,380,610,732 : -0.340532
80,391,792,935 : -0.245834
80,473,662,808 : -0.283964
82,93,440,940 : -0.360298
83,275,423,457 : -0.263902
83,329,483,823 : -0.301081
83,624,642,835 : -0.334119
83,654,902,905 : -0.358742
84,267,448,775 : -0.410661
85,330,687,690 : -0.37548
87,440,577,956 : -0.214738
87,647,730,958 : -0.261881
89,319,377,858 : -0.359652
89,542,551,768 : -0.276273
90,175,279,833 : -0.320163
90,256,576,863 : -0.342828
90,274,466,754 : -0.407946
91,256,307,427 : -0.264535
91,635,905,994 : -0.315516
92,132,792,985 : -0.373736
93,157,201,731 : -0.239717
94,468,469,814 : -0.424826
96,139,219,526 : -0.296857
96,155,311,396 : -0.274489
96,214,396,621 : -0.230348
97,252,646,985 : -0.37145
100,186,359,537 : -0.386166
100,319,850,979 : -0.300587
101,220,558,785 : -0.347629
102,229,371,659 : -0.374212
103,279,771,808 : -0.321895
104,105,330,615 : -0.288714
104,433,735,976 : -0.329699
104,467,733,962 : -0.468576
105,165,402,614 : -0.295699
105,191,360,471 : -0.375128
105,211,634,890 : -0.309647
105,240,897,900 : -0.374954
105,551,825,918 : -0.286347
106,189,237,852 : -0.366089
106,395,634,923 : -0.302246
109,264,334,772 : -0.265368
109,281,484,624 : -0.357615
110,491,915,995 : -0.386952
111,187,489,553 : -0.370254
111,298,304,793 : -0.371012
111,390,736,823 : -0.453012
112,148,155,350 : -0.235619
112,266,282,686 : -0.260852
112,329,954,986 : -0.262288
112,567,690,844 : -0.313659
113,168,668,907 : -0.319315
113,208,527,979 : -0.311316
115,167,392,739 : -0.313357
115,370,461,901 : -0.268109
118,207,277,536 : -0.30119
119,379,779,987 : -0.403466
122,209,275,450 : -0.361256
122,249,370,648 : -0.324776
123,184,575,846 : -0.404852
123,399,409,577 : -0.340742
123,539,643,730 : -0.3908
124,165,295,959 : -0.349402
124,183,808,874 : -0.264261
124,427,573,630 : -0.267632
124,775,832,975 : -0.347545
125,152,584,714 : -0.378417
126,457,461,500 : -0.271476
127,235,640,713 : -0.230003
129,179,182,763 : -0.371209
129,360,487,820 : -0.364299
130,302,567,644 : -0.327077
130,367,803,989 : -0.345305
131,191,573,767 : -0.302545
132,349,675,980 : -0.300701
132,408,420,479 : -0.321964
133,244,523,831 : -0.330221
136,258,482,896 : -0.435696
137,267,583,933 : -0.377821
138,179,427,819 : -0.402005
140,811,944,952 : -0.29571
142,339,724,727 : -0.386814
143,324,404,439 : -0.346816
144,268,330,429 : -0.329453
145,155,377,764 : -0.27668
146,147,848,952 : -0.430646
146,627,900,903 : -0.316144
147,341,819,867 : -0.37818
148,275,466,843 : -0.31528
148,381,490,617 : -0.212846
148,515,754,960 : -0.382275
152,183,615,940 : -0.244893
153,376,778,809 : -0.405122
155,325,477,775 : -0.309413
156,271,539,837 : -0.36317
157,223,352,435 : -0.312239
157,312,606,617 : -0.382816
157,448,755,914 : -0.303215
157,528,568,608 : -0.321704
158,201,332,896 : -0.380473
158,369,382,992 : -0.304904
158,371,522,839 : -0.293059
158,699,768,801 : -0.274879
159,469,487,741 : -0.443907
160,471,637,799 : -0.336727
163,374,418,997 : -0.169688
163,399,595,636 : -0.310897
163,578,825,919 : -0.356239
164,445,623,882 : -0.424416
164,529,911,919 : -0.357591
165,181,324,597 : -0.371093
165,449,465,705 : -0.258888
165,475,485,757 : -0.328679
165,555,667,945 : -0.328319
166,359,412,968 : -0.365647
167,254,408,661 : -0.227467
168,637,669,754 : -0.41472
170,625,690,746 : -0.447119
171,525,665,840 : -0.4033
173,223,464,752 : -0.376941
175,367,659,772 : -0.296256
175,536,694,809 : -0.425357
175,569,707,766 : -0.301156
176,233,545,641 : -0.314405
176,262,328,653 : -0.393078
176,307,395,574 : -0.3403
176,514,580,762 : -0.369558
177,297,679,744 : -0.296158
178,271,358,377 : -0.329357
178,668,916,955 : -0.232247
179,723,776,960 : -0.33836
181,378,540,840 : -0.392273
182,242,407,700 : -0.362575
182,388,587,848 : -0.253311
183,203,758,888 : -0.258699
183,293,389,740 : -0.223137
184,295,330,789 : -0.464354
193,196,527,946 : -0.3419
194,355,424,874 : -0.3941
195,446,526,956 : -0.325368
196,268,324,449 : -0.291211
197,240,814,823 : -0.407659
197,388,647,806 : -0.26829
199,202,322,777 : -0.3614
199,494,654,869 : -0.360015
205,508,733,914 : -0.308669
206,245,551,613 : -0.226978
206,290,485,608 : -0.231096
206,344,725,768 : -0.329656
206,401,541,631 : -0.333132
208,267,384,826 : -0.415397
208,273,327,947 : -0.422048
208,556,749,752 : -0.368992
210,386,517,570 : -0.309816
212,770,799,802 : -0.396895
215,476,543,982 : -0.30946
216,264,302,945 : -0.339149
216,449,522,550 : -0.357465
216,638,684,856 : -0.46247
217,318,330,602 : -0.35832
218,224,403,618 : -0.398008
219,670,839,933 : -0.385196
220,292,421,642 : -0.282967
226,259,773,776 : -0.340746
226,416,674,912 : -0.362221
228,397,536,799 : -0.451112
230,403,675,956 : -0.295136
230,453,848,910 : -0.262708
230,499,764,863 : -0.236706
231,254,505,722 : -0.357689
232,494,571,639 : -0.408371
233,413,769,828 : -0.274486
234,506,934,974 : -0.346524
237,272,978,979 : -0.273964
238,526,568,766 : -0.337039
242,244,685,929 : -0.332997
242,253,292,432 : -0.292162
243,494,672,697 : -0.360699
244,558,763,942 : -0.32302
246,376,380,764 : -0.275679
246,693,696,756 : -0.27519
247,449,479,862 : -0.280908
247,676,749,800 : -0.248313
253,317,458,976 : -0.469665
255,294,323,644 : -0.295082
255,542,576,954 : -0.284049
256,386,431,591 : -0.262014
256,486,911,914 : -0.252846
259,537,902,980 : -0.388517
260,804,881,909 : -0.368347
262,290,518,601 : -0.29923
262,711,719,934 : -0.324512
264,332,357,833 : -0.307785
264,475,660,910 : -0.364719
267,417,576,885 : -0.289537
271,294,385,593 : -0.340917
272,460,603,646 : -0.366125
275,543,713,816 : -0.309202
276,818,864,897 : -0.425008
277,521,834,980 : -0.281127
281,286,310,420 : -0.387939
282,298,698,981 : -0.240325
282,628,698,885 : -0.203554
283,489,626,861 : -0.309862
288,416,608,758 : -0.292442
288,587,656,803 : -0.303275
289,357,448,568 : -0.39059
290,747,943,947 : -0.27438
292,296,332,973 : -0.261914
292,417,434,745 : -0.302696
292,524,629,752 : -0.365126
294,516,521,731 : -0.206329
295,307,485,852 : -0.336942
296,368,624,649 : -0.337314
296,389,495,929 : -0.398348
296,453,688,719 : -0.288851
298,301,597,830 : -0.422028
299,442,500,655 : -0.377048
300,463,488,647 : -0.236067
300,487,580,835 : -0.267704
303,432,462,663 : -0.386768
304,396,774,801 : -0.347655
304,863,964,965 : -0.359156
305,442,763,978 : -0.376937
309,472,473,571 : -0.412415
310,397,595,700 : -0.377544
311,473,504,765 : -0.387319
313,366,727,950 : -0.42756
313,379,546,584 : -0.422972
316,571,601,702 : -0.344012
317,392,603,904 : -0.429764
319,604,776,906 : -0.29984
319,672,755,785 : -0.289457
320,866,960,963 : -0.320152
322,387,697,808 : -0.34892
324,467,636,771 : -0.422614
325,476,518,722 : -0.242214
325,585,914,982 : -0.287397
330,354,872,944 : -0.342101
330,609,623,928 : -0.288402
334,341,712,954 : -0.390349
336,500,523,852 : -0.284599
336,641,768,822 : -0.172082
341,444,481,551 : -0.237978
341,749,797,912 : -0.346586
347,349,656,825 : -0.364022
348,401,608,693 : -0.291992
349,367,562,856 : -0.293322
352,517,795,972 : -0.280021
352,877,880,950 : -0.399405
355,623,816,956 : -0.254542
357,403,453,584 : -0.281497
359,703,725,971 : -0.364114
360,465,804,901 : -0.330824
363,380,570,683 : -0.308039
365,568,740,861 : -0.366681
374,508,676,800 : -0.201125
374,595,861,977 : -0.305265
381,637,679,873 : -0.336364
384,444,651,790 : -0.277344
385,429,794,973 : -0.324052
387,544,736,843 : -0.373432
388,597,835,932 : -0.280192
390,759,904,970 : -0.354423
391,440,909,916 : -0.241393
395,475,673,859 : -0.333089
404,563,666,943 : -0.322522
410,442,677,728 : -0.321497
411,622,825,871 : -0.287484
413,419,713,805 : -0.347498
413,528,709,932 : -0.251483
413,566,640,943 : -0.310449
415,708,764,869 : -0.283668
416,498,685,946 : -0.330622
418,591,825,966 : -0.237129
421,463,627,719 : -0.291413
426,542,578,743 : -0.362251
426,705,733,744 : -0.313427
429,659,824,923 : -0.309106
430,820,913,992 : -0.300122
432,652,796,978 : -0.183766
432,657,673,842 : -0.265066
436,572,605,748 : -0.325962
438,487,502,997 : -0.249479
438,742,947,958 : -0.228662
443,611,678,779 : -0.392864
444,490,593,992 : -0.244196
445,777,810,849 : -0.303396
452,651,718,724 : -0.320321
452,703,733,890 : -0.34577
455,590,874,958 : -0.351913
457,747,780,889 : -0.288726
458,623,891,963 : -0.3817
458,672,722,977 : -0.298959
463,518,544,570 : -0.299529
469,722,807,911 : -0.319132
470,719,790,850 : -0.239583
472,505,843,864 : -0.37431
474,801,807,972 : -0.333605
476,573,659,838 : -0.315779
476,634,672,844 : -0.347651
477,528,544,714 : -0.327564
479,528,820,961 : -0.284916
479,615,805,830 : -0.378046
479,776,848,877 : -0.313372
480,723,870,947 : -0.337628
488,645,658,913 : -0.361068
490,724,842,991 : -0.261845
492,679,768,923 : -0.35363
493,538,766,838 : -0.349371
495,709,905,968 : -0.343088
497,678,826,858 : -0.365355
499,512,516,796 : -0.31423
509,558,594,990 : -0.431645
521,836,889,919 : -0.341927
538,775,829,838 : -0.30494
550,731,941,968 : -0.359268
558,660,787,844 : -0.367159
577,643,757,893 : -0.394456
580,792,921,935 : -0.272532
584,735,801,947 : -0.382926
590,650,760,793 : -0.376696
630,681,817,945 : -0.29717
637,646,753,957 : -0.311006
661,679,698,764 : -0.215979
775,863,961,963 : -0.332934
786,880,884,963 : -0.376073
791,905,932,934 : -0.32296
0,45,236,578,852 : -0.418505
1,100,373,619,978 : -0.39074
1,186,215,320,381 : -0.305256
1,292,361,527,920 : -0.264488
1,558,566,595,938 : -0.331013
1,569,749,937,973 : -0.270413
2,46,106,114,858 : -0.330973
2,420,515,569,841 : -0.331369
2,459,773,897,921 : -0.391856
3,124,199,339,600 : -0.344977
3,235,240,504,914 : -0.343387
3,700,810,850,896 : -0.299915
4,25,131,385,777 : -0.448545
5,28,86,116,261 : -0.463747
5,161,471,788,970 : -0.362203
5,358,587,668,781 : -0.370046
6,16,215,391,442 : -0.336458
6,26,388,452,751 : -0.217353
6,194,752,778,891 : -0.398412
7,9,16,87,922 : -0.207093
7,52,206,389,691 : -0.316765
7,346,368,385,519 : -0.425271
8,31,502,518,750 : -0.326932
8,192,493,613,949 : -0.348819
8,302,470,541,772 : -0.248785
8,626,632,658,877 : -0.330229
9,45,259,474,999 : -0.365211
9,161,466,972,984 : -0.242118
10,34,36,51,841 : -0.341147
11,387,649,853,919 : -0.371494
12,29,318,419,981 : -0.362191
12,264,473,652,731 : -0.327654
14,518,858,861,862 : -0.32549
15,119,444,699,984 : -0.315106
15,460,563,679,863 : -0.340342
16,35,148,559,584 : -0.347455
16,212,590,601,614 : -0.352871
17,22,48,500,895 : -0.337638
17,58,213,327,731 : -0.451721
17,109,250,336,499 : -0.266229
18,46,235,253,388 : -0.320057
18,114,357,451,876 : -0.284193
18,124,455,476,877 : -0.349725
18,139,207,410,767 : -0.314305
18,165,623,895,931 : -0.272354
19,25,271,405,999 : -0.336245
19,30,46,185,563 : -0.358438
19,297,409,683,780 : -0.320874
20,54,339,548,622 : -0.370726
21,40,109,387,860 : -0.270263
21,111,739,877,910 : -0.313677
21,162,238,829,876 : -0.357239
21,234,384,628,657 : -0.313782
23,335,371,895,954 : -0.275403
23,341,398,567,760 : -0.307657
24,110,478,604,862 : -0.267363
24,156,363,418,494 : -0.340171
24,169,345,651,930 : -0.321252
24,216,377,464,990 : -0.353128
24,413,427,824,990 : -0.307601
25,62,367,459,940 : -0.378659
26,27,144,253,978 : -0.380628
26,154,158,508,709 : -0.298286
26,188,231,612,920 : -0.315367
26,271,468,596,647 : -0.376357
26,413,851,911,945 : -0.314885
27,37,405,538,815 : -0.4321
27,186,201,722,781 : -0.402287
27,189,504,538,989 : -0.41163
28,30,44,263,729 : -0.346142
28,316,589,837,967 : -0.259587
28,510,666,881,967 : -0.327161
29,303,626,788,972 : -0.366144
29,311,407,717,882 : -0.457372
29,744,847,863,981 : -0.318574
30,548,562,682,747 : -0.34385
32,258,576,658,973 : -0.307638
32,439,478,709,780 : -0.312523
34,129,193,246,535 : -0.389451
35,283,330,525,876 : -0.412423
36,63,79,147,201 : -0.354125
36,180,296,493,511 : -0.415088
36,216,431,816,912 : -0.367733
37,195,575,605,715 : -0.395601
37,224,334,546,748 : -0.33984
37,812,856,950,955 : -0.356337
38,56,758,794,974 : -0.281924
38,556,758,785,987 : -0.308366
40,149,160,446,670 : -0.370276
40,336,570,582,900 : -0.316223
41,192,567,791,900 : -0.36637
41,398,811,944,967 : -0.285096
41,523,876,913,984 : -0.308471
41,774,839,972,974 : -0.254544
43,84,221,356,656 : -0.416684
43,365,587,700,783 : -0.354472
44,150,473,509,658 : -0.392124
45,101,210,640,682 : -0.372001
45,231,326,398,677 : -0.387088
46,707,834,917,930 : -0.390962
47,346,528,724,769 : -0.328063
49,77,78,462,564 : -0.394692
49,197,587,720,752 : -0.343996
49,210,232,470,788 : -0.348358
50,179,520,748,897 : -0.319668
50,202,298,431,944 : -0.299677
51,68,285,577,914 : -0.265643
51,106,416,723,817 : -0.277466
51,131,388,811,850 : -0.172423
51,220,610,758,792 : -0.343395
51,302,334,433,729 : -0.260755
51,517,623,636,647 : -0.252199
51,600,749,907,935 : -0.318027
52,75,376,847,907 : -0.318174
52,212,333,721,780 : -0.357823
53,87,276,860,931 : -0.399162
54,68,345,349,773 : -0.336391
54,165,175,289,371 : -0.326167
55,87,393,394,555 : -0.33374
55,416,738,755,927 : -0.330075
55,494,520,529,882 : -0.380278
56,80,526,661,780 : -0.200593
56,172,589,848,850 : -0.328721
56,204,459,830,908 : -0.256399
56,384,490,878,972 : -0.264078
57,134,622,762,786 : -0.41123
57,199,696,831,874 : -0.380075
57,321,449,456,880 : -0.344046
58,219,363,732,978 : -0.296998
59,86,404,847,932 : -0.375072
59,173,734,807,886 : -0.4169
60,106,380,686,774 : -0.362617
60,119,129,593,930 : -0.321001
61,394,493,514,738 : -0.311684
61,465,499,516,812 : -0.28247
61,478,796,854,948 : -0.267016
62,101,513,515,716 : -0.379079
62,575,745,766,891 : -0.352244
63,80,160,348,452 : -0.291722
63,209,490,837,997 : -0.271692
63,289,406,599,990 : -0.435521
64,131,498,571,624 : -0.27443
65,76,170,417,499 : -0.370333
65,82,164,622,818 : -0.44649
66,185,811,833,943 : -0.327577
67,506,652,655,901 : -0.30096
68,81,152,177,587 : -0.30452
68,115,423,912,958 : -0.34381
68,381,386,453,992 : -0.318331
69,157,674,695,761 : -0.393886
69,228,520,626,774 : -0.385446
69,377,540,572,678 : -0.369283
70,78,166,566,678 : -0.392898
70,209,320,617,959 : -0.352863
70,213,342,679,733 : -0.360325
71,223,579,658,819 : -0.394217
71,348,588,690,970 : -0.374695
72,266,664,815,843 : -0.357299
73,124,269,374,433 : -0.249592
73,431,449,698,967 : -0.282318
73,591,612,760,812 : -0.30534
74,141,374,540,987 : -0.312952
74,434,624,953,972 : -0.369301
75,126,345,459,824 : -0.360579
75,276,486,510,530 : -0.366389
75,580,667,713,926 : -0.353568
76,345,348,644,953 : -0.325567
77,153,169,781,936 : -0.393292
77,328,345,863,947 : -0.288626
79,102,414,889,950 : -0.373526
81,214,547,569,939 : -0.337533
81,355,585,921,965 : -0.330968
82,291,526,560,908 : -0.319293
82,363,632,684,937 : -0.367241
84,438,671,730,866 : -0.345773
85,331,615,692,862 : -0.347352
85,651,718,848,934 : -0.330249
87,122,132,456,964 : -0.357892
87,293,387,516,906 : -0.288645
88,178,294,608,637 : -0.325555
89,113,385,524,937 : -0.345178
89,553,580,606,723 : -0.33815
89,583,650,726,764 : -0.346382
90,286,844,856,977 : -0.366769
91,458,706,899,909 : -0.350516
91,526,569,689,870 : -0.32063
93,96,363,490,499 : -0.279567
93,141,162,364,446 : -0.32639
93,215,566,639,641 : -0.255663
93,295,572,683,765 : -0.316099
93,384,530,542,613 : -0.307548
94,398,401,540,564 : -0.334924
96,374,521,562,641 : -0.166727
97,168,188,233,435 : -0.275672
97,371,423,517,891 : -0.293679
98,299,457,594,759 : -0.406298
98,370,631,885,899 : -0.327359
100,126,309,608,810 : -0.413993
100,257,365,421,660 : -0.38019
100,527,687,762,769 : -0.377286
103,399,639,725,815 : -0.338132
103,536,682,729,937 : -0.331683
104,273,433,830,869 : -0.270233
105,117,505,863,871 : -0.263976
106,153,393,753,872 : -0.311159
106,380,547,719,951 : -0.287403
107,174,438,739,803 : -0.288734
107,284,452,478,503 : -0.306506
109,341,367,721,968 : -0.320141
110,170,250,350,791 : -0.336974
110,340,541,601,659 : -0.325584
110,358,423,737,999 : -0.311515
111,125,373,901,946 : -0.348509
111,188,252,296,908 : -0.307445
111,427,637,714,792 : -0.360306
112,183,296,711,832 : -0.279898
112,186,399,761,812 : -0.327402
112,456,559,757,890 : -0.317979
112,460,548,622,706 : -0.355444
113,157,431,558,572 : -0.304159
113,172,407,579,835 : -0.35142
113,293,371,584,605 : -0.293386
113,356,628,728,890 : -0.267225
113,447,634,742,850 : -0.251183
114,243,907,930,998 : -0.358943
115,161,364,639,714 : -0.367772
115,172,263,313,689 : -0.394059
115,596,691,880,924 : -0.363278
116,143,707,720,819 : -0.458902
117,179,444,699,919 : -0.286293
117,359,719,817,878 : -0.309011
118,213,515,755,825 : -0.380382
119,172,470,676,972 : -0.282448
120,162,174,359,424 : -0.329017
120,168,198,519,863 : -0.302803
120,248,454,667,830 : -0.307527
120,660,847,978,992 : -0.295195
121,212,223,749,946 : -0.333183
121,248,485,755,764 : -0.293558
121,364,510,667,694 : -0.388293
123,148,611,730,921 : -0.341119
124,163,230,266,890 : -0.319371
124,183,347,402,945 : -0.272287
124,321,493,621,942 : -0.310493
124,807,851,893,949 : -0.311028
126,184,302,502,954 : -0.305884
127,308,549,728,760 : -0.371265
128,336,397,487,662 : -0.301023
129,248,330,604,805 : -0.390883
129,456,539,740,930 : -0.316789
130,283,380,541,647 : -0.304464
130,426,434,639,905 : -0.310171
131,235,747,790,948 : -0.26843
131,475,598,761,932 : -0.26396
131,513,657,776,852 : -0.32099
134,167,210,540,780 : -0.274097
134,259,270,307,341 : -0.269463
134,349,402,758,858 : -0.265345
135,520,579,728,858 : -0.360551
136,139,527,689,997 : -0.353769
137,283,392,407,612 : -0.40529
137,349,466,681,697 : -0.396651
138,482,491,747,810 : -0.452202
139,273,330,516,861 : -0.264761
140,179,318,503,941 : -0.349799
140,306,518,801,911 : -0.30152
140,527,881,931,980 : -0.317361
143,210,334,664,698 : -0.31169
143,255,432,547,809 : -0.377978
143,524,583,611,921 : -0.332094
143,638,642,807,874 : -0.400538
145,217,499,586,878 : -0.353458
145,524,729,792,868 : -0.392636
145,574,671,679,999 : -0.298059
146,214,343,491,938 : -0.38071
146,423,664,720,982 : -0.318954
147,238,412,441,456 : -0.410509
147,259,375,502,560 : -0.367073
151,183,436,709,976 : -0.302875
151,185,320,358,684 : -0.349539
151,388,416,769,987 : -0.200518
151,501,586,652,876 : -0.356189
152,268,374,757,970 : -0.337376
152,322,436,497,667 : -0.365377
154,254,707,753,901 : -0.354936
155,169,689,784,938 : -0.380003
155,219,492,933,984 : -0.371139
155,220,376,779,843 : -0.348232
155,433,451,838,943 : -0.356289
157,478,500,666,790 : -0.2662
158,177,267,713,958 : -0.362839
158,269,280,411,788 : -0.358229
159,599,749,781,969 : -0.444869
161,209,266,523,795 : -0.231997
161,415,884,936,982 : -0.314867
163,215,232,353,461 : -0.322631
163,233,466,498,557 : -0.300876
163,235,501,522,728 : -0.317709
163,309,337,502,885 : -0.373948
163,367,448,902,920 : -0.309621
164,326,524,741,839 : -0.357975
166,273,563,911,960 : -0.34542
166,375,490,671,956 : -0.318878
166,504,854,951,986 : -0.275038
167,207,554,630,974 : -0.278818
168,348,440,711,964 : -0.274654
171,375,609,861,938 : -0.392626
172,212,472,569,804 : -0.37975
173,447,730,787,925 : -0.391725
174,487,802,873,885 : -0.309259
175,304,449,612,833 : -0.299296
176,386,829,935,955 : -0.336482
176,419,574,806,923 : -0.345079
177,414,692,769,878 : -0.254967
178,235,722,763,940 : -0.313708
178,242,280,471,619 : -0.344361
178,357,388,664,923 : -0.279789
179,297,811,852,985 : -0.315491
179,399,641,884,954 : -0.324985
181,218,841,886,956 : -0.358231
183,226,386,601,800 : -0.248693
186,215,438,559,963 : -0.320839
186,316,815,827,866 : -0.406154
186,525,680,936,951 : -0.358502
187,244,344,661,973 : -0.279268
187,359,445,797,907 : -0.286222
188,212,238,731,801 : -0.343855
188,224,432,501,683 : -0.300871
188,523,557,628,857 : -0.253343
190,475,673,863,961 : -0.296187
192,218,492,578,683 : -0.32205
192,648,673,915,924 : -0.320678
193,298,581,586,691 : -0.317817
194,291,581,648,785 : -0.387797
195,237,445,811,861 : -0.33026
196,282,526,698,859 : -0.294294
196,390,519,742,845 : -0.33555
196,484,505,611,681 : -0.392777
197,520,906,956,969 : -0.271423
198,217,316,557,801 : -0.361567
199,391,525,758,804 : -0.387543
199,403,423,523,651 : -0.222285
200,408,475,870,958 : -0.311761
201,223,583,866,914 : -0.362856
201,366,611,677,774 : -0.342995
204,221,299,367,400 : -0.352444
204,372,717,816,957 : -0.383466
207,414,461,766,817 : -0.282989
208,314,434,448,642 : -0.3243
209,224,282,634,749 : -0.321221
209,234,668,770,864 : -0.337476
210,525,584,625,833 : -0.360215
214,217,562,614,892 : -0.341206
214,341,411,564,738 : -0.324871
215,439,564,634,790 : -0.285375
216,302,715,762,961 : -0.372286
217,493,803,862,979 : -0.287409
218,266,380,661,710 : -0.266798
220,330,470,742,921 : -0.295847
221,259,809,891,975 : -0.375339
221,334,379,435,442 : -0.34907
221,376,531,775,860 : -0.334334
222,484,682,756,973 : -0.387715
223,336,573,657,972 : -0.258103
223,353,608,858,972 : -0.324916
225,430,698,702,803 : -0.321795
225,581,767,904,917 : -0.311106
226,283,452,739,807 : -0.295512
226,293,319,627,839 : -0.235115
227,248,415,520,866 : -0.336169
227,736,737,961,962 : -0.377453
228,415,696,723,843 : -0.378582
229,502,506,628,760 : -0.328591
233,250,602,692,745 : -0.327441
233,452,566,637,730 : -0.315533
234,512,725,747,775 : -0.407218
235,405,679,920,998 : -0.363647
236,247,395,497,569 : -0.381219
237,268,537,681,820 : -0.349913
239,308,413,592,825 : -0.341853
239,372,570,803,921 : -0.397944
239,397,460,773,923 : -0.39866
241,318,542,598,905 : -0.315593
241,630,695,742,947 : -0.30199
243,269,464,507,859 : -0.395309
243,384,527,644,955 : -0.342984
247,277,409,540,837 : -0.320217
247,300,559,617,837 : -0.257242
247,351,690,792,819 : -0.371326
249,613,691,718,921 : -0.357031
250,367,741,775,954 : -0.295429
251,581,617,729,738 : -0.350347
253,587,783,945,959 : -0.337735
254,278,502,688,776 : -0.303182
254,369,705,717,735 : -0.364648
255,296,598,632,894 : -0.311413
255,517,722,945,986 : -0.243123
256,258,300,856,909 : -0.334161
257,351,416,711,746 : -0.259084
258,334,452,526,808 : -0.285934
260,325,695,739,994 : -0.412842
261,342,425,554,812 : -0.365109
263,485,498,977,991 : -0.286155
265,308,719,845,893 : -0.402149
265,522,618,689,805 : -0.430254
267,417,778,800,995 : -0.354816
268,307,462,583,857 : -0.319966
268,388,665,713,797 : -0.304687
269,301,322,445,759 : -0.404624
270,315,699,744,967 : -0.286953
271,405,590,800,957 : -0.339342
275,344,593,649,996 : -0.30519
275,471,549,722,916 : -0.382945
275,505,565,780,996 : -0.33038
277,561,637,720,932 : -0.315024
278,364,718,907,996 : -0.420115
279,308,336,365,647 : -0.322069
279,381,463,558,959 : -0.296034
280,285,294,881,970 : -0.295385
282,387,461,713,833 : -0.276577
285,405,486,651,671 : -0.294465
287,326,466,534,608 : -0.315388
289,541,768,856,927 : -0.358308
290,445,686,849,931 : -0.334033
294,411,783,808,847 : -0.312234
295,324,447,515,712 : -0.350082
295,421,588,751,929 : -0.404226
300,534,732,959,991 : -0.294753
301,302,639,813,999 : -0.381394
301,370,443,635,733 : -0.376973
306,497,523,554,760 : -0.30575
307,520,770,922,933 : -0.350329
314,341,402,530,889 : -0.270733
315,422,463,600,880 : -0.376213
320,345,800,819,889 : -0.313977
321,354,432,749,865 : -0.36878
326,341,553,829,945 : -0.346042
330,581,742,765,869 : -0.236907
330,630,649,867,905 : -0.28967
331,396,431,715,933 : -0.40129
332,355,559,811,817 : -0.304593
332,473,539,556,655 : -0.440226
335,533,869,900,951 : -0.343542
340,444,508,667,703 : -0.37943
342,642,738,754,794 : -0.355399
343,448,629,770,924 : -0.37105
344,363,465,607,992 : -0.315388
344,577,886,942,955 : -0.354127
346,534,662,974,991 : -0.283619
348,391,560,756,785 : -0.270118
348,640,740,895,948 : -0.233256
350,367,536,628,669 : -0.321737
353,463,540,682,962 : -0.378729
355,403,732,942,995 : -0.357996
355,438,571,800,948 : -0.267988
355,462,555,570,748 : -0.330917
361,484,521,631,936 : -0.356226
366,567,615,701,992 : -0.3655
374,382,734,796,842 : -0.235863
375,607,631,906,922 : -0.35755
376,397,728,756,950 : -0.298831
377,645,743,917,950 : -0.397083
380,628,807,811,850 : -0.246034
381,418,617,623,640 : -0.259183
385,411,527,648,756 : -0.256981
386,615,742,775,871 : -0.28232
387,419,619,807,846 : -0.368381
387,508,546,657,864 : -0.33334
393,482,555,773,897 : -0.379862
397,402,527,780,987 : -0.281727
399,587,850,925,987 : -0.288663
400,517,555,565,768 : -0.277808
401,577,673,759,775 : -0.332583
403,563,890,924,948 : -0.332746
406,627,748,802,903 : -0.365187
410,721,807,833,909 : -0.318552
412,590,701,988,998 : -0.384194
413,507,801,893,949 : -0.368323
417,432,579,969,978 : -0.342385
421,523,741,795,846 : -0.287434
439,465,831,898,925 : -0.356219
448,519,727,840,879 : -0.35856
457,552,660,720,811 : -0.314994
461,544,651,719,769 : -0.258291
462,604,627,771,989 : -0.339332
467,488,585,666,706 : -0.390137
477,492,567,601,676 : -0.301912
487,498,557,723,794 : -0.289194
487,541,759,858,952 : -0.366164
490,514,617,800,870 : -0.199878
497,607,740,760,964 : -0.305386
498,629,639,663,781 : -0.377106
499,505,652,871,919 : -0.316681
502,782,838,900,947 : -0.362902
508,550,695,776,786 : -0.422552
515,519,557,707,850 : -0.291321
522,577,646,895,947 : -0.256886
523,603,725,751,889 : -0.327371
526,553,557,685,915 : -0.357395
526,769,857,986,992 : -0.212663
558,590,652,747,905 : -0.299215
582,604,722,734,829 : -0.329698
591,603,718,855,878 : -0.373658
599,612,621,741,914 : -0.337771
613,644,726,786,981 : -0.364445
626,627,635,794,951 : -0.268449
628,646,690,782,990 : -0.367307
641,664,784,785,908 : -0.259834
682,727,743,826,993 : -0.453759
716,837,928,941,973 : -0.302684
0,33,306,386,400,598 : -0.340945
0,78,87,637,692,799 : -0.35362
0,112,142,288,551,895 : -0.317573
0,114,580,656,732,983 : -0.414059
0,207,374,379,406,732 : -0.342022
1,265,303,342,559,796 : -0.337179
2,7,16,50,185,485 : -0.283594
2,58,102,469,494,640 : -0.422581
2,78,401,733,811,991 : -0.38243
2,85,415,623,632,957 : -0.358047
2,494,611,731,836,886 : -0.364074
3,5,178,345,839,900 : -0.304414
3,171,236,254,282,470 : -0.396783
3,263,702,849,922,940 : -0.34145
5,175,226,508,873,879 : -0.314386
5,200,566,615,699,928 : -0.319588
5,499,605,618,659,831 : -0.360429
6,132,546,603,668,741 : -0.401244
6,139,281,607,901,953 : -0.351362
7,91,397,451,510,908 : -0.328914
7,229,321,583,697,848 : -0.405417
7,551,731,748,895,914 : -0.256832
8,118,197,545,847,871 : -0.34017
8,281,314,381,481,800 : -0.271897
8,329,421,457,580,706 : -0.343787
9,113,293,454,857,944 : -0.292761
9,187,581,595,600,791 : -0.373865
10,47,117,289,571,761 : -0.396865
10,89,177,187,474,503 : -0.355382
10,300,483,501,697,902 : -0.333165
11,62,96,289,801,911 : -0.337999
11,124,472,603,703,708 : -0.387689
11,438,671,755,793,864 : -0.370869
12,23,226,410,498,956 : -0.294964
12,170,303,335,666,741 : -0.354721
12,197,200,223,727,780 : -0.328946
12,264,273,688,698,759 : -0.334075
13,140,272,343,433,562 : -0.318068
13,240,443,493,600,851 : -0.401592
14,225,292,345,688,954 : -0.294024
15,91,423,659,711,766 : -0.298511
15,253,254,421,919,981 : -0.37885
15,347,745,780,894,965 : -0.318799
16,26,80,155,649,828 : -0.249738
16,77,450,883,921,996 : -0.30464
16,366,374,573,857,897 : -0.294261
17,93,126,200,865,922 : -0.355682
17,133,236,791,797,915 : -0.316764
17,240,378,424,661,728 : -0.339684
18,47,87,128,292,737 : -0.306794
19,43,55,359,598,977 : -0.361469
20,73,626,629,684,932 : -0.317114
20,81,122,449,543,896 : -0.419907
20,182,501,590,769,991 : -0.302677
20,200,328,399,756,906 : -0.289685
21,55,243,492,602,678 : -0.365649
21,104,165,273,680,768 : -0.309177
21,341,370,581,592,904 : -0.312364
21,392,587,739,849,859 : -0.32617
22,137,517,575,760,977 : -0.308543
22,227,300,800,839,842 : -0.273318
22,233,484,814,830,834 : -0.348613
22,307,340,348,374,918 : -0.334986
23,32,84,125,174,526 : -0.411746
23,124,241,463,767,939 : -0.321686
23,211,518,598,806,935 : -0.300585
25,256,369,474,741,966 : -0.356792
26,157,323,401,540,589 : -0.302623
26,809,860,909,971,996 : -0.358524
28,64,289,400,705,936 : -0.321523
28,248,255,346,869,949 : -0.37605
29,40,440,630,685,838 : -0.301519
29,53,95,361,694,983 : -0.427088
29,60,119,199,369,680 : -0.388437
30,213,409,411,845,986 : -0.287343
30,468,487,532,927,956 : -0.34232
31,51,476,848,872,976 : -0.300119
31,76,213,601,745,787 : -0.428729
31,425,539,638,722,741 : -0.390011
33,351,663,859,890,929 : -0.376084
34,132,431,577,586,641 : -0.318769
34,361,409,862,966,976 : -0.340642
35,174,370,422,641,673 : -0.354485
36,66,191,348,450,691 : -0.34071
36,105,269,274,605,697 : -0.438713
36,407,660,739,767,816 : -0.300669
37,192,245,261,679,758 : -0.322311
38,61,83,407,487,699 : -0.344645
38,140,273,341,910,960 : -0.298123
39,56,279,586,607,854 : -0.31412
39,124,245,677,764,766 : -0.291809
39,131,533,621,961,978 : -0.353006
39,156,189,364,479,861 : -0.351144
39,197,283,351,614,772 : -0.335995
39,207,220,233,675,966 : -0.293867
39,221,274,860,913,996 : -0.370185
39,382,503,532,660,850 : -0.34227
40,48,520,562,666,795 : -0.292567
40,154,197,354,833,940 : -0.328113
40,256,320,569,667,902 : -0.296942
40,275,310,381,443,874 : -0.385981
41,48,83,175,566,988 : -0.372723
41,131,173,270,624,994 : -0.291609
41,186,298,683,722,869 : -0.33131
41,366,400,574,764,771 : -0.315083
42,340,734,785,948,996 : -0.401759
43,96,520,547,574,677 : -0.300002
44,60,162,704,951,970 : -0.337484
44,68,87,188,308,708 : -0.305713
44,96,107,204,463,532 : -0.337845
44,198,294,603,976,982 : -0.30395
45,246,455,502,706,760 : -0.336369
46,211,272,351,516,905 : -0.332792
47,84,255,271,454,854 : -0.340399
47,155,389,413,673,864 : -0.28957
48,142,475,514,623,684 : -0.359997
48,338,565,637,731,885 : -0.362994
49,197,270,336,699,956 : -0.285536
50,188,287,381,664,772 : -0.325837
51,160,453,517,665,813 : -0.291349
52,138,149,371,430,825 : -0.439904
52,161,279,508,811,842 : -0.325805
53,96,139,269,273,901 : -0.307007
54,88,306,314,658,703 : -0.360606
54,107,157,239,602,686 : -0.354409
54,111,215,260,486,576 : -0.335201
54,146,624,800,841,995 : -0.330166
55,197,334,476,625,702 : -0.351548
56,161,299,486,822,980 : -0.254496
57,123,403,437,824,868 : -0.44965
58,135,265,423,430,729 : -0.373361
58,248,325,435,461,732 : -0.332671
59,560,646,746,899,948 : -0.307743
60,76,524,715,738,965 : -0.340772
60,177,706,829,966,986 : -0.315228
61,109,374,734,738,742 : -0.263008
62,131,388,530,861,872 : -0.272261
62,210,366,424,596,634 : -0.357185
62,259,270,580,761,991 : -0.279523
62,464,791,910,921,955 : -0.36556
63,221,416,485,769,964 : -0.303587
63,266,304,647,860,955 : -0.33105
64,67,121,287,506,559 : -0.35569
64,119,328,801,892,927 : -0.384546
64,130,314,393,409,847 : -0.324562
64,181,505,565,571,752 : -0.362405
65,182,509,545,902,922 : -0.351194
65,246,289,735,764,850 : -0.352584
66,116,128,420,427,507 : -0.413991
66,143,206,610,619,679 : -0.338423
66,229,672,735,774,972 : -0.319361
66,418,517,589,720,980 : -0.272187
67,345,361,426,519,612 : -0.341415
69,204,361,418,839,940 : -0.354562
69,208,512,533,615,687 : -0.362357
71,119,179,218,597,934 : -0.381788
72,253,284,389,529,645 : -0.414014
73,81,213,287,804,967 : -0.309244
73,87,256,349,746,978 : -0.260049
73,155,347,765,777,959 : -0.311822
73,156,357,552,619,795 : -0.357078
73,205,542,775,784,922 : -0.368712
73,242,243,387,676,981 : -0.296893
73,287,315,428,899,999 : -0.266148
73,302,630,737,753,837 : -0.278177
73,312,319,511,569,799 : -0.369889
74,143,302,316,709,731 : -0.307451
74,191,198,277,342,349 : -0.349475
74,343,450,533,545,899 : -0.347402
74,351,424,463,516,705 : -0.328804
75,93,112,485,792,938 : -0.27881
75,208,540,602,816,950 : -0.318983
77,122,180,459,477,694 : -0.411068
77,160,423,748,770,814 : -0.349295
79,220,299,657,806,883 : -0.418131
79,320,821,855,877,902 : -0.322114
80,185,249,565,906,980 : -0.308224
80,255,347,523,634,832 : -0.279993
80,257,296,382,822,891 : -0.268161
81,119,599,648,692,800 : -0.334034
81,196,600,741,846,922 : -0.34356
81,325,508,758,891,943 : -0.323355
82,286,306,551,693,907 : -0.334162
82,390,398,627,721,800 : -0.346895
83,93,256,407,444,483 : -0.293866
83,120,294,523,951,982 : -0.293588
83,523,567,608,627,822 : -0.28607
85,163,203,453,523,676 : -0.319898
85,367,550,661,898,947 : -0.308029
86,527,564,770,888,977 : -0.368968
87,255,449,531,577,875 : -0.298887
89,338,434,462,615,773 : -0.414117
90,149,315,329,490,592 : -0.394057
90,361,383,435,831,977 : -0.357774
91,188,347,352,473,836 : -0.342534
91,487,790,883,884,927 : -0.300689
93,280,333,366,486,560 : -0.35509
94,121,234,898,913,979 : -0.306468
94,174,464,736,819,842 : -0.394235
94,615,743,879,887,940 : -0.342376
95,157,427,461,500,819 : -0.320687
95,189,207,240,412,424 : -0.355411
95,328,356,505,629,676 : -0.349281
95,354,815,879,905,973 : -0.360743
95,522,528,671,693,804 : -0.34283
96,154,424,641,658,821 : -0.332904
97,271,390,636,947,955 : -0.336178
98,113,338,480,567,924 : -0.392679
99,545,644,858,869,932 : -0.370722
99,665,751,763,778,833 : -0.339294
101,311,447,493,626,771 : -0.327251
102,265,329,382,929,988 : -0.437724
103,256,324,431,594,916 : -0.390042
103,292,293,381,409,696 : -0.268998
103,319,495,522,926,962 : -0.393087
103,476,632,665,964,986 : -0.330023
104,109,187,384,410,695 : -0.384842
104,351,640,663,756,964 : -0.357109
104,400,445,708,830,880 : -0.322728
106,145,281,379,434,610 : -0.349271
106,418,744,785,986,997 : -0.261773
106,564,676,737,790,892 : -0.300764
107,144,391,486,490,641 : -0.296145
107,153,271,607,769,790 : -0.248403
107,175,433,635,655,796 : -0.304024
108,157,188,222,290,895 : -0.329103
108,328,492,591,685,740 : -0.333748
108,332,403,747,795,974 : -0.323836
108,566,630,659,843,989 : -0.336155
109,130,263,315,799,808 : -0.331418
110,257,395,511,663,809 : -0.373659
110,268,310,314,328,677 : -0.354954
110,592,627,816,912,920 : -0.284954
112,132,438,447,754,996 : -0.313171
112,210,468,528,675,801 : -0.362621
112,226,359,430,719,945 : -0.277049
112,404,485,527,581,793 : -0.322009
112,408,430,525,667,855 : -0.365518
112,456,478,537,633,722 : -0.345863
113,184,211,483,668,680 : -0.382413
113,189,233,298,461,836 : -0.305766
113,234,420,475,783,843 : -0.328013
114,188,455,481,657,701 : -0.356161
115,343,652,732,767,939 : -0.292718
118,120,324,558,609,631 : -0.393064
118,208,514,585,602,843 : -0.341007
118,263,387,460,562,672 : -0.281418
119,414,547,886,958,960 : -0.36996
120,426,480,560,850,965 : -0.330307
120,443,572,577,578,630 : -0.311078
121,128,181,240,455,757 : -0.388607
121,336,360,411,429,463 : -0.325137
121,357,523,587,822,931 : -0.269603
122,174,561,616,978,981 : -0.382459
123,150,227,301,365,584 : -0.455582
123,382,497,716,721,828 : -0.37899
124,297,722,770,772,832 : -0.314911
124,451,574,721,736,998 : -0.363689
125,252,492,706,918,949 : -0.362634
125,449,498,527,539,657 : -0.340715
126,167,480,576,677,938 : -0.310312
126,296,481,721,742,928 : -0.25048
127,162,211,341,696,971 : -0.335745
127,418,552,665,776,915 : -0.368893
128,389,492,604,862,979 : -0.289344
130,216,484,726,825,930 : -0.376179
130,293,430,436,506,566 : -0.328
133,230,282,390,922,958 : -0.330932
133,300,445,641,729,965 : -0.294655
133,406,569,616,767,774 : -0.392919
133,726,768,822,921,984 : -0.310302
134,194,408,489,857,994 : -0.359598
134,202,350,503,592,661 : -0.32754
134,688,691,707,727,979 : -0.313781
135,257,315,442,506,534 : -0.33897
136,218,232,648,679,899 : -0.371993
139,282,350,361,457,857 : -0.295635
140,174,287,349,700,917 : -0.324678
140,313,350,362,882,945 : -0.406555
141,183,402,527,756,833 : -0.28124
143,287,477,586,869,957 : -0.305941
144,499,696,857,870,879 : -0.303559
145,441,466,661,676,791 : -0.381581
146,268,378,614,922,931 : -0.330898
147,332,450,541,571,956 : -0.344556
148,246,322,486,783,853 : -0.410617
149,228,745,751,913,973 : -0.3945
151,161,486,727,946,982 : -0.239058
151,180,281,284,716,940 : -0.366246
151,271,560,666,916,997 : -0.270975
151,275,564,608,872,987 : -0.261399
151,500,576,704,765,832 : -0.307051
152,211,226,417,420,939 : -0.328797
153,166,219,395,928,948 : -0.328192
153,198,288,394,499,848 : -0.312712
153,404,449,478,654,848 : -0.310069
153,600,621,704,794,924 : -0.363525
154,283,518,758,763,939 : -0.27265
154,384,704,795,810,970 : -0.316387
155,176,245,254,478,829 : -0.325704
155,408,623,651,711,910 : -0.301385
157,340,373,686,859,906 : -0.360474
158,427,790,807,854,894 : -0.286451
159,270,296,498,545,994 : -0.293654
160,178,195,440,948,999 : -0.290129
161,226,238,254,570,606 : -0.316344
162,246,522,758,812,830 : -0.304959
163,226,537,575,617,794 : -0.36003
163,402,463,487,758,823 : -0.268458
165,391,529,635,679,895 : -0.349435
166,285,680,714,737,969 : -0.365923
166,433,519,718,767,798 : -0.42619
167,168,323,329,445,866 : -0.369507
167,292,300,404,521,649 : -0.258548
167,306,336,634,821,862 : -0.249516
167,432,671,683,731,997 : -0.2494
168,177,330,407,870,916 : -0.330815
169,362,429,514,692,727 : -0.328857
170,230,308,433,513,842 : -0.312944
173,203,239,392,570,982 : -0.388592
173,284,367,431,588,795 : -0.409221
174,277,524,662,692,965 : -0.305516
174,312,350,562,602,862 : -0.283934
176,251,319,497,586,728 : -0.39453
178,345,429,534,613,910 : -0.364231
179,288,356,616,790,871 : -0.369266
181,211,446,560,690,710 : -0.363031
181,361,648,824,951,971 : -0.310509
182,281,305,394,557,975 : -0.357088
185,536,668,810,936,946 : -0.361608
187,236,290,414,542,780 : -0.340796
189,196,302,325,711,760 : -0.31425
190,357,590,758,848,887 : -0.383361
190,363,408,439,626,917 : -0.395195
191,231,371,429,470,740 : -0.350656
191,286,397,902,939,967 : -0.378755
192,268,272,817,896,923 : -0.353568
194,203,608,823,891,937 : -0.359733
195,217,485,547,840,925 : -0.397083
195,296,383,420,655,994 : -0.385587
196,266,450,607,815,824 : -0.336012
200,720,730,844,846,938 : -0.342282
201,334,623,790,931,977 : -0.302131
202,255,362,477,516,788 : -0.327042
202,367,426,580,726,998 : -0.357137
206,292,306,325,740,958 : -0.258327
206,326,428,554,645,672 : -0.327568
207,280,318,607,761,867 : -0.309221
208,303,369,495,727,969 : -0.406883
209,432,445,713,954,962 : -0.355951
209,657,678,728,828,845 : -0.334011
211,295,814,937,964,971 : -0.347204
212,404,765,804,891,967 : -0.257071
212,485,622,747,898,984 : -0.307875
213,389,481,795,835,845 : -0.285967
217,237,542,688,763,873 : -0.311954
219,328,546,688,773,819 : -0.380832
219,469,475,521,559,738 : -0.33935
221,247,488,906,925,993 : -0.373153
222,336,403,418,679,771 : -0.340031
223,665,751,781,803,953 : -0.363305
224,227,509,703,766,925 : -0.367673
224,489,646,744,869,939 : -0.392142
225,227,278,613,750,902 : -0.312625
225,275,501,811,893,990 : -0.377797
225,345,490,492,514,635 : -0.315056
225,485,582,662,681,862 : -0.285892
227,280,609,721,888,891 : -0.326121
227,336,702,765,835,837 : -0.267172
228,303,386,691,817,889 : -0.336729
230,342,564,637,914,986 : -0.271258
232,277,294,607,796,869 : -0.271312
233,242,358,530,672,825 : -0.310331
233,636,642,702,909,974 : -0.303368
233,714,724,828,869,895 : -0.28064
234,363,373,393,529,681 : -0.377641
235,270,345,670,771,800 : -0.305298
239,241,497,629,684,966 : -0.37463
242,362,569,658,714,898 : -0.325439
244,275,630,802,875,998 : -0.278308
245,293,650,679,744,873 : -0.326894
245,314,519,557,596,763 : -0.315411
249,339,379,822,897,960 : -0.367535
249,551,721,899,932,994 : -0.281651
250,374,563,649,701,973 : -0.354738
252,378,379,436,824,835 : -0.378201
252,422,458,554,743,957 : -0.420915
254,272,453,521,665,673 : -0.32556
254,321,364,442,480,771 : -0.328222
256,300,520,535,544,548 : -0.334444
257,273,285,551,700,812 : -0.338924
257,346,398,573,802,874 : -0.301324
257,411,490,580,872,912 : -0.312886
259,295,350,539,727,970 : -0.348866
261,374,450,589,648,935 : -0.280199
262,296,505,617,696,737 : -0.32375
262,526,684,738,746,884 : -0.353008
267,408,765,813,947,991 : -0.334233
268,354,569,796,875,974 : -0.313771
268,379,456,705,957,978 : -0.315456
270,477,511,522,834,924 : -0.358977
271,384,503,677,956,974 : -0.288076
271,431,553,733,935,971 : -0.337119
273,319,352,428,750,801 : -0.380927
273,396,600,634,661,937 : -0.25334
273,465,767,825,871,881 : -0.292196
278,528,626,631,732,817 : -0.339633
280,821,825,837,871,995 : -0.304615
283,370,528,729,751,903 : -0.358027
283,417,658,750,820,987 : -0.321404
284,390,611,714,882,888 : -0.362927
288,343,478,494,613,863 : -0.328526
290,306,388,715,862,932 : -0.222548
292,394,419,643,891,991 : -0.36144
292,396,630,635,810,856 : -0.31793
292,481,721,771,810,820 : -0.265923
293,307,615,628,810,841 : -0.319275
297,355,716,721,934,979 : -0.349503
299,337,854,873,900,991 : -0.362097
300,536,550,601,606,747 : -0.317828
303,326,572,641,679,975 : -0.374504
303,371,481,643,689,764 : -0.375539
305,307,520,715,810,915 : -0.320446
305,412,718,774,775,950 : -0.407893
306,451,617,721,818,944 : -0.323769
308,425,478,808,825,942 : -0.374185
313,517,671,756,877,967 : -0.344898
314,340,357,493,578,740 : -0.28743
315,501,521,662,899,992 : -0.280571
321,493,497,592,659,749 : -0.2794
323,411,452,500,542,849 : -0.332069
331,335,444,563,740,769 : -0.324726
333,592,711,749,842,994 : -0.297461
334,362,490,608,609,870 : -0.31696
336,633,672,759,908,922 : -0.33678
339,551,662,743,744,915 : -0.332653
343,353,765,802,830,978 : -0.301611
344,460,532,647,670,747 : -0.360735
346,445,585,600,782,978 : -0.393875
349,394,418,510,614,918 : -0.336447
349,509,649,709,723,735 : -0.361761
351,658,728,885,944,951 : -0.323666
352,432,486,587,785,956 : -0.271317
355,380,487,488,541,960 : -0.322704
358,413,415,549,601,894 : -0.315996
363,545,717,723,741,796 : -0.329347
372,538,553,838,939,941 : -0.386763
374,518,534,693,725,999 : -0.310024
378,439,447,473,803,808 : -0.305974
385,475,555,641,717,888 : -0.383333
388,391,648,714,941,965 : -0.269476
389,436,447,598,674,681 : -0.389105
391,413,462,705,765,854 : -0.294247
408,428,629,686,802,950 : -0.338567
412,591,627,654,796,958 : -0.316826
414,561,731,744,769,945 : -0.356559
419,473,520,784,790,834 : -0.358383
423,530,607,651,722,826 : -0.333658
424,634,710,807,873,926 : -0.301614
435,478,535,594,613,775 : -0.342586
446,466,530,535,664,780 : -0.342837
447,639,743,772,857,959 : -0.313823
448,507,569,655,822,951 : -0.308494
461,463,520,750,830,875 : -0.271064
484,538,742,806,883,964 : -0.335062
486,523,657,715,901,929 : -0.294465
491,628,660,835,903,908 : -0.335367
506,673,731,916,946,999 : -0.327231
551,558,641,763,928,947 : -0.244307
562,714,742,780,869,904 : -0.270101
616,731,926,942,963,996 : -0.364832
621,645,729,766,979,985 : -0.392817
625,714,725,840,881,917 : -0.369615
641,691,702,776,827,850 : -0.359082
642,687,703,772,787,976 : -0.394312
