88,327,352
13,235,651,656
343,690
6,931
23,117,378
168,848
235,723,742,940
127,448
274,617
29,63,133,515
15,582
240,291
345,920
247,670
74,343,399,485
298,402,616,638
134,657
173,308
63,999
31,372
251,327,507
124,154
11,152,194,336
376,597,837
828,909
12,358,578
104,274,414,939
787,886,970
339,843
2,143,784
287,832
178,840
58,373
306,701
314,876
368,522
24,112
70,713
111,553,632,907
447,974
14,438,766
365,627
333,802
155,270,436,966
179,418
348,414
24,115
521,823
50,121
217,624
63,319
43,314,350,388
333,685
74,126
120,188,205,518
45,840
763,784
45,127
56,500
67,873
440,558,829
144,494
433,762
318,539
534,696
423,569,666
117,347,556
96,772
6,556,936
87,233,831
541,858,913
210,283,597
174,189,464
38,568
265,528
24,91
37,128
334,532
522,805
31,57,253
13,278,415,727
1,97
555,642
36,289
36,240
57,324,470,799
550,604
116,227,812,1000
92,147,232
587,861
20,523
545,593,896
22,276,664,871
160,232
72,256
212,421,510
48,72,267,388
14,508
283,444,677,877
71,746
229,354
219,889
573,877
64,98
363,649,708
174,358
29,33,214
60,73
488,779
146,233
141,725
49,92,695
835,920
102,349
44,217,371,563
271,752
10,266,511,860
96,109
360,477
316,673,688
84,757
198,850
27,97,317,322
26,674
110,289,615
369,594
30,198
354,808
26,182
427,854
69,666
30,132,138,514
132,133
416,564
858,899
127,968,983
113,504,777,946
310,359,879
291,915
761,925
288,295,629
308,600
935,988
621,983
278,546,744,973
152,373,747,891
40,450,667
85,154,164,764
284,429,838
698,838,843
66,256
43,228
304,710
383,795
166,299,397
62,567
41,142,149,423
66,353,678
128,170,189,954
386,858
566,775
792,823
211,218
621,901
87,808
5,36,100,257
177,531
434,790
282,346
122,571
113,250,469,558
215,241,386
405,897
249,345,486,784
376,929
89,393,847
231,393,979
222,611,639,731
22,103
78,281
360,872,979
201,487,614
8,31
43,178,256
225,963
30,266,335
7,403,643
899,940
24,59,813,986
48,313
25,136,344
13,108
80,292
79,793
129,856
197,306,331
780,785
455,872
679,685,945
121,429,430,628
453,477
38,486,560,569
187,511
150,563
187,830
296,554,904
635,770
48,91,928
224,446
49,336
514,954
20,787,822
143,862,890
12,52
43,118,758
407,429,473,484
628,908
99,166,390,668
107,575,953
487,837
32,362
501,686
172,728
241,845
388,793
195,684
137,170,370
621,965
90,542,824
14,74,346
18,98
81,956
590,591
57,83,311
105,748,926
293,993
47,419
1,122,366,367
195,277,947
184,272,850,885
262,698
154,488
41,940
14,57,247,549
288,640
234,521
235,961
107,148,189,974
694,903
195,240,532
362,383
186,436,743,918
142,206,283,649
70,172,239,441
98,389,572
103,106,258,285
179,416,962
66,73,158,669
23,67,529,673
25,905
206,379,876
92,177,980
68,902
376,482
21,546
18,177
88,197,564
396,725,933
105,440
139,207
5,122
527,603
213,488,623
395,702
754,991
76,500
94,952
769,907
353,536
324,643
517,794
137,586,750
15,424,639
24,66
143,960
45,507,835
515,595,617
607,706
199,277,407,626
202,382
128,233,893
101,225,231
224,364
216,533
89,721
51,120,315,841
71,135,957
162,243,663,839
98,385,680
154,324
239,277,722
47,303
26,375
369,391,502
517,611
37,393
4,900
92,271,396
164,807
373,431
138,242,329,910
409,634,716
78,168
147,320,545
93,460
403,954
203,799
298,672
74,714
61,338
319,821
617,726,950
134,449
131,334
259,913
52,633,791
290,435,620,720
167,659,886
326,894
367,808
61,294
122,339,400
421,530
188,222,560
248,788,869
201,338,519
268,368
121,734
239,662
555,788,919
267,776
534,569
302,384
58,851
199,735
379,729
58,266
58,670,737
32,943,953
15,302
77,803
493,594
389,648,936
201,423
358,575,590
59,169,794,976
180,581
127,1000
20,216,522
223,409,688
919,922,982
97,356,487
380,683
144,541
184,211
141,177,543
123,158
8,319,711,885
78,142,259,601
412,458
303,631
18,100,704
209,449,890
171,827
250,265,494
280,424,623
19,93
149,445
364,608
77,311
88,999
158,764
203,417,445
233,663
475,809
1,84,457
8,10
437,732
3,334
371,772
592,896
274,348,537
579,950
111,640
96,229,497
468,540
237,570
82,791,839
254,365,490
68,380,618
121,619
367,613
193,362
115,445
152,318
233,847
6,956
4,61,272,909
52,307
51,115
337,620,680
235,583,935
63,691
40,129,414,790
650,785
283,804
601,989
718,806
332,718,888
780,826,916
315,551
104,403
5,114,859
265,946
476,798
221,228
201,376
642,714
124,988
32,106,139
5,65,465
351,848
53,264,394
358,428
115,119,241
330,495
64,147,389
473,883
51,224,864
4,67,470
22,341
341,681,884
291,395
466,524
146,352,865
80,777
139,238,616
466,538
22,193
54,65,121,847
35,219
10,589,718,806
181,292
110,262,430
106,239
35,775
467,634
19,58
99,171,903
881,970
471,921
340,482
250,537,665
103,299
128,596
95,627
118,660
122,746,943
498,975
31,242
414,952
432,953
108,576
49,300,464
313,901
46,554
551,866
16,62,197,475
69,364,565
677,938
83,327
76,137
297,902
54,461
665,912
280,519
261,586,795
377,448,733,961
437,883
220,531
196,570
102,208,328,842
148,724
38,60
238,570,824
500,940
10,29,741,851
317,390,668
26,355,568
279,332
11,43
236,472,550
692,772
23,194,372,504
209,985
93,826
143,278,651
350,758,864
115,496,645
119,795
146,472
33,564
585,967
168,293
610,707,898
3,110,160,947
248,760
217,774
3,70,273
125,129,916
179,971
32,752
94,499
205,241
112,205,690
118,454,895
390,834
16,55,155,938
82,90
422,553
353,901
16,56
306,475
167,972
404,647
300,365
135,736
606,805
75,491,655
266,650,665
10,922
196,287,386,874
28,110,273
158,599
467,587
194,356,372,409
646,681
133,701,873
58,523,654
150,540,623
314,773
204,477
468,901
55,152,386
16,213,259
660,776
712,882
9,475,508,929
111,257,543
30,327,470
40,133,970
342,515
459,803,892
134,492,817
11,462,911
504,836
608,747
129,390,783
53,351
687,811,914
249,361,798
161,802
42,57,882
618,865
512,875
36,156,859
30,583,746,786
91,210,743,961
35,539,745
87,333
177,199
421,445
16,116,729
781,889
244,758
183,218,312,495
240,299
303,499,815
712,829,962
418,611
1,915
411,642
170,696
277,992
192,212,565
49,225,585,955
581,796
375,398
135,199,393
130,299
352,412,573,699
234,691
136,615
143,479,816
154,568,612,763
73,221,486
253,294,311,644
479,519
17,208,571
889,914,968
314,723,924
65,898
633,831
83,659
203,274
126,228,769
862,880
84,947
257,585
29,883
142,398,566,951
47,628
413,466
274,390,749
420,806
834,954
73,918
61,810
252,476
117,487,851
192,574,817,891
37,166,276
155,705
36,229,430,769
141,944
243,531,697
113,480
423,708
120,196,518
168,169,928
37,86,290
44,323,411
60,363
20,46,329
610,697
96,107
28,907
10,644,870
251,712,786
38,560
166,341,478,980
354,782,943
16,973
164,656
39,846
24,498
40,90,129
81,243
356,589
348,352,474,845
157,810
21,55,226
56,284
287,394,546
543,721
340,995
237,301
132,426
71,326,684
51,448,583,708
11,164
35,228,534
661,738
301,313,345,832
1,12,102
23,138
334,594
33,251,272
576,733
94,287
124,494
54,599
8,856
28,676
171,413
604,931
200,450
726,910
641,986
45,142,150,814
161,192
432,457
23,184,266,293
481,878
22,229
51,252
88,605
11,417
48,993
236,491
155,692
176,598,786,828
78,906
52,82,374
105,132
296,606,667,941
26,34,222
267,832
203,450
361,446
608,694
15,961
16,932
47,325,855
25,37,397
88,251
100,613
202,427
6,55,282
68,997
451,849
165,364
149,444
82,849
770,860
233,593
383,422,859
16,210,379,510
97,416
675,860
496,658,984
100,232
318,345
79,109
604,797,894,936
68,446,540
63,77
179,535
329,549,972
6,756
336,664
2,186,313
311,499
229,652,752
63,191,323,760
54,185,304,542
8,584
17,392
74,93,837
60,243,310,790
17,497
37,145,448
188,445
190,378,535,909
302,793
293,758
27,218
86,461,577
203,272,673,826
9,926,998
231,366,908,992
175,402,949
715,967
210,264
260,470
13,848
34,542,979
73,928
33,597
430,911
108,817
213,498
280,968
99,228,235
150,408,934
130,533
630,756
3,220,246
23,572,984
263,647
64,520
61,331,978
25,87
186,548,782,993
46,130
46,126,130,564
92,337
195,267,533,603
51,897
1,80
49,101
66,227,723
214,682
105,754,969
20,463
21,35,314,525
192,384,719,811
75,451
592,820
119,182,388,566
371,697,739
67,151,316
60,221,408
182,206,804,977
196,209,375,696
32,89,706
269,925
516,865
49,65,102,308
15,995
95,662
118,182,965
153,514
102,128,381
9,58,414,504
15,180,398
119,591
890,927
243,819
224,256,677,775
337,637
359,455,653,692
71,559
160,181,739,957
46,618
236,625
71,101
192,702,730,989
119,951
88,282,378
100,140,724
42,818
387,951
207,878,884
38,292,432
152,293,657
565,913
59,261
382,713
123,261,267
6,121
32,819
140,358,715
298,304,357,545
45,418
342,422,821
181,735
1,633,964
369,435,451,512
231,238,630,948
268,904
582,848
556,619,967
84,567,753
412,624
283,660
127,286
77,440
25,509
505,578
483,834
124,410
351,813,877
258,357
269,485
217,420
521,850
635,774
30,335
526,579
12,18,70,336
614,675,760
40,368
155,958
60,977
12,107,300,557
4,113,316,605
100,497,755
420,496
352,416
220,994
150,996
62,391
39,299
145,574,976
247,275,785
53,565
370,674
66,226,237
658,714
42,187,309,941
226,384,803,841
91,812,895
173,381,728
880,918
386,418,524,601
35,152,949
190,675
364,370,730
176,223,852
374,604
594,602
20,462,483
30,200
5,257,636
324,335
407,859
46,329
77,332,378,822
136,305
126,527,624,748
557,607
106,609
53,657
37,240
195,225,360,686
106,428
258,397
174,553
506,584
148,974
36,401
30,829
95,599
89,236
269,442
213,547
105,537
91,895
57,74,716,788
26,355,398,525
348,598
99,297,395,911
62,362
28,493
7,754
14,83,869
181,391,615,839
249,565,659,884
491,577
47,324
81,396
232,464
375,510
550,671,797
81,227,871
19,275,527,693
462,674
59,377
230,707
22,153
8,737
222,270,351,740
315,488,586
156,369
165,547,623
84,437
296,688
229,439
157,387
270,745
336,868
530,747
361,705
151,340,815
747,937
114,615
739,898
165,213
78,986
185,477
159,228,380
309,316,317,990
137,738
290,561,868
532,868
85,468,740,975
25,964
10,190,822
289,407
132,340
144,683,951
80,505
475,688
384,525,768,800
283,536
387,460
109,307,698
312,534,842
148,204
52,193,620,655
3,121
779,979
541,583
111,559
370,784
18,122,456
150,466
89,139
117,133,420,760
664,915
15,79,152
169,297
89,280
381,557
94,766
76,559,981
593,987
161,287
74,582
42,77
42,126,216
532,607,757,872
547,985
21,123,547,778
69,696
210,678,880
12,71
12,648
388,912
4,266
704,957
439,698
121,706
173,620
825,927
9,999
131,160,180,501
15,38
244,867
481,671
39,619
252,738,742
50,490
295,765
428,959
90,833
127,877
16,562
75,908
120,405
21,56,661
141,812,866
174,543
48,182
132,191,617,751
39,959
473,552
9,151,321,584
10,378
161,224,581
126,659
78,576,892
115,719,985
923,930
11,840
49,843
260,368,926
7,234,419,927
116,690,897
13,165,687
195,637
54,288
380,444
85,968
151,415
148,553
421,516,641
544,668
94,303
23,759
520,559,963
3,288,307,647
495,587
174,959
15,215,983
392,402
189,262,295,875
185,393
145,170,840
41,51,123,388
506,749,950
406,918
54,238,300
425,924
176,275,325
115,966
183,828
106,441
322,926
774,815
92,177,400
234,317,558,886
95,609
24,750
483,860,888
356,579
476,934,937
796,937
19,133,718,922
281,443
590,947
572,942
202,310,807
114,853
104,344
683,993
44,508
528,711
171,252
50,305,896
53,278,827
14,411
323,836
551,920
214,958
354,465
4,738
212,899
489,710
86,401,736,772
145,171,814
172,257,724
85,405
463,467
335,691
292,797,944
143,297,498
26,476
83,295,588
286,287
98,542
145,150
329,330,801
450,580
435,509,680
322,658,970
184,356
28,185,208
349,362
62,289,802
157,342,748
132,296
109,173,208
93,438,845
43,351,874
272,429,478,687
44,203
552,561
120,373
231,400
349,458,755
101,285
572,598
41,863
38,235
762,835
53,350
55,581
241,876
394,996
326,767
18,50,359,493
600,607
87,166
51,79,165,492
118,449,621
17,710
60,611,651,666
891,996
544,701
192,262
237,375
467,548
392,484
187,387,761
670,839
24,417,468,494
107,404,557,820
25,98
245,717,923
215,889
523,952
219,645
209,583
440,460
512,842
206,226,965
19,480
616,781
282,946
52,593,627
255,308,893,994
310,898
366,931
339,879
478,596
74,829
368,426
673,929
21,406
669,805
8,125,549
302,471
857,885
53,145,536
209,488
18,915
244,880
8,30
206,433
253,387
251,635
296,453
65,172
401,883
7,595
736,933
578,871
207,592
548,851
325,427,991
34,149
464,629,736
330,972
235,315,771
56,519
196,410
27,169,173
394,973
260,526
271,289,680
190,580
159,539
81,550
298,994
230,242,458,526
114,382,461,692
9,234,869
193,220,592,896
381,610
110,304
293,602
684,846
40,343,644
867,937
82,96,258,472
229,481
514,667
13,436
81,422
428,607
264,281
348,922
95,148,801
69,492
167,929
254,490,577
26,178,261
400,585
54,359
263,844
327,991
149,906
321,749
434,783,990
175,483
70,255
269,558
847,923
131,424,459,795
200,214,230
70,260
157,184
570,608,719
9,176,682
234,726,941
162,174
300,662
134,143
48,108,286
35,140,630,971
188,210,244
209,210,278
50,308,820
57,323
555,689
292,632
101,255,305
231,339,646
425,702,887
359,636
595,771,919
392,484,987
146,181,707
159,244,591
108,363
695,890,903
320,502
178,517
54,622,632,853
12,307,640,713
180,215
39,50,254
144,568
202,298,349,652
114,218,678,991
42,507
382,753
84,472
60,410,899
191,834
279,615
857,927
32,162
44,990
230,480,634
234,544
151,187,777
399,595
377,534
140,308,457
147,646
8,21,861
153,396
350,395
204,791
129,338
130,587
75,878
47,190
57,403
145,219,516
17,239,320
255,686,703,753
31,218
29,598
552,625
6,672
65,707
30,31,77,787
279,709
129,343
25,173
785,854
7,917
666,863
116,249,864,887
1,84,337
503,726,855
436,641,976
112,131
350,517,574,906
87,153,246
326,512,781,807
426,942
28,139,536,626
161,863
20,187
215,415
791,844
107,831
1,464
39,288
318,816,862
930,949
199,663
176,837
76,137,256,656
374,400,477
328,349,894
395,462
111,262
69,124
167,317
451,520,948
17,37,767
524,649
326,339
309,427,792
939,982
867,930
79,280,566,576
143,224,301
312,589,969
58,274,426
5,208
42,316,978,982
157,885
613,626,637
170,618
297,394,800
301,525,730,985
78,436
76,425,932,966
19,511,900
41,563
142,382,867,946
590,653
6,199
34,911
41,989
492,678
225,567
27,321,434
15,677
11,91
532,640
857,912
193,489
295,334,721
631,665
85,131,410
96,700
281,546,612
144,281
612,775
310,451,755,756
147,263,333
158,302
389,435,752,871
332,855
520,882
429,838
548,701
469,674
389,502,596
81,875
29,97,503,826
101,512
689,759
183,340
208,432
47,786
656,694
68,245,539
245,353
23,250
132,325,420,485
55,363
96,304,465
168,169
452,845
498,669
217,411,595,650
238,255,561
56,413
13,622
45,192
175,558
117,346,631
332,419
147,625
219,270,813
285,857
130,882
64,616
180,789
97,200,323
353,413,874
452,522
438,910
101,365
849,992
40,138,248,511
24,501,814,816
497,611
237,794
276,613
13,417,443
24,479,608
223,759
28,114
648,992
103,368
225,735
331,668,777
344,652,735,853
123,264
138,167,790
215,773
34,212
33,827
337,938
222,275
442,654
33,544
10,535
376,900
44,197,886
417,562
156,455,622,638
603,693
114,337
211,251,409,823
116,938
68,170
119,415
567,769
27,216
110,128,453,594
12,246
53,264,494,864
73,406,431
549,564
79,112
52,290
538,945
369,681,818
188,510
89,103
33,469,741
211,495,939
113,275,682
82,322
165,318
69,149,705
312,321,476,888
47,56
84,767
90,273,430,700
214,588
392,610
78,306
161,168
198,605,634
75,578
699,809
377,418
170,408,479
543,652
14,125,446
144,408
505,609,807
431,897
156,371
321,852
406,444
40,46
344,385
11,560,973
89,146
313,377,471,492
27,722
110,162
61,63,411,916
574,975
247,325
76,204,360,887
268,440
38,459
191,881
32,862
200,783
11,38,651
51,198
116,996
52,357
3,271,894
119,744
717,935
292,371,404,599
205,602
693,942
232,509,575
115,570
397,542
454,541
14,537
319,342,614
131,190,649
435,629,732,844
207,397
122,798
59,727
631,635
257,375
566,569
43,501
341,884
61,91,846
562,638
47,312,751,830
259,866,932
147,484,779
28,80
22,105
72,284,471,924
468,873,909
398,816
185,478,746
22,105,366,981
540,835,975
118,219
20,917
419,810
45,227,657
79,361
230,348,514
186,284
50,713
2,73
376,450,605
17,139
556,838
138,854
156,160
57,248,306,458
159,804
79,249,601
211,508
43,762
361,742,764,988
524,693
22,535,822
280,618
137,363,421,433
92,552
116,778
59,145,804
721,967
128,181
73,472
904,910
69,500,998
513,902,958
254,781
90,358
800,958
221,449,811
272,480
39,823
62,204
357,428,457
31,511,917
31,133
49,957
64,135,455,715
164,771
167,230,962
2,536,687
260,332,463
347,969
28,632
294,675,810
506,990
519,568
262,285
399,773
70,453,620
80,153,172,290
493,531,676
163,575
213,379
55,425
321,789
125,330
496,587
900,972
513,778
258,327,639,821
65,202
197,248,799
175,311
7,242
70,447,679
175,331,390,682
562,727
216,218,352
5,62,567
62,489,933
212,812
44,104
95,456,732
151,573
183,265
162,379,539,960
45,731
214,223
309,339,391
22,141,578
135,439
41,284
43,504
220,627
776,934
68,517
9,761
108,172,346,378
33,279,515,722
50,103
5,65
21,158,602,935
