313,901
156,371
82,322
142,206,283,649
260,332,463
15,215,983
43,228
3,220,246
155,705
62,289,802
236,755
94,766
221,949
144,188,228,384
184,272,850,885
274,390,749
89,139
42,507
102,208,328,842
12,52
4,738
154,488
9,58,414,504
93,460
282,946
89,721
268,553
163,232,291,344
53,145,536
281,443
273,333,609
184,268
195,277,947
658,714
556,838
56,108,155,903
167,230,962
607,706
394,973
341,681,884
573,877
62,362
528,709
309,888
305,767
44,603,856
70,260
44,130,438,792
93,826
59,742
260,526
311,499
88,605
337,637
87,808
394,996
496,658,984
34,302,601
47,303
362,383
300,662
76,559,981
248,760
279,709
170,408,479
5,426,541
175,311
718,806
534,696
42,535
572,598
388,912
108,576
8,319,711,885
103,685,703
220,994
379,729
315,488,586
303,631
214,223
399,595
147,202,571,686
73,918
310,359,879
29,598
311,597
203,274
117,133,420,760
581,796
225,567
474,579
134,449
53,657
25,509
47,628
124,154
446,510,530
231,366,908,992
89,146
471,921
74,714
37,145,448
83,176,399
451,520,948
179,194,201,294
104,344
340,995
495,587
368,522
163,391,963
60,977
389,648,936
8,31
322,658,970
19,191,325,442
111,123,893
431,897
43,351,874
3,271,894
189,305,354,366
11,164
312,589,606
121,706
210,283,597
29,63,133,515
58,373
513,902,958
288,640
31,511,917
400,585
7,595
4,113,316,605
418,611
73,928
405,897
437,732
16,210,379,510
199,277,407,626
153,514
231,339,646
277,943
328,349,894
213,683
253,387
345,920
24,498
665,912
160,232
113,821
4,900
192,574,817,891
146,352,865
141,812,866
241,845
314,723,924
62,285
258,397
75,207,700
527,603
41,386,866
276,344,629,672
174,872
179,598
1,84,337
99,444,538
29,754
16,55,155,938
49,101
66,227,723
36,48,748,764
234,317,558,886
21,363
170,696
179,971
23,67,529,673
105,754,969
158,764
253,294,311,644
630,756
39,823
49,225,585,955
106,428
255,308,893,994
68,517
56,413
140,308,457
96,107
250,537,665
36,401
117,347,556
754,991
329,330,801
138,167,790
80,782
107,575,953
10,190,822
41,284
141,236,893
52,357
128,181
1,915
110,128,453,594
71,326,684
23,805
64,98
13,622
23,194,372,504
376,482
15,995
530,747
118,660
24,417,468,494
309,427,792
208,432
293,758
6,931
375,510
110,162
165,213
447,490
434,790
196,287,386,874
107,148,189,974
167,972
269,925
33,469,741
141,177,543
439,698
27,67
428,607
251,635
52,593,627
6,199
118,237
60,410,899
30,327,470
97,573
133,701,873
732,964
65,320
523,952
121,619
555,642
409,634,716
97,416
177,199
336,868
891,996
167,317
548,851
244,867
14,125,446
20,485,544,624
53,264,494,864
80,491
73,221,486
359,636
55,363
158,599
46,126,130,564
24,91
54,288
40,90,129
262,285
45,142,150,814
27,828
16,56
282,346
129,390,783
13,417,443
114,218,678,991
296,453
130,587
437,636
326,339
557,607
210,678,880
176,338
172,257,724
146,181,707
118,454,895
148,204
37,879
269,515,716
23,117,378
247,325
33,597
30,132,138,514
161,192
24,750
183,184,597,606
27,97,317,322
216,218,352
186,436,743,918
605,699,830
77,331
353,536
235,723,742,940
124,494
342,515
56,284
334,357,383
207,592
175,331,390,682
142,789
125,614
509,728,907
386,858
347,749,825
365,802
302,793
402,655
51,252
61,294
18,177
320,502
31,218
93,438,845
131,334
81,956
715,831
475,809
269,442
10,266,511,860
11,560,973
220,531
119,795
30,198
145,171,814
346,850,978
370,733
241,876
221,744
80,505
354,782,943
224,256,677,775
348,352,474,845
711,741,870
548,701
8,737
406,944
209,538
18,122,456
211,495,939
131,424,459,795
4,27,852
243,819
9,761
250,265,494
128,392,561
436,641,976
32,89,706
95,456,732
613,626,637
9,926,998
186,431
150,540,623
145,170,840
318,932
102,349
1,80
420,496
37,240
280,968
265,528
890,927
254,619
182,345
156,994
517,611
736,933
144,494
81,422
631,665
587,861
209,488
382,441,491
107,185
223,335
120,196,518
94,952
17,100
201,376
157,810
642,768
148,974
467,587
7,346
113,737
68,186,423
48,91,928
481,671
225,963
34,53,977
287,832
159,205,586
377,448,733,961
514,954
34,911
566,775
355,574
88,327,352
268,440
6,756
5,122
28,907
22,276,664,871
68,245,539
9,234,869
388,793
606,805
562,638
359,455,653,692
222,270,351,740
90,239
8,30
171,948
19,480
42,126,216
94,499
59,930
179,535
694,903
249,361,798
94,287
29,97,503,826
136,615
38,486,560,569
59,261
111,257,543
739,898
289,630,757
99,278
215,415
361,742,764,988
253,819
169,500
261,301,959
249,565,659,884
316,673,688
77,311
100,497,755
313,800
185,393
208,956
125,460,978
1,122,366,367
12,246
125,330
532,868
133,588
107,404,557,820
167,929
103,148,163
298,304,357,545
82,90
108,363
301,313,345,832
66,501
111,262
545,593,896
188,222,560
26,841
123,158
308,600
263,328
74,93,837
101,512
43,501
425,924
96,304,465
99,166,390,668
245,353
83,105,138,529
159,244,591
49,92,695
20,463
292,371,404,599
396,725,933
572,942
455,872
130,299
6,389,824
94,303
143,297,498
137,170,370
36,229,430,769
63,660,724,921
336,664
124,212,454
118,219
367,593
231,400
528,711
476,934,937
392,610
69,149,705
89,103
769,907
84,437
303,499,815
354,808
66,215,394
407,859
661,738
10,589,718,806
55,425
274,617
33,533
42,187,309,941
295,334,721
48,1000
249,345,486,784
540,835,975
279,332
46,329
63,77
182,206,804,977
17,37,767
82,791,839
188,210,244
234,544
52,633,791
2,315
44,990
496,587
237,301
184,211
264,281
549,852
382,713
450,580
194,699
386,418,524,601
78,306
58,198,881
774,815
702,768,914,965
178,840
147,320,545
601,989
119,591
383,795
30,583,746,786
124,410
61,810
20,917
214,682
37,166,276
426,942
12,556
30,829
118,449,621
237,353,551,745
9,999
543,652
64,135,455,715
76,137
278,546,744,973
26,355,568
15,302
122,746,943
174,543
81,243
82,96,258,472
61,331,978
76,500
78,906
75,491,655
66,73,158,669
45,192
60,611,651,666
109,307,698
92,177,980
231,238,630,948
328,700
391,704,720,801
127,695
541,583
18,303,416
377,534
168,169,928
71,81,520
174,959
38,568
296,482
116,996
183,828
90,542,824
101,365
188,445
51,115
46,250
417,562
404,647
46,130
68,446,540
181,292
294,984
112,415
30,31,77,787
452,845
242,253,319
30,266,335
37,393
130,882
470,506,684
105,440
39,50,254
555,788,919
39,619
73,472
354,465
161,287
135,439
117,190
164,656
847,923
114,162
11,840
254,781
59,377
10,922
126,191,322,741
65,707
105,537
28,139,536,626
526,914
39,288
26,178,261
787,886,970
68,380,618
171,827
297,960
330,972
569,960
82,135,357,441
211,251,409,823
325,427,991
343,690
563,776
314,876
273,875
71,559
7,917
350,517,574,906
139,207
14,411
381,557
81,550
10,535
86,365,905
114,337
243,531,697
191,499
151,573
26,674
642,714
334,594
215,773
127,1000
695,890,903
38,292,432
298,994
800,958
272,429,478,687
145,219,516
141,725
69,178,222
401,604
50,244
50,308,820
134,143
39,291,478
211,508
15,424,639
498,669
677,938
413,466
641,986
419,810
6,556,936
32,162
11,43
88,999
244,758
292,797,944
149,444
255,646
70,447,679
92,552
857,912
106,239
314,773
687,811,914
825,836
858,899
119,182,388,566
9,403,496,780
36,289
58,523,654
24,66
547,985
17,497
326,333
61,63,411,916
506,990
608,694
47,419
237,375
213,498
28,185,208
209,985
151,347
324,643
505,609,807
21,158,602,935
1,97
285,857
231,820
11,462,911
416,564
935,988
187,830
163,575
9,475,508,929
49,843
305,473
117,346,631
566,569
296,688
298,374,936
193,246
712,829,962
363,649,708
2,645,902
148,553
40,787
422,553
302,384
47,190
36,240
130,526
39,846
82,276
61,338
109,139,980
132,191,617,751
464,629,736
84,767
331,668,777
817,858,966
341,884
203,450
92,173,647,980
501,686
779,979
22,105
504,836
296,606,667,941
380,449
181,391,615,839
374,400,477
146,472
99,171,903
48,108,286
122,160,240,868
867,937
291,395
293,602
254,490,577
149,612,853
337,620,680
27,722
592,820
217,242,269
18,782
834,954
551,866
247,670
203,962
156,369
648,992
12,648
85,131,410
195,225,360,686
196,695,796,813
187,511
47,312,751,830
72,149,245,913
404,725,779,944
115,966
507,939
466,538
155,692
265,279,792
1,84,457
335,879
578,871
380,683
72,95,319,709
98,389,572
401,883
2,536,687
76,137,256,656
200,450
79,639
333,685
392,402
1,12,102
115,570
785,854
178,517
35,586
423,708
134,227,731
454,541
54,599
169,297
17,139
80,777
320,447,600
326,767
58,851
54,185,304,542
717,935
392,484,987
86,90,818
204,477
3,334
350,758,864
127,968,983
269,558
75,407
211,503,580
14,97,474,716
203,417,445
25,964
87,153,246
197,306,331
38,235
28,80
100,981
335,691
76,135,362,373
113,250,469,558
150,466
57,323
549,564
656,694
191,881
73,267
147,625
201,338,519
58,266
258,327,639,821
364,370,730
192,384,719,811
74,582
83,327
40,368
360,477
69,696
106,220
310,451,755,756
16,213,259
262,698
2,143,784
135,493,681,955
16,865,921,997
83,659
246,432,461,948
168,169
221,449,811
217,420
269,485
59,145,804
534,569
604,931
66,473
180,466,997
26,182
425,702,887
22,103
679,685,945
79,249,601
35,775
740,798
93,304,559
149,445
112,373,794,892
403,954
78,281
13,278,415,727
621,901
215,889
28,676
189,262,295,875
104,548
532,640
505,653,728
307,613
268,434
116,938
205,241
327,991
313,377,471,492
187,387,761
78,242,789
828,909
137,185,456
610,707,898
596,739
35,228,534
81,227,871
309,709
134,527,584
25,88,540,552
20,216,522
577,801
482,825
309,339,391
406,918
50,305,896
75,626
355,669
487,837
42,316,978,982
780,785
628,908
338,623
167,659,886
442,654
31,57,253
115,119,241
173,308
104,783
23,759
5,65,465
85,486,717
227,976
153,396
163,842
39,299
476,798
515,595,617
95,662
435,629,732,844
142,398,566,951
44,217,371,563
259,866,932
198,850
16,562
712,882
366,931
251,712,786
32,819
196,570
233,663
201,423
216,533
312,321,476,888
51,79,165,492
393,797
60,73
57,403
26,375
43,314,350,388
224,364
175,402,949
293,993
666,863
322,323
324,335
51,120,315,841
45,546,771
154,568,612,763
85,468,740,975
166,341,478,980
857,927
67,117
201,487,614
14,537
55,152,386
41,989
370,674
2,73
669,805
14,555,815
384,525,768,800
4,94,529
361,705
21,56,661
349,362
24,115
134,314,408
889,914,968
124,582
459,525,983
555,689
550,604
123,717
7,463
60,245,424
508,667
104,606
192,262
72,582
101,225,231
260,470
54,461
12,107,300,557
23,138
512,875
102,136
345,433,562,986
18,915
164,771
585,967
92,147,232
123,264
100,232
261,586,795
428,959
26,355,398,525
87,453
202,298,349,652
176,275,325
33,827
462,674
427,527,617,643
726,910
588,799,971
290,435,620,720
91,895
144,408
521,850
205,602
240,291
88,218
595,771,919
318,816,862
16,62,197,475
162,174
251,327,507
13,235,651,656
15,677
99,112,131
78,576,892
85,424,895
32,362
312,589,969
121,734
144,281
109,948
236,987
283,804
35,123
136,662
195,684
254,365,490
22,535,822
243,385,653
152,293,657
762,835
287,394,546
38,560
21,351
54,622,632,853
233,240,271,341
1,633,964
29,303
244,880
5,36,100,257
617,726,950
70,255
151,415
70,172,239,441
63,319
19,511,900
165,364
50,103
317,377
96,229,497
73,406,431
156,455,622,638
317,390,668
397,542
180,789
250,452,919
74,343,399,485
425,841
27,216
923,930
857,885
7,869
238,246,341,720
469,674
590,653
36,655
67,554
15,79,152
200,482,982
635,770
234,726,941
226,384,803,841
365,627
319,342,614
383,422,859
44,104
95,609
395,702
220,627
17,710
188,510
52,290
244,745
11,91
170,618
522,805
263,383
780,826,916
72,178,924
670,839
168,293
223,409,688
49,65,102,308
66,353,678
240,299
134,778
2,155,270,763
44,508
105,132
91,995
127,448
430,911
92,177,400
35,539,745
437,883
239,277,722
167,372
120,219,454
57,83,311
143,960
268,904
468,540
89,236
160,181,739,957
306,343,460,528
280,618
306,475
213,488,623
407,429,473,484
75,908
120,405
195,637
56,519
505,578
15,38
162,725
66,256
47,325,855
186,405
237,794
39,86
699,809
127,877
158,302
33,564
495,933
95,627
40,133,970
463,467
20,412,442,529
166,299,397
646,681
276,613
19,58
43,504
622,625
273,481
174,189,464
33,251,272
352,416
103,299
10,644,870
243,945
469,952
74,829
211,329
245,645
245,717,923
126,380
7,242
101,964
389,435,752,871
432,953
230,707
147,484,779
275,759,806
475,688
14,508
25,37,397
329,549,972
43,118,758
74,126
356,579
143,224,301
493,594
166,706
113,367,697,934
604,797,894,936
513,740,887
229,481
147,646
9,176,682
192,212,565
41,940
186,548,782,993
29,33,214
79,793
260,368,926
315,443
369,765
130,533
53,264,394
216,399,734
137,586,750
28,110,273
289,407
295,765
36,156,859
161,863
5,846
179,712
567,769
371,981
434,783,990
538,945
49,957
100,613
231,393,979
21,546
134,657
237,570
300,765
283,536
172,728
136,305
154,547
351,848
93,372,506
474,942
19,372,830,861
55,85
298,402,616,638
16,116,729
78,142,259,601
590,591
56,500
104,274,414,939
116,227,812,1000
427,854
143,278,651
226,462,705
62,489,933
743,892
132,426
224,446
263,647
260,774
6,590
43,762
438,554,654,925
120,188,205,518
93,217
234,521
116,778
692,772
47,56
77,440
120,370
197,248,799
89,393,847
294,675,810
247,589
266,650,665
396,437
222,611,639,731
344,652,735,853
7,157
18,100,704
556,619,967
643,833
214,958
483,834
168,241
323,836
318,345
83,127
236,625
114,615
255,686,703,753
22,141,578
99,228,235
45,507,835
15,180,398
98,385,680
867,930
194,356
411,642
3,953
87,166
119,415
24,479,608
161,224,581
23,250
212,812
22,229
13,249,581
86,109,258
202,310,807
8,856
803,928
138,523
22,153
171,252
110,262,430
106,441
261,989
200,214,230
18,50,359,493
97,200,323
322,926
473,883
13,436
792,823
8,499
50,713
89,280
67,151,316
34,212
376,900
6,55,282
20,46,329
32,439,465,638
109,153
17,64
252,443
40,46
60,243,310,790
173,381,728
65,898
110,289,615
101,255,305
46,554
503,726,855
61,201
332,718,888
516,865
5,65
7,234,419,927
21,406
98,542
17,931
42,57,882
98,616
54,238,300
31,133
670,971
862,880
41,563
439,545
120,610
493,531,676
229,354
294,343,916
468,873,909
42,711,856
761,925
3,64,592,676
28,493
776,934
421,530
141,944
524,649
4,67,470
1,464
675,860
671,679
8,125,549
412,836
21,55,226
284,429,838
72,154,161,538
148,183
360,872,979
194,356,372,409
34,542,979
48,72,267,388
579,950
793,874
524,773
234,691
198,761
53,350
79,361
248,381
467,634
497,571,963
129,338
41,142,149,423
34,149
257,585
136,374,404,703
48,182
353,413,874
26,102,223,955
22,341
21,35,314,525
330,495
125,529
84,472
395,462
10,355,727,729
20,462,483
369,391,502
211,218
72,284,471,924
252,738,742
64,704
65,202
129,856
276,385,987
369,435,451,512
160,359,600,945
358,428
120,373
42,818
125,129,916
48,993
357,428,457
161,802
33,117,555,722
13,848
62,391
296,554,904
473,552
288,295,629
257,375
291,833
299,676
599,955
115,445
64,188,328
85,154,164,764
747,937
121,429,430,628
117,487,851
24,501,814,816
618,865
76,384,518,995
412,458
77,714
12,18,70,336
575,849
32,106,139
196,410
366,561,619
61,533
452,908
352,412,573,699
155,958
3,110,160,947
300,365
67,873
233,847
347,969
38,459
141,349,354,461
447,974
552,561
134,492,817
47,786
479,519
295,385,480
282,614
175,183
116,227,518
184,356
452,521
488,779
551,920
222,275
34,169,196
20,187
217,774
96,772
520,559,963
399,773
232,509,575
367,613
332,419
115,496,645
71,101
161,168
24,112
5,114,859
91,210,743,961
1,193,833
195,267,533,603
219,889
17,392
126,527,624,748
664,997
95,148,801
195,240,532
370,784
550,671,797
2,743
156,502,905
650,785
92,337
328,336
350,395
209,449,890
44,323,411
321,749
31,242
267,776
18,489
29,883
44,197,886
151,187,777
506,749,950
108,817
34,48,602
339,843
541,858,913
337,938
382,753
190,580
59,999
291,915
453,477
277,992
35,140,630,971
349,458,755
137,863,1000
225,735
392,484
87,233,831
68,503,814
39,959
519,568
110,304
25,98
103,106,258,285
114,382,461,692
468,901
187,855
25,136,220,489
297,394,800
371,772
312,534,842
603,624
440,460
29,644
421,516,641
84,947
284,516
543,721
612,775
177,648,720
202,427
45,840
320,765
376,929
481,878
193,220,592,896
23,184,266,293
544,701
96,109
224,641
112,131
150,996
301,525,730,985
179,418
376,450,605
69,500,998
179,416,962
342,809
506,584
27,507,650,770
138,854
69,124
25,905
181,735
197,528
189,481,484
870,881
68,902
84,567,753
78,986
509,557,753
40,343,644
56,69
3,70,273
10,29,741,851
271,289,680
286,287
32,943,953
235,583,935
206,226,965
302,471
11,417
25,173
180,215
99,171,212,730
152,373,747,891
324,580
162,243,663,839
28,632
165,318
13,471
156,160
159,516
109,173,208
52,307
721,967
176,837
22,193
186,284
80,292
939,982
153,502
57,74,716,788
342,654
78,168
435,509,680
31,372
223,759
30,335
19,998
26,476
600,625,824
144,541
200,316,917
288,878
521,823
500,940
38,60
369,681,818
339,879
159,228,380
174,553
78,436
17,208,571
101,285
326,894
217,624
142,259
6,956
113,504,777,946
