176,198,312
216,282,950
161,278
59,386,811,899
67,507
374,509,585
165,351,471
243,362,956
216,467
403,885
160,271,782
687,794
902,995
39,103,166,663
42,151
39,374,477
45,54,422
30,770,922
89,310,894
72,286,500
395,717,745,985
176,279
440,701
302,488,789
23,474
546,669
511,554
230,296,606,954
98,258,276
63,852
5,373
151,221,623,867
33,317
708,862,989
214,580,834,857
20,810
32,399,419,626
143,161
97,260
39,797
3,565
164,244
41,795
301,568
571,955
105,658
498,530
49,768,911
43,318,832
64,103,173,512
197,925
48,150,601,645
347,711
378,572,712,904
416,919
912,984
26,535,862,877
287,690
20,420,737,927
156,607
81,389
262,955
269,339,402,849
55,324,519
263,782
49,318,543
596,879
492,742
37,392
282,857
157,217
25,28
74,113,855
123,186
50,172,174
686,820
221,958
619,963
137,185,756
774,926
460,511
29,669,933
78,371
202,632
20,23,910
310,914
69,209,293
258,652
292,680
25,84
113,190,191,624
10,485
381,615
27,972
659,783,790
203,296
113,115
157,223
223,346
433,618
250,312,335
5,111
93,105,770
227,530
131,656
367,452
22,163,473,853
240,781
316,420
156,345,585
104,686,842
107,141,843
94,790
179,183
28,590
247,589
221,395,582,816
334,396,489
27,190,533,822
301,611
19,834
73,540
94,130
134,813
482,873
22,80,710
255,447,992
378,558
358,447
89,276,512,542
19,147,248
61,358,691
210,464,537
400,715
769,960
695,708,775
339,437,598,878
132,190,942
82,289,974
549,799,861
414,741
203,999
134,803
671,843,905
674,758
320,461
134,976
255,571,735
240,257,628,893
11,388
20,274,465
318,405,540,717
403,643
762,827
963,980
41,128,553
6,81,310,615
26,462,891
9,517,830
231,358
163,646,868
24,134,267
499,900
408,574
167,251
258,719
354,802
274,321
81,107,648,725
17,681
536,776
107,109,225,432
33,598
85,154
213,476
14,487
84,246
55,137
19,27
34,687
762,863
118,901,977
2,154,498,985
4,125
8,63,332,576
133,792,953
64,337,340,550
49,374
120,501
608,738
431,562,563
101,262
925,962
99,108
113,268,443,751
13,237,281,479
245,388,702,771
32,681
61,157,535,644
105,483
16,78,575
32,239
26,384,746
369,686
192,581,586
389,437,594
68,123
132,343
87,229,779
242,250,312,327
273,392
64,71
230,455
166,664
83,312
427,450
8,675
54,781,943
444,901
59,725,841
105,321
868,959
181,577
16,534
90,625,782
293,723
366,392,875
24,144
43,723,968
57,673,701
283,449
73,261
106,616
166,570
8,9
533,668,751
76,468
29,635
326,341
18,481
610,767
18,401
26,38
207,884
213,413
49,408,505
18,177,199,277
351,538
256,563,739,796
552,603
437,875,907,943
440,885
206,516
841,866
469,606,670
49,288,336
30,230
177,456,769,831
169,516
364,433,812
225,236,704
322,829
57,211
140,548,820,947
187,470
292,872
747,928
168,985
16,244,423,476
43,459,560
67,916
500,745
201,634
57,962
63,983
116,149,353
412,467,688
11,377,538,865
222,517
76,137
659,665
318,796,903
511,528
335,711
495,782
306,991
157,926
158,302
334,728
851,969
65,307
51,694
228,683,966
30,31,475
62,801
180,406,811
165,690
76,142
5,207,908
109,769,985
197,527,583
24,784
458,970
96,646
333,355
19,194
572,777,851
120,315
316,368
578,655
374,755
153,704
533,925
138,247
5,18,107,509
188,1000
120,497
132,998
84,121,481
106,223
220,550
92,292,461
46,573
296,826,885
192,538,768
298,447
116,410,794
57,338,711
532,647,739
246,629,979
124,895
41,518,666
521,523
13,708
96,481
28,217,396,967
33,572,821
551,645,829,949
13,690
137,906
3,243,575
535,624
391,612,798
55,164
163,640
13,424
614,998
12,65
383,959,980
310,491,559,957
43,380,498
232,310
71,802
320,366
305,646,917
9,869
16,795,934
32,449,744
152,264,622
352,357,703
21,149,996
349,428,430,633
40,376,635
117,377,483
117,125,197,945
275,340
287,517,717
160,658,807
184,273,348,806
133,329,330,482
434,558
114,369
395,866
129,356,568
185,670
150,827
7,83,323,335
307,872
225,921
18,103,700
32,767
391,520
551,657
92,177,979
82,103
2,48,53,271
193,236,944
162,402,619
594,980
136,453
36,50
18,232,879,896
415,449,723,938
234,303
40,133,527
141,556
373,777
325,344
844,967
187,191
61,316,390,495
57,234,434
1,87,273,632
423,805
50,490
139,473
379,466
828,837
134,562,906
445,976
192,601
172,313
233,400
58,650,826
35,835
517,1000
965,996
87,354,662
588,658
529,856
726,962
501,864
78,284
92,128
14,718
112,353,460,611
242,336,692,843
20,369,746
86,89,174,824
119,433
400,647
60,306
382,627
194,991
174,839
54,232
459,813
106,397,601,894
486,768
758,914
358,561,590,619
102,543
58,126,437
70,933
261,961
137,171
100,166,247,609
1,478
161,178
3,255
348,469,654
458,912,960
706,820
448,524
45,244
140,307
408,776
366,846,876
439,697
155,570
80,99,249,597
294,306
162,365
84,333
78,196,259,708
86,974
13,249
135,520
510,840
451,905
344,472
305,704
49,121
110,359
53,519,639
69,602,743
532,721
51,539,890,919
383,584
225,290,593,914
149,986
162,637
456,493,600,732
576,674
190,541
110,630
422,604
29,954
15,212,961
724,838
138,234
28,391,859
2,379,789
243,604,907
215,468
493,846
362,396
329,642
88,529,950
104,496
106,736
787,900
83,162,872
95,100
71,141,246
245,897
502,640
446,570,591
77,157
327,689
58,886
314,518,702
294,584
67,799,809
122,130,379
89,992
6,110,407,679
364,794
212,494
191,489,597,939
82,304
42,761
81,102,833
612,677
484,725
75,791
37,110,299
206,683
28,82
583,674
548,557
239,875
45,192
130,309,480,862
461,791
7,805
106,125,839
280,462
272,761
79,219
58,216
9,425,573
33,203,845
173,630,936
537,617,851
596,664,737
66,462
47,67
205,394,841
312,322,409
319,573
64,100,344
370,996
79,329,384
477,838
775,858,976
304,616
515,589
19,120,580,751
739,849
264,513
818,980
379,563
200,376
294,659
500,880
84,354
132,191
212,540
198,860,930
482,496,860
199,531
13,410,639,705
393,671
221,433,683
73,118,259
46,201
494,516,864,936
520,948
5,123,656
107,464
142,178
254,407
294,327,569,881
394,612,876
21,60
81,358
46,869
53,415,733,937
166,290
354,664
127,228,977
778,983
331,340
91,179,495
205,249
16,415
284,424,947
343,382
57,426,693,939
455,746
597,941
123,569
48,99
100,451,733
85,789,832
112,353
806,854
345,570
442,670
113,184,535,722
471,582,762
194,325,972
145,206,509,750
22,753
2,79
355,551,903
672,844
313,995
295,407,456
107,567
158,245
144,182,252
106,153,291,454
270,892
483,496
266,620,780
210,556,613
446,954
93,215,861
6,32,371
22,163
327,634
16,271
258,631
40,823
151,735
295,385
73,513
73,380
227,363
134,568
297,793
64,561
42,399,830
32,344
149,542,585,908
239,461
224,405
56,216,861
454,459
128,526,821
547,923
85,742
97,411
46,605
197,971
514,650
107,246,464,663
634,836
305,915
68,398
190,605,925
590,680
57,503
703,957
414,629,788
38,764
148,287
106,407,420
265,269,572,597
361,601,641
87,97,338
131,270
42,348
137,251
386,921
3,936
27,211,335,652
123,265,786
251,573,888
199,291
89,188
49,755
297,398,568,623
363,890
603,836
506,643
190,942
8,514,764
610,831
504,900
231,655
5,435
135,298,451,931
153,502,637
357,915
79,355
118,143
59,621,803
12,87,672,847
1,430
72,364
221,284,483,816
116,235
265,411,760
521,584,941
199,230,288,915
40,250,564,709
409,698,851
405,800,848
552,944
112,410
136,153,192,218
297,524
764,940
159,913
34,360,387
52,609
89,109,532
61,548
298,949
95,359
103,308,570,721
108,776,808
155,224,244
114,136
74,311
1,752
96,277,663
148,288,752
273,987
301,920
330,642
359,475
263,545
127,169,611
14,916
332,821
168,297
504,684
138,139,317,338
22,389
93,279,487
430,550
137,222
130,434
349,430,772
479,566
750,789,928
36,328
35,82,352,794
67,200
97,323,414
87,136,437,685
86,620
690,897
551,818,871
88,582,762,902
18,241
22,878
369,604,713
9,929
128,553
225,284,934
148,328
153,736,752
636,720
110,208
75,199
377,742
617,950
56,76,651
741,829
10,260,741,888
607,882
270,778
72,90,94,748
297,727
554,792
60,144,180,380
304,397,478,956
278,966
59,161,569
586,803
121,720
75,310
349,698
881,942
208,254,556
24,804,920
365,559
47,460,643,873
724,956
152,918
342,667
357,648,684
18,160,981
124,284
159,303,431,951
83,792
300,899
56,445
199,366
11,213,388,486
215,314
660,678
9,347,514,991
397,609
170,252
16,244
108,143
450,810
427,737
10,253
650,709
455,791
174,713,907
63,845
39,85,425
216,667
214,411,691
130,387
219,731
4,523,828,858
71,220
6,263,685
1,257,383
308,633
26,940
254,615,953
89,685
131,234
15,363,388
67,888
33,266
121,318
103,232,401,820
11,15
156,853
192,458,829
173,299
973,989
181,484,599,627
786,884
565,920
528,771,911
69,112,501
279,860
588,749
74,306
635,805,997
83,347,810
52,147,616,729
193,263
465,472
487,834
488,773
369,552
13,159
182,796
306,759
408,833
1,128,638,721
263,561
11,41,120
145,406
98,457
141,225,391
198,515,606,810
60,327,431
33,94,815
34,415
4,580,598,917
4,922
555,855
348,693
176,322
86,359,503
29,861
207,931
138,275
231,871
77,526
439,647
33,46,77,528
228,264
56,361
333,626
27,452,631
111,239,303
121,255,298
296,332
319,452
116,454
34,424
24,38
402,553
135,337
126,187
8,211,780
133,203,506
557,626,679
121,181
576,935
35,274,389
185,561
76,228
493,896
4,23,506
75,82
258,271
164,421
24,546
59,454
537,631
226,839
115,892
70,344
136,328,692
467,554,869,969
34,413,566,890
614,922
243,894
436,449,903
267,418,707,755
147,341,948
163,236
129,192,278,519
250,285
562,944
10,280,852
23,356,882
623,798
536,661
138,198,296,846
76,145,259
53,621,683
103,277,494
140,217,222
213,355
641,880
268,438
269,372,857
481,753
668,998
231,290
289,594,933
20,606
27,926
109,359,396,797
23,74,160,171
120,641
31,799
175,946
349,715,838
579,886
348,544,688
38,968
62,680
305,435
171,222,730
833,898
525,730
526,558
457,710
100,148
412,434,654
477,622
65,70
144,256
661,899
36,96
69,386
109,146,152
276,756
378,458
2,45,46
240,637
334,878
316,882,975,982
412,507
30,41,68,877
28,39,100,114
526,970
5,633
44,475
123,165
247,501
74,184
99,565
221,355
375,719,932
50,478
788,852
543,663
162,404
587,617
432,636
143,235,350,423
124,903
723,763
8,214,250,324
331,390
48,51
102,765
285,292,613
426,801,945
16,78,443,813
112,256,949,993
351,492
243,649,709
286,375
911,968
145,394,417,448
204,317,490,780
62,520
356,787
9,93,184
576,863
206,649
58,200,795
486,965
201,994
205,618
189,220
122,226,299,807
51,960
3,336,439
327,469,714,854
975,986
45,169
93,138
16,123,235
60,935
237,959
388,724
596,853
204,441
57,216
55,880
81,594
126,535,802
71,628
422,616
36,71
153,859
47,387
14,482
487,788
88,450
82,672,905
346,417
11,16,798
555,850
79,330
70,652
49,239
17,80
579,777
190,426,584
189,607
650,971
441,453,883,999
7,129
155,977,997
168,863
93,522
812,968
74,296
402,531
58,376,667,984
646,679
36,956
144,182,694
401,967
291,371
196,413
435,681
119,951
78,187,350,865
74,274,442
367,390,487,693
151,184,376,712
342,808
212,893
443,695,740
45,144,159,562
151,856
187,526
62,122,381,859
101,875
218,279
718,815
127,470,473,946
108,771
193,625,685
236,254
76,510
218,860
88,115,845
263,304
351,729
462,941,999
355,386
242,885
165,740
414,515
73,413,513
44,74
217,390
155,228,719,899
115,131,241
284,934
31,815
176,247
104,275,825
200,211
590,912,938
245,286
387,904
130,614
135,545
308,337
59,68,72,539
338,450
19,69,248,260
141,383
337,671
67,766
250,606
173,553,559
156,177,397,692
619,765
281,525,924
52,472
196,219,228,890
262,382
3,6,185
164,384
256,586
88,624,848
31,579,610
822,990
12,552
139,653
98,324
227,245
488,534,541
68,267
142,361,395,858
233,307
222,913
104,691
155,909
29,378,474
170,226,379
111,291,532
124,483,665,978
158,283
222,226,656
161,363
206,373
309,447,564
140,320,509,673
99,421
202,679
274,741
185,652,849
70,77
188,425,534,560
149,268,548
18,893
54,676,732,804
23,317,528
150,196
38,79
193,484
77,675,716
77,340
188,235
480,991
136,677,707,735
492,524,840
161,901
36,50,385
133,784,880
302,771,966
15,66,436
204,824
91,210
469,927
111,441
8,125,265
457,703
160,333
468,560,695
122,140,456
426,548,749,870
50,931
86,629
394,425
78,892
304,371,599
26,212,478,935
79,408
185,596,648
445,843,953
188,444,560,928
191,682
299,430
814,889
538,798
21,560
588,774,788
315,534
155,867,905
248,352,399,438
481,489
946,952
128,153,181,338
66,142,656
109,987
101,334
238,457,630
215,949
914,923
33,592,630
166,289,883
186,983
211,442,603,796
42,422
7,15
702,747
17,75,707,802
360,700
288,590,987
531,678,965
205,255,592
531,964
208,733,943
335,615
3,232
172,757
162,552
215,219
146,466
264,518,866
236,648
189,232,285,383
21,26,431,517
76,365
482,754,850
154,857
119,186,227
490,600
61,311
32,505
118,784,891
58,83,485
178,811
146,285,912
150,444,814
223,749,881
618,951
14,453
143,178
512,992
240,484
293,413
287,727
32,615
60,405
170,224
133,343
80,164,256
661,975
300,704
48,425
47,303
343,507,665
221,368
135,298
374,611
393,681,839
21,840
12,28,54
228,375,618
314,361,412
15,966
233,842
581,930
1,75,255
29,712,919
61,787,904
132,435,595
8,209
170,773
52,393
372,852
566,961
23,352,916
125,766,837
237,345
2,226
162,273
460,714
177,697,906
699,881
372,491,760
697,790
13,432
85,315,386,841
574,743
64,609
353,645
108,513
46,303,614,726
38,72,377,446
277,339
419,774
51,112
66,72,152
42,218,223,732
127,293
133,427
113,197,554
295,422,448
151,275,282
112,314
127,858
141,299,439,464
29,605
84,107,202,257
150,245,546
17,797
365,505
564,595
2,689
201,431,470,474
928,975
313,530
24,26,863,924
533,614
393,640
426,544
99,384,913
508,659
235,436
156,257,791,947
4,303,503
353,811,955
322,440
342,834
620,728
42,970
82,158,273,531
96,382
362,819
22,545,710
410,424
276,967
424,492
24,398,519
35,608,989
580,691
600,756
47,853
31,94
167,587
25,700
79,85,569,581
297,705
106,360
54,366,765
315,923
197,348
101,365
44,682,689
95,229,457
216,253
54,139,183
15,252
660,763
176,186,474
3,189
266,951
416,538
37,50
360,676
727,897
45,551,814,830
729,889
547,616,662
149,563,602
115,583,932
213,738
64,326,868
38,874
31,979
167,368
171,763
229,300
12,542,765
80,193,257,362
330,748
673,722
537,549
285,578
24,664
240,632
163,706,898
168,611
120,318
32,37,396
90,360
381,451
70,706,973
672,808,832,931
272,993
132,223
63,716
264,401,612
28,54
394,488
12,36,243,728
682,855
44,319
280,466,608
103,655
31,673,978
27,984
91,181,193
514,982
268,515,721
244,282
71,276
145,407,448
313,342,608
98,147
300,382
213,705
108,249
50,144,824
486,546,781
30,726
385,489
534,722
508,998
286,510
280,781,958
565,778
85,227
230,855
102,122,387
78,332,924
29,211
96,516,817
195,238,728,842
55,466
127,747
188,224,370,582
44,77
48,283,878
210,444
86,195,305
12,238,543
817,937
524,539
25,613
142,161
28,289
743,763
445,902
47,91,302,386
417,651
185,808
203,617
183,598
65,289
27,910
97,129,175
48,66,257,678
593,637
449,586
251,529,978
13,539
306,411
315,812
225,365,636
116,675,982,990
523,990
219,676,906
76,143,895
545,831
207,208
532,818
93,139,382,477
41,784,864
670,971
74,527,617
227,503
52,453
506,752
8,242
295,756
22,490,585
356,429,917
152,169,345,870
19,72,563
472,753
52,872
465,994
128,357
377,480,508
87,397,838
265,323,340
452,558,564,598
61,643,657
49,236,542
337,848
139,295,339,944
3,109,381
178,279,895
44,88,157,416
2,750
423,666,669,867
15,120,486
504,825
212,731
29,105,191,734
356,644,754,972
199,493
319,873
201,485
4,7,404
231,933
642,657,665
253,654
119,131,876
115,127
157,972
512,898,981
432,593,625
220,676
621,816
30,356
165,865
20,131,311,378
154,159,287
401,647,866
326,388,402,509
2,361,375
14,579
126,247,342,718
92,95,404
421,793
102,111,428
391,418,539,816
7,10,759
90,148,309,613
51,618
35,264
14,588
583,937
101,349
196,793
363,986
416,529,712
311,837,900
167,988
54,435,987
187,826
52,567
31,342
311,499,850
268,886,926
321,346
131,136,212
557,797
219,506,800
43,142,364,418
129,187
171,750
90,868
499,828,869
21,803
1,491
70,455
305,392
624,718,822
380,973
25,371,432,607
156,884,888
5,71,715
918,932
455,559
451,767
51,66,116
98,189
102,653
571,724
12,533,827
124,415,453
373,719
202,599,981
240,703
941,984
127,182
540,800
113,248
210,226,804
280,832
417,674
217,783
331,819
687,695,883,974
238,458,638
77,214
338,527,644
497,894
63,292,870
205,955
51,119
288,596
490,948
266,514
94,631
119,214,997
17,122,208,371
261,417
13,568
101,367,403
39,887
288,385
172,262,420,575
350,536
427,952
206,433,779
326,489,883
373,694
98,680,859
179,428
525,776
73,745
182,965
67,558
98,620
499,588
33,442
109,170
38,56
117,891,917
202,349,785
178,565
754,760
110,592
283,536
290,468
118,731
292,328,329
117,544
498,758
183,266,403,734
329,511
237,696
34,361
233,254,281,466
299,428
177,577
381,559
25,465,484,577
25,447,707
282,465,653
567,915
418,730
167,317
208,336,686,807
508,761
14,46,183,324
249,418
196,443
699,770
42,193,200
11,215
11,195,242,253
184,605
22,111,300
564,589
130,521,668,916
496,572,865,896
143,314
33,175
294,595
510,702
7,117,419,587
142,215,525
57,322,953
479,696,804
116,395
8,368
325,335,508,805
294,325
92,393
392,964
186,976
504,748
715,818
354,593,622
114,625,736
591,641
118,623
293,525,793
6,145,476
485,910
234,248
545,732,908
332,498,870
229,339
89,121
202,326
180,495,603
125,176,786
4,286
40,445,520,599
90,195,497
210,775
237,546
272,503
36,92
114,147,177
15,181,505
171,224,252
12,69,547,889
749,856
174,328
23,850
129,180
179,603
202,713
3,5
595,847,934
387,624
154,178
530,576,835
313,986
124,1000
260,785
37,141,147
209,993
137,149,302,996
80,697,819
136,287,429
759,785
58,675,830
420,577
124,237
316,376
35,278,677,876
337,604
66,988
21,608,1000
211,291,436,441
229,276
66,314,330,398
77,372
10,63,759,927
328,607
254,366
92,341
737,970
666,727
17,80,189
259,524,938
169,224,837
198,527,605
90,204,613
368,495
166,963
277,753
319,714
450,475,515
274,325,347,475
201,399,440,854
37,229,239
105,835,862
101,543
62,204
11,541
336,700
34,502,940
51,848
42,68,574
479,744
158,476
154,350,406,740
170,561,921
523,701,929
405,523
95,238,627
143,261,813
25,812,873,947
238,725
172,600,806
293,823,867
19,760
75,464,550,736
360,720
375,778,891,921
135,160
62,140
331,411
461,662
62,346,404
169,315,602
230,952
83,179
635,780
238,308
227,267,280
470,544
4,809,831
111,898,943
9,176,198
48,259
242,409,854
427,439,786
346,474
575,578
94,194,946
7,172,658
283,507
53,471,644
454,666
319,942
112,302
9,463
204,220
69,123,301,895
179,809
390,566,995
165,581,887
65,577
195,291
43,235,245,259
757,963
94,522
98,779,825
602,649
140,234,463,595
574,817
501,621,930
35,53,55
118,267
64,833
357,491
56,186
145,410,768
104,223,329,642
125,332,429,500
364,649
150,363,983
39,896
70,557
78,935
65,172,243
298,871
316,573
35,574,988
158,256,639
146,290,502,959
6,844
27,44
17,173,174,404
23,55,164
10,74
321,414
10,253,419
110,183,823,954
336,814
165,351
856,909
282,368
593,710,819
81,146,300,354
146,262
384,742
47,105
62,95,265
129,251,330,438
21,779
591,937
479,540,978
171,394,847,938
59,379
206,677
38,901,918
151,467
96,110
218,886
119,169,547,961
622,825,826
367,994
378,636,923
128,240
502,945
384,541
836,922
217,309,372
370,586
150,733
180,747
73,270,892
252,345
26,64,591,610
50,604
115,241,977
4,40,579,668
91,168
90,114
2,516,569,909
34,60,226,261
209,241
184,716
460,463,806
20,272
19,682
313,827
23,175,761
324,390,529,748
660,999
29,248
17,164,692
55,628
61,722
41,209,459,904
209,988
518,989
121,567
189,204,626,844
717,745
53,186
492,547
21,421
521,711
242,549
132,440,929
99,205
234,522
10,846
207,907
286,874
150,468
374,801
126,209,909,982
270,494
43,235,924
393,599
88,480
575,927
783,877
241,602
146,746
406,597,950
63,72,446
130,701
30,522
191,343
350,714
278,353,488,958
147,277
37,61,139
473,494,594
108,182
41,459
86,91,119
389,957
278,549,581
68,446,638,913
34,72,351,398
272,537,939
290,307
30,31,416
661,997
188,911
224,322,375,518
359,428,585
196,730
279,485,536
11,134
262,845
87,304
125,133,403,522
60,118,510,566
205,448
423,940
126,275,521
95,122
116,213,775,995
182,232
320,571
45,406
75,220
69,377,887
14,83,352,555
40,97
141,609
334,429
233,633,981
323,331,910,939
37,203,463
114,640
138,734,783
367,392
339,358
148,698
320,389
68,694
30,203
696,960
22,334,578,645
622,713
542,629
17,59,170,612
40,470
5,308,369,720
7,589
6,807
52,139
513,669
68,210,438,958
370,887
20,194,200,785
40,504,687,882
174,383,801
104,419
344,698
252,421
114,198,301
146,207
53,601
69,108
295,530,773
21,63,952
587,654,688
438,463
341,429
35,743
589,667
71,957
195,207,757
100,341,391,625
66,246,308,362
81,497
131,241
175,496
467,792
102,105,323,766
47,167,897
97,201,317,442
73,175
281,657
380,639
142,261
20,268
91,758
45,244,471
93,822
309,312
219,678
511,815
70,289,399,512
140,473
159,180,241
15,24,159,874
183,790
96,307,706,979
55,249
138,584,699,716
271,556
168,578,739
101,400
693,744
214,260,311
154,267
230,821
556,879
373,877
59,731
173,628
86,550,662
117,634
56,152,799,840
14,122,194
217,969
7,270,370
28,102
47,331,409
285,320,619
41,436
26,43,152,835
472,824
325,480
67,734
381,795
412,809
281,283,772
44,555
6,367
729,766,971
195,655,932,964
163,497
30,689
684,992
181,632
84,148,757
580,828
19,555
237,744
233,323,553,557
135,893
75,148,173,333
155,350
301,443
91,380
218,554,709
175,194
99,920
208,362,842,948
214,266
44,990
179,688
79,583
48,800
197,587
864,973
31,507
156,385
400,620
39,62
145,621
222,764,773
25,111
269,275
638,772
231,571,772
347,567
80,964
9,27,158,462
117,549
43,623,738
260,962,969
343,726
372,376
126,321
671,936
17,879,994
321,836
246,493
52,95,696
39,385
97,253
65,271,477,478
65,347,610,871
10,452
281,500,541,582
104,544,754
346,352,528,740
1,236
115,918
444,476,902,993
126,309,770
58,220,341,627
769,974
6,25,147
651,660
272,409
218,251
684,849
56,117,705
239,326,333,735
441,847
364,370,874,930
269,751
56,134,144,168
132,777
85,124,519,884
46,84,456
562,591,929
12,100,592
340,823
113,434
699,774
229,592,600
200,499
104,324
65,945
160,505
1,357
180,471
18,345
149,651
258,491
37,231
755,908
233,653,817
167,269
88,129
92,767
36,135
738,787,919
469,889
53,60
