183,626,868,884
24,549,633,802
237,505
143,385,506,747
353,740,761
55,440
439,771
17,272
650,869
943,980
237,682
329,844
117,982
72,178,516
431,776
271,629
35,72
176,457,655
85,195,675,703
240,530
154,191
672,711
358,359
131,324,694
704,790
113,313,812,866
423,786,911
73,672
8,413,786
130,490
593,752,861
13,449,919
25,519
363,526
109,805
733,885
17,630
419,700
262,640
314,339,442
313,907
772,926
307,715
97,257,512,590
308,445,612
56,285,317,708
284,491
79,394,654
135,916
83,353
87,903
137,270,725
285,849
434,554
438,848
52,613
11,115,425
64,398,408,543
26,837
327,649
63,249
27,693,791
256,269
52,149
91,971
101,390,490
198,481
75,373,398,555
126,718
603,922
147,287
85,365
188,985
2,799
168,306,640,655
957,989
66,932
137,664
108,810
101,475,635
169,375
14,223
209,252,406,918
314,454,724,967
69,207
248,396
144,381
817,915
41,991
95,292
282,302,832
322,524
107,244
318,664
101,721
194,515,799
336,656,838
644,787
128,362,682
298,437
83,85,109
2,57
499,936
161,322,341,958
221,247
290,354
245,535,807,983
166,543
471,917
39,60,105,772
22,362
182,379
210,500,615
170,281,385,464
78,814
508,946
119,958
232,429,665
54,123
495,520,556
305,784,933,992
472,762
313,641
162,338,551
221,789
638,648
190,908
147,175,854,913
860,888
25,380
70,435,477,749
353,360
167,825
412,837
39,107
115,331
33,364
54,953,961
360,896,977
13,905
393,622,963
316,417,783
87,797
29,312
324,574
272,472
514,859,947
11,425,715
15,596,690
100,196
720,775
126,391
309,388
325,878
533,937
55,247
73,330
127,865
819,862
58,924
102,448
35,238,266,410
461,721
210,512,604
84,520
445,818,919
58,126,765
295,326
129,641
594,889,931
215,689
1,544
32,104,414
624,707
52,732
6,826
172,830
287,382
72,525
45,117
136,731
245,994
10,351
166,463,482,530
27,41,589,992
417,955
121,441
239,411
545,886
108,636,656
106,448
271,361
328,997
107,387
315,433
151,568
201,216
776,803,822
182,488,887
56,756,898,968
92,220,744,984
495,556
192,460
216,275
244,567,724
5,283
248,280
357,988
75,636
234,733
586,985
80,452
194,844
333,346
36,941
285,384
70,358,585
583,984
486,624
22,230
194,211
118,365,949
20,34,84
88,104
48,986
72,526
168,211,770
286,380
665,891
24,144
201,291,592
8,81
46,657
288,302,416
225,261,536,843
239,670
46,348
638,938
36,163,677
243,492,544,902
95,478
4,293,552
17,753
279,820
91,306
358,542
170,945
704,781
400,778
443,576,770
257,360
756,892
21,494
279,947
199,254,593,604
177,567
166,181
42,184
270,283
110,659,769
25,76,131
125,317
1,609
70,476
750,889
84,280,465,662
432,896
40,863
538,801
439,893
65,853
118,220,800
240,959
123,221,308,611
273,668
101,379
347,582
153,990
4,91,831,933
110,639
331,699
308,915
174,730,935
419,528
500,745
78,610
4,418
580,910,940
269,503,689
273,538
445,698,861,983
3,505,529
66,139,612,911
492,589,599
14,877
205,372,463,482
268,332
339,492
612,910
181,300
61,183,376
173,958
34,40
17,35
92,344
215,620
245,392
422,639,795
400,662,893
119,270,716,798
26,831
49,84
497,601,952
108,668
354,936
39,389,727
519,999
71,149,473,884
504,544,851
202,557
44,159,291,739
319,830
122,742
103,407,867
84,308,473
15,135
19,728
22,54,997
61,225
23,581
78,325
285,411,571
571,692
502,511
508,535
21,99,876
16,180,432,764
310,855
67,141,176,585
209,253,945
104,415
218,227
493,511
280,584
246,258,953
775,877
542,964
255,341
259,527,730
58,568,756,957
468,801
346,372
483,541
110,816,926
99,116,260,885
347,867
379,723
263,362,687
206,370
265,648
5,134
448,488,977
168,746
183,820
482,493
199,354
347,846
239,435,932,988
403,583,707,804
37,605
18,318,387
120,361,406,479
326,497,875
558,895
351,545
371,840
166,541
20,139,227
64,392
453,471
304,740,761,865
209,277
653,875
145,156
151,528
33,577
19,45,386,539
170,173,646
94,272
87,139,231,915
2,46,332,764
95,377
158,237,653,856
177,372,592,628
389,616
112,693
872,914
137,424
469,483
43,575
50,899
262,739,969
191,384,403,524
96,602
333,546
69,106,161,835
527,816
190,563
126,259,802
42,463
584,617
145,344
251,631
28,548,734
212,802
21,207,850
666,729
100,288
35,880
385,906
88,652
134,553
88,125,259
334,430
626,787
131,627,916
218,661
20,24,206
137,714
188,783
260,939
82,860
117,297
43,290
210,254
480,845
96,341,588
140,413
897,898
51,457
34,51
1,121,898,901
60,102
602,669
637,767
845,918
148,295,921,950
203,222,839,931
10,597
5,891
205,294,402
150,553
337,608
20,303,793
10,165,831
13,759,939
565,591,662,741
406,738
129,198
53,141,372
71,436,872,950
362,698
69,917
139,816
221,412,925
157,940
185,394,397
288,838
410,774,994
494,887
65,90,313,455
426,453,620
62,301,990
289,312
257,851,968
123,328,366,790
30,388,959
43,190,597
49,221,425,730
11,761
539,777
288,512,842
175,621
81,85,155
57,74,925
534,617
316,534
45,151
226,275
367,523,576
622,754
202,233,973
140,189,642
21,233
15,96,303,588
86,211,606
42,307
110,614
118,823
361,867
177,354
53,458
270,395
56,274,417,426
322,616
144,180
268,378
133,643
111,142,149
117,851
222,438,543,619
99,399,652
38,199
309,547,890
7,264
193,210,335
198,619,778,863
226,751
105,906
477,626,849
59,131,197,214
35,242
262,349
28,193,469
128,326,477,927
295,316
92,638
355,429,922
343,424
14,246,459
229,883
298,603
62,552
113,338,403
22,263,490,518
441,458
28,333
169,423,793,948
595,952
1,260
245,946
118,844
75,574,849
484,923
125,150,294,933
24,417,598,973
246,596,876,996
304,436
30,51,108,975
486,883
121,828
271,601,676
172,580
160,579,760
303,318,384
133,735
209,325,498
52,110,390
320,420,558,564
67,254,356
24,604
761,855
111,323,987
113,848
203,956
223,248,249
49,244
31,148
47,56
300,442
153,441,671
72,548
509,792
760,919
57,321,636,695
174,324,877,947
194,305
95,141,309,942
505,834
346,862
312,525
68,380
294,468
74,216,309
142,953
1,765
567,640
317,980
107,120
31,164,517
53,86
82,332,523
240,363
155,742
119,230,276
17,104
235,433
568,868
8,93,94,517
653,835
66,164
176,555
550,908
106,131
286,287,339,646
707,883
52,581
28,303,800
281,304
465,893
37,92
10,75
379,797
54,153,614
151,261,887,922
13,646,982
301,641,731
759,970
634,795
15,223,517
433,489
26,440,591
479,702,815
242,282,960
169,191,231,428
209,674
135,442,759,788
277,424,467
129,327
163,183
159,192,579
54,916
14,337,921
741,846
217,228,243
537,786
33,47
306,564
348,365,638
519,603
481,747
368,908
220,228,358,398
547,847
13,189,794,991
4,443,887,974
418,752
674,789
80,412,595
74,569
475,596
368,723
18,212
530,805
136,232,824
243,290,930
283,506
20,206
221,295
38,521
368,650
23,942
620,684
61,136,301,430
279,554
134,355
226,344
198,884
65,176
55,521
229,388,901
223,236
518,871
548,763
250,271,472
394,641
198,478,481,666
68,711,763
159,752,829
333,419
191,817
99,402
64,713
109,112,960
297,399
64,701
111,307
60,169,310
133,447,480
145,154
58,549
157,170,678
18,167,837
97,203,570
315,346
111,214,295,791
23,449,964
205,226,494
106,729
668,854
681,700
44,145,853
76,247,848,858
3,896
113,484,715
206,263
264,891
36,59,227
159,184,860
227,622
114,238
50,220
116,963
281,369
107,375
169,224
50,808
8,267
385,931
132,228,792
18,256,477,568
67,501
40,485
16,292,781,863
79,355
322,735
61,156,724
567,942,976
44,64,240,298
2,970
318,584
139,208,961
25,501
58,259
84,538
101,471
449,898
26,369,404
59,63
197,262
222,478,592
166,788
685,963
77,510
146,323
182,253,624,978
345,555
349,582,673
2,37,306
101,191
252,517
129,151,430,594
70,592,840
128,827
400,579
197,244
269,608
236,856
273,392,981
13,222
112,852
127,178,892,941
144,157
22,565
611,793
127,170,882
480,491
13,774
196,750
5,748
5,282
130,980
37,83,516
49,137
109,307,392
89,835
311,645
347,460
360,882
165,449
381,518
55,378
355,671,967
48,298
59,140
376,543
72,112,705
570,783
102,706
89,187,237
6,336
266,334,873
109,829,935
8,26,153
190,837,951
317,772
9,341,817
31,87,236,551
148,186,366
65,153
201,297
118,232,667
147,336,703,739
431,480
788,974
241,443,686
167,374,676
42,266,585,785
32,310,815,876
405,412,698
23,697
387,689
253,610
192,498,659
193,397,404,1000
310,531,615
36,127,696
631,680
121,305
12,390,962
184,909
299,426,670
3,186
233,407
429,647
150,177
349,883,895
14,66,342,779
137,527
1,165
712,854
290,367
73,390,687,764
90,136
4,74,176,770
416,440,920
191,694
454,715,890,979
683,798
3,316
47,78,139
154,544,591
85,928
139,276,532
202,674
56,498
98,448
18,676,723
808,933
248,393
14,277
7,314
143,656
44,46,559,586
52,75,832,987
569,828
181,352
18,965
591,680
632,658,718
39,246
40,217
133,754,794
866,972
107,258
615,806
416,864
86,243
15,172,811,971
380,546
913,979
555,843
77,699
151,801
128,488,735
10,171
40,223
157,337,571
66,79,368,969
196,790
224,944
746,960
149,545
70,153
70,74,600,998
214,502
32,692
577,732
335,860
87,341
363,402,552
196,339
48,504,745
224,459
27,264,294,912
158,738
7,86,842,981
175,539,621
97,114
338,645
184,287
256,855
19,691
47,207,616
77,584,975
51,609
510,521
152,896
122,416
296,753
118,324,333,702
326,460,754
493,672
437,566
31,253,924,986
112,746
66,93,813
14,892
94,234,780,881
130,253,529,917
109,210
23,86
535,821
905,981
56,361
237,425,882
129,240
474,857
182,793
36,393,635,718
8,163
155,431,873
356,410
865,967
458,577
16,509,617
53,321,429,864
200,869
49,164
343,789
9,626,989
737,792
318,360
130,230
147,546
178,550
343,529
281,771
115,316,809
146,437,671
35,78,129,363
117,352,686
48,399,597
224,551
510,809
260,373
38,539,843
89,342
38,231,578
36,284,342
78,214
378,383,637,985
70,168,273,315
97,157
9,281,755
148,976
11,481
41,222
136,386
2,650,914
116,294,372
15,867,870
147,329,523,589
460,511,859
185,538,752,974
141,572,607,618
178,277
22,93,790
573,654
115,377,571
38,241,648
233,553,842
16,87,224
45,117,516
104,948
304,456,731
38,96,117,329
158,160
12,296,766
528,540
103,342
432,916
296,324,563
216,879
225,688
2,606
27,122
146,152
152,330
44,138,765
133,391,471
4,777,833
611,652
23,33
9,570
364,389
515,934
80,146
77,169,661,938
31,258
631,741
73,669
71,218
4,43,458,869
100,323,597,613
154,601,628,903
61,522
282,367,808
40,601
71,119,510
286,773,895
76,302
149,561
268,376,616
260,364,696
41,465,489
32,132,249,811
14,197,421,558
400,602
39,104,142
135,512,874
112,755
347,698
251,336
455,562
224,716
384,849
104,524,639,944
145,275,751
162,645,722
9,529,683
234,443
6,25,451
118,315,450
97,846
88,140,795
69,91
219,257
120,155,278,531
15,561,900
190,322,461,732
120,414
196,230,779
22,323
11,173
256,659,944
208,513
68,998
163,589
547,759
81,923
108,289
352,546
57,567,829
35,37,430
204,330,428
8,122,138
468,737,897
453,730
103,389,684
719,962
384,531
100,578,751
266,378
42,386
45,332
299,320
526,765,807
86,175,928
20,425
140,334
472,584
239,474,485
18,98,283
171,204,218
6,562
97,441
32,86,524,658
289,780
27,594
215,252
26,493
157,284,972
357,623
260,609
209,957
508,852
185,828
911,989
9,857
543,623
59,182,213
80,375,582,669
76,386
443,562,609,840
67,313
465,769
157,954
90,262
34,174
723,822,900
118,189,346,504
393,506
81,940
2,67
219,566
73,401,424,818
457,614,771
401,588
105,234
251,748
749,993
145,220
6,37,394
225,951
435,780
12,94,743,945
319,444
77,330
180,903
32,630,798
509,866
375,923
33,722
75,450,788
60,206,209
183,349
708,841
72,79,334
377,496
94,212,374,740
146,212
45,657
67,74,138
114,232,396,685
17,179
863,963,980
96,754
411,926
40,396
504,990
182,328,857
165,345,852
150,534
59,456
263,987
38,437,593
446,678,760
949,959
53,810
42,371
246,727
427,722
33,428
94,149
190,927
218,610
76,195,907
501,656,975
60,649,912
9,28,758
350,687
74,800
112,382,959
744,833
70,823
86,576
328,613
92,438,635
684,787
212,473
470,552,572
876,941
621,705
120,786
200,528
168,964
647,686
401,766
517,850
85,733
245,308
538,888
127,249
73,623,725
215,582
199,792,799
9,214,320
186,613,796
30,907
362,772
62,178,813
83,964
270,444,586,629
25,291,888
300,607
318,332
127,311
199,205
40,105,143
81,113
64,563
196,212,213,417
206,310,583,598
467,598,902
156,619
48,606
307,783,946
82,675
63,627
809,892
147,711,923
167,276,326
456,518
128,279
12,171
175,188,784,853
81,154,677
531,796
282,733,982
467,653,998
251,800
47,172,202,841
263,375,487
735,762,881,962
61,124
363,530
225,889
73,462
297,503,739
454,826
187,587
235,359,380
68,536,678
90,251
239,877
74,307
401,475,720
362,747
418,573
493,589
179,468
132,420
385,679
79,135,200
561,937
102,806
204,951
111,531
377,387
114,147,179,956
825,927
275,418
452,502
350,707
33,115,137,148
116,354,693
54,244,630
578,976
482,994
75,329,836
115,164
291,373,732
71,550
12,158,729,894
90,430
3,288,996
22,177
156,302,388,575
29,371,416
365,406
499,756
124,218
103,965
65,540
138,326
63,824
119,427,613,719
33,485,710
230,491,993
11,40
373,553
183,542,874
102,142
10,85,744
186,669
208,434
48,72,744
33,972
2,46,109,523
279,377,965
21,125,331,487
165,356,440
15,58,274
607,683
58,691
191,632
374,381,498,564
123,497
185,643
3,198,250,272
395,473
60,456,602,796
252,755
16,227
78,945
176,282,585,928
454,742
130,269,813
174,269
227,667
433,649
6,46,805,833
219,810
44,354,547
102,126,387
469,728,823
44,273,586
113,265,801
36,323,950
236,462,620
367,468
187,622,848
112,647
90,321,774
95,126
637,736
255,500
197,722
143,231,750
16,84,115,337
470,918
24,534
230,947
347,776
280,452
107,676
298,515
316,954
709,821
94,444,488,856
43,124,688,922
181,219
708,965
46,455,891
125,169
503,766
248,299
243,904,1000
89,797
668,966
83,869
311,550
16,545,564
239,797
45,134,348,603
203,645
178,186,474
31,173
42,463,734
267,548,605
62,376
363,828,872,920
132,325
30,151,873,920
235,805,991
283,514
551,710
350,740,791,925
279,894,989
395,409
261,413
138,211
611,925
687,884
99,210
494,984
21,360
134,138
19,188
99,121,351
83,559
7,201
159,350
527,712
253,423,755
300,513
45,949
18,262
148,161
124,240,774
30,500
60,554
9,276,328,870
257,515
5,62,124,179
133,556
298,649
242,317
546,599
36,414,420,558
92,984
483,969
103,239,420
189,409
414,664,674,937
19,442
175,302,695
219,275
132,936
192,272
391,537
343,782,903
268,642
232,736
59,431
391,514,743
135,535
549,748
26,41
156,405
395,421,459
266,402,853
155,709,819
181,530,705,785
46,50,348,376
533,921
51,904
476,907
325,871
236,340,802,878
23,124,203,442
174,190,565
52,462
254,949
96,128,208,284
51,247
541,660
359,412
103,171,678
63,143,814
56,817
79,655
366,374
24,317
240,455
419,590
337,370,706
596,855
17,374
335,644
47,227
255,413,522
622,929,952
244,529
382,852
7,174,464,663
230,511
88,697
95,204
58,323,899
54,579
150,522
143,254
97,672
67,371
37,195,634,737
632,818
643,948
310,906
163,382
164,726
34,49,445
108,607,942
306,329,451,695
130,935
75,76,720,820
39,447,658
31,319
181,700
600,838
703,836
62,114
127,303,629,929
62,827
136,329
295,321,383,573
95,696
350,702
69,434,444,717
681,990
247,905,970
83,200,286,312
366,377,574,624
3,269
599,838
305,507,675
123,208
219,228
5,126
105,957
642,829
23,82
436,926,977
779,870
17,391
114,628,688
119,881
525,642
22,143
505,625,710,768
98,415
19,525
25,225
218,682
241,842
306,681
79,619,644
205,378
67,150,365
19,340,560,695
466,743
411,648,859
69,335,746
162,217,508,575
680,701
222,228,339,773
334,599,847
533,633
91,158
93,472
171,398
16,49,374,771
474,997
31,77
29,962
196,231
93,102,583,651
174,639
58,248,692
132,781,803,971
762,910
272,330
79,758
224,280
11,534
221,299,338
189,194
121,210,705
89,706
75,889
67,604,758
105,114
154,763
201,422
19,526
96,549
116,356,429,441
95,237,338,411
436,886
466,870
48,628
292,490,666
47,179,296,522
483,712
565,791
215,523,680,900
133,142,841,934
24,479
85,130,461,913
147,607
536,824
179,195,578
352,507,847
53,235
366,890
238,547
349,904
250,886
7,185
62,64,909
172,996
63,319,497
104,161
200,202
28,536
497,704
433,655
152,473
170,186
434,520
84,461,719
87,106,406,445
476,844
235,367
121,388
83,116
27,50
540,590
128,233
21,87,94,999
166,320,810
10,28,397,408
89,396,470
309,720
144,160
339,469
38,216,476
35,51,176
3,440
452,608
167,881
131,278,415,721
73,208
289,386
125,133,768
375,434
79,193
167,187,207
55,62
330,614
61,556
16,60,162,496
200,570
807,901,992
21,98
65,195,274
557,617
116,226
874,888
25,211
178,822
132,988
63,511,608,753
156,291
5,188
15,818
236,565
123,901
106,283,850
120,278
103,459,561
450,929
631,880
110,612,879,956
116,229,775
152,721
12,73,421
18,361,364,435
2,345,535
226,390
59,271
796,878
46,675
92,100,904,976
513,590,745
91,144,213
276,762,785
267,305
612,616
69,160
439,611
258,447
162,381
162,630,690,857
7,250
379,428
168,351
48,484,486
88,663
96,651
271,569
264,712
71,520
516,914
98,345,507
108,609,644,819
50,741
415,557
299,361
345,621
3,465
172,894
383,839
34,49,80,393
594,773
804,966
41,228
5,38
27,673
39,409,934
220,454
173,662
56,448
421,461,978
353,364,610,811
713,873
357,370
439,689,920
23,228
72,290,484,686
39,149
78,830
340,521
122,344
193,493
12,576
101,657,943,995
77,134
229,293
71,234
242,542,770
80,812,908
223,629
215,342
408,640
13,42
314,690
424,714
30,57,183
121,476
268,569
189,663
103,284,395
143,859
11,446
580,875
33,814
422,749
68,205,831,866
847,939
171,499
8,581,647
200,450
13,544,885
304,769
392,489
64,194
55,379,571,988
80,938
551,582,633
325,651
93,769
409,778
29,352,382,404
4,520,915
32,478
320,409,466,953
905,993
235,327
514,782
503,719
1,124,909
129,621
43,365
302,525
88,404,509
487,506
146,270,827
20,806
15,127,843
216,252,386,587
153,327,824
160,526,834
359,373,742
137,301,505,880
6,140
117,729
13,237,397,457
539,637
122,559
1,821,998
226,290
77,233,331,696
451,469
150,910
105,161
351,794
575,858
403,405
28,572,660,864
257,507
467,944,999
82,399,413,566
111,364,464
91,197
144,495,577
122,946
155,745
76,241,599
460,482
63,757
189,376,955
68,217,688
709,784,864
258,691
131,152
410,671
242,575
259,389,426
192,234,580
197,202,446
8,667
97,145,397,522
393,444
787,868
587,670,911,940
646,839
60,474
125,401
78,558,893
19,369
29,484
188,289
714,750
44,618,994
198,204,466
229,560
250,423,625
68,141,507,836
370,405
205,235
627,738
26,591,619,836
70,280,348,713
47,583,670
6,979
146,312
267,665
81,618,833
105,344,557
50,241,777,970
524,685
478,532
142,250
305,768
113,138
552,600
14,71,716
54,491,977
145,418
61,562
194,220,895
132,324,924
256,563
18,819
91,278,341,453
100,184,455,967
219,420
265,709
245,560
111,658,906
113,238
50,603
265,309
130,487,936
41,968
12,24
208,353,577
76,217,652
195,597,795
261,553
90,521
184,618,665
292,337,682,717
4,135
462,503
141,995
701,928
604,969
1,43,166,340
320,464,856
114,385,453
80,123,274
369,573
399,880
29,508,812
160,623,900
588,972
435,464,496
807,917
12,43,367
489,968
10,664,894,979
142,660
595,747
868,934
52,432
450,492
242,327,751
64,195
135,287,449
65,88,540,995
30,82,414
479,548
679,927
32,308,850
150,369,854,930
134,344,798
244,624,679
4,812
21,431,955,987
12,32
77,514,684,865
407,815
158,311,897
560,576,826
110,328,495,815
297,398,663
6,41,422
29,606
371,912
82,914
42,264,693
585,701
50,956
394,789
355,598
259,694,841
255,519
180,286,782
14,405,620
160,803,997
69,353
32,213,717
30,141
214,322,410
69,973
731,993
204,685,804
164,564
238,541
102,173,491
627,902
34,252
19,736
30,44,217,267
356,572,931
212,743
17,488,496,614
172,192
446,643
594,874
81,140,402
861,913
311,471
56,278,951
357,568
346,763,890
10,163,327
53,650
11,296,390
423,495,875
358,673
37,784
89,98,902
34,827
213,932
569,677
313,378
55,163,232,566
369,489
6,245
213,459,636
48,388
27,267
251,559
274,554,714
92,605,794
154,437
11,17
352,486
106,427,845
201,596
236,249,490
82,288,960
299,392
49,899
187,357,764,871
5,51
141,570,1000
301,451
304,574,760
498,595,799,882
211,301,560
389,878
232,458,861
421,659,826
146,331,706,961
222,292,537,954
657,851
311,803
349,504,767
74,300,983,986
479,563
728,930
207,350
199,909
300,501
170,996
486,724
513,858
515,992
108,331,466
370,814
319,557,871,961
264,699
43,533,804
39,456
384,725,982
29,734
20,480,921,999
159,168
510,598
255,335
294,879
633,858
343,502
499,654,991
243,775,785,872
55,109,185,203
30,57,340
256,704
241,355
162,447,780
436,811
187,263,343
217,711
606,716
207,247,550
485,556
261,277,446,501
368,457,966
275,286,438,897
404,825,840
180,415,452
115,496,601
373,559,832
16,258,396
148,161,439,692
408,839
101,296,753
23,177
277,470,924
68,265,268
554,919
475,779
100,500
366,427
47,593
149,635
161,710
156,241
180,587,757
7,345,737
359,483,703
438,463
71,358,532
536,618,667
211,540,983
382,562
273,333,351
185,387
381,899
192,545
527,533
165,261
27,314
25,348,634
26,55,134
359,394
293,605
57,293,516,879
65,243
90,846
368,935
537,625
31,66
276,726
718,806,938
61,767
623,632
123,152
7,492
8,734
321,820,981
615,726
20,512,958
53,408
470,941
99,175,821
278,776
679,830
128,971
625,681
110,111,182
292,499
53,736
35,184,513
124,159,713,974
144,428,610,717
138,749
136,199,383,451
54,119,303
422,862
203,293
215,462,694
52,481
164,781,782
238,289,572
29,238
3,171,602,929
65,600
407,952
757,937
28,315,593,654
25,297,541,1000
98,246
581,592
126,549,778,813
188,335
36,181
66,131,561,574
274,726
136,372,634,939
139,702
165,426,518
487,532,579
180,187
223,766
9,234,948
7,293,315
233,587
120,207
975,995
142,608
120,651
148,725
31,202,625
229,555,966
179,242,617
93,403,537,727
167,186,666,834
129,140,581
204,886
68,193,216,586
201,912
475,506,943
312,542
206,336,407,773
738,918
10,371,660,748
27,89,213,600
28,37,767
231,281,400,588
285,370
158,822
125,231,615
22,338,357,955
336,885
106,427,580
1,57,528,986
578,832
57,122,605
76,229,823
285,566,757,978
284,391,477
173,834
63,214
595,661
265,697
29,758
340,383,573
485,943
708,954
98,119
249,845
255,334,677
380,419,661
26,51,930
319,381
509,777
41,494
24,700,808
287,519
727,809,950
59,502,699,978
225,728
45,314,985
107,932
193,266
683,973
93,690,691,816
342,467
34,768
100,321,332,862
254,356,383,673
155,177
20,532,825
66,99,432
447,590
21,835
291,697
