129,347,789
544,977
576,690
212,216,521
5,995
210,871
12,161,513
240,411,437
8,34,783
332,870
481,644
29,749
108,261,473
181,638,928
157,970
155,738,785
115,672
331,895
685,724
12,793
128,407
111,193
6,597
127,254,884
159,224,291,436
564,980
136,858
195,739,779
155,712,724
430,445,470,827
501,859,955
53,111
847,902
8,27,545,732
266,424
218,496,524
2,359,827
235,269
33,503
196,746,903
189,497,539
72,989
121,370
337,523
12,394,799
223,850
353,437
223,302
36,296,595
255,274,654
216,297,371
760,844
54,591,721
99,259,629
314,361,583,972
10,38,147,655
2,40,592,846
288,320,514,636
615,720
13,396
460,619
357,490
50,132
351,604
53,129,419,618
187,270
233,338,366
852,935
38,125
366,368,791
17,109
176,335,495,887
269,640
118,451
27,972
42,73,363,719
15,408
90,326
58,196
150,255,874
334,394
192,327,573
77,144
168,493
295,355
21,29,42,635
108,969
673,841
198,488,576
117,904
37,399
205,926
50,220,367
541,750
75,692,705
270,797
491,689
210,476,489,861
173,854
5,254,403
38,578
170,622,854
455,734
17,464
50,951
553,987
68,860,939
120,186,491
116,315
280,934
100,340,857
340,970
48,54,408,571
688,763
76,387
555,728
125,241
364,942
60,253,434
66,777
46,542
103,170,292,457
51,952
819,862
153,220
288,430
11,391,761
97,642,670
268,959
216,491,521
33,873
109,811
393,770
8,64
168,338,442,890
466,588,765,898
70,137
114,610
67,213,517
79,150
78,218,300
110,362
84,246
72,615,694
139,408,682
214,247,323
171,258
389,452
35,166
10,39,439
283,885,896
147,853
238,510,691,722
272,452,796
577,882
352,998
22,252,656
25,184,312,508
227,576
50,92,194,924
132,715
16,813,925
11,270
84,413
245,878
522,772
18,90,738
217,727
92,132,861
493,625
82,695
397,687
149,353,917
251,567,991
194,269,882
100,281,648,714
43,310,868
56,941
116,169
588,732
87,122,905
635,869,942
51,70
502,504
425,886
12,334
153,280
248,477
41,197
393,407,481
501,651
24,200
138,274,618
232,575,976
151,407,686
77,848
4,560
253,278,385,478
133,279
176,908
503,703
340,795
80,175
118,604,905
131,232
382,392
388,725
167,456,776
26,225
168,620
175,463
130,385
132,806
309,437
165,770
95,312
114,921,975
50,152
301,401,523,550
212,568
86,592
62,466,594,976
277,802
289,441,722,876
515,562,893
220,290
29,248,399
395,837
470,558,658
174,188
508,694
190,543
131,600,696
63,356,584
58,114,632
15,168,393
47,430,969
200,950
268,789,821
713,943
311,348,370,519
115,364,964
365,497
267,482
69,341
267,527
87,573,993
170,381
78,206
209,984
15,314,779
34,828
195,198,233
210,308,574,837
238,529
579,616
300,489
136,274,603,936
86,122
282,344,469,792
215,347,388
227,352
142,380
377,707
321,522
590,915
39,577
165,304,668
56,971
146,180
52,899
584,596
4,36
76,540,990
148,449,795
627,721,932
51,172
30,292,637
344,520,555
552,956
342,818
357,664
441,941
346,409
31,953
31,282,369,416
289,604,828
10,52
381,709
71,182,660,715
663,996
308,811,867,876
328,785
693,893
227,297
513,822
274,702,812
22,95
195,754
124,302
66,207
174,594,829,931
255,294,462,554
4,44
582,589
39,886
36,149,326,469
381,548,996
143,449,655
58,99,415,920
250,766
119,345,372,747
130,364
558,955
293,720
64,622
201,953
141,435
207,373
20,727
312,401
67,373,885
130,214,342
223,252,390,768
11,146,766,793
305,537,975
620,701
210,423,588,680
185,798
83,259
50,899
364,931
80,686
110,623
140,360
291,950
135,173,696
12,547,988
281,459
52,285,625
10,241
113,192,272,824
801,833
450,794
88,132
28,150
345,650
588,832
89,214,472
18,221
306,720
208,250
259,533
231,456
171,443
182,463
450,523,592
2,768
159,230
176,327
169,240,725
28,621
608,611,835
127,296,910
3,343,782
668,704
57,885
68,729
96,817
22,97
101,560
16,267,568,762
116,624
24,253,810
61,773
75,117,570
69,187
158,517,591,915
645,902
21,241
66,237
363,736
313,527,649
46,295,324,868
290,402,531
23,270,792
485,779
121,165,578
224,810
497,967
37,44,206,928
530,787
22,45,567
145,223,551,641
207,718
41,107
203,822
19,458,679
178,398,579,987
258,276,874
781,794
72,779,839
479,639
131,174
32,308,594
80,494
441,472,730,860
186,547
304,525
200,302,362
637,742,816
8,86
408,758
76,182
100,414,886,906
61,250
188,864
365,935
77,473,819
325,464,775
57,143
47,710
212,355,514,998
194,369
96,202,633,771
93,242
417,526,897
27,173
124,251,999
72,179
397,427,581
145,946
60,530,988
97,160,313,973
99,343
76,630
544,578
61,500
174,339,444,749
534,771
23,78,101,516
140,352
378,902
6,96,502
289,971
370,655
492,572
298,711
894,964
598,840
603,610
71,92
73,412,892
193,486,621
230,457,775
244,525,739
224,231
98,880,923
700,998
27,291
143,284
363,563
687,767
533,537,800
477,618
586,590
141,246
694,827
144,229
349,374,753
226,582
369,561,891
28,333
30,93,260,663
60,339
246,440,864,960
70,75,542
69,508,609
129,484
331,908
9,306,465
88,962
118,211
392,911
39,65,233,414
232,475
60,69,313,1000
38,180
52,682
219,490,677,958
121,245
232,957
85,137,483,565
462,724
353,418,509,726
329,665
216,252,482
930,974
7,997
15,490,718
372,860
826,904
107,386,688
477,509,807
68,415
680,909
111,769
42,566
118,918
246,278,535
65,71
272,464
119,428
122,420,897
336,493
352,658,873
164,868
119,375
308,772
1,550
5,106
13,285,678
71,678
540,678
122,382
228,380
213,845
110,872
113,169
34,197,340
80,179
137,320
165,357,559,733
393,651
174,993
415,766
139,244
230,631,967,992
455,697
216,641
84,663,942
179,847
128,378,620
492,518
106,632
609,780
559,614
127,128,619,624
414,640
68,271
108,719
231,631
43,47
111,296,419
637,922
28,29,101
52,581
454,952
373,715
134,386
105,214,909,957
74,193
486,713
665,680
235,741
94,338
91,152,708
70,561,568,761
388,395
136,333
275,607
36,416
109,588
541,741
9,201,713,866
18,537
89,593,729
4,102,150,305
311,563,838
30,159,829
423,716,816,923
164,411
84,863
21,544
307,565
59,439
51,649
235,239
52,446
335,512
143,543
324,398
24,392
273,528
182,361,373
122,174
321,587,908
180,951
301,341,473
49,771,774
301,503
82,369,374
340,585,880
348,368
348,993
13,92,660
836,912
178,288
653,756,908
253,362,901
849,862
325,440,938
42,981
375,397,463
194,581
403,865,944
140,740
590,674
82,202,465
167,224,836
74,218,226,391
157,426
278,913
196,249
528,866
53,789
3,595
23,486
169,457,778
468,636
78,142,977
134,384
896,970
10,184,587
544,648
139,216,221,825
446,791
89,176,420
365,875
150,218,746
65,373,540,758
185,314,878
16,569
243,536
59,688
334,580,641,822
21,107
407,519
210,913
80,965
98,256,265
153,163,279,532
68,372,575
99,164
302,388
52,280
71,134,442
173,743
144,145,547
8,413
265,511
166,980
208,403
20,86,230,385
66,314
2,140,412
112,689
27,109,574
69,295
287,414,449,506
504,807
74,273
55,511
471,627
19,244,432
678,682
160,666
291,523,547
330,503
353,415,465,930
32,572,802
735,834
89,188
37,90
141,914
9,514
115,140,601
331,385
571,682
938,992
95,97
149,157
88,667
59,283,350,367
58,106
48,94
160,252,358,925
127,961
64,242
12,241
104,195
138,229
716,918
200,321,898
230,549
19,213
206,844
14,26,111,274
441,556
811,872
28,399
11,516
202,411,504,561
47,203
76,376
374,842
124,267,508
71,143,581
357,984
422,481
57,220
13,578
190,273
26,74,79,96
120,850
153,586,679
377,479
492,622,919
48,65
570,780,815
404,647
93,744
21,770
30,173,786
615,673
36,629
62,796,877,966
106,171,333
435,578
94,134,926
234,320,468
289,909
40,616
30,428,475,526
1,381
161,359
35,45,827
242,301,456
425,838
57,207,350,459
234,799
350,751
47,177,666
132,133
109,405
136,248,343,728
105,606,643,836
249,487
472,941
293,309,874,928
123,265,322,370
239,679,764
160,649,856
137,184
141,413,644,757
334,661
292,308,623
2,223
10,488
90,183,412,841
173,230,298,911
123,788
116,149
25,166,402,455
19,196,786
240,593
44,208,534,883
256,810
26,109,399
151,303,562
229,900
33,295,404
897,966
104,490,536
130,299,583
788,978
20,538,622
72,94,614
67,400,715
436,716
317,424,546
427,449
44,98
243,315,333
549,584,612,627
829,967
200,392,574,887
110,511
240,423
117,547,634
285,425
36,453
226,613
118,775
201,306,773
6,149,204
306,486
238,345
230,299,535,752
121,205
35,236
404,681
385,1000
89,452,639
165,576
188,512,802
69,964
23,102
320,607,851
339,499
32,141,351,495
56,659,919
91,92,94,879
340,675
77,360,584
60,337,514
3,702
607,947
39,81,485
57,151,220,269
585,926,933
747,943
48,152
510,966
16,108,115
8,199
126,203,473,803
8,98,914
416,462
19,798
57,283
103,644,904
671,983
287,467,845
189,735
260,420,456
161,480
211,526
364,428
123,757,957
444,599
800,972
145,599
31,268,476
66,506,842
229,991
279,485
91,133
594,722,992
113,179,731
215,390,447
78,203
246,354
51,215,470
14,276,695
22,74
439,948
714,828
30,93,286,548
168,625
20,224,978
144,531
217,919
64,217
252,656,674
51,507
181,461,755
245,929
13,660,759,989
22,454,552
112,746
32,512,635
128,304,763
378,777
91,432
307,383
166,427
49,129,149,720
557,869
307,401
291,406,417,556
564,580
388,778
303,367,984,986
35,319,705
6,58,440,888
95,115,735
158,220,459
124,236
84,420,683
6,31
227,946
583,657
531,851
564,964
90,114,315,332
85,124
244,819,956
285,990
7,753
62,556
18,53
606,747
120,452
24,48,326
776,824
433,831
59,438
290,592
494,693
559,764
331,351,684
191,342
62,538,711
24,701
49,328
734,820
186,496,567,987
431,650,696
191,545,593,966
259,891
508,534,893
405,478,657,730
34,151,540
384,585
18,487,954
61,327,630
263,513,850
43,445
46,900
499,527,745,801
808,910,951
44,208
126,447
71,400
7,96
502,726
38,207,213
19,366,562
13,838
743,911,916
58,266
307,963
89,118
55,370,433
506,541,584,646
318,943
148,157,612
159,354
482,804,834
4,156
90,171
621,795
394,599
96,202
195,783
97,410,805
93,431
145,705
160,187
33,647
85,634
61,391
453,979
181,229
35,429
107,949
501,846
3,664
428,574
251,945
18,66
18,598
64,351,417
367,471,668,857
723,763
7,603
188,867
436,643
544,619
234,542,825
183,454
85,151
325,606
349,812
127,164,228
13,219,853
154,881
136,204
278,421
34,675
272,837
610,702
5,27,254,470
372,431
48,284
45,310
21,434
192,381,905
91,157,396,879
43,444,570,647
15,458,806
140,383
295,468,539,830
106,206,399
9,771
236,862
14,560,685
152,207,356
7,23,840,977
27,631
92,241,348
706,719
1,938
43,199
129,654
250,484
30,538,652
128,235
103,217
300,961
698,756
93,351,395
378,448,563,652
33,830
119,167
50,88
8,967
162,920
348,990
237,480
90,226,917,930
156,884,985
446,485,524
23,597,603,773
210,271,898
29,469
281,519
265,824
545,957
586,622
256,556,876
180,484,561
192,358,625
72,934
729,867
131,238,843
236,247
460,808
196,462
346,774,971
8,231
647,676
82,749
104,739
275,982
118,170
254,276,476
16,674
43,670
133,279,759,989
335,717
127,309,554
315,419,589
200,242
328,605
35,145,319,900
549,828,839
32,89,119,711
376,906
79,369
65,125,915,949
374,443
659,717,725,871
225,349,858
150,258,885
70,642,963
507,568,988
59,179,596
871,877
31,489
152,543
52,99,755
11,18,306
134,552,810
307,580,848
5,96
531,579
324,480,703
58,225,419
590,843
120,145
10,41,179,890
161,313
49,416,621
87,98
395,522
26,171
16,95,473,987
310,505
194,322,356
215,330,474
54,213
181,247,301
98,123
14,28,260
23,618
186,363,539,656
115,998
16,337,849
685,874
146,443,769
702,945
132,185,581,596
1,329,556
32,456
77,991
102,154,222,794
142,465,589,800
113,701
267,628,856
774,913
535,757
543,861,933
271,354,757
435,451,680
14,785
376,577
440,669
169,211,413,600
64,110,600
161,558,694
62,87,818
68,511,699,942
46,505
56,863
51,145,505
5,333
224,832
29,221,769
75,658,692,825
132,350
108,474,531,672
13,338
78,82,698
25,229,501,999
38,59
130,495
86,246
503,658,787
813,995
6,221,841
15,239
76,198,586,718
243,379
619,750
60,212,474
870,974
40,227,339
78,746
206,276,343,756
533,806
242,650
69,77
311,493
85,120,740,999
87,479,837
49,162,537,835
585,741
107,883
147,198
12,296,646,737
39,651,671
264,495
143,244
22,85,474,927
203,412
325,912
464,650
126,307,491
673,781
193,204,753,921
303,524,990
447,925
683,748,826,916
83,424,809
93,214
268,534
304,493
214,877
436,594
185,612,737,896
29,58,111
380,881
162,226
600,774
443,595,662
177,261
15,48,485,764
5,598,662,761
45,263,638
762,784,945
514,580,994
520,866
54,361,675
169,364
45,75,565
83,821,835
84,495,732,796
150,317
225,610
612,640
183,261
504,628
2,455,805,889
777,932
114,273,326
94,839
48,693
238,298
431,441
266,577,706,960
55,206
823,925
318,417
40,570,607
103,214,389,742
147,356
82,190,959
26,222,293,597
217,372
99,156
162,221,920
177,649
82,634
721,906
1,151,510,645
10,791
339,567
59,541,653
285,524,861
38,41,439,448
1,167,438
170,240,257,776
32,54
233,361
7,533,920
234,551
148,949
72,648,878
345,772
183,988
483,740
147,261
73,288,731,991
176,359,660,973
20,260,361
628,884
54,375
90,208,664
386,677,915
46,215
67,539
184,799
175,368
65,284
241,630
360,371
17,321,530,876
57,733
286,289,512,711
25,311,416,483
299,909
9,689
220,237,983
6,26
31,695
191,975
120,261
510,824
318,389
195,338
2,380
113,135,382,472
355,523
88,397,798
47,360
156,415,528
64,170
79,617
190,959
79,626
222,844,928
134,857
863,950
272,423,479
295,339
465,661
128,304
482,553
244,283,376,396
215,401
249,654
91,823
87,345
344,349,613,940
583,897
212,301
37,636
829,918
290,352,550
35,454,692,852
453,760
525,879
158,163,668,948
205,506
322,458
242,327
765,931
98,135
35,189
504,654
526,923
121,151
181,496,642
44,883
5,6,813
3,611,812,997
103,105,192
62,189,297,509
222,226,714
710,994
329,802,872,888
37,910
237,378
146,248
123,257,916
73,566
185,197
34,646,948
288,398,609,907
142,228
2,482,505
549,677
25,461
256,623,644
49,582
168,384
224,436,511,869
355,707
172,429
6,624
278,366
234,616
36,201
104,157
516,864,976
175,356
520,844
27,575
562,926
444,834
204,228,936
248,469
878,898
257,406
228,287,826
450,889
280,303,758,791
205,357,407,751
380,536
124,410
417,788
422,449,986
236,784
159,298
258,437
4,583,924
317,484,498
162,985
562,965
467,532,686,767
194,323,842
483,994
203,324
21,614
188,716
358,801
133,148
27,342,606,765
262,790
424,797
241,471
43,875
42,410,521,892
458,688,870
201,255
313,341
240,318
46,703
303,831
569,706
358,656
50,284,426,667
550,676,801
344,602
25,952
16,359,550,907
17,278
736,956
23,248,760
279,806,958
138,937
292,864,880
390,404
78,296
190,347
143,165
3,37
259,328
37,106
101,266,749,792
83,326,809
370,679
163,478
23,99,344,713
30,546,858
298,406,943
105,119,941
633,808
492,529,754,895
107,158
346,510
81,281
103,912
362,479,623
43,126,363
554,979
42,223
394,488
33,875
341,641
1,76,832
201,546
75,383,610,820
375,675
268,443,761
821,910
14,196,662
371,900
67,94
251,820
106,853
119,299,413,743
100,245,783
285,532
67,185,209
212,862
736,787,947
6,83,206
17,643,871
184,341,358
115,740
22,69,97,565
318,575,684,742
158,312,895,981
421,573
148,175,515,751
1,992
363,784
100,114
855,859
236,569,809
159,889
167,286,318
85,530,927
274,766
218,615
63,460
45,768
26,29,149
42,77,365,805
105,573
4,7,632
81,387,422
309,881
388,901
123,475
310,894
192,302,659
9,243
326,782,881
201,365
144,324
7,611
49,477,500
31,116
34,648
305,809
571,737
754,786
677,687,924
62,351,478,747
19,366
74,306,602,865
73,383,398
729,786
45,700
193,305,418
424,509
826,887
359,599,681,999
11,222,300,486
346,452
147,400,433,723
65,396
513,609
81,750
55,219,767,983
344,814
9,953
447,912
14,26
111,154
39,40,197,423
434,463
332,374,528,968
245,525,576,989
264,354
263,359,638
26,36
135,474
41,104,596
338,458
236,455,804,848
97,542,579
121,958
334,735,973
42,60,310,402
700,762
28,617
28,536
838,879
92,323,439,517
846,850
211,232
55,197
299,938
128,233
280,494
173,832
47,803
253,405,854
235,323,488
60,638
629,662
138,330
330,332,758
329,691
297,873
251,290,539
55,965
200,631
335,421,772
24,389,752
601,994
32,84
12,140,144,402
116,380
102,739
395,518
53,814
53,164,613
75,762
251,969
405,593
118,211,778
67,962
70,330,969
63,356,723
602,626,769
233,284,949
7,208,812
406,722
567,894
47,947
600,914
101,726
24,277,529
18,560
63,284
84,754
104,239,934,948
249,573,727
25,889
317,554
56,211
499,521
166,875
317,968
9,315,782
572,792
61,225,533,595
551,706
2,178
112,204,282
137,461
3,112
55,591
122,302
780,856
12,95
33,946
105,122,217,271
287,515,557
54,139
144,429
293,571
11,49
131,939
404,937
215,410,570,670
103,960
191,816
409,639
445,804,947
2,499
202,218,374
257,905
102,347
44,155,226
430,582
283,847
270,866
66,143
209,686
99,821
1,210
183,973
64,320
699,776,923
63,81,559
120,709
51,115,558,892
205,239,427
66,209,532
147,557
45,719
179,323,459,596
172,434,693,817
133,471
630,847
796,855
13,81,733
467,671
205,303,857
169,277
451,604
22,483
402,601
177,390
313,907,963
661,927,981
101,419
273,790
9,516,546
225,975
83,790,858
165,175
41,585
86,188,308,498
21,843,906
20,68,548
167,335,498
91,384,463
20,752
234,505
67,460
60,616
277,291,409,669
227,564
61,520
108,607,982
34,361
135,775
126,263
17,382
64,362,522
66,515
222,602
63,185,376
94,239,652,882
625,958
126,676
98,262
1,548,818
62,271,748
330,566
158,237
187,609
46,787
112,392
152,244
199,360,799
444,833
114,603
40,499
325,372,696
110,122
126,172
728,753
154,379
666,849
490,741
130,895
80,433
352,564
336,442,843,853
153,400,974
172,312
138,324
293,379,940
100,487,605
104,213,655
475,914
133,314,366,924
266,929
71,213
97,328,425,983
450,703,830
243,332
305,955
30,87
398,731
19,287,336,970
117,138
70,634,851,852
73,187,297,697
129,180
315,852
56,712,782
23,65,614
263,569
331,913
33,319
78,347
591,687
549,798
11,598
202,520,698
657,781
95,368
57,896,984
191,765
163,323,387
142,773
72,139,563,962
294,936
235,591
346,587
797,807
282,294,621,944
3,954
95,227,358
20,748
604,643,663
502,728
34,986
131,438
40,666
410,833
74,262,528,624
690,721
273,418
33,177
37,102,112,249
136,391
17,345,440
106,127
228,611,781
163,532
316,935
336,586
55,81,163
329,901
137,319
257,704
956,981
71,314
336,627
155,930
231,673,748
327,880
405,730
107,396
162,756
121,446,902
228,309,977,979
41,209
19,519,646
434,842
353,689
475,691
371,429
125,386
870,954
87,242
166,355
119,911
304,525,789
56,331
468,952
155,712
59,92,147
554,744
123,869
371,553,601
70,199,267
256,286
232,626,676
79,117,551,579
209,367
707,833
429,450,551,692
137,172
68,683
3,266
5,595
281,283,311
105,256
109,960
40,1000
38,620,890,932
498,816
176,922
75,199,707
611,628
391,534,929
393,899
107,245,481
11,136,155
300,605,944,959
54,350
430,461
408,770,783
357,386
178,815
247,365
148,723
16,187,216,275
257,708
448,671
198,269,287,467
12,566
129,208,379,917
61,268
41,817
750,845
152,651
362,742,855
114,293,997
672,927
275,527,859
325,518,996
31,305
342,811
700,710,755
44,608
14,83
135,211,238,717
18,453
54,163,506
669,946
519,890
320,670
383,599
377,521
35,312,553
376,497
25,181,745
139,197,350
262,347
316,337
328,332,744,814
158,182
292,409
480,980
124,360
235,280
21,157
125,167
730,854
311,933
73,401
321,918
222,255,262
121,933
322,882
30,141
276,632,695,760
102,582
500,954
57,565
448,805
219,448
19,965
32,98,141
422,590,831
639,699
20,56,572
74,204
134,195
177,377
96,629
411,608,997
563,667
105,887
253,265,575,635
437,487
42,310,745
442,557
389,691,790
146,243
322,653
168,219,233,427
406,665,901
294,744
199,468
597,835
59,182,733,932
4,61,738,800
53,186
191,264
77,892
4,391,418
381,438
767,845
88,433
203,275,697,955
29,917,944
73,189,247,394
175,348,384,737
16,849,982
509,726,951
85,166
10,13
128,577
238,265
11,271
7,608
286,337,681
4,353
196,617,841,884
10,640
116,411,940
139,494
110,522
148,375,426
67,100,197,387
146,379
14,180,418,489
17,669
126,186
17,264
124,709,734,868
138,616,823
171,618
279,336
131,346,438
681,945
135,170
204,560,891
859,980
968,995
43,275,589,718
125,831
492,836
46,527
58,154
462,555
476,903
154,300,369
613,891
146,178
46,731
41,125,182,245
31,536
225,834
33,189,337,674
39,52
28,469,865
130,260,939
732,778
316,507,558
104,219,422,817
602,626
116,276
684,863
162,848
207,459
183,982
148,368,426,467
392,939
249,476,664,985
36,272,349,877
250,296
44,797
21,39
258,793
55,153,612
464,472
86,701
217,657
281,986
400,886
80,432
354,538
79,270
48,393
117,189
38,81
24,264,593
445,697
614,690
25,160
15,559,759
123,526
198,432
290,636,672
261,768
68,103
135,704
384,387,446
234,390
263,592,846
82,127
83,617
112,221
259,597,633
386,734
373,738
156,221,555
160,507,513
286,574
264,685
112,502,546
129,793
79,254
53,142,561
14,190,453,936
164,254,985
297,334,736
645,659,904
77,247
194,239,494,777
637,752
88,375
377,815
237,367
28,243
3,390,451
172,184
457,888
20,161,432,839
176,382,606
825,907
192,451,466,545
29,477
164,202,317,785
146,343
50,414,893
219,667
79,111,349,840
142,466
545,919
49,102,154,180
322,619
117,174
15,899
101,309
181,661,894
447,755
237,515
47,69,823,873
109,141,292
37,333
316,383,394,530
75,341,566,745
329,435,498
316,803,804,819
108,830
420,518
240,518
31,156,598,935
27,191
218,794,961
53,615
74,250,633,953
382,888
535,727,922
159,978
571,751
252,316,784
541,714
387,442
229,497
445,454,470
298,931
91,690
184,412,553
343,537
371,642,1000
580,937
409,822
63,708
134,460,557
24,130
125,139,934
524,645
403,500
9,136,865,979
617,995
113,231,684
255,916
15,76,80,368
466,699
120,187,212,552
133,529,764,922
177,183,552
89,277,457,867
568,856
155,613
484,814
117,377
231,683
421,572,717
140,178,186,319
652,971
138,569
269,378
8,299,623
319,710,937
743,872
17,232,725
491,507
63,653,795
72,488,517,962
149,489,807
205,481,759
5,961
110,478
150,724
161,480,709
24,435,587
108,803
512,665
624,883
389,818
70,73,461,501
156,190,294
355,542,705,815
780,950
100,198
193,608,712
131,289
260,788,993
282,516,589,921
288,496
56,529,535,855
294,940
62,860,972
397,425,540
137,601
379,605
262,403,500
808,974
426,471,978
487,605
142,903
517,708
101,193
171,813
209,555
51,88,851
113,277
113,321,335
86,342
40,144,963
45,223,820
22,496
65,76,620
327,385,996
431,704
63,763
93,354
428,976
32,421,538
548,587
698,929
153,543
258,968
25,178,199
282,840,903,921
