0 335
0 361
1 330
1 357
1 939
2 371
2 466
2 912
3 215
5 19
5 161
5 471
6 32
6 151
6 747
7 150
8 162
8 616
9 421
10 100
10 244
10 879
11 252
11 262
11 282
11 443
11 750
12 404
13 331
13 347
13 678
14 769
15 21
15 148
15 393
15 437
17 84
17 403
17 792
19 216
19 438
19 518
19 779
20 473
20 561
20 898
21 256
21 398
22 375
22 475
22 666
22 786
23 635
23 745
24 596
25 873
25 952
26 54
26 120
26 495
27 169
29 698
29 917
30 112
30 202
30 834
31 633
31 857
31 966
31 985
32 963
33 361
33 417
33 847
34 146
36 71
36 269
36 312
36 407
36 468
36 676
37 415
37 547
38 361
38 454
39 876
39 972
40 914
41 446
42 63
42 248
43 152
43 614
46 320
46 988
47 468
48 638
48 867
49 400
49 561
49 774
50 245
50 317
50 546
50 651
51 239
51 544
52 410
52 412
53 172
53 851
55 267
55 944
56 136
56 316
57 398
57 886
58 377
58 581
58 973
59 300
59 388
59 548
60 112
60 513
61 75
62 241
63 101
63 730
64 373
64 953
65 294
65 309
65 437
65 554
65 692
65 950
65 993
66 246
66 592
67 939
68 366
69 209
70 288
70 628
70 749
71 431
71 563
71 884
72 907
72 925
73 455
74 139
74 222
75 338
75 493
76 405
76 872
77 680
77 767
78 316
78 329
78 564
78 747
79 152
79 739
80 283
80 314
81 197
81 203
81 342
81 853
82 158
82 640
83 205
83 548
85 761
86 201
86 216
86 842
86 987
87 482
88 352
88 402
90 622
91 309
91 310
91 979
92 154
92 405
92 513
92 744
93 345
93 482
95 485
95 888
96 479
96 849
97 975
98 824
99 212
99 685
99 802
100 154
100 229
100 385
100 639
101 363
101 486
102 279
103 675
103 694
104 107
104 235
104 553
104 799
106 701
107 647
107 844
108 234
109 263
109 288
110 332
110 668
111 748
111 914
112 669
113 786
115 554
116 542
117 485
117 796
118 313
118 335
118 359
118 473
118 672
118 757
118 789
120 921
122 232
122 742
124 174
124 430
125 228
125 892
126 640
127 929
128 208
128 423
128 673
130 621
131 175
131 364
132 423
132 899
135 261
136 647
137 549
137 989
138 512
138 574
139 288
141 488
141 584
143 260
144 591
144 610
144 752
145 440
146 597
147 220
147 760
147 827
148 411
149 809
149 847
150 235
151 459
152 700
153 236
154 582
154 812
155 210
157 242
157 349
157 469
157 514
157 714
157 898
158 960
161 307
162 830
162 849
163 232
163 260
163 785
163 926
165 618
166 681
167 490
167 789
168 250
168 597
169 195
169 471
169 488
169 878
169 967
171 750
172 399
172 688
172 927
173 793
174 427
174 455
174 671
174 939
176 654
178 485
179 441
180 611
180 620
184 297
184 799
186 590
186 813
188 721
190 441
191 894
192 738
193 207
193 315
193 974
194 799
194 896
195 239
196 467
196 575
196 668
197 728
197 961
198 972
199 877
200 430
200 755
201 325
201 632
202 607
202 732
203 576
203 622
203 953
204 753
205 831
206 399
206 887
207 332
207 680
209 745
209 837
211 739
211 834
211 938
211 978
212 396
213 523
213 931
214 557
214 786
215 484
215 680
216 691
217 429
217 734
218 377
219 645
219 663
219 848
219 940
220 675
220 704
220 808
220 819
221 851
222 444
222 920
223 388
224 305
225 678
226 275
226 499
226 977
226 984
227 662
228 493
228 596
228 977
229 855
230 710
230 738
230 758
230 976
231 846
232 249
233 246
233 812
234 353
234 809
235 568
235 582
236 703
236 947
239 289
240 723
241 744
241 749
241 909
241 980
243 968
244 405
244 815
245 499
245 672
246 507
246 840
247 759
248 477
248 791
249 963
250 857
251 542
251 916
252 281
252 502
252 790
252 860
253 924
255 565
256 288
257 538
257 831
258 368
259 640
259 807
260 361
260 791
260 834
260 912
261 928
263 350
263 395
264 584
264 723
265 570
266 346
266 641
266 680
270 846
272 299
272 463
272 928
273 824
273 843
274 783
274 951
274 970
275 382
275 554
275 716
275 825
276 754
276 988
277 376
277 436
277 486
277 537
278 977
279 745
280 418
280 476
280 910
281 855
284 663
285 569
285 693
288 505
289 695
290 569
290 884
291 682
291 745
292 823
293 405
293 531
293 568
293 636
294 929
295 342
295 538
295 969
298 693
299 884
300 329
301 867
302 751
303 737
303 884
304 701
306 532
307 336
307 895
308 370
308 939
309 432
309 741
309 801
309 956
310 715
311 389
311 765
311 834
313 450
313 878
314 506
314 920
315 493
315 841
316 599
316 787
317 660
317 910
318 388
319 724
320 604
320 633
320 651
320 655
322 876
322 972
323 330
323 382
323 550
323 746
323 911
324 513
324 632
324 976
326 372
327 879
327 928
328 398
329 592
329 690
330 622
330 849
331 697
332 799
334 337
335 994
337 966
339 979
341 865
341 956
342 628
343 996
344 663
344 969
345 665
346 800
347 565
347 635
348 462
348 804
348 841
349 919
350 431
350 794
350 914
351 777
352 436
352 935
353 361
353 406
353 636
353 646
353 802
353 895
353 951
354 956
354 963
355 789
356 495
357 708
357 807
358 709
358 895
360 376
360 898
361 738
362 821
365 588
365 719
365 745
366 854
368 498
369 396
371 383
371 599
372 471
372 759
372 809
372 884
372 925
372 959
373 597
373 941
376 706
378 600
378 923
379 381
379 800
384 506
385 666
385 803
387 498
388 692
389 708
389 956
390 437
391 588
391 844
392 554
392 959
393 625
393 728
394 885
395 630
397 585
397 918
398 434
398 435
398 806
399 813
400 487
400 981
402 857
403 584
403 696
403 754
403 766
404 671
405 766
407 679
408 502
408 609
409 743
409 825
409 995
411 619
411 849
411 949
411 984
413 719
413 817
413 944
415 480
416 507
416 529
417 455
418 494
418 658
420 507
420 870
421 805
422 532
422 785
423 432
423 851
423 911
424 426
424 461
424 865
425 448
425 869
426 934
427 576
427 604
427 713
428 769
429 937
430 498
430 673
430 747
432 571
432 646
433 499
434 582
435 552
435 556
435 579
437 692
438 708
438 873
441 865
444 857
447 747
447 818
448 815
449 836
449 952
450 974
451 578
452 529
453 588
454 517
455 864
458 531
458 600
458 671
459 518
459 705
459 779
460 709
460 879
461 482
463 682
465 601
465 745
465 919
467 696
467 791
467 902
468 921
469 929
471 971
472 848
474 900
475 681
475 916
476 664
478 937
479 655
479 798
481 736
481 996
482 579
483 883
483 929
483 944
484 599
484 668
485 805
486 496
486 535
489 553
489 652
490 862
490 973
491 686
491 797
492 746
493 639
493 679
495 989
497 911
497 925
497 971
499 928
499 942
501 607
501 664
501 714
505 599
509 946
511 527
511 563
511 680
512 667
512 744
513 847
514 890
516 751
516 772
516 882
517 785
518 969
518 987
519 969
521 790
522 741
522 906
523 560
525 718
525 746
525 943
528 911
529 530
529 545
529 634
534 608
534 982
535 782
535 842
536 723
539 618
539 653
539 678
540 579
543 670
543 758
543 908
543 923
549 663
550 629
551 810
554 584
554 738
555 831
559 685
561 813
561 921
562 735
564 631
564 812
566 962
567 728
567 940
573 963
574 873
575 609
575 747
575 921
575 982
576 699
576 740
577 758
581 765
583 785
584 992
588 927
591 810
592 731
594 607
595 829
595 979
596 655
596 730
597 824
597 996
598 675
600 820
602 827
603 648
604 915
606 950
608 667
613 791
614 818
618 811
620 755
622 762
623 941
626 856
627 860
628 676
629 846
629 884
629 960
631 814
635 973
636 742
638 732
639 922
640 836
640 837
642 724
643 747
643 980
644 815
646 882
647 789
648 742
648 951
651 984
654 979
654 992
655 747
655 842
655 877
655 898
657 679
657 820
658 701
658 991
659 844
661 737
661 811
662 923
665 871
672 813
673 711
675 792
675 815
677 986
679 920
679 928
680 936
680 977
681 783
684 898
687 724
688 887
688 951
690 880
691 957
693 710
694 967
695 783
700 727
702 875
702 971
703 917
704 957
706 867
710 723
711 826
711 833
712 806
713 795
713 800
713 861
713 862
713 886
714 803
716 829
717 780
719 746
719 851
723 732
724 842
724 929
726 776
727 759
731 839
733 933
733 957
734 902
736 879
737 947
738 814
738 934
739 769
741 871
744 819
745 789
746 856
747 889
750 907
752 983
753 880
755 904
756 800
762 893
762 919
765 998
767 902
767 944
770 939
773 998
774 781
774 832
775 923
781 996
783 815
786 862
789 999
790 826
791 858
793 851
800 820
802 919
802 992
806 811
808 993
810 864
813 991
815 915
816 864
819 945
821 962
823 885
826 869
830 935
837 862
838 986
839 859
852 854
852 926
852 946
854 961
854 978
856 866
858 886
860 991
863 961
865 883
870 952
871 992
874 969
876 919
876 950
882 959
886 955
892 942
907 926
909 982
912 950
912 951
915 951
921 931
921 983
956 967
973 986
979 994
0 433 783
0 539 835
1 293 614
2 257 358
2 310 972
4 131 500
4 192 848
5 66 385
6 98 709
6 421 524
7 86 128
7 99 295
7 211 322
7 674 873
8 162 565
9 40 877
9 46 937
9 475 742
9 559 638
10 55 659
10 86 998
10 620 884
11 266 877
12 78 697
12 149 972
12 168 968
12 250 335
12 818 822
13 61 666
13 180 689
13 514 965
14 721 972
15 699 923
16 93 138
17 156 377
17 428 697
17 573 910
18 72 73
18 270 633
19 231 683
20 628 871
23 134 221
25 221 963
26 238 898
26 563 620
27 248 910
28 329 593
29 228 505
29 716 737
30 67 282
30 232 343
32 421 547
33 115 858
34 229 500
34 300 513
34 361 402
34 873 949
35 138 823
35 298 814
35 402 608
36 340 768
37 383 589
37 569 650
37 602 906
38 679 746
39 195 304
39 506 969
40 287 689
40 437 716
42 104 840
42 621 859
43 294 932
43 317 992
43 538 873
44 52 612
44 52 682
45 94 341
45 303 958
47 96 740
48 284 900
48 479 964
48 621 813
49 137 382
49 382 483
49 525 622
49 557 854
49 620 746
49 947 973
50 412 659
50 589 960
51 683 938
51 818 982
52 713 881
52 737 901
53 592 608
54 583 766
55 417 555
56 135 529
57 248 664
58 249 597
58 306 388
58 341 410
59 719 753
60 354 813
61 152 373
61 229 767
61 436 787
62 226 346
62 335 972
62 673 755
64 96 477
64 186 537
64 608 723
64 728 932
65 178 714
66 463 653
66 679 975
67 219 240
67 550 815
68 299 482
68 533 815
70 669 965
71 283 340
71 314 796
72 476 708
74 184 857
74 731 817
75 299 898
76 168 223
76 542 760
77 107 154
77 198 340
79 395 815
80 245 836
80 499 985
83 553 731
83 594 634
84 159 940
84 526 665
85 274 865
86 708 891
89 123 465
89 283 882
89 321 689
89 447 606
92 528 649
95 278 766
95 724 929
96 278 475
96 566 711
96 683 941
96 832 836
96 854 993
97 677 687
98 358 627
98 361 834
98 587 660
101 167 248
101 205 880
101 444 450
102 853 931
103 651 819
104 253 637
104 477 486
105 306 830
105 466 946
106 186 192
106 196 614
106 265 269
107 727 991
109 615 691
109 793 904
110 291 861
110 303 441
111 150 730
112 396 499
115 278 800
115 412 703
117 499 621
118 143 467
118 406 652
118 610 852
118 663 857
120 162 933
120 535 608
120 838 987
122 290 939
124 330 669
126 189 871
126 219 552
126 327 779
127 622 632
131 359 465
131 666 714
132 670 679
134 210 756
135 454 924
136 263 561
137 243 712
137 271 437
137 609 882
137 713 751
137 826 914
138 162 638
138 512 571
139 213 517
139 550 920
143 259 621
143 284 751
145 154 840
145 433 745
145 741 880
146 203 655
146 523 709
147 190 748
147 272 896
147 514 855
148 169 508
148 235 369
150 461 502
151 243 580
154 447 882
156 313 532
159 524 810
159 638 936
160 690 711
161 396 525
161 546 894
162 188 954
162 220 968
162 636 844
163 228 326
163 291 910
165 361 409
166 225 851
168 395 977
169 185 227
170 238 958
170 319 385
171 197 415
172 652 763
172 824 951
173 619 702
177 505 733
178 790 842
179 720 958
183 426 871
185 410 704
186 553 706
187 630 997
188 506 597
189 694 804
191 197 760
191 639 748
192 706 746
193 262 471
193 383 792
197 474 639
199 410 966
201 680 952
202 790 940
204 211 257
204 343 939
204 530 653
204 629 745
205 283 336
205 588 869
205 593 718
206 293 637
207 293 780
208 422 528
212 222 997
212 248 250
212 386 642
213 412 680
213 493 821
213 723 935
214 571 993
214 608 890
214 721 982
215 606 875
216 551 621
218 590 709
221 313 456
222 375 516
224 245 857
227 239 713
227 388 752
227 410 723
227 686 963
227 817 888
228 268 539
228 505 683
229 363 433
230 440 640
231 340 675
232 482 864
234 482 504
235 380 400
235 669 922
236 421 687
236 636 684
238 247 723
248 657 824
250 541 639
252 290 700
252 669 810
253 804 951
254 439 681
256 348 979
257 315 404
264 528 568
265 285 517
265 356 439
265 440 640
265 526 805
267 538 744
267 552 628
268 418 477
270 469 471
273 477 935
276 709 842
277 447 627
278 281 690
278 402 899
278 719 841
279 598 845
282 293 519
282 457 824
289 566 886
290 356 711
292 533 981
295 304 824
295 353 767
295 393 843
295 613 875
297 607 835
298 623 710
300 356 533
303 331 575
305 327 334
309 314 620
309 328 471
311 337 582
312 471 661
314 463 934
314 956 979
315 705 757
316 387 486
322 589 647
324 840 929
325 628 667
326 526 537
326 689 962
330 533 731
331 936 951
333 462 766
334 464 724
335 822 876
336 484 672
339 731 899
344 396 678
345 859 870
349 668 733
351 426 972
352 381 698
356 370 498
357 459 976
358 442 656
359 416 994
364 802 921
365 480 843
365 770 782
367 788 856
369 417 842
369 628 841
369 869 888
372 479 570
372 686 960
374 443 791
374 473 519
374 562 812
376 466 584
378 386 427
379 470 522
379 495 966
382 668 953
383 700 815
384 577 627
385 419 663
389 814 879
390 745 998
392 478 924
394 465 846
394 484 830
398 527 592
399 404 885
401 883 939
402 421 828
403 521 916
404 763 807
407 571 580
408 660 778
408 864 987
414 418 778
414 755 918
418 628 657
421 611 729
421 785 950
427 473 946
427 737 892
433 667 867
435 453 683
436 451 566
440 469 865
440 633 758
443 754 986
445 575 782
448 619 777
449 482 819
452 501 750
455 501 929
465 538 947
465 622 868
473 645 803
476 576 839
477 597 904
480 511 662
481 595 653
483 840 894
484 546 858
488 822 922
499 580 621
505 653 904
507 582 672
508 741 869
509 568 941
509 606 729
511 844 925
512 636 810
514 957 990
517 798 853
523 736 963
524 551 860
527 617 970
528 721 877
530 718 892
530 722 831
534 802 903
536 731 783
537 641 911
542 718 820
543 603 619
545 573 600
552 701 872
552 740 820
555 734 829
558 598 784
559 560 822
559 588 902
564 565 970
571 599 775
572 617 745
573 738 999
576 734 971
578 631 668
578 687 756
579 600 840
581 634 996
581 736 864
581 906 971
582 902 975
591 658 910
593 749 910
595 760 774
596 633 860
598 873 879
600 906 945
602 681 874
613 637 742
626 713 753
643 917 962
656 684 820
664 673 845
683 691 995
686 785 823
690 755 955
695 944 950
734 911 912
741 782 841
763 932 950
863 948 972
872 932 972
876 938 942
0 165 300 723
3 142 204 779
3 548 699 703
4 153 359 364
4 577 967 997
4 597 611 851
5 175 358 596
7 101 151 339
7 130 488 517
8 247 305 392
9 78 790 874
10 29 699 822
10 112 380 979
12 462 522 642
13 511 806 859
14 362 375 524
15 112 508 720
15 155 388 847
16 290 609 917
17 374 766 895
18 74 668 872
19 443 668 989
20 240 255 425
21 380 711 827
22 112 339 733
22 460 551 760
23 107 398 646
24 73 323 753
25 353 627 893
30 140 691 892
30 496 691 785
32 233 363 991
38 206 625 770
39 259 508 669
41 43 66 559
41 208 368 637
42 451 746 816
43 656 718 963
44 161 433 495
44 418 687 895
46 524 771 812
47 240 326 647
47 282 514 830
47 350 363 418
47 518 610 994
49 172 338 888
49 192 705 776
51 144 504 652
52 172 608 694
54 547 881 916
55 285 308 311
55 654 677 703
56 202 682 763
62 175 392 867
62 184 266 601
63 419 797 876
64 106 218 268
64 139 193 334
64 268 934 996
65 176 193 809
66 89 464 637
68 241 278 932
69 344 418 783
69 556 773 877
70 203 269 711
70 540 710 740
71 199 275 360
72 360 381 438
72 376 671 677
74 95 233 397
76 136 232 501
76 375 598 834
78 668 751 769
78 775 779 971
79 379 410 972
82 235 446 703
87 191 285 766
87 721 855 938
92 147 573 998
96 138 563 724
97 211 704 782
98 250 522 703
98 383 794 808
101 279 464 887
101 384 502 606
102 623 655 772
103 150 154 925
105 454 513 675
110 124 180 709
111 183 544 835
113 258 590 805
114 285 462 494
114 449 470 648
114 642 718 924
118 290 428 439
120 286 508 985
122 190 806 811
124 493 706 971
125 664 674 815
130 249 426 639
132 521 633 783
137 152 162 611
138 224 307 325
138 259 913 936
141 242 366 389
141 319 365 846
143 249 610 825
143 491 571 687
144 163 335 984
144 560 903 939
145 276 491 862
146 184 668 689
146 222 457 530
146 395 667 778
148 161 194 495
150 163 521 807
153 175 613 655
154 208 451 933
156 390 554 700
159 173 214 630
159 239 325 808
159 561 708 845
160 610 686 780
161 218 445 827
162 250 301 662
163 572 817 819
164 343 378 938
165 283 331 974
168 189 563 900
170 189 443 814
171 194 247 365
173 485 701 704
173 633 638 992
179 346 713 909
179 472 518 543
179 497 679 977
180 423 608 933
183 346 409 724
183 589 893 991
185 306 501 931
186 189 418 921
188 220 856 957
190 690 729 964
191 200 703 859
195 701 819 960
201 357 605 744
201 725 860 877
202 351 366 614
204 511 800 946
206 487 738 960
207 363 527 601
208 376 419 941
209 327 758 974
211 231 380 756
211 242 611 988
215 224 444 497
215 798 835 934
219 300 951 971
221 421 596 675
224 272 319 792
224 421 456 784
225 515 541 976
228 269 368 759
229 392 764 844
231 289 339 648
232 412 415 609
235 518 519 860
237 741 908 945
239 508 700 945
245 383 419 760
255 422 639 980
256 565 608 662
260 487 566 751
261 318 490 576
270 433 575 609
274 397 549 782
275 484 658 978
281 288 711 933
283 386 453 544
286 512 720 829
290 380 513 531
294 412 720 867
294 437 516 892
297 565 698 873
304 310 487 622
304 378 838 918
309 615 898 912
310 571 698 856
312 321 809 984
313 328 348 402
313 639 688 998
319 375 412 839
329 691 818 914
332 564 689 774
335 461 658 926
340 456 483 497
341 382 622 922
349 365 792 927
351 530 717 788
353 810 858 954
372 386 720 981
372 722 835 961
377 405 409 948
380 473 691 716
388 438 714 846
392 456 622 761
395 679 838 912
398 434 621 738
414 442 488 805
418 513 713 743
422 441 470 742
422 498 684 746
425 436 702 972
427 438 620 918
431 542 578 727
435 514 834 998
435 541 585 667
440 534 780 790
440 544 724 879
443 509 684 974
443 686 882 991
447 458 522 719
448 493 577 867
449 534 676 903
455 496 497 863
462 506 923 984
462 613 813 909
469 806 891 930
471 611 797 998
483 682 896 943
489 500 753 803
496 612 661 932
506 870 926 934
519 609 882 898
519 711 907 936
523 614 965 981
530 699 711 831
536 578 618 980
537 820 889 910
541 851 863 979
565 582 744 797
585 674 750 947
587 609 660 779
595 746 772 961
604 607 755 979
637 694 700 763
689 779 865 970
764 771 964 985
