1 340
1 442
5 329
5 435
7 778
9 515
9 893
11 701
12 910
20 224
20 790
22 73
24 339
24 814
27 279
28 888
33 63
34 913
38 244
40 999
41 615
44 287
45 778
45 817
45 896
46 586
47 861
50 577
54 444
54 505
55 883
60 484
61 490
61 995
63 100
63 273
70 200
71 546
73 248
79 257
80 226
80 545
81 672
84 615
84 964
86 484
87 914
88 570
92 754
93 246
94 102
94 581
98 272
98 712
102 422
107 959
108 381
108 680
108 944
110 666
113 591
124 797
125 797
126 581
126 940
129 857
133 456
134 485
134 919
134 993
139 466
141 206
141 429
143 436
144 637
153 397
154 342
154 511
154 891
155 290
156 276
159 558
160 245
163 836
164 371
170 914
171 470
175 774
178 267
180 925
181 845
186 212
188 439
201 266
204 550
206 691
212 439
213 566
215 928
216 787
217 854
219 974
220 480
221 619
222 263
224 857
226 528
230 699
230 707
234 466
237 892
244 809
248 507
249 297
250 267
255 633
258 360
260 610
261 687
263 783
265 380
265 730
266 636
269 457
271 603
274 424
280 509
284 826
288 492
291 678
294 880
296 573
296 631
297 440
297 908
298 758
300 390
300 562
301 607
303 598
310 874
312 931
317 602
323 566
325 578
326 389
329 815
330 672
332 622
338 444
338 516
341 362
344 831
345 509
351 769
352 741
357 862
360 811
365 551
365 897
368 882
368 934
370 613
371 716
373 764
377 617
380 610
380 732
385 855
385 879
386 819
390 419
391 698
394 808
397 924
400 494
413 970
416 629
416 687
420 870
421 872
424 772
430 468
430 668
444 967
449 589
449 591
454 531
454 858
456 773
457 662
459 503
462 915
463 926
477 781
480 831
484 742
487 682
495 735
501 734
503 892
507 811
508 787
510 812
511 623
512 759
514 803
519 883
520 894
526 801
537 833
537 909
540 760
541 814
544 718
546 794
561 880
569 764
571 694
573 962
582 852
582 951
591 976
595 698
604 978
606 855
613 702
623 910
640 823
650 772
659 975
663 868
668 794
668 882
668 976
670 772
672 913
673 924
674 726
698 795
712 954
720 734
737 876
741 860
752 776
763 783
773 963
795 890
798 883
802 948
807 977
847 869
858 952
864 883
895 901
915 935
1 426 628
2 447 917
3 156 794
3 553 860
3 657 717
4 414 872
7 137 179
7 214 248
9 146 721
10 644 985
10 682 703
11 57 369
11 591 815
13 124 476
13 632 988
14 379 410
14 455 806
15 172 313
17 24 259
17 50 522
17 234 556
18 654 850
20 232 928
20 716 878
22 363 992
22 685 830
23 145 932
25 416 733
25 554 959
25 803 969
26 37 632
26 187 598
26 354 964
27 603 924
30 296 619
32 255 696
32 271 954
32 511 513
32 549 841
33 339 668
33 500 750
35 456 713
36 830 937
37 683 740
38 208 625
38 512 756
39 165 487
39 644 748
40 176 307
40 189 968
40 630 676
40 863 906
43 79 807
43 538 807
44 140 152
44 350 613
45 359 924
46 159 300
46 180 987
46 381 421
46 838 846
48 854 872
51 129 392
52 211 974
53 555 872
53 568 636
58 158 256
58 800 915
61 108 381
61 294 357
63 540 675
65 583 927
67 519 567
68 519 598
69 146 156
69 234 911
70 244 871
71 230 711
71 319 416
71 481 866
73 218 355
73 315 883
73 412 711
74 772 945
75 228 867
76 395 961
77 475 777
78 191 484
78 529 577
79 239 635
79 587 959
81 89 849
81 186 510
82 193 474
82 231 952
82 614 777
83 558 872
85 160 417
85 526 843
86 361 905
86 695 972
87 321 385
90 133 653
90 206 823
92 447 861
92 576 926
92 797 878
93 100 538
93 267 314
94 626 822
95 357 435
96 174 590
96 386 590
97 259 659
97 463 897
98 797 808
99 601 685
100 250 904
101 104 390
102 541 835
102 567 834
103 137 563
103 211 261
104 140 511
104 162 703
104 249 740
104 258 917
105 481 708
106 242 562
107 142 311
107 358 791
108 467 843
110 419 847
111 204 998
111 421 727
112 303 961
112 310 318
113 186 901
114 198 378
114 288 818
115 116 799
116 165 554
117 198 505
117 221 401
117 238 294
117 461 661
118 534 963
119 126 132
120 279 575
121 267 793
121 641 863
122 461 852
123 399 770
123 414 600
125 166 910
125 392 522
128 304 583
130 362 792
131 651 988
131 660 676
132 191 223
132 251 605
134 758 954
135 258 855
135 946 951
136 593 980
137 176 566
138 202 320
138 560 778
139 804 935
140 610 709
141 314 773
143 158 446
144 236 450
144 918 966
145 512 818
145 701 887
146 277 325
146 626 641
146 783 816
148 354 390
150 404 541
151 326 595
153 248 520
153 582 718
154 279 926
156 230 718
156 391 950
157 170 321
157 658 877
157 756 932
158 185 907
159 396 874
161 240 417
161 279 923
163 171 351
163 291 680
164 347 969
165 334 599
165 777 789
166 167 990
171 858 993
173 580 729
174 201 337
174 861 931
176 260 746
176 277 902
177 442 605
177 705 707
177 749 868
178 254 271
178 427 533
178 664 869
179 199 729
180 334 583
180 636 809
181 190 751
181 240 966
181 285 714
181 334 533
183 522 608
184 507 882
185 381 542
185 446 617
186 376 555
187 594 804
191 578 892
192 956 982
193 302 484
197 313 531
199 255 786
200 355 822
201 205 327
202 230 328
202 286 348
203 688 987
204 412 883
204 578 806
204 640 915
204 802 915
207 228 571
207 336 772
207 577 601
208 520 840
212 474 503
214 431 607
214 637 766
217 432 577
218 601 924
220 318 475
220 480 695
221 559 999
224 386 686
225 439 504
226 590 696
227 263 685
228 384 721
228 632 657
229 437 718
229 512 994
229 824 939
230 840 979
231 634 861
232 529 826
232 639 863
235 246 780
236 239 339
236 596 848
237 562 875
238 345 819
239 263 474
240 271 287
240 469 700
241 658 711
242 402 465
242 616 958
245 291 562
246 430 791
246 464 945
246 486 917
246 491 907
250 359 998
250 468 558
250 511 909
250 588 634
251 288 923
251 505 606
251 839 910
252 535 950
252 760 979
253 606 757
255 477 520
258 405 484
258 461 797
258 679 836
260 788 847
261 322 523
262 550 794
263 335 435
264 456 827
266 412 508
268 492 521
271 697 912
275 316 442
278 497 555
281 552 663
281 717 918
282 605 758
285 430 841
286 364 857
287 290 597
287 805 961
290 292 989
291 332 349
291 404 908
292 534 812
293 491 563
293 540 928
295 517 522
295 859 972
296 824 988
297 396 663
298 581 794
299 492 593
300 714 808
301 312 482
301 356 832
301 670 976
301 690 975
302 388 843
302 499 992
302 580 784
304 474 536
304 482 830
305 648 974
306 627 991
309 343 927
309 452 772
310 775 972
311 474 851
313 546 772
315 331 916
316 474 655
318 504 596
323 439 847
323 625 849
323 673 996
325 836 837
328 584 737
330 395 551
333 795 905
334 556 623
336 357 639
336 826 982
337 365 836
337 449 664
337 501 548
337 548 586
338 461 886
339 483 664
344 508 774
347 937 946
349 352 360
349 437 690
350 575 899
359 563 858
362 383 869
362 556 570
365 575 788
368 447 574
370 486 728
371 427 490
371 542 749
374 388 902
374 818 897
376 377 638
377 514 932
378 491 621
378 650 914
381 494 646
382 586 628
386 632 927
387 744 857
388 468 747
388 469 697
389 601 688
391 699 776
392 690 907
394 587 816
398 559 962
399 647 917
400 422 734
400 493 631
400 508 517
402 461 740
404 715 954
408 857 930
410 596 699
410 857 959
413 702 709
414 432 575
414 690 709
417 782 907
418 718 949
419 468 491
419 513 725
422 832 931
423 521 610
423 754 843
426 670 720
429 477 717
429 506 592
431 537 855
433 829 936
434 640 670
438 773 831
440 560 802
442 638 649
443 813 919
444 921 952
445 873 904
447 738 886
448 459 837
448 584 871
448 644 721
450 561 597
451 467 812
452 852 909
455 750 831
456 731 781
456 812 848
457 571 598
460 527 717
463 676 986
464 533 634
465 480 509
465 584 728
469 848 861
470 548 831
472 550 660
475 593 691
478 479 841
478 483 937
478 513 865
484 562 577
487 539 604
488 495 853
496 716 881
505 688 837
514 573 692
514 703 704
517 760 983
521 536 595
521 752 958
525 548 965
525 961 966
528 919 971
532 722 867
535 693 965
541 578 642
549 686 988
549 921 986
550 662 923
553 556 640
554 617 818
554 781 802
557 897 903
559 585 618
560 578 887
569 583 599
576 645 868
577 664 962
578 760 912
585 611 683
585 843 930
586 782 982
591 607 647
595 693 874
604 756 801
608 630 688
617 925 992
620 820 881
622 940 952
625 745 917
638 757 789
640 975 997
642 742 795
652 984 994
655 893 936
657 664 687
666 798 914
667 699 816
667 732 945
669 748 962
670 717 757
678 767 957
681 704 960
681 810 860
703 822 839
705 729 760
716 840 910
718 810 850
722 774 777
724 764 965
732 823 939
740 776 908
741 747 790
770 876 921
797 841 882
797 917 954
799 836 994
838 885 961
839 856 893
886 896 986
892 922 951
898 943 987
1 57 790 809
1 176 756 777
1 185 590 623
1 216 291 688
1 374 503 834
1 408 697 820
2 33 170 278
2 138 200 561
2 389 894 925
2 399 510 762
2 454 671 741
3 14 191 381
3 144 369 719
3 148 341 480
3 271 292 562
4 5 244 750
4 83 191 589
4 117 126 937
4 145 515 798
4 585 825 834
4 614 817 818
5 20 68 968
5 369 763 774
5 409 551 701
5 416 509 856
5 463 505 752
7 14 506 740
7 83 307 944
7 139 145 321
7 152 417 890
7 240 807 929
8 82 354 839
8 89 260 490
8 94 252 885
8 174 238 840
9 70 293 893
9 87 434 523
9 118 346 466
9 121 429 983
10 251 434 750
10 403 563 581
11 48 112 269
11 325 377 404
11 386 684 809
12 26 73 507
12 513 620 915
13 169 683 762
13 196 560 754
13 267 344 488
13 783 873 903
14 43 241 857
14 283 436 513
14 354 408 726
14 452 719 887
16 83 189 231
16 154 723 772
16 193 674 893
16 230 676 738
16 283 378 834
16 303 540 553
16 355 408 912
16 371 729 855
16 695 726 760
17 488 655 883
18 133 136 995
18 301 337 712
19 211 228 874
20 43 429 669
20 107 286 801
20 283 338 737
20 617 859 955
21 28 441 738
21 42 463 693
21 56 225 676
21 159 613 867
21 202 306 999
21 223 552 836
22 24 197 835
22 191 389 452
22 250 665 798
22 551 905 948
23 152 295 957
23 288 670 943
24 365 500 628
24 632 639 831
25 402 602 649
26 78 180 734
26 261 334 624
26 498 510 577
27 192 260 880
27 302 394 973
27 373 386 947
28 37 277 638
28 44 176 633
28 58 152 765
28 185 391 541
29 136 422 572
29 166 885 939
29 394 424 908
30 50 82 467
30 103 198 419
30 103 258 616
30 250 553 605
30 385 656 838
30 512 832 980
30 726 782 792
31 185 213 619
31 255 767 817
31 361 545 836
31 461 613 879
32 195 298 842
32 827 849 977
33 34 246 650
33 52 176 889
33 70 103 941
33 76 461 835
33 80 408 718
33 183 281 913
33 219 932 991
33 286 287 290
33 396 778 840
33 502 732 919
34 96 546 951
34 112 157 436
34 219 285 706
35 36 75 551
36 127 369 373
36 179 317 383
36 426 784 838
36 438 588 704
37 129 378 873
37 280 392 424
37 282 730 951
37 409 648 815
37 429 677 713
37 501 598 775
38 216 507 605
38 537 797 870
39 92 554 849
39 105 533 673
39 238 346 966
39 369 831 853
39 592 913 950
40 125 331 858
40 152 293 754
41 85 463 791
41 266 943 948
41 298 303 626
41 391 574 945
41 612 718 939
42 117 700 840
42 437 491 863
43 50 262 373
43 51 394 978
43 102 169 506
43 162 695 878
43 164 184 598
43 178 602 843
43 178 697 864
43 184 595 665
43 238 626 778
43 474 521 536
43 691 836 973
44 139 349 870
44 163 484 950
44 551 717 735
45 85 99 485
45 102 405 803
45 192 475 980
45 263 469 672
46 117 630 814
46 279 528 742
46 287 326 604
46 363 670 807
46 818 879 902
47 110 238 847
47 137 682 737
47 165 368 556
47 188 466 910
47 391 508 978
48 100 369 575
48 149 203 965
48 229 924 939
48 320 372 517
49 76 337 623
49 204 681 932
49 244 316 989
49 439 663 914
49 525 761 982
50 417 790 913
50 430 598 637
51 135 768 966
51 227 351 943
51 238 804 823
51 537 863 995
52 166 542 859
52 168 373 759
52 180 531 844
52 267 529 545
53 184 453 918
53 252 846 973
53 582 680 873
54 189 443 478
54 198 439 529
54 265 831 936
54 421 844 884
55 299 471 771
55 540 678 982
55 607 698 810
56 156 180 351
56 316 497 974
56 420 499 669
57 117 448 688
57 185 205 728
57 219 379 596
57 452 541 749
58 67 465 852
58 123 446 849
58 250 504 711
58 638 645 657
59 303 590 667
59 419 618 812
59 435 900 905
60 748 755 841
61 69 468 605
61 73 257 311
61 136 572 765
61 140 338 746
61 181 531 650
61 265 308 655
61 410 429 571
61 753 899 934
62 94 455 534
62 275 335 913
62 332 545 596
62 506 765 915
62 721 735 905
62 814 831 911
63 225 678 763
63 380 605 857
64 98 267 911
65 66 241 568
65 113 761 809
65 166 184 618
65 166 215 258
65 231 881 889
65 394 489 925
65 418 773 856
67 80 481 925
67 217 397 815
67 258 318 778
68 87 222 787
68 202 600 687
68 224 594 899
68 414 680 786
69 132 748 813
69 145 737 857
70 76 611 885
70 92 160 291
70 227 511 837
70 589 776 913
71 116 520 814
71 202 218 836
71 206 606 983
71 246 332 604
71 383 398 945
71 551 878 888
72 156 180 894
72 158 198 919
72 288 797 945
72 309 488 495
72 392 558 624
72 412 787 860
73 96 344 983
73 196 231 916
73 352 589 825
73 392 655 859
73 403 670 965
73 452 703 871
74 88 515 585
74 107 656 851
74 141 787 882
74 223 378 818
74 642 762 827
75 218 736 761
75 269 887 941
76 82 383 661
76 143 498 515
76 169 202 886
76 223 560 913
76 298 792 965
76 815 844 981
77 360 512 727
78 416 419 617
79 403 675 800
80 145 549 692
80 218 271 719
80 358 556 725
81 137 536 961
81 299 628 888
81 468 491 956
81 544 687 747
82 87 271 319
83 98 646 913
83 180 624 861
83 492 726 976
83 549 693 876
83 606 756 845
84 120 529 615
84 154 708 942
84 201 218 406
84 228 345 700
84 479 541 880
85 186 817 988
85 225 457 858
85 231 374 896
85 555 892 966
86 109 130 353
86 177 691 831
86 322 857 946
86 379 639 880
87 210 526 664
87 374 388 501
87 671 934 949
87 714 808 954
88 118 469 553
88 156 554 846
88 156 574 808
88 387 528 598
88 529 800 937
89 329 394 815
90 156 542 731
90 201 341 535
90 227 238 456
90 295 833 917
90 402 661 701
90 463 574 686
90 476 674 994
90 501 569 623
90 585 788 852
91 151 564 788
91 183 504 958
91 433 551 658
91 460 756 894
92 163 476 758
92 165 845 963
92 344 569 924
93 115 152 519
93 250 335 645
93 377 551 604
94 165 383 641
94 370 707 709
94 397 696 998
94 414 592 620
95 219 561 649
95 352 605 880
95 620 646 829
95 802 886 987
96 137 858 895
96 252 624 824
96 289 745 858
96 384 682 829
97 167 492 861
97 196 415 452
97 310 348 743
97 331 644 707
97 418 512 698
98 229 583 898
98 270 769 822
98 368 396 803
98 536 793 824
99 151 196 665
99 201 381 494
100 181 660 862
100 277 580 790
100 288 465 959
101 116 636 866
101 421 599 707
102 115 145 506
102 190 633 635
102 340 684 968
102 527 663 851
102 807 854 913
103 125 450 689
104 135 325 755
104 259 371 497
104 340 491 503
105 666 762 912
105 711 764 855
106 144 802 833
106 236 521 738
106 374 482 793
107 218 574 651
108 202 365 441
108 256 277 955
108 268 312 433
108 306 360 409
109 567 622 749
111 123 130 515
111 202 226 496
111 282 476 710
111 374 557 984
111 403 920 990
111 430 537 725
111 433 465 946
112 153 556 800
112 252 642 808
112 253 607 713
112 311 365 585
113 323 405 854
113 340 772 784
113 450 658 902
114 233 786 826
114 428 784 819
114 633 665 999
115 141 181 543
115 255 787 951
115 303 356 973
115 433 790 825
115 440 634 899
115 486 568 978
116 294 513 717
117 222 294 968
117 244 496 586
117 325 470 728
117 329 703 896
117 545 662 709
118 295 716 752
119 407 409 790
119 477 537 659
120 412 512 879
120 546 739 895
121 144 242 666
121 179 722 726
121 187 219 994
121 437 631 952
122 124 587 949
122 156 731 869
122 414 436 977
123 347 350 477
124 231 304 540
124 241 344 864
124 277 287 766
125 136 242 539
126 347 853 909
126 451 575 807
127 183 190 710
127 438 709 981
128 241 847 927
128 371 444 731
129 138 381 460
129 145 358 470
129 215 658 955
129 230 350 546
129 241 427 913
129 256 804 890
129 381 525 642
129 532 632 784
130 155 511 945
131 342 679 832
131 353 558 660
132 233 409 652
132 328 430 749
132 407 618 638
132 471 497 749
133 136 240 928
133 189 290 970
133 213 842 881
133 278 414 916
133 349 728 920
133 382 541 664
134 386 389 443
134 592 738 795
136 233 439 855
137 147 300 777
138 281 384 902
138 305 356 777
138 611 639 872
139 189 499 619
139 221 249 749
139 275 714 954
139 288 355 646
139 432 605 959
139 544 617 652
139 610 655 820
140 485 607 935
141 166 352 646
142 155 329 354
142 229 721 877
142 448 713 982
142 501 524 879
143 174 588 834
143 521 588 896
143 576 715 802
144 212 586 804
145 491 529 826
146 248 422 816
146 429 726 738
148 199 772 888
148 719 789 900
149 306 664 899
149 603 728 890
150 223 490 515
150 450 581 738
151 210 483 891
151 330 758 765
151 660 797 873
152 168 456 703
152 199 370 696
153 517 658 835
154 360 428 870
155 335 554 693
155 677 819 920
156 278 636 933
156 328 378 935
156 392 421 508
156 421 651 972
156 538 642 985
157 172 753 783
157 173 478 754
157 231 430 756
157 397 490 684
158 197 324 541
159 346 449 871
159 357 627 818
159 420 844 850
160 185 200 254
160 202 235 582
160 239 264 761
160 370 421 797
160 379 705 750
160 405 545 696
160 794 895 986
161 272 490 664
162 205 639 930
163 197 411 704
163 361 527 740
164 228 705 992
165 281 652 677
165 335 371 950
165 342 601 812
165 424 589 919
165 449 928 983
165 491 531 602
165 717 722 920
166 240 275 824
166 432 619 807
166 807 902 991
167 330 555 705
168 242 410 634
168 361 852 893
168 461 462 859
168 716 745 935
169 196 441 710
169 372 625 891
173 409 449 661
174 274 583 889
174 582 772 975
175 214 578 889
175 370 631 848
175 474 850 953
176 309 624 709
176 481 537 665
179 346 702 922
179 430 539 710
179 470 499 526
179 519 755 828
179 573 880 918
180 395 824 904
180 400 470 545
180 593 677 739
181 420 619 796
182 478 490 975
183 705 755 847
184 231 320 551
184 302 843 899
184 346 608 709
184 440 810 930
184 776 800 860
185 538 893 896
185 724 807 864
188 366 788 985
188 468 571 677
189 384 784 873
190 328 390 814
190 346 740 888
190 361 791 997
190 437 587 698
191 303 740 769
191 470 499 588
192 257 397 532
193 263 534 706
193 657 815 977
195 281 436 586
195 285 811 998
195 839 878 923
196 341 594 808
197 232 528 957
197 298 571 976
197 413 643 848
197 486 938 950
199 643 813 848
200 457 606 668
200 683 832 934
201 261 614 987
201 292 455 499
202 385 470 909
203 212 234 747
203 359 408 818
203 540 891 986
204 303 394 556
204 360 597 720
205 416 935 996
207 209 386 738
207 410 501 787
208 539 713 843
209 290 495 909
209 395 653 674
210 544 645 661
211 269 452 971
211 375 663 759
211 534 764 877
213 414 593 980
213 485 497 734
213 619 645 987
214 381 782 967
214 635 694 912
215 230 842 916
215 257 393 425
215 604 898 927
216 218 760 836
216 359 515 915
216 369 470 727
216 397 640 762
217 239 333 980
217 429 655 781
217 825 951 975
218 221 529 965
219 226 492 912
219 320 781 838
219 410 558 755
219 502 715 873
221 267 652 679
221 357 643 876
221 595 803 841
222 357 432 454
222 363 463 897
223 450 757 957
223 569 728 915
224 469 721 862
224 485 920 982
225 247 352 609
225 387 772 972
226 299 474 502
226 427 749 855
226 467 632 905
228 255 362 563
228 324 345 707
229 340 802 960
230 282 669 901
230 309 409 995
231 497 518 912
231 633 755 802
233 379 557 884
233 586 695 928
234 262 841 868
235 283 431 474
235 320 896 910
236 275 397 406
236 419 694 919
237 344 417 740
237 401 440 717
238 322 631 674
239 253 634 774
241 426 550 861
241 454 576 736
243 433 651 791
244 313 561 965
244 401 416 701
245 283 344 662
245 378 641 988
246 254 319 660
246 273 653 837
247 295 559 874
249 416 736 995
250 648 896 955
251 330 405 555
251 446 490 979
251 500 668 822
251 516 672 817
252 329 379 983
252 367 385 553
252 695 879 913
253 419 546 617
254 527 767 947
254 587 722 948
255 405 657 737
255 533 927 965
256 297 501 548
256 298 309 339
256 822 922 925
257 357 400 789
257 408 644 804
258 414 584 686
258 466 493 505
258 812 967 977
260 370 519 896
260 377 478 971
260 728 763 767
261 381 592 666
261 439 643 827
261 449 537 654
262 399 450 896
263 509 602 670
263 645 758 774
264 299 379 709
264 476 828 855
264 673 901 909
264 727 759 829
265 280 422 621
265 385 666 678
265 407 615 677
265 429 956 982
265 506 570 676
267 279 450 800
267 386 872 938
267 526 764 961
267 580 667 996
268 331 333 927
268 438 525 974
268 545 917 982
270 368 697 917
272 327 664 808
274 419 480 681
275 741 814 916
276 620 668 961
278 631 652 782
279 334 675 963
279 462 640 885
280 308 596 791
283 362 439 550
283 542 595 923
285 323 754 856
288 578 604 743
288 737 775 934
289 293 527 562
290 622 838 855
291 327 457 542
293 347 492 852
293 477 478 812
293 706 810 929
294 376 487 889
294 378 524 710
294 508 958 966
295 732 736 855
295 878 925 954
296 636 714 863
297 378 617 938
297 686 806 848
298 314 814 970
299 640 712 846
300 482 793 977
301 349 695 918
301 472 826 949
301 503 670 737
302 455 513 538
303 384 432 450
303 487 721 860
304 570 610 719
305 373 780 963
306 335 466 477
306 439 674 915
306 657 729 834
307 347 723 990
307 594 694 988
308 676 899 986
312 342 460 759
312 459 683 696
313 523 709 790
317 621 850 986
318 499 808 962
319 511 679 954
319 723 761 800
320 682 865 913
321 545 690 939
321 764 779 914
322 391 715 982
323 573 633 830
324 368 471 596
324 383 422 852
324 404 630 861
324 445 676 768
325 456 603 638
325 468 566 570
326 624 738 744
327 494 846 896
329 425 484 619
329 637 697 782
330 356 849 941
330 443 530 940
334 500 542 670
334 506 536 881
335 505 675 990
335 641 695 880
335 699 815 851
336 364 625 793
336 543 812 967
337 386 781 939
338 672 718 887
339 564 721 926
339 676 894 948
340 392 653 988
340 504 627 732
340 704 716 728
341 635 738 820
341 648 745 990
342 619 799 877
344 415 529 680
344 536 733 983
346 401 784 975
346 407 700 996
346 588 599 993
348 545 652 966
352 370 514 856
352 503 534 841
355 484 583 846
358 420 500 636
359 382 442 596
359 670 940 953
360 370 514 957
362 364 390 935
362 394 583 883
363 367 404 593
363 401 943 958
365 367 482 821
367 884 976 994
368 642 904 945
370 455 658 946
371 392 394 733
371 440 535 808
371 474 699 804
373 701 848 935
375 441 522 678
376 507 565 659
378 453 471 881
379 403 878 928
382 426 433 543
383 740 746 997
386 689 781 791
387 600 848 928
387 636 685 841
389 674 702 719
389 833 904 957
391 448 832 882
391 544 616 858
391 627 634 743
392 468 699 761
392 592 666 811
393 439 880 990
393 459 710 895
393 543 591 900
394 535 648 868
395 769 851 923
398 411 518 898
398 666 846 927
400 535 904 996
402 451 845 959
402 489 524 772
402 646 735 751
403 533 570 586
403 610 691 856
404 522 597 758
405 558 594 715
406 414 783 827
406 575 682 800
408 537 727 832
409 735 834 912
410 571 849 968
412 529 613 864
412 564 684 811
416 531 655 693
416 588 597 622
416 598 650 960
417 480 487 664
419 475 660 767
419 549 615 904
420 566 757 913
421 425 587 682
422 536 880 986
424 529 827 986
424 548 597 827
427 771 786 801
431 658 687 939
432 456 471 532
432 539 757 999
434 448 630 890
435 533 668 895
435 799 893 904
436 611 620 718
437 495 866 872
438 540 744 996
438 548 752 966
441 482 658 794
441 712 734 815
444 474 798 837
445 653 758 935
447 576 675 690
447 696 769 879
448 610 697 760
450 514 620 819
451 502 689 762
452 546 617 935
453 529 698 854
455 592 634 772
457 479 508 670
458 528 664 819
462 523 727 879
469 524 762 979
470 499 920 956
472 707 738 816
473 513 519 882
479 631 724 772
482 548 621 965
483 515 554 569
486 751 936 965
488 594 849 909
490 694 707 762
493 550 647 966
496 516 792 867
496 525 720 852
498 580 652 928
502 673 694 811
502 766 808 869
506 670 825 974
507 572 590 604
508 547 905 968
508 788 864 997
509 602 695 978
513 539 572 624
520 609 759 966
522 594 760 801
524 570 816 855
527 669 750 866
528 555 672 792
533 641 695 926
535 584 600 769
536 772 932 986
549 576 637 991
549 712 854 997
552 668 672 708
554 737 817 965
560 574 633 911
562 754 756 866
565 601 665 719
566 739 764 962
577 661 858 942
580 636 652 790
582 754 969 989
582 864 890 923
584 746 778 791
586 601 742 842
589 595 759 958
591 704 748 912
591 722 740 939
594 872 931 996
594 922 927 982
596 800 866 987
597 629 658 803
599 653 669 753
600 617 668 791
600 807 913 952
604 738 779 926
609 655 755 959
609 706 776 912
614 666 963 990
615 681 695 894
623 668 674 729
626 756 869 970
631 712 735 841
638 661 719 873
646 653 698 898
646 679 854 869
648 733 834 877
653 664 839 881
656 727 876 958
657 737 803 902
660 663 757 842
674 677 719 746
685 928 975 994
686 870 897 931
691 833 876 937
696 757 815 920
714 756 969 990
738 885 897 999
764 770 820 829
789 844 882 892
807 866 898 950
862 876 898 973
