0 267
0 288
2 265
2 287
3 356
4 304
4 380
5 343
6 189
10 59
10 172
11 31
12 87
12 182
13 272
14 203
16 237
17 218
19 92
20 247
20 362
22 114
23 27
23 35
23 51
23 180
24 50
25 188
27 172
27 185
28 78
30 198
30 387
31 120
31 316
31 351
35 176
36 68
36 379
40 43
40 221
40 285
41 136
42 316
42 386
43 299
44 212
44 326
46 381
47 109
47 261
47 357
49 315
50 54
51 366
54 327
54 390
55 106
55 159
56 116
57 290
63 232
64 72
64 203
64 275
66 113
67 394
68 242
68 329
68 344
71 112
72 76
72 121
73 139
73 350
78 214
78 372
79 86
79 162
79 211
79 377
81 300
82 88
83 391
84 150
87 315
87 392
90 182
91 265
93 111
93 259
95 337
97 101
103 361
105 306
106 358
109 380
110 274
111 372
112 213
112 383
114 148
114 205
114 388
115 188
116 333
117 294
119 382
119 384
121 391
123 380
127 328
129 328
130 167
130 311
133 328
135 189
136 271
137 172
138 224
139 177
139 247
139 375
141 260
142 323
144 211
147 333
150 218
152 225
154 196
156 172
156 392
157 162
157 264
157 358
158 227
159 193
159 228
159 377
161 176
165 256
166 309
169 233
172 354
174 175
174 272
176 312
177 195
178 231
181 333
181 348
183 279
185 337
186 191
189 389
190 304
193 350
195 314
198 291
198 360
200 337
200 348
201 338
202 287
203 351
206 238
208 225
208 250
211 322
211 327
212 251
214 288
215 281
217 301
219 325
221 242
230 316
232 263
232 275
235 280
235 396
237 396
241 382
242 265
252 378
256 276
256 277
259 388
260 315
261 377
262 326
263 374
266 377
267 354
279 296
281 381
285 314
287 384
295 345
301 341
303 378
307 382
308 385
311 319
311 379
313 331
315 365
321 379
323 324
330 371
347 383
347 399
353 354
355 368
361 379
367 368
1 26 183
1 87 151
1 204 253
2 380 389
3 10 77
4 68 318
4 204 230
6 22 323
6 72 331
7 47 255
8 147 199
10 198 356
11 323 340
13 40 165
13 148 194
14 43 235
14 50 82
14 57 152
14 94 242
14 173 381
14 217 341
14 237 257
17 146 201
19 43 189
19 262 356
21 167 345
22 23 255
23 25 238
24 26 170
24 312 365
26 200 304
26 310 391
27 82 304
27 181 340
30 84 265
30 301 304
31 75 360
32 193 216
33 125 143
36 161 264
38 170 327
39 259 340
40 165 209
41 81 181
41 102 230
42 93 263
45 146 308
45 190 271
48 53 210
50 64 399
50 70 396
50 120 213
51 110 111
53 69 181
53 307 371
54 287 292
55 58 153
55 243 351
58 68 302
58 81 114
58 173 243
60 167 398
62 175 342
63 113 267
65 170 309
65 338 344
66 148 225
69 236 271
69 336 344
70 105 199
70 121 316
70 212 379
71 78 143
72 264 309
76 192 303
79 149 257
79 157 209
79 288 306
79 318 329
81 87 145
81 139 160
84 120 323
86 110 180
87 187 342
88 120 167
88 272 325
89 203 338
90 192 324
91 118 293
91 125 149
92 105 174
92 139 162
95 198 208
96 222 376
97 152 375
97 298 321
99 190 385
100 211 273
100 227 284
101 130 268
101 274 356
105 126 127
108 268 375
110 259 329
113 162 344
113 166 274
121 151 170
122 221 297
126 222 301
127 159 172
131 249 322
135 260 267
139 243 256
141 259 291
142 234 363
142 334 366
145 156 395
147 170 381
147 221 245
147 371 385
151 225 364
151 313 362
152 179 200
155 187 219
156 166 193
159 163 197
161 259 331
162 370 371
164 193 245
165 261 281
166 309 311
169 336 382
170 227 278
173 180 280
173 203 356
174 263 337
177 197 283
180 377 391
182 264 397
184 315 349
185 348 388
187 262 340
195 287 395
196 214 363
204 214 359
204 280 377
205 227 316
205 253 381
206 277 292
211 368 396
214 266 319
217 224 332
218 278 339
221 309 350
223 230 317
228 304 360
232 290 398
234 359 361
238 270 312
247 289 342
247 307 374
249 279 371
250 268 390
255 281 303
255 310 317
256 320 324
256 335 356
265 348 396
270 302 362
276 351 361
280 308 354
291 368 396
319 358 390
334 386 394
349 368 369
0 1 240 365
0 74 129 214
1 10 25 260
1 24 306 393
1 94 127 250
2 31 231 309
2 182 293 387
2 195 292 350
2 206 224 287
3 18 164 339
3 153 251 379
3 239 325 363
4 141 300 374
5 51 136 302
5 115 376 381
6 20 217 338
6 122 232 253
6 126 169 252
7 109 213 387
7 192 206 207
9 108 340 388
10 203 229 390
11 145 245 268
11 147 148 219
11 218 221 258
11 285 311 329
13 121 296 380
13 189 251 302
14 57 92 279
14 168 174 284
14 285 372 375
15 125 147 236
16 18 36 76
16 164 236 247
17 60 325 377
17 133 137 330
18 149 256 337
19 90 166 398
19 271 324 399
20 80 82 258
20 104 334 351
20 173 206 381
21 38 88 105
21 49 278 362
22 44 145 228
23 102 292 366
24 33 97 375
25 62 112 390
25 129 134 382
25 269 342 348
27 54 253 329
27 87 166 286
27 171 243 262
28 70 302 385
28 79 184 233
28 96 173 374
29 87 100 108
30 111 271 355
30 123 207 341
31 169 327 357
31 250 327 328
32 149 152 183
33 81 87 153
33 160 293 323
33 175 382 393
37 211 236 342
39 50 237 316
39 81 313 389
39 262 285 381
40 189 273 293
40 199 212 333
41 173 203 240
41 302 342 364
42 43 195 236
42 67 254 333
42 104 223 227
42 150 287 367
42 195 220 283
43 169 258 339
44 52 95 144
44 72 188 365
44 84 232 296
44 95 210 286
44 107 218 323
46 59 276 353
46 197 233 285
47 100 106 335
47 114 140 384
48 61 79 236
49 59 106 307
52 54 75 102
52 275 354 386
53 71 167 230
56 77 251 281
57 147 153 178
58 134 236 373
59 64 91 346
59 221 259 301
59 280 306 355
61 91 276 352
61 177 386 392
61 256 339 398
61 315 379 390
62 74 122 339
63 192 222 328
63 285 293 303
64 101 165 170
65 68 194 251
68 90 251 317
69 193 274 298
70 72 133 218
72 101 144 320
73 110 152 309
74 152 178 201
74 219 251 294
75 205 311 391
78 89 293 338
79 85 297 357
80 96 261 321
80 141 183 235
81 163 229 387
81 283 338 372
82 160 217 311
82 184 305 361
82 361 385 395
83 254 263 354
84 175 221 297
85 136 170 368
85 159 167 298
87 171 179 215
88 154 239 284
89 109 112 168
90 97 153 328
90 174 352 390
91 135 251 252
92 131 265 396
92 205 263 273
93 314 335 393
94 164 180 206
94 255 270 272
97 121 143 272
98 162 322 372
98 174 191 351
98 181 257 268
98 183 216 395
102 147 328 391
102 184 314 396
102 201 249 388
102 234 272 343
103 129 227 283
103 205 361 394
104 117 277 306
104 230 282 358
105 116 324 372
105 309 343 387
107 249 262 398
110 288 299 311
111 118 327 346
111 163 194 349
113 226 325 370
114 119 189 333
115 211 258 292
116 153 290 319
117 235 263 331
120 123 163 300
122 195 279 281
126 209 222 357
130 250 331 385
135 169 254 290
139 209 215 231
139 294 349 377
141 154 351 368
145 147 374 376
146 173 203 272
147 198 272 297
148 281 352 387
152 166 283 301
153 300 343 389
154 175 301 359
156 187 266 298
157 276 300 371
158 161 238 351
161 199 348 387
162 177 196 311
163 298 342 351
164 214 261 281
167 173 195 229
168 235 251 330
171 195 215 335
171 241 249 373
171 294 355 387
173 186 255 268
173 191 202 221
174 180 293 315
174 233 277 359
174 298 299 360
178 247 350 362
178 254 281 390
181 234 270 362
183 264 277 370
189 225 269 388
190 198 302 387
194 195 233 309
195 227 229 362
201 230 299 343
205 291 340 366
210 223 306 391
217 246 256 293
238 284 290 325
240 291 306 396
241 246 364 396
254 313 341 343
279 354 392 397
308 368 386 395
0 19 75 100 316
0 76 272 307 331
0 133 165 168 266
0 147 226 253 380
0 175 229 283 284
0 196 276 351 390
0 221 244 272 383
1 20 87 224 267
1 57 96 256 268
2 129 147 196 263
3 112 122 288 303
3 269 365 373 383
4 10 64 234 293
4 52 127 258 328
6 123 187 194 247
7 57 166 179 242
7 76 141 372 374
8 46 104 155 392
9 13 32 46 80
9 85 338 382 398
9 138 159 235 346
9 168 200 207 394
10 80 228 364 389
10 131 209 257 267
11 17 123 174 291
11 61 76 78 113
11 103 325 346 393
11 126 189 360 363
12 65 109 213 285
12 128 143 148 358
13 147 156 241 379
14 27 87 262 384
14 39 102 159 226
14 39 116 234 385
14 88 252 308 386
15 29 236 280 327
15 60 195 258 323
15 162 165 311 322
16 166 261 262 370
17 35 78 129 153
17 47 141 244 252
17 54 119 262 316
17 55 208 329 386
17 150 174 219 290
18 76 129 320 331
19 87 221 288 378
19 219 235 274 399
20 26 62 192 389
20 136 172 246 328
20 162 231 343 363
21 23 86 164 333
21 150 245 279 372
22 26 246 341 381
22 37 39 85 250
22 40 170 292 395
23 32 179 303 316
23 43 73 130 152
23 58 95 196 353
24 28 89 125 260
24 113 310 326 387
24 118 249 326 346
25 47 79 211 339
25 167 314 326 369
26 29 62 130 159
27 35 247 275 311
27 82 97 249 374
28 30 54 199 204
28 65 105 266 285
28 106 158 176 372
28 168 171 308 344
29 61 143 386 397
29 69 175 260 348
29 83 93 263 296
29 88 198 205 227
29 214 268 307 335
30 41 117 376 396
30 101 106 108 377
31 60 71 79 349
31 91 235 256 327
31 96 214 322 335
31 118 260 284 380
32 71 142 319 364
33 52 134 140 276
33 69 116 290 314
33 97 114 286 337
33 111 176 265 294
34 131 287 296 349
34 154 170 319 378
35 64 113 276 317
36 39 138 294 398
36 121 145 286 291
36 122 123 148 182
36 127 180 207 334
38 53 73 304 338
38 170 248 309 374
39 43 79 122 212
41 48 102 365 388
43 57 80 269 386
45 56 198 279 283
45 65 324 347 383
45 209 312 361 377
46 131 142 155 301
46 168 212 257 270
47 114 268 308 328
47 156 185 244 281
48 95 182 187 191
49 74 100 174 331
49 199 200 214 265
51 62 106 330 362
52 214 231 257 374
53 55 106 231 302
53 64 126 194 237
53 136 186 253 341
53 221 244 247 260
54 58 66 157 299
54 146 172 258 319
54 238 289 359 363
55 70 106 236 368
57 59 165 166 208
58 112 159 230 363
58 149 236 375 395
58 261 326 361 387
60 85 128 265 374
60 102 115 335 381
60 126 145 304 360
61 105 258 291 384
62 88 152 253 258
64 66 155 175 237
64 146 154 214 375
66 116 245 297 309
66 279 285 308 351
67 104 249 250 326
67 186 211 229 381
70 77 118 199 369
70 121 170 215 265
70 163 213 339 349
72 118 197 234 302
72 222 305 313 316
73 81 253 331 388
74 138 142 165 183
74 151 284 317 394
74 156 254 293 308
74 334 371 375 383
75 86 165 216 384
76 107 232 299 330
76 163 180 287 369
76 179 228 233 374
79 174 188 317 328
79 244 288 340 360
81 115 277 321 393
81 144 198 339 399
82 85 93 195 373
82 104 224 340 373
83 98 162 215 310
83 291 336 348 351
84 90 149 261 391
86 199 227 276 323
88 201 256 364 377
88 211 235 276 356
88 264 303 368 373
91 99 167 360 384
91 102 111 191 193
92 160 302 305 396
92 185 284 289 302
92 218 274 337 357
97 125 165 166 386
103 120 170 247 308
104 181 186 374 385
104 200 325 384 396
105 114 173 187 259
106 143 172 218 293
106 170 195 249 308
108 131 184 356 370
109 203 222 343 369
112 131 149 164 349
112 136 233 292 322
112 174 240 339 395
113 206 242 387 392
115 225 248 285 334
115 245 252 298 303
117 150 182 216 294
119 260 316 320 345
121 153 274 311 375
121 268 276 318 385
122 156 172 192 226
126 154 235 277 384
126 164 289 303 387
127 140 300 336 391
132 179 188 214 316
132 245 297 315 371
132 271 295 379 386
133 157 181 195 249
143 181 245 278 381
145 165 266 370 373
146 196 354 384 393
146 251 319 355 369
148 204 283 314 353
155 209 228 271 316
155 242 259 368 385
155 298 304 324 328
158 165 247 267 278
167 224 252 271 287
168 188 254 263 342
169 196 199 319 354
169 205 241 367 399
191 208 238 255 264
196 199 205 206 269
204 217 337 353 398
223 251 291 298 335
226 314 344 349 396
241 305 325 390 397
0 80 91 146 259 360
0 95 133 345 390 393
0 152 207 282 368 393
1 43 160 175 225 318
1 60 103 250 258 385
2 24 39 48 151 217
2 38 100 117 187 240
2 56 272 278 298 362
4 33 239 250 284 399
4 63 113 143 296 387
4 82 104 338 346 386
4 103 112 171 289 349
4 142 212 247 270 386
4 165 183 249 271 397
5 8 10 178 333 392
5 10 51 102 189 378
5 40 64 261 272 282
6 68 90 187 278 292
7 24 39 109 139 363
7 80 200 224 321 385
8 119 151 299 345 386
9 81 186 215 284 380
9 146 202 213 383 399
10 49 73 91 160 394
10 144 241 243 261 353
10 256 293 327 373 383
11 16 41 192 268 331
11 20 215 246 280 313
11 60 177 271 292 364
11 80 120 193 274 281
11 91 139 146 270 368
12 52 65 203 242 394
13 17 29 31 222 349
13 31 138 267 276 354
13 103 109 120 193 363
14 50 123 153 304 325
14 116 156 200 243 344
16 61 78 143 146 154
16 121 140 279 291 321
18 23 156 210 211 238
18 91 134 189 324 374
19 45 211 232 295 392
19 116 197 240 274 307
20 95 102 195 209 304
20 247 285 311 333 339
21 34 68 187 196 201
21 89 112 154 191 383
21 94 244 277 305 316
21 107 192 262 339 366
22 43 135 144 239 378
23 103 117 131 165 206
23 130 229 341 358 375
24 68 108 177 255 344
24 205 212 237 276 289
25 43 105 108 325 326
25 43 112 189 307 359
25 120 294 319 354 389
26 36 106 109 212 331
26 56 133 155 304 325
26 77 123 189 323 326
27 48 91 197 245 310
27 74 273 278 302 380
27 125 126 154 182 313
27 227 271 324 342 345
29 31 73 92 226 361
30 32 272 340 353 357
30 33 198 209 231 349
30 41 113 192 314 347
30 49 132 207 331 337
30 52 156 213 214 270
30 54 132 138 177 311
30 118 159 281 326 339
30 159 163 250 277 324
31 39 204 229 287 345
31 66 201 229 282 377
31 91 127 204 298 300
32 45 114 119 246 315
32 52 65 101 190 220
32 109 172 228 248 262
33 106 143 157 204 365
36 39 87 118 164 210
36 59 90 270 322 330
37 42 72 107 108 322
37 44 59 143 285 377
37 221 225 253 285 396
38 99 271 292 323 328
38 101 128 200 218 256
38 226 256 323 379 392
39 41 92 177 235 391
39 52 62 181 227 329
40 70 173 217 235 237
41 59 145 279 292 317
41 132 213 355 385 390
41 152 171 224 287 337
42 86 147 201 266 350
42 189 191 229 237 258
43 74 110 131 134 312
44 46 207 287 345 375
44 57 274 289 305 358
45 188 219 297 321 357
46 155 180 208 209 363
46 214 229 337 348 360
47 68 160 254 337 397
47 119 195 314 363 395
48 73 239 260 265 384
49 110 127 147 228 355
50 59 153 222 281 363
50 60 99 115 189 314
50 92 97 129 151 326
50 153 215 331 345 368
50 155 199 309 352 363
50 185 190 196 268 377
50 185 206 241 326 349
50 203 228 272 297 348
51 68 75 145 250 276
51 300 308 357 364 375
52 77 174 250 309 363
53 55 102 141 216 250
53 66 75 133 208 294
54 102 168 251 291 385
55 60 89 128 248 267
55 69 130 183 208 320
55 136 150 200 287 357
56 63 183 296 353 394
57 142 209 290 318 352
58 127 265 291 327 374
58 133 281 307 325 345
59 61 117 215 255 302
59 146 233 288 338 383
60 81 129 179 292 395
60 100 125 192 223 255
60 123 193 222 321 358
60 150 171 209 355 387
61 140 144 270 315 363
62 167 245 298 300 374
63 78 133 144 356 398
63 136 174 235 293 395
64 76 114 121 226 380
65 98 130 150 203 310
66 93 114 132 151 206
66 118 260 263 330 352
67 103 108 120 121 287
67 132 176 204 342 398
70 93 106 188 200 361
70 97 105 116 257 376
71 147 177 225 320 393
72 104 120 170 187 393
72 111 221 299 320 362
73 147 295 302 304 323
75 83 113 134 244 330
75 84 111 186 296 317
75 91 132 251 269 347
75 168 221 231 248 352
78 125 147 193 295 390
79 82 216 334 355 385
80 116 148 265 300 304
82 86 88 164 228 245
82 91 96 151 222 234
82 139 205 268 285 292
83 124 155 282 303 315
86 133 163 178 260 371
87 151 214 282 326 399
87 186 200 203 227 306
89 107 109 135 258 366
90 142 153 340 343 366
91 105 167 205 249 360
92 208 211 234 304 308
93 150 315 347 364 378
93 257 280 292 323 395
95 146 155 252 270 283
96 145 218 220 314 387
97 120 193 230 292 326
98 164 166 220 233 379
100 185 186 210 304 339
103 290 318 336 343 357
104 200 242 303 312 317
104 243 293 296 326 376
111 140 163 174 192 223
111 166 225 226 254 266
111 176 190 234 299 351
112 188 208 216 349 356
112 200 270 338 371 381
113 147 150 223 224 295
114 156 233 257 268 299
115 248 333 352 355 398
117 144 246 273 333 364
118 126 187 217 226 388
121 122 135 146 206 254
121 179 235 290 319 348
123 134 159 210 280 375
124 125 195 278 295 364
124 133 166 211 248 373
127 152 156 197 220 349
129 163 234 307 327 370
132 183 187 346 353 379
140 190 211 223 295 313
142 146 203 237 286 333
143 176 205 257 312 399
143 176 220 295 386 396
145 151 184 270 376 385
148 157 289 336 384 387
148 183 212 229 238 333
165 197 223 270 273 394
171 229 257 288 308 350
173 195 244 359 368 371
185 215 285 289 354 384
194 203 228 302 311 350
195 247 268 311 360 375
207 292 297 321 358 376
234 296 313 319 321 374
238 256 309 336 368 399
