1,185,322
1,199,325
2,233,297
2,64,248
3,69,187
3,175,306
3,241,358
4,104,408
4,269,416
6,259,454
6,337,464
7,8,374
7,303,314
7,70,380
8,65,209
8,64,427
9,66,481
10,231,298
11,170,281
12,39,240
12,118,327
12,91,469
13,168,278
13,173,460
13,184,350
13,217,273
13,339,442
14,296,343
15,300,384
15,94,309
15,277,491
17,85,365
17,215,484
17,285,320
17,277,420
17,176,444
19,273,334
10,20,152
20,224,388
21,391,489
22,112,121
22,97,156
22,140,300
23,171,268
23,219,321
23,271,405
24,90,345
24,168,444
25,195,364
25,250,282
25,277,355
25,277,421
23,26,377
26,375,437
27,332,393
29,84,327
29,127,384
29,168,468
29,132,205
29,145,412
30,71,269
33,133,210
33,253,500
33,298,344
33,60,394
34,103,243
35,166,338
35,289,498
35,349,388
35,359,489
5,36,382
37,41,83
37,113,376
37,63,351
37,408,496
19,40,217
40,128,209
40,151,339
40,51,204
40,237,310
11,40,352
41,71,239
41,311,363
42,239,387
42,290,359
44,50,54
44,106,485
45,104,257
45,374,400
46,191,371
46,252,293
47,216,268
23,48,313
50,87,442
51,310,450
49,52,136
53,93,168
53,90,294
54,60,307
54,78,149
54,140,266
54,80,498
37,55,201
55,163,422
55,221,421
17,56,398
56,185,399
57,134,319
57,135,352
25,58,230
58,80,400
60,120,487
60,336,494
61,69,98
61,168,178
62,233,314
3,56,63
63,241,330
63,68,354
64,70,330
64,217,375
64,265,460
7,64,354
65,131,427
65,352,485
66,128,392
67,237,474
68,102,177
24,69,205
69,314,343
70,163,401
70,273,315
70,232,323
70,393,426
70,221,458
34,71,182
71,176,288
71,128,200
71,302,349
71,294,493
57,73,200
73,322,397
74,95,324
75,380,488
68,76,369
76,135,221
76,471,489
44,77,236
77,221,389
78,246,264
78,180,256
7,79,418
79,80,344
79,389,470
80,195,464
49,81,399
10,82,400
82,268,313
83,171,258
83,90,219
83,354,478
83,388,485
84,115,116
42,84,216
84,275,395
85,170,219
11,85,475
85,403,491
86,420,433
54,86,437
13,87,190
87,95,295
87,286,417
88,183,302
88,133,449
89,132,138
29,91,266
91,356,460
91,328,468
92,128,314
92,110,394
93,118,403
49,94,494
77,94,253
96,203,292
32,97,144
32,97,279
97,325,401
97,382,446
84,98,495
98,144,217
98,271,334
51,99,129
99,126,315
101,127,335
101,349,381
102,122,239
102,252,326
21,103,394
104,165,308
83,104,467
105,165,228
105,292,369
105,106,431
105,193,472
58,106,128
106,122,198
41,107,388
107,109,149
38,107,490
109,191,203
109,213,408
109,340,383
109,171,454
110,129,385
110,162,265
112,188,198
113,160,448
113,189,269
35,113,424
114,387,431
114,164,445
115,218,460
116,145,450
72,117,180
117,271,357
118,126,149
56,119,180
17,29,121
9,122,396
11,122,465
123,136,221
123,355,469
123,367,485
123,380,455
123,310,443
53,124,186
99,124,397
109,117,124
126,161,384
127,250,333
32,56,128
78,129,185
99,129,326
86,130,197
63,131,484
131,406,409
47,133,481
130,133,310
47,133,249
133,386,472
135,318,376
51,136,380
136,155,489
137,167,274
108,137,430
10,140,485
141,200,465
122,142,411
142,254,365
77,143,323
111,143,237
143,243,428
145,236,487
40,49,146
147,168,307
69,148,462
148,240,472
50,149,277
149,349,352
150,283,407
151,169,234
151,263,467
4,152,257
152,243,244
153,408,433
153,386,454
85,154,265
155,177,352
156,180,278
156,450,488
146,158,196
158,272,500
158,199,406
160,294,354
160,279,413
160,332,479
4,30,161
114,161,169
161,215,246
161,162,214
164,243,400
165,476,494
4,166,464
125,166,253
140,166,273
166,223,430
7,167,421
168,259,343
169,200,254
83,108,170
170,272,409
170,433,470
125,171,293
171,361,412
14,22,172
23,172,196
172,238,309
172,258,287
82,174,381
174,240,345
5,40,175
136,175,361
18,176,437
176,271,483
176,286,489
112,176,406
22,54,177
155,178,306
120,180,211
48,181,415
83,95,182
99,182,342
185,205,225
2,186,309
187,280,285
187,294,408
128,189,254
190,346,493
89,190,192
49,158,193
111,193,201
193,260,434
124,194,353
194,265,472
25,195,368
106,195,269
175,196,411
80,196,235
56,196,286
98,197,262
197,390,454
60,198,339
199,228,281
199,422,487
37,102,200
200,304,485
129,200,474
186,201,400
185,201,469
202,213,322
202,307,347
30,203,234
6,203,359
204,242,340
39,205,426
147,205,309
205,353,439
131,206,321
40,208,404
75,91,208
209,407,465
49,209,460
17,128,210
26,39,210
151,210,385
155,211,450
10,211,381
107,212,351
28,212,234
212,487,499
26,108,213
46,203,214
97,214,333
1,189,215
215,235,276
160,216,314
216,323,453
216,342,425
23,216,476
217,259,323
136,217,275
217,266,332
121,217,338
218,272,285
218,257,489
23,219,252
219,279,386
220,244,268
221,401,481
106,126,222
222,229,256
178,222,493
222,421,496
174,223,245
77,214,224
98,134,224
144,224,344
201,225,489
46,226,295
61,226,279
72,157,226
192,226,336
44,227,409
138,227,352
60,97,228
228,261,372
41,229,253
160,229,293
81,230,464
77,89,230
77,155,231
211,231,438
109,233,245
53,234,268
174,198,235
200,235,325
235,288,382
235,327,389
156,237,249
118,237,262
237,301,488
57,230,238
105,238,325
149,239,290
170,239,333
203,240,466
240,261,462
135,241,410
144,242,349
204,242,499
147,238,243
243,415,444
6,173,244
55,128,244
244,286,366
83,244,325
245,266,272
136,246,396
116,153,247
200,248,418
248,333,362
15,249,437
74,250,480
19,167,250
250,295,328
65,251,330
89,202,251
132,148,251
48,248,252
42,253,292
66,253,456
76,254,446
153,254,282
102,254,474
254,255,473
255,417,448
51,255,439
144,259,303
145,260,448
189,236,260
260,410,492
82,261,336
261,294,346
213,262,354
256,262,306
262,278,316
106,262,391
262,429,485
75,98,263
134,263,459
263,318,494
123,232,264
183,264,494
216,264,332
243,264,465
264,271,393
80,265,413
182,261,266
266,383,398
186,266,430
7,170,267
36,107,268
116,270,313
34,270,459
27,154,271
103,210,273
75,100,274
80,274,422
69,96,275
232,275,375
275,409,440
224,276,343
2,244,277
71,277,378
91,277,440
86,129,277
75,180,278
244,253,278
278,352,359
90,279,410
101,281,290
93,182,282
172,282,435
283,346,355
108,176,284
52,285,349
133,222,285
285,406,415
88,190,287
73,287,362
170,221,288
74,262,288
76,80,289
7,177,289
289,301,347
216,289,380
289,462,465
61,213,290
290,328,412
119,291,494
157,291,421
203,292,376
71,292,440
112,293,311
163,293,341
29,293,483
174,294,391
52,294,418
21,295,338
295,327,439
275,295,465
52,296,427
113,297,465
272,297,422
113,297,438
297,379,447
297,433,449
180,299,320
299,372,445
169,299,391
299,395,419
12,148,300
120,199,300
55,211,300
300,361,363
129,300,429
119,141,301
29,176,302
80,180,303
206,303,345
106,284,303
101,261,304
43,304,315
146,305,339
271,294,305
56,99,306
12,306,481
283,307,460
189,309,474
50,310,406
142,312,403
306,313,437
313,356,453
38,172,314
103,315,404
223,281,315
315,449,488
142,316,474
77,317,418
307,317,348
317,345,409
109,318,432
298,318,381
220,259,319
308,319,490
9,61,320
13,75,320
320,356,462
25,296,321
300,321,483
291,321,340
63,321,365
321,352,491
321,494,496
82,322,486
100,134,322
164,322,434
23,323,442
27,291,323
286,323,436
250,323,479
324,369,451
5,325,475
305,325,441
220,325,408
326,327,460
116,131,327
327,379,471
136,277,328
200,330,479
272,330,468
286,330,487
196,331,333
169,197,332
323,332,488
175,282,334
218,294,334
69,305,335
118,228,335
248,255,335
285,296,335
28,319,335
284,335,337
55,335,483
172,336,465
77,125,338
187,205,339
288,339,383
219,339,426
157,209,340
198,343,438
53,126,344
201,344,387
209,345,358
153,346,494
260,346,499
56,136,347
180,185,347
80,104,348
114,245,348
141,348,420
143,289,349
274,293,349
121,349,350
270,350,410
218,350,463
1,104,352
287,352,442
57,353,369
353,392,393
43,96,354
315,354,492
234,355,407
85,184,356
91,147,356
178,356,480
31,185,356
356,428,460
99,341,357
323,358,447
172,176,359
225,235,359
48,135,360
20,180,360
273,360,392
87,216,361
342,361,391
298,361,397
361,377,416
84,362,418
100,362,472
42,84,363
176,363,431
143,268,364
190,280,364
60,244,365
359,365,402
138,365,493
49,313,367
76,250,367
33,116,368
37,201,368
205,340,368
198,368,463
194,264,369
227,303,369
48,277,369
55,296,369
18,370,381
105,245,370
337,355,370
189,371,420
307,371,400
54,323,371
72,371,383
228,372,499
136,218,373
207,373,450
108,304,373
322,344,373
225,374,415
146,218,375
3,376,498
298,376,391
290,300,376
312,376,488
324,377,496
314,378,471
333,378,405
151,327,380
153,244,382
99,384,441
151,384,441
254,256,385
164,320,385
135,342,386
139,219,386
386,432,493
31,328,387
89,306,388
81,152,389
172,295,390
178,333,390
131,372,390
85,391,422
188,391,394
229,260,391
295,391,488
82,153,392
159,392,429
362,393,431
260,394,408
354,394,487
83,395,410
48,301,396
29,101,396
132,162,396
308,396,465
262,396,397
369,398,430
92,386,399
201,400,434
2,370,400
379,400,499
4,149,401
346,375,402
6,368,403
85,116,403
123,311,404
266,359,404
321,373,404
186,274,405
170,299,405
97,307,405
400,405,487
361,405,438
297,406,431
172,406,410
248,406,431
32,288,408
248,342,408
300,306,409
302,409,422
294,409,483
235,253,410
253,410,455
104,410,477
205,246,412
160,217,413
224,413,457
249,413,466
278,372,414
80,286,414
151,397,415
134,183,415
210,415,428
241,417,494
19,299,420
327,377,420
206,347,420
411,420,464
173,372,421
215,421,481
5,41,422
233,332,422
289,300,423
300,423,492
126,361,423
73,424,438
369,424,440
140,424,450
41,205,425
134,197,426
253,370,426
202,426,461
33,106,427
132,144,428
159,294,428
59,268,428
32,240,430
81,194,430
89,123,430
26,138,430
296,413,432
119,433,465
265,387,433
261,298,433
45,433,488
193,379,435
212,361,435
180,226,435
92,425,435
232,343,437
58,281,437
251,363,437
275,371,437
168,227,440
250,440,456
303,355,441
10,418,442
2,424,443
135,299,443
193,421,445
248,351,446
79,308,446
369,447,492
438,447,469
31,232,449
140,280,449
94,257,449
128,190,452
33,375,452
110,452,463
39,205,453
135,250,453
83,169,453
101,246,453
268,297,453
11,88,454
25,442,455
125,413,456
256,311,457
131,458,459
33,245,460
425,460,494
214,305,461
150,462,480
211,233,462
276,356,462
317,319,462
91,135,463
185,416,463
229,445,463
65,251,464
28,194,465
313,340,465
108,179,466
93,133,467
67,409,467
49,199,470
276,390,470
58,118,472
6,92,473
347,426,473
232,396,474
95,305,475
12,317,476
115,393,476
30,414,476
434,450,476
302,477,495
24,198,479
270,375,479
81,164,480
467,480,499
118,242,481
118,397,481
450,481,500
6,160,482
252,288,482
230,393,482
320,434,483
425,463,483
131,316,484
246,388,484
13,343,485
221,413,486
137,420,486
273,474,486
26,363,487
45,260,487
56,294,487
313,358,487
267,391,487
13,435,488
173,394,488
186,280,488
135,430,489
332,383,489
13,410,490
153,388,493
79,277,493
180,184,494
192,377,494
143,207,495
422,460,495
127,465,495
145,303,496
167,494,496
235,488,496
322,437,497
183,245,498
6,475,499
41,446,499
107,344,499
56,223,500
173,258,500
5,138,827
56,480,984
83,221,505
86,432,617
95,239,751
107,200,795
61,125,721
161,210,595
175,183,930
175,299,735
184,419,529
194,319,933
194,408,625
196,491,754
196,498,819
197,421,592
18,205,907
78,226,575
216,234,806
105,253,920
256,472,921
144,292,930
6,306,981
50,309,759
68,323,786
99,332,959
247,373,725
395,416,623
330,396,922
70,404,683
41,422,975
415,433,772
185,438,818
312,442,575
445,492,666
20,468,795
285,493,602
12,327,698
22,403,781
49,178,978
70,429,657
75,472,693
93,179,828
98,193,800
69,153,581
154,273,529
182,306,501
177,195,567
196,453,800
64,221,516
142,247,698
6,247,827
18,249,721
260,458,833
208,310,723
319,431,700
50,343,983
371,376,704
79,372,830
19,381,593
281,395,818
231,444,972
277,462,782
388,465,583
143,486,720
9,654,946
34,708,835
44,917,1000
49,716,759
71,695,879
85,547,638
94,950,952
112,891,963
139,787,794
178,590,733
188,608,664
189,646,739
260,623,826
262,791,907
263,503,748
274,693,951
274,718,984
281,598,651
291,877,996
305,583,837
319,625,722
326,531,904
351,754,939
357,640,920
370,626,751
377,753,926
378,699,796
404,552,744
420,827,880
443,775,812
496,510,980
62,134,509
139,185,509
170,291,518
389,412,534
27,339,536
476,491,610
127,280,632
58,165,637
28,393,669
208,455,687
336,411,690
360,391,709
83,484,734
15,228,737
286,468,782
163,294,785
21,434,805
224,418,833
305,496,846
142,275,859
84,95,860
125,456,865
34,389,879
16,204,889
342,390,909
45,405,910
19,223,927
99,414,929
21,351,936
130,267,938
358,362,956
149,452,972
15,58,990
124,205,993
132,280,994
175,349,997
169,504,528
467,509,881
302,521,831
393,551,746
174,577,684
301,551,583
181,612,819
336,622,811
276,579,626
56,634,991
459,642,933
26,667,986
402,704,707
21,505,765
360,533,819
372,741,845
69,856,934
213,559,871
356,899,909
493,504,920
380,532,934
377,927,938
131,538,946
163,505,514
307,543,975
300,546,871
438,548,959
279,559,705
375,564,928
448,571,772
282,573,575
445,597,940
415,548,624
78,629,653
497,524,630
202,612,656
90,650,666
32,565,677
445,694,828
243,699,886
335,735,924
17,731,753
222,720,768
452,648,769
106,525,776
210,561,782
140,563,782
85,769,808
221,763,817
391,599,857
125,772,889
43,895,996
313,697,899
144,728,907
391,579,917
324,670,921
461,568,922
385,757,923
335,646,927
207,614,942
40,946,983
181,916,972
70,814,974
96,652,997
254,828,997
501,532,868
502,668,731
502,867,932
503,637,811
504,678,857
504,712,816
504,624,732
505,745,764
506,631,710
506,599,762
506,787,876
507,623,844
507,564,689
507,798,827
508,758,837
508,822,871
509,533,728
509,566,764
509,678,951
510,699,899
510,776,832
510,631,926
511,595,663
511,825,834
511,947,997
513,708,937
513,897,927
513,617,916
514,646,853
515,626,901
516,646,849
516,616,827
517,596,753
517,541,905
517,549,969
519,659,786
520,551,911
520,683,975
522,534,750
522,721,764
522,561,887
523,586,802
523,807,885
524,835,926
526,555,584
519,526,690
526,711,917
526,775,997
528,551,835
530,729,839
530,913,936
531,567,631
531,593,705
531,741,838
531,689,771
531,673,774
532,576,980
532,785,980
532,787,861
532,885,954
534,673,775
534,699,843
534,832,977
535,724,785
536,576,828
536,727,971
536,765,845
537,590,918
537,613,672
537,845,891
537,852,916
537,752,896
538,661,919
540,545,856
540,589,687
540,726,835
540,652,733
540,627,962
532,541,936
508,543,845
543,788,917
545,601,1000
545,678,723
545,731,881
545,816,964
545,776,980
501,546,878
547,578,925
547,657,793
521,548,598
549,755,883
550,801,851
550,605,821
550,698,886
551,759,829
553,700,971
554,595,687
554,907,927
555,737,815
556,759,887
556,808,966
557,601,762
557,598,779
557,578,936
557,582,965
557,882,986
515,558,885
558,707,885
558,691,856
529,559,599
525,561,604
561,618,619
562,617,640
562,659,803
562,783,908
562,921,974
563,643,790
563,766,998
563,663,819
563,921,940
552,564,774
520,564,596
511,565,816
541,565,997
567,711,997
517,569,941
570,821,998
538,571,614
541,571,844
523,572,878
572,589,849
572,692,717
572,713,768
572,651,910
507,573,836
546,573,888
574,662,695
574,809,870
540,576,825
576,701,996
521,577,948
569,577,899
577,778,947
577,578,779
578,739,816
551,579,903
581,634,637
581,786,996
538,582,761
584,764,814
585,712,806
586,641,780
586,940,966
587,668,890
502,588,944
588,715,816
529,589,630
578,589,817
589,772,896
589,831,964
577,592,665
578,593,976
594,708,877
594,959,995
595,722,780
506,595,860
595,946,977
595,720,981
586,596,773
596,715,729
596,730,999
592,596,853
570,597,613
597,852,940
517,599,859
599,874,941
599,611,953
548,600,722
600,758,950
600,749,833
544,601,744
556,601,978
588,601,670
601,810,952
545,602,746
565,603,694
604,693,802
604,698,977
605,832,901
607,640,657
506,607,725
607,735,965
607,635,839
525,607,866
607,663,904
524,608,881
608,703,827
608,957,986
609,680,892
609,913,993
610,978,993
611,672,830
611,786,863
611,691,934
518,602,612
612,818,948
561,617,869
618,795,945
619,637,718
619,800,848
560,620,833
595,620,676
588,621,853
508,621,798
624,625,979
514,583,625
622,625,948
625,664,953
625,701,909
626,650,945
530,626,656
593,626,820
627,752,784
556,628,945
630,674,698
630,798,869
630,865,926
630,924,992
607,631,988
631,783,788
632,788,975
513,632,874
507,635,892
506,636,718
502,637,819
509,638,947
537,540,638
557,638,949
638,648,676
555,589,639
639,763,844
591,641,646
543,642,645
643,690,828
563,643,836
644,733,920
644,729,995
645,695,881
645,808,999
609,646,658
646,731,914
648,920,964
579,649,902
543,650,781
650,684,695
650,748,795
651,942,1000
618,652,716
631,652,966
629,650,653
653,774,938
523,654,775
646,655,841
656,707,919
596,657,739
658,904,976
659,662,917
659,813,876
660,984,995
582,661,710
529,662,970
663,882,994
565,664,831
655,664,731
566,664,990
665,697,744
665,780,901
665,830,910
666,715,761
639,666,787
523,667,844
536,667,957
572,667,834
667,855,929
637,668,817
668,821,836
668,847,856
669,881,999
547,670,680
545,667,670
670,757,816
502,668,672
643,672,738
669,672,863
608,661,673
669,673,731
548,674,788
511,674,883
675,820,882
675,728,835
526,676,684
676,716,744
628,630,677
662,677,801
677,760,841
566,679,787
679,681,933
634,680,711
622,681,699
665,681,978
626,682,890
682,691,976
511,684,762
684,947,948
563,578,685
606,686,847
667,686,742
583,687,816
687,731,788
681,688,782
688,755,962
636,689,920
505,690,947
572,692,721
620,692,750
685,694,852
504,695,763
624,695,778
695,727,928
570,696,783
696,848,870
696,883,999
697,890,983
628,699,992
627,701,929
512,701,806
701,712,950
701,749,1000
513,647,702
702,764,999
702,734,818
567,703,765
568,703,841
704,897,963
704,873,936
663,705,737
705,746,857
539,636,706
540,573,706
587,706,916
580,618,707
645,674,707
601,708,806
628,655,708
501,708,816
620,709,941
595,709,950
694,710,871
710,867,899
710,829,966
710,792,976
711,860,863
695,712,913
712,821,994
583,602,713
713,719,824
607,713,944
529,713,960
507,714,749
689,714,871
714,751,786
669,715,874
533,671,716
670,716,924
649,706,716
716,789,888
523,717,839
549,616,717
679,718,799
592,645,720
555,670,722
671,723,942
537,548,724
725,882,987
525,718,726
648,679,726
603,726,896
676,696,729
530,729,877
658,730,947
590,733,902
733,964,1000
733,901,990
714,735,957
735,829,941
594,638,737
660,737,787
686,737,917
564,676,738
520,567,738
701,738,831
696,739,747
715,739,835
548,740,745
718,740,827
740,856,949
508,741,958
691,742,872
742,811,967
626,692,743
634,743,834
743,860,951
691,719,744
695,744,984
593,745,985
525,746,790
635,711,746
525,747,814
655,747,875
747,805,825
747,792,909
642,722,748
543,633,749
577,708,751
622,751,848
752,759,844
533,730,755
719,755,1000
603,756,857
709,756,962
681,757,796
572,603,758
637,661,758
758,769,987
759,773,960
759,920,936
520,759,940
618,759,966
511,620,760
597,760,860
760,783,871
761,815,868
523,567,762
665,686,763
734,763,822
508,763,912
515,629,764
766,875,920
766,858,880
703,767,789
536,767,786
544,767,807
763,767,875
544,554,768
724,768,822
664,759,769
524,770,785
578,720,770
640,684,770
681,770,797
551,770,903
692,771,938
695,698,771
771,906,998
772,918,960
571,773,884
561,774,786
568,738,774
720,774,892
775,804,985
777,792,837
777,927,977
779,850,899
663,753,781
781,832,907
628,782,923
680,779,782
644,744,783
532,693,784
576,612,784
596,785,878
734,786,933
662,711,787
585,668,788
663,788,843
788,876,936
550,790,812
543,790,925
752,782,791
531,734,792
792,943,977
750,794,858
590,698,795
583,796,951
542,667,797
573,684,797
701,721,798
728,734,798
552,624,799
632,799,807
679,799,910
669,799,818
593,799,909
535,800,817
555,734,800
624,705,800
695,800,863
703,801,872
714,728,802
802,898,966
563,803,805
704,761,804
561,739,804
775,804,837
507,805,847
554,805,867
585,732,805
805,819,988
592,806,867
729,775,806
661,807,876
547,807,977
636,726,808
555,786,809
579,748,809
810,852,938
544,810,975
810,841,980
614,796,811
542,677,812
600,765,812
511,812,826
745,812,919
661,731,813
646,814,961
659,814,918
592,815,871
655,817,852
610,723,817
655,793,817
614,818,935
818,885,978
540,818,989
629,819,999
701,749,819
819,835,978
586,819,984
510,821,945
637,752,821
572,822,946
749,822,874
708,823,846
761,823,841
823,911,940
716,824,926
824,888,993
602,659,825
542,770,825
666,674,826
716,826,937
652,727,827
828,837,974
508,522,831
651,831,904
585,832,959
646,832,842
662,834,988
576,702,835
703,835,918
539,762,836
836,882,1000
632,834,837
696,838,862
530,596,839
602,839,887
590,839,917
506,808,841
517,531,841
539,547,842
623,668,842
689,738,842
829,842,920
842,848,900
843,872,983
779,790,845
511,846,888
531,735,846
632,700,847
690,744,847
724,801,848
848,955,993
669,849,866
741,851,957
515,633,852
656,798,852
513,780,853
517,671,854
770,780,854
574,854,989
628,855,957
549,695,857
783,851,857
857,958,980
663,857,994
563,637,858
570,741,858
675,858,967
661,859,943
666,859,871
570,859,909
859,910,936
547,692,860
571,731,860
568,723,860
637,777,860
620,831,860
593,861,930
567,861,900
657,861,917
723,760,862
790,862,900
757,767,863
834,863,964
732,864,981
587,865,950
771,865,983
658,865,993
599,604,866
640,815,866
866,936,968
515,569,867
622,867,873
688,808,868
617,858,869
649,715,869
709,810,869
827,869,955
870,875,955
503,853,872
645,872,925
734,873,877
568,873,895
667,711,874
506,791,875
689,875,940
703,737,875
575,877,941
640,700,877
784,854,877
630,757,878
798,839,878
868,876,879
622,879,935
583,880,889
599,624,881
879,881,946
533,866,882
546,659,882
543,658,884
599,884,887
776,835,884
555,800,884
634,790,885
513,886,952
526,730,886
651,886,897
838,886,986
546,887,976
571,708,887
599,889,912
889,910,914
622,726,890
676,787,890
876,890,999
693,890,929
568,749,892
803,892,973
875,892,981
876,892,982
560,893,938
724,777,894
831,857,894
576,894,977
885,895,1000
752,896,931
621,770,897
616,626,898
640,643,898
642,898,922
636,721,898
516,768,898
572,825,899
689,798,900
776,863,900
663,840,900
859,900,940
502,901,918
903,916,954
579,722,904
602,792,905
707,905,939
643,906,913
501,525,907
544,587,907
540,857,907
516,726,908
501,524,908
519,634,908
815,896,908
908,911,974
778,909,927
551,788,911
748,912,947
558,901,913
597,674,913
602,784,913
607,893,913
534,542,914
558,806,914
772,891,914
849,879,915
731,916,968
915,916,978
525,614,917
718,897,917
626,732,918
667,918,964
551,919,976
598,669,919
865,896,919
563,919,958
905,920,931
912,920,932
697,737,921
718,811,921
623,921,951
606,640,923
787,812,923
632,875,925
831,925,952
503,607,926
516,888,926
630,926,986
819,928,989
836,928,948
771,790,929
626,929,936
709,812,930
786,914,930
512,931,986
670,817,932
568,742,932
773,784,932
502,581,933
734,746,933
759,851,933
804,897,934
545,856,934
909,934,941
673,934,951
648,910,935
865,871,935
532,936,951
813,819,936
548,597,938
752,871,938
512,714,939
700,798,939
551,799,939
555,940,999
557,787,941
608,845,941
624,759,941
523,942,1000
659,942,948
782,928,942
526,576,943
689,827,944
772,850,944
893,929,944
714,938,945
503,561,946
569,866,946
669,796,947
841,947,979
583,920,947
571,841,948
637,703,948
741,878,948
519,538,949
505,733,949
638,950,957
576,857,950
575,844,951
522,637,952
758,850,952
612,953,955
729,730,953
792,953,983
761,920,953
542,629,954
573,888,954
533,612,956
685,735,956
516,698,956
525,590,957
689,916,957
694,829,957
774,886,957
827,957,991
903,940,958
507,959,993
508,793,960
756,760,961
627,896,961
566,845,963
674,963,964
741,772,963
619,894,965
652,890,965
693,707,965
576,962,967
731,809,969
887,935,969
628,699,971
768,780,971
517,972,987
653,686,974
661,776,974
553,720,974
712,829,974
667,895,974
809,820,975
914,945,976
579,758,977
729,833,977
889,910,977
502,631,978
699,743,978
867,929,978
512,871,979
659,680,979
568,575,980
604,783,980
801,892,980
812,866,980
517,961,982
583,603,983
519,888,984
576,603,985
605,909,985
788,897,985
592,604,986
551,627,986
518,931,987
683,956,987
717,722,987
669,755,987
602,813,988
640,744,989
887,892,989
958,967,989
562,778,990
550,734,990
503,565,991
669,847,991
668,991,996
556,770,992
844,973,992
691,899,993
935,966,995
574,708,997
610,634,998
737,865,998
723,935,998
521,685,999
704,715,1000
236,256,329
518,527,975
615,911,975
656,736,935
