1,125,296
1,120,135
2,162,166
2,109,172
3,55,202
3,215,296
3,49,251
4,83,253
4,123,195
5,6,197
6,249,262
7,31,107
7,64,238
7,172,282
8,10,171
8,159,318
10,25,61
10,194,196
11,157,162
2,12,73
12,126,186
13,29,213
13,163,164
13,39,168
13,136,175
13,142,235
14,15,299
14,111,255
15,91,262
15,267,323
16,57,104
17,62,125
17,91,213
17,132,260
17,18,216
18,33,248
19,278,301
20,86,236
20,231,256
22,62,81
5,22,164
22,193,248
22,66,291
23,100,208
23,240,279
24,32,191
24,157,267
24,210,230
7,25,233
25,37,270
7,26,41
26,51,255
25,27,280
27,66,299
28,41,86
29,174,205
29,203,259
29,207,231
29,64,256
30,62,72
30,192,303
33,105,224
33,290,305
33,34,48
34,66,214
34,250,302
35,56,255
4,36,193
4,36,45
36,51,305
37,70,332
37,206,331
37,227,246
38,54,96
38,152,276
40,161,176
40,65,250
40,265,310
40,129,301
19,40,324
41,67,145
41,89,329
42,44,120
42,291,333
34,43,110
44,216,217
44,137,252
45,254,310
46,103,247
35,46,318
47,52,311
40,48,51
48,212,252
51,66,170
52,85,197
52,246,272
53,141,331
54,82,214
54,262,283
54,245,322
55,67,318
55,224,263
55,110,251
2,56,284
26,42,56
56,83,242
21,57,294
57,153,325
57,60,326
58,255,265
59,75,175
60,252,328
61,170,247
61,297,306
30,62,329
63,79,104
63,194,261
64,88,309
64,164,334
64,150,311
65,76,312
65,109,172
33,65,169
6,23,66
66,172,191
25,40,67
44,68,103
66,69,75
20,69,301
70,182,323
65,71,173
51,71,168
71,170,173
39,71,221
71,264,268
51,71,316
72,78,113
72,94,119
72,163,215
72,252,292
74,102,206
73,74,236
75,190,239
76,101,233
26,77,99
71,77,138
11,77,299
14,22,78
78,133,330
79,154,303
79,161,186
79,216,331
41,80,225
29,80,256
81,207,310
34,82,129
12,63,83
83,186,191
23,84,125
84,103,157
84,282,332
3,85,209
62,85,91
85,133,159
85,261,280
86,165,260
4,87,238
16,22,87
13,87,315
84,87,317
34,88,280
88,148,225
73,88,308
51,89,154
89,279,333
90,127,222
92,152,222
20,37,93
25,93,162
78,93,259
93,106,313
73,94,131
88,95,285
95,107,156
33,97,201
89,98,140
89,98,201
5,80,99
35,99,252
82,99,129
99,151,169
99,170,255
100,110,205
100,161,198
102,170,218
102,289,320
103,107,171
103,105,309
25,58,105
105,127,305
78,106,271
106,151,255
5,106,299
58,107,225
86,107,175
107,144,201
95,107,239
108,137,212
102,108,183
106,109,283
99,110,255
110,118,262
43,81,111
12,91,111
111,209,230
111,124,301
113,149,264
92,114,243
114,216,316
87,92,115
96,116,222
105,116,278
77,117,120
117,224,245
3,118,273
118,315,334
119,240,257
116,120,281
122,174,187
123,178,229
124,152,195
124,176,268
82,125,329
42,91,125
99,125,293
98,125,142
125,175,216
125,247,308
125,237,259
66,127,298
28,129,168
129,218,288
130,185,326
87,131,317
4,132,287
132,252,316
133,150,279
134,159,250
128,134,306
52,135,172
135,145,251
107,137,329
137,195,265
2,24,138
14,26,139
139,191,246
141,238,254
53,124,143
4,144,241
144,168,289
116,144,312
1,76,145
145,214,215
147,263,298
147,162,299
138,149,150
98,150,259
97,150,266
33,150,319
144,151,187
152,230,249
73,153,296
153,161,275
153,167,300
128,154,270
14,155,261
72,155,275
29,156,219
59,96,157
145,158,168
158,279,310
87,160,179
56,160,173
131,160,263
162,198,276
102,162,321
3,163,270
78,132,163
146,163,271
67,150,164
165,166,178
18,168,181
25,97,168
106,168,282
6,117,168
31,168,313
31,147,169
170,205,319
171,187,206
111,172,278
66,172,223
58,172,332
127,173,266
173,193,287
56,174,178
62,174,286
143,174,208
167,174,241
111,124,176
21,176,289
3,63,177
16,152,177
76,173,178
178,233,247
178,257,284
4,168,179
104,161,179
94,180,279
161,182,305
117,183,224
63,153,184
82,156,184
187,253,273
104,107,188
189,287,302
24,52,190
15,191,290
56,122,193
81,194,259
50,168,195
195,270,298
78,195,311
106,196,223
124,191,197
160,187,197
71,197,215
84,198,266
129,198,306
6,199,284
199,285,328
81,200,304
21,51,201
155,201,314
111,202,319
30,202,233
36,107,203
150,203,274
9,105,204
151,204,232
56,163,205
73,175,205
67,197,205
85,139,206
21,77,207
207,211,303
49,60,208
118,148,208
57,208,278
31,210,225
48,210,259
143,193,212
178,212,288
174,212,217
88,212,232
167,212,308
158,213,315
133,214,246
19,214,287
38,173,215
125,215,218
158,215,291
216,253,320
113,217,310
22,52,218
109,174,219
2,116,219
184,219,282
218,219,303
76,220,241
87,97,220
7,126,220
129,220,295
98,140,221
126,221,236
79,222,315
170,222,308
81,95,223
189,224,233
224,291,327
77,80,225
225,232,255
18,225,258
44,92,226
226,246,316
21,44,227
77,163,227
53,71,228
80,228,304
122,228,314
214,228,321
16,69,229
75,229,307
36,230,243
230,269,321
17,199,231
115,231,313
149,221,232
10,233,289
15,233,252
11,234,308
102,234,313
15,42,236
153,168,237
110,167,238
19,112,238
171,218,238
14,198,238
90,184,240
23,162,240
58,240,315
144,174,241
208,241,281
77,94,242
173,218,242
57,135,243
24,243,310
93,95,244
103,156,245
9,126,246
170,246,317
215,246,310
18,84,247
100,203,247
207,247,298
233,247,297
157,202,248
114,249,290
47,130,250
166,173,251
251,275,325
45,199,252
89,246,253
5,152,253
95,253,261
87,210,254
103,230,254
132,234,254
67,80,255
80,127,256
96,256,279
107,255,257
159,208,257
42,164,258
125,232,258
8,196,259
22,259,311
154,174,262
171,179,263
237,240,263
52,80,264
127,264,312
144,264,319
233,246,265
169,265,296
100,265,303
19,265,266
83,266,270
78,144,266
184,210,266
93,267,310
21,181,267
221,267,334
34,244,267
182,262,267
129,267,281
47,62,269
124,229,269
41,210,270
2,63,270
30,225,270
138,258,271
173,201,273
44,99,274
96,145,274
41,205,276
30,207,277
90,278,295
186,208,278
63,161,279
86,254,279
3,46,280
153,193,280
143,200,280
13,214,280
88,239,280
277,281,308
151,281,321
60,215,282
221,229,282
107,237,284
235,285,315
240,285,289
83,184,287
114,287,300
220,288,327
198,275,288
132,192,289
158,253,290
104,213,291
52,291,313
41,61,292
190,253,292
262,292,321
55,103,293
124,125,293
65,183,293
16,130,294
116,151,294
193,291,294
61,294,317
18,138,296
99,178,296
294,296,319
115,214,297
168,211,297
7,60,298
171,251,298
241,268,298
114,299,302
7,208,299
24,267,299
187,300,312
98,187,301
116,204,301
205,258,301
126,179,303
22,162,303
174,182,303
193,264,303
120,256,303
159,303,329
56,278,304
18,160,304
127,204,304
302,304,332
87,276,305
48,147,307
66,128,307
118,273,307
107,145,308
143,294,308
34,52,309
118,214,309
46,309,311
158,264,310
254,272,311
46,80,313
171,230,314
60,264,316
175,313,317
209,260,317
166,317,332
46,318,319
33,167,319
29,281,319
77,202,320
37,249,321
71,193,321
218,321,333
63,196,322
117,191,322
204,279,322
142,204,323
148,202,323
3,271,324
48,129,324
17,239,324
19,44,325
128,205,325
60,232,325
248,261,325
132,325,334
3,324,326
42,62,326
96,259,326
117,173,326
26,114,327
28,282,327
72,204,327
167,327,334
301,319,328
22,190,329
144,225,329
266,294,329
172,244,330
105,180,331
283,294,331
207,218,332
121,175,334
15,224,334
181,233,334
71,103,364
71,112,569
208,224,647
122,225,373
2,264,370
93,286,615
36,290,449
292,295,570
11,299,420
211,301,482
23,322,500
127,330,889
64,216,789
72,241,735
78,247,814
223,279,894
60,190,665
71,272,540
142,186,649
6,205,445
107,253,618
135,273,345
87,279,650
20,419,624
45,481,509
76,420,659
98,336,367
106,361,659
165,440,520
192,472,483
282,556,558
308,522,649
317,422,557
317,575,638
48,398,714
69,459,777
107,599,853
191,368,952
216,387,836
224,622,883
229,448,674
230,401,727
269,349,750
322,538,893
20,33,706
41,283,805
97,193,845
58,103,949
117,230,670
62,179,711
152,196,970
170,204,869
96,207,766
240,277,902
98,285,765
295,325,706
48,529,819
50,578,720
89,365,871
137,359,938
150,438,856
228,586,975
257,538,723
297,469,680
320,455,893
18,719,775
50,812,959
55,845,939
62,835,956
65,728,861
96,723,848
108,913,919
141,684,822
191,687,784
207,891,915
209,894,943
218,762,803
266,793,999
324,794,888
334,804,816
124,221,340
172,277,414
192,205,420
231,305,452
150,325,502
81,286,544
165,291,544
77,166,546
176,316,641
247,347,666
53,477,603
310,462,605
154,340,914
315,382,972
69,427,797
56,436,861
151,480,700
63,492,907
250,530,697
226,577,789
135,614,763
331,423,435
140,440,536
205,357,446
262,354,476
169,490,506
32,413,496
134,532,539
196,545,592
327,555,556
325,461,655
335,388,574
335,453,641
336,409,436
336,471,604
336,445,513
337,375,386
337,575,587
338,518,666
339,484,592
340,564,660
341,346,348
341,356,434
341,439,535
343,362,430
343,396,451
343,480,504
344,536,559
344,584,633
338,345,361
345,380,645
345,360,662
345,470,667
344,346,398
346,423,547
346,426,667
347,410,528
347,424,645
340,341,349
349,376,650
349,420,646
350,354,578
350,437,498
350,478,622
350,588,649
337,351,466
351,480,578
352,598,641
338,353,656
353,389,661
345,354,380
355,370,627
355,375,638
355,623,652
355,437,645
342,355,664
358,364,511
360,416,565
361,433,441
361,454,545
361,468,498
339,343,362
362,371,552
362,388,592
363,456,628
364,433,666
364,441,574
364,482,536
364,617,626
365,542,575
365,400,549
352,366,389
347,367,432
367,491,507
367,380,569
367,617,618
366,369,462
369,376,594
369,450,469
370,635,647
336,371,374
341,371,484
371,374,521
373,573,625
374,380,618
374,479,598
337,374,502
374,537,630
376,398,456
376,465,482
376,442,600
375,378,482
378,514,660
378,570,624
378,444,576
361,381,497
381,515,652
363,382,555
383,610,638
363,384,459
384,489,564
386,445,505
387,548,582
361,387,589
349,388,599
388,407,637
371,389,662
390,419,654
390,493,657
364,390,573
393,423,546
338,394,547
394,398,482
378,394,450
394,440,515
386,394,538
394,473,590
394,537,605
392,395,437
397,402,557
389,398,443
398,423,622
353,400,550
338,401,633
402,422,583
347,386,403
403,521,581
403,502,637
403,625,666
361,404,547
404,423,547
404,473,611
404,436,641
405,637,661
406,462,629
377,407,513
407,505,625
408,495,600
409,454,562
409,411,562
383,412,494
412,413,621
414,499,551
415,503,589
378,416,474
417,433,577
417,486,574
417,479,644
418,513,594
418,527,640
393,418,556
419,444,543
385,421,609
383,421,435
345,369,422
385,422,575
344,415,423
344,423,485
423,569,607
378,424,538
424,465,594
424,536,661
425,493,644
425,590,643
371,426,584
426,449,621
427,451,521
428,439,575
428,579,651
428,591,616
391,428,652
428,641,664
339,429,478
429,513,622
429,553,566
429,550,649
379,425,430
430,481,497
377,431,623
405,431,535
431,571,573
435,442,512
413,435,526
436,466,590
392,436,475
437,447,633
413,437,663
411,437,666
438,455,527
438,470,588
438,516,629
344,439,582
440,535,549
368,380,441
403,441,603
441,608,634
419,442,626
442,556,615
394,434,443
367,443,479
356,373,445
443,445,634
337,429,446
427,446,598
352,446,553
406,416,447
448,454,534
380,448,601
448,523,603
367,449,547
449,470,541
449,472,494
415,449,495
449,465,495
425,449,504
449,579,624
450,468,585
450,555,572
337,420,451
414,451,459
452,497,527
452,591,641
341,403,453
453,488,559
453,583,631
351,455,585
455,481,586
386,455,595
340,456,579
419,456,529
456,559,652
367,457,460
355,412,457
346,369,458
442,458,614
365,409,459
459,484,650
459,587,591
460,521,546
427,461,488
461,480,585
339,462,565
391,462,547
463,628,631
436,463,641
464,601,633
406,465,621
422,426,465
345,466,651
466,622,649
466,551,625
466,480,644
429,461,467
460,468,619
380,469,488
469,516,638
470,593,626
341,470,607
363,471,533
471,476,515
367,473,491
473,533,552
473,579,647
470,474,482
348,475,638
441,442,475
366,476,663
476,525,551
426,438,477
475,477,566
336,478,502
478,525,617
472,479,656
476,480,545
348,480,652
376,480,664
408,483,550
435,483,543
442,483,595
407,483,557
442,483,563
483,586,628
399,409,484
484,552,644
362,485,525
385,434,485
372,461,486
340,435,486
351,486,568
486,551,641
352,486,653
375,487,592
428,488,662
337,438,489
490,554,605
490,529,643
397,479,491
397,491,516
491,492,587
491,651,665
352,473,492
368,467,494
357,495,529
410,495,636
418,496,634
443,496,609
496,639,643
378,497,506
437,498,579
459,470,498
499,604,634
499,610,633
500,516,547
477,498,501
501,572,611
414,502,552
421,460,502
474,502,520
502,578,619
395,452,503
469,503,609
503,556,612
457,504,574
475,480,504
417,504,559
504,544,575
436,505,514
419,505,600
453,506,513
352,489,506
345,498,506
370,506,534
349,507,618
384,507,635
443,507,572
442,507,566
475,508,550
485,509,662
509,551,563
510,520,621
395,510,629
336,511,647
416,463,511
508,511,635
429,490,512
365,493,513
459,515,656
368,479,517
517,621,641
359,418,518
518,561,578
519,542,627
433,459,520
365,520,578
358,520,620
365,521,647
522,580,630
434,472,523
415,524,661
440,445,524
396,468,524
472,524,578
524,546,635
372,525,636
410,525,582
525,535,649
347,526,592
526,589,646
526,527,654
527,528,596
369,481,528
409,483,528
460,528,667
375,388,529
386,434,530
402,530,619
443,527,531
452,529,531
511,523,531
445,531,587
459,531,587
531,532,623
436,532,626
375,377,534
383,535,651
451,535,565
484,487,535
383,535,572
341,365,536
344,385,536
393,467,536
407,536,626
447,524,536
497,536,604
422,536,654
344,537,593
537,611,632
380,517,538
520,538,615
411,539,654
539,658,660
531,540,587
345,540,667
541,613,634
369,542,551
372,542,574
475,542,587
422,531,544
544,584,633
378,544,620
364,545,575
455,532,545
545,576,586
337,546,565
378,546,630
340,533,547
483,515,547
505,547,661
406,547,582
529,548,602
548,577,654
406,423,549
537,549,637
367,422,550
386,444,550
444,551,627
422,512,552
335,435,552
398,500,553
410,437,554
554,579,603
393,403,555
555,575,627
378,539,556
405,452,556
495,548,556
346,384,558
384,558,564
558,595,653
343,378,561
387,561,594
336,471,561
445,561,606
423,457,562
448,539,563
409,564,623
362,363,565
376,565,625
420,467,565
472,567,629
413,569,586
538,569,571
569,591,642
403,447,570
365,428,570
415,448,570
420,450,570
517,570,655
445,464,571
465,511,571
381,532,571
400,490,573
401,418,573
508,537,573
482,526,574
347,377,575
449,575,587
511,529,575
362,576,649
387,418,576
535,576,633
540,561,576
437,570,576
577,591,661
350,579,640
380,514,579
473,561,579
395,478,579
501,579,633
580,621,643
518,572,582
582,593,621
362,420,584
471,502,584
557,584,609
365,584,666
343,585,632
507,585,613
416,586,592
397,470,586
435,587,664
395,549,588
514,586,589
589,592,599
589,643,666
536,590,611
387,416,593
450,471,593
350,444,594
594,619,626
402,528,596
369,596,603
545,596,614
372,388,597
407,597,598
422,483,597
376,442,597
460,572,597
340,399,598
457,478,598
520,533,600
530,600,634
447,551,601
601,659,661
400,459,602
445,446,602
559,602,603
511,602,643
345,346,603
428,490,603
417,504,603
533,585,603
356,394,605
337,479,605
491,543,607
511,568,608
347,511,610
537,610,632
412,462,611
425,534,611
337,579,611
569,611,648
341,611,663
463,502,612
520,529,612
363,556,612
571,613,640
448,614,658
505,570,615
346,616,656
563,616,663
496,596,616
405,446,617
411,569,618
343,437,618
558,596,618
336,620,665
577,595,621
407,424,622
340,439,624
473,522,625
367,626,640
337,571,626
392,527,627
412,619,627
498,628,647
441,628,643
505,543,629
495,559,629
565,605,629
361,506,632
368,604,633
355,463,634
624,634,657
517,631,635
571,624,635
618,630,635
417,635,654
392,518,636
489,495,636
490,516,636
480,573,636
416,597,637
336,637,639
595,639,664
581,606,639
630,639,659
431,509,640
420,534,640
584,622,640
394,641,666
403,486,641
424,583,641
575,578,641
401,626,642
421,523,643
514,581,644
374,422,645
362,645,662
393,497,647
546,554,647
349,562,647
384,632,647
440,647,650
343,429,648
424,648,663
450,546,648
405,503,649
343,537,649
416,464,650
412,506,651
543,635,651
429,621,651
388,485,652
440,445,652
435,649,652
381,449,658
337,620,659
520,569,659
347,438,660
523,558,660
348,602,660
548,630,661
357,628,662
471,499,665
569,605,665
596,620,665
454,625,665
468,650,665
350,622,666
519,625,666
403,633,667
349,428,761
530,587,848
425,548,761
434,566,747
538,575,739
591,609,947
421,617,901
50,346,983
139,560,703
275,576,725
184,645,951
338,350,944
341,463,921
354,567,834
411,417,934
441,526,723
482,532,785
507,565,821
424,621,798
336,698,740
392,703,815
428,860,985
483,737,771
499,704,988
522,767,894
532,672,890
76,82,729
8,135,749
92,322,770
197,243,777
240,316,874
67,150,913
68,263,948
177,322,973
313,549,679
147,428,767
317,437,875
285,410,920
71,704,983
136,702,725
68,821,944
94,851,932
18,732,874
62,883,896
66,653,677
86,523,690
214,521,737
241,560,766
168,460,778
111,468,785
75,475,839
178,500,849
63,566,882
198,518,884
150,525,889
196,447,929
202,636,968
119,618,996
312,469,998
431,555,691
382,386,708
531,636,720
344,599,825
526,558,845
439,547,876
372,532,918
585,601,919
458,681,706
342,743,893
365,745,912
661,771,913
566,725,802
586,722,856
378,677,881
598,732,886
638,679,988
59,742,781
312,691,800
220,730,806
90,907,966
236,919,997
560,694,727
518,712,841
648,786,989
353,795,844
631,714,854
555,882,997
534,786,938
369,944,948
668,788,918
671,743,925
671,763,838
673,707,732
673,802,948
674,696,945
674,902,999
674,802,999
675,706,855
675,679,879
676,889,986
678,687,971
680,736,748
680,703,857
680,690,955
680,907,997
681,825,835
681,871,916
682,707,903
682,774,893
681,683,938
683,793,964
684,763,835
684,916,936
685,707,709
685,707,907
685,938,962
686,704,741
686,761,785
687,761,936
687,734,798
687,750,907
688,801,998
671,689,825
689,792,837
689,813,976
688,690,947
690,695,859
690,735,958
691,699,998
692,720,739
692,720,793
692,943,982
692,693,734
693,702,984
693,712,735
693,840,949
693,858,923
693,875,937
693,804,924
694,731,990
687,695,765
695,781,858
695,798,882
673,684,696
696,764,901
696,800,827
697,957,972
699,829,944
701,718,817
702,804,902
703,824,872
668,705,725
705,821,883
676,705,926
706,726,740
708,727,956
709,745,924
710,799,876
713,787,863
713,735,830
713,847,903
672,715,979
715,750,977
716,759,966
717,734,816
717,822,891
717,794,922
717,736,924
682,718,845
685,719,742
698,719,745
672,719,924
706,720,818
720,734,863
720,789,903
700,722,863
722,887,914
707,710,723
723,803,824
723,821,847
712,724,924
724,836,911
724,949,985
725,882,945
726,738,872
726,951,958
707,716,727
727,808,946
727,782,879
704,728,772
728,743,976
731,767,825
731,837,862
732,808,877
706,735,807
735,845,990
736,854,899
736,970,979
737,827,864
718,738,870
678,738,779
738,852,925
739,861,882
739,779,961
739,780,974
704,739,992
689,740,881
740,790,926
695,740,934
741,802,902
739,742,964
743,812,930
743,788,919
705,743,980
717,718,744
719,746,974
746,822,977
747,831,863
747,819,919
747,905,933
714,747,980
748,759,768
748,883,993
749,901,913
750,760,880
729,750,797
750,868,996
750,901,945
684,751,812
672,751,881
751,884,919
752,755,854
735,753,998
750,753,811
754,810,842
737,754,815
754,845,918
755,947,981
683,758,785
758,778,838
704,760,903
680,761,923
755,762,891
762,905,907
762,934,940
744,763,990
683,764,879
764,852,892
764,806,882
765,847,902
719,767,804
767,826,959
768,793,913
718,769,776
755,769,799
719,769,778
741,770,902
751,771,823
712,772,804
685,706,773
773,815,848
729,775,914
700,766,776
705,777,878
691,778,864
703,723,778
699,721,779
743,779,831
693,779,959
680,780,866
712,780,874
780,806,864
741,780,868
668,780,954
780,820,967
681,744,781
781,785,843
741,749,782
754,783,903
783,879,952
784,805,822
760,785,787
783,785,945
785,850,870
678,785,966
785,982,997
773,785,786
768,786,959
696,787,974
787,789,912
749,788,979
788,954,963
738,789,990
690,766,790
706,790,843
791,802,956
697,791,981
791,962,984
742,792,910
699,793,973
739,793,795
786,793,892
793,922,955
770,794,834
750,783,795
671,792,795
796,861,941
798,807,931
798,853,865
715,798,901
763,786,799
731,799,970
707,717,800
800,802,916
800,883,917
706,761,801
672,710,801
734,778,802
743,802,820
782,803,864
733,803,987
804,880,971
804,916,954
685,805,919
805,883,892
676,806,808
715,806,821
806,934,985
807,870,926
721,808,893
808,850,867
809,861,999
787,794,812
812,891,963
795,813,853
813,869,894
683,815,918
816,838,865
816,951,987
817,889,997
818,826,863
719,819,944
819,907,965
820,875,903
727,820,908
788,821,824
780,822,855
822,871,968
823,856,883
823,906,940
685,824,920
747,824,936
795,824,959
753,783,825
732,765,827
827,889,938
708,763,828
828,946,977
684,748,829
765,830,904
759,830,896
682,831,851
716,833,890
783,833,929
795,834,934
715,835,943
781,836,975
738,836,930
677,692,837
824,838,983
738,839,943
771,839,952
716,729,840
786,840,916
736,840,940
726,739,841
742,824,841
841,906,971
696,841,908
841,899,1000
678,684,842
786,842,976
823,842,885
755,842,860
705,808,843
732,843,913
843,924,950
799,844,859
740,844,845
835,845,872
788,845,969
791,818,846
720,726,847
847,853,994
668,730,848
743,804,848
848,869,886
848,934,990
689,730,849
730,762,849
690,813,850
722,771,851
792,851,894
851,901,965
808,851,1000
673,853,894
712,803,854
802,854,998
781,855,875
715,855,984
835,856,953
856,889,908
732,857,980
837,857,866
781,792,859
859,876,911
670,859,934
860,861,921
860,894,949
675,862,943
715,841,862
690,820,863
849,863,968
690,788,864
794,864,909
864,879,924
813,866,873
851,866,973
866,971,975
866,942,987
781,867,987
685,806,868
814,858,868
867,868,899
693,861,869
834,869,892
758,851,869
761,872,948
763,872,875
827,872,904
732,872,941
721,744,873
779,873,901
757,874,880
706,875,999
755,875,951
756,845,875
767,875,881
701,805,877
755,877,944
836,877,965
704,859,878
772,818,879
745,879,947
880,947,949
715,880,966
880,960,967
688,696,881
719,881,936
819,881,926
678,883,995
698,738,883
747,781,883
782,849,883
711,840,884
851,886,926
681,886,962
887,978,983
812,879,888
685,703,889
889,898,943
889,900,956
835,890,991
697,890,944
738,890,949
690,891,954
668,869,891
683,891,922
726,892,896
835,893,986
762,895,928
670,896,932
692,749,896
823,896,902
886,896,897
880,896,998
676,897,955
719,822,897
857,880,898
806,899,945
775,899,974
686,733,900
768,900,925
747,891,901
901,960,976
703,773,902
734,902,929
738,902,937
902,955,978
868,903,949
785,903,954
810,814,904
891,904,914
863,904,986
787,906,992
887,906,993
768,795,908
803,908,930
713,875,909
722,909,942
708,773,910
911,940,968
695,737,912
756,912,914
692,913,993
722,913,948
684,822,914
711,739,915
790,864,915
912,915,959
734,915,934
809,916,921
671,916,922
916,930,997
917,925,967
669,858,918
727,910,918
732,734,918
720,868,918
682,773,919
795,906,919
723,919,986
851,886,921
749,921,957
800,805,922
689,922,928
922,964,994
723,836,923
811,843,924
703,878,924
888,924,949
826,925,951
681,919,925
834,836,926
684,712,928
727,923,928
718,757,928
793,861,929
876,913,929
750,913,930
709,861,931
740,844,931
793,863,931
792,896,931
882,931,985
678,917,932
879,915,932
671,679,933
791,933,954
769,808,934
766,933,935
832,935,965
676,715,936
774,936,955
689,702,937
744,824,937
669,831,937
831,937,972
746,815,938
779,939,973
690,712,940
698,886,940
866,940,964
699,763,941
793,941,987
832,913,941
681,904,941
875,914,942
785,917,943
787,944,958
769,770,945
702,864,945
946,974,985
726,784,947
771,848,947
701,778,949
723,905,949
760,920,949
684,882,951
756,797,951
801,953,993
826,940,953
744,782,955
847,852,955
945,956,993
779,957,958
785,807,958
715,825,958
768,899,958
672,944,958
841,899,959
886,960,990
847,869,961
875,920,961
693,961,973
702,714,962
865,909,962
712,962,992
715,816,963
814,963,971
763,964,991
709,905,964
909,917,964
718,925,964
737,849,966
801,857,967
668,673,969
795,890,969
815,920,969
939,963,969
812,907,970
798,836,970
720,769,971
709,881,971
903,958,971
861,929,971
678,972,975
687,864,973
698,941,974
697,747,974
796,817,974
921,933,974
757,783,975
683,926,976
784,952,976
825,900,976
688,784,977
884,923,977
789,882,980
868,933,981
855,915,982
739,815,983
786,971,983
746,956,983
677,983,984
906,983,985
915,985,992
697,749,986
821,976,986
675,693,987
685,726,987
703,798,987
728,946,987
790,979,988
775,974,988
668,879,989
711,732,989
749,813,989
720,971,991
675,767,992
875,887,992
753,987,992
811,993,1000
724,935,993
866,954,993
693,729,994
840,979,994
737,776,995
669,941,996
695,756,996
855,866,996
724,920,996
698,925,996
722,745,997
669,952,999
799,801,999
696,928,999
679,986,999
777,994,1000
824,837,927
