1,93,220
1,100,232
2,119,128
2,126,206
3,38,104
3,155,157
3,183,211
4,57,189
4,140,191
6,138,197
6,9,178
7,13,241
7,167,204
7,195,200
8,67,116
8,225,231
4,10,150
10,130,147
11,99,101
12,36,242
12,76,199
3,13,30
13,28,106
13,111,134
13,43,156
13,76,241
14,94,169
15,172,235
15,44,177
16,18,228
17,67,198
17,76,133
17,88,168
17,54,236
17,47,248
19,195,243
20,34,96
20,67,142
20,22,27
22,88,170
22,110,197
22,67,183
4,23,120
23,54,144
23,182,237
24,80,215
24,49,120
25,52,135
25,162,198
25,151,215
25,201,248
26,227,231
8,27,115
27,198,237
29,85,93
15,29,107
29,127,192
11,29,146
29,46,250
30,172,179
33,115,236
33,150,176
33,43,222
21,33,247
34,170,172
35,135,173
35,181,197
35,199,227
36,130,245
37,96,166
23,37,112
37,124,231
38,54,195
40,43,69
40,123,249
40,135,174
17,40,162
40,178,232
40,119,236
41,51,181
41,179,217
8,42,183
42,165,208
44,92,164
44,63,119
45,119,131
5,46,121
46,164,228
25,46,216
47,204,249
48,83,91
46,51,229
51,98,232
52,75,102
53,156,163
1,53,227
7,54,111
54,142,155
54,121,214
31,55,81
55,100,216
55,117,164
55,161,193
56,92,129
6,56,177
57,152,200
57,85,153
37,59,219
60,115,150
61,88,109
61,125,231
61,175,201
37,62,210
63,95,176
63,175,215
22,64,70
49,64,131
46,64,205
64,104,229
23,65,183
65,123,163
24,66,180
66,115,163
67,219,220
68,190,208
69,115,121
14,26,70
27,70,187
13,71,110
17,71,106
52,71,208
71,81,85
71,123,129
13,71,195
71,206,241
8,72,124
72,104,130
73,209,229
59,69,74
23,75,209
53,76,227
76,89,148
76,181,228
49,77,101
77,137,166
77,213,226
78,203,240
78,190,245
65,79,122
41,80,109
64,80,116
81,103,106
81,97,146
70,82,128
7,83,243
83,158,210
83,152,234
39,84,115
84,118,178
84,183,208
84,141,234
74,85,210
85,178,237
81,86,116
86,124,192
30,87,97
87,98,191
33,87,137
28,88,222
88,90,112
67,88,224
89,107,225
89,202,243
20,68,92
47,92,118
46,92,122
7,46,93
63,86,93
56,93,199
29,94,166
94,179,240
96,99,246
97,161,185
97,161,219
97,98,134
58,98,120
98,189,191
98,167,219
33,99,168
78,99,174
57,99,212
101,192,215
77,102,121
102,166,214
67,73,103
102,104,193
42,61,105
17,105,141
22,106,110
54,106,210
52,106,145
101,106,188
8,107,205
107,156,181
107,148,215
33,108,157
15,110,234
21,46,110
106,110,157
43,110,142
104,110,230
48,111,151
17,113,236
113,150,250
42,55,114
114,132,245
91,115,138
46,115,145
73,116,154
116,146,247
16,79,118
62,95,118
118,186,240
19,81,120
86,121,196
44,122,188
41,123,167
3,98,124
113,124,201
119,124,215
93,124,126
124,157,229
31,124,213
119,124,236
61,124,245
20,127,168
66,128,225
118,128,208
36,130,241
107,130,228
44,130,131
6,131,229
121,132,151
133,223,248
15,134,143
42,75,134
128,134,144
57,113,136
109,136,230
32,137,215
40,47,138
79,138,172
140,215,238
3,63,142
25,58,143
77,143,147
4,5,144
9,21,144
125,144,180
47,146,213
146,165,239
149,204,242
43,149,210
112,149,249
149,150,232
136,151,180
62,72,152
54,152,212
152,206,230
101,134,153
70,154,198
154,206,208
24,150,155
72,119,156
124,154,157
131,157,230
61,64,159
124,159,236
12,159,192
1,161,169
161,167,198
161,230,231
48,161,244
49,162,166
100,137,162
101,117,163
78,119,165
39,166,247
2,44,167
62,167,208
70,100,167
56,167,216
5,39,168
86,133,169
49,132,170
37,60,171
142,171,243
5,171,224
70,106,172
64,172,189
15,173,207
20,133,173
128,173,199
98,153,173
53,104,175
142,175,185
15,176,213
18,82,176
24,75,177
151,153,177
41,159,177
37,177,219
43,126,178
171,179,227
81,105,181
46,182,229
1,74,183
141,186,193
31,53,187
11,175,188
188,233,236
79,162,190
34,66,192
134,152,193
141,168,194
169,171,194
104,173,195
29,164,196
56,105,196
17,97,196
107,133,197
69,163,197
188,197,227
97,178,198
33,198,243
148,199,218
122,164,200
12,70,201
93,102,201
108,201,204
39,147,202
3,203,233
38,160,203
59,203,216
203,227,228
70,204,222
38,204,236
85,205,228
78,157,206
41,206,214
29,191,207
78,126,207
83,160,209
108,209,241
19,205,211
16,46,211
74,204,211
85,195,211
120,142,211
17,146,212
9,77,213
84,123,213
186,213,224
70,165,214
7,125,214
95,132,215
197,215,239
74,97,216
46,192,216
79,217,233
35,217,238
39,84,218
64,168,218
82,207,218
47,215,218
218,243,248
216,218,246
216,219,221
74,116,220
131,206,220
24,47,221
76,216,221
34,223,238
137,179,223
180,199,223
82,110,224
49,84,224
50,209,224
61,126,225
154,200,225
10,120,226
101,190,226
113,188,227
71,121,227
126,174,227
60,187,227
94,114,228
151,161,228
123,155,229
30,182,230
115,183,230
100,230,242
137,144,231
53,141,231
136,191,232
113,204,232
155,234,242
66,235,237
171,203,236
204,211,236
42,236,249
18,199,237
164,185,238
102,178,239
49,224,239
8,22,240
49,185,240
27,158,241
12,214,241
31,94,242
74,181,242
68,187,243
115,174,244
215,235,244
89,188,245
120,174,245
181,237,245
11,185,246
19,31,246
6,27,247
69,215,248
29,199,248
143,224,249
55,244,250
11,133,250
26,117,483
38,71,499
136,182,253
73,143,435
39,155,414
137,166,576
98,144,624
22,52,927
110,224,863
137,188,802
154,233,983
121,239,808
85,139,414
164,227,420
105,235,403
3,442,471
105,357,381
131,274,440
133,304,469
154,367,381
180,425,499
205,353,364
221,262,483
36,409,539
53,344,558
62,353,660
69,488,731
77,415,508
75,376,975
135,329,933
144,265,779
210,335,979
95,319,680
114,482,648
138,510,599
227,615,620
78,565,987
87,695,925
207,676,799
20,189,790
25,46,932
36,198,760
7,188,860
36,206,810
204,236,792
137,740,756
159,666,754
89,910,914
193,943,947
216,781,782
7,242,437
69,275,336
160,325,361
123,426,448
97,387,476
21,260,518
182,283,658
25,352,726
73,407,586
159,464,746
27,475,608
96,316,966
23,364,873
87,427,985
138,466,848
49,318,326
230,346,487
47,411,431
224,430,469
204,467,493
251,310,406
251,282,414
251,418,481
251,419,496
253,357,464
253,320,384
253,390,393
253,407,468
253,351,454
254,258,446
254,304,354
254,296,381
254,288,414
255,259,435
253,255,466
257,293,345
257,306,432
257,345,431
258,335,415
258,362,442
259,279,391
259,342,349
259,390,485
260,314,449
261,369,440
263,307,342
264,401,417
266,288,295
267,304,372
267,346,397
267,413,488
269,306,447
270,294,323
262,263,271
271,378,418
271,397,462
272,280,417
272,375,422
272,385,429
273,337,460
273,335,382
254,273,483
266,274,292
274,407,492
274,453,492
275,333,381
275,315,401
275,402,413
275,320,477
275,479,485
273,276,298
276,298,490
276,314,347
276,494,495
276,460,496
277,317,377
277,291,474
278,427,461
278,488,495
279,389,463
279,360,441
280,362,402
281,297,372
282,379,497
284,344,404
284,380,456
284,387,472
285,343,493
286,345,455
286,338,492
288,337,471
288,397,420
275,286,289
289,365,473
289,379,401
289,317,400
289,395,411
289,420,473
276,289,494
290,339,397
292,294,369
293,358,360
268,293,450
293,408,471
294,337,455
297,300,363
276,298,328
292,298,366
299,371,418
287,300,345
268,301,489
301,337,416
301,360,362
276,302,323
266,302,394
280,302,482
303,344,361
303,419,471
303,351,448
304,409,491
256,305,464
268,306,329
306,392,421
270,306,454
306,320,454
307,462,475
301,308,377
308,432,438
309,314,486
310,325,436
310,356,460
310,372,457
310,375,475
264,311,408
311,455,488
252,261,313
262,313,376
313,405,445
314,356,452
314,354,379
314,393,426
276,315,399
315,448,462
315,341,490
251,315,500
252,306,317
279,317,351
314,317,400
260,318,342
318,429,463
318,435,484
319,326,459
319,496,498
294,320,384
321,324,348
315,321,425
317,322,414
271,322,402
293,322,472
259,284,323
323,325,400
323,416,485
323,441,459
323,350,451
313,324,350
257,324,357
324,460,473
325,400,492
325,326,460
251,325,468
301,325,498
294,326,422
281,327,377
268,327,413
327,380,461
327,464,481
328,334,498
268,329,496
294,329,385
259,315,330
306,330,464
330,365,470
314,332,340
332,367,474
270,276,333
334,426,483
336,444,493
335,338,375
338,394,475
270,297,339
339,409,455
339,435,487
340,343,396
340,356,438
326,341,387
341,414,494
305,342,376
343,373,387
344,431,482
251,345,462
271,345,355
345,378,464
345,410,430
283,345,451
331,346,363
346,378,399
346,402,417
271,308,348
295,349,427
335,349,385
349,383,472
350,367,420
267,350,394
350,424,464
327,351,362
351,476,483
282,324,353
353,357,394
354,450,454
285,348,355
350,355,415
355,425,434
291,318,357
357,396,419
358,374,417
358,369,489
267,289,359
359,459,494
257,349,360
261,337,360
308,360,381
327,360,378
258,292,361
314,361,437
325,347,361
256,314,363
283,363,409
331,363,483
264,269,364
325,360,364
279,356,364
364,459,482
343,365,375
354,355,365
366,440,470
305,367,478
260,367,482
367,406,494
260,369,406
264,339,369
319,369,448
277,369,464
369,477,497
371,416,496
331,374,389
294,333,375
304,305,375
336,375,418
343,375,468
375,402,489
278,376,403
299,377,430
279,378,417
285,349,378
315,378,428
378,417,422
302,357,379
252,362,379
295,379,490
283,380,456
324,381,475
370,381,406
381,406,437
279,382,464
382,457,471
276,355,383
384,410,477
378,384,435
366,384,439
254,384,464
355,387,408
356,387,459
282,388,447
299,315,388
388,394,404
389,395,499
259,280,390
265,390,495
365,390,498
272,295,392
296,386,392
337,392,497
259,342,392
255,274,395
324,389,395
313,396,487
372,397,489
397,407,415
314,398,434
264,400,430
293,401,456
323,401,433
305,393,401
335,356,402
397,402,406
269,403,439
403,489,493
302,404,406
273,370,407
361,366,407
407,410,447
278,407,449
362,407,497
264,346,408
284,303,408
314,350,408
356,408,436
404,410,417
391,411,423
314,354,412
254,414,426
282,313,415
284,404,415
344,416,500
268,417,452
310,322,417
266,332,417
352,413,417
324,417,490
287,418,466
257,310,418
305,322,419
255,295,420
299,355,420
267,289,421
267,356,422
308,406,422
424,451,479
296,344,425
267,348,427
399,427,462
280,424,428
273,328,429
255,366,430
342,430,470
272,314,431
324,422,431
431,432,445
431,434,453
367,432,485
292,318,434
354,434,435
302,408,435
367,435,455
281,292,436
281,331,436
358,436,448
303,392,437
301,368,437
420,437,500
385,438,499
438,457,480
292,330,439
310,350,439
291,400,440
273,437,441
382,440,441
441,457,467
269,441,494
253,383,442
259,275,442
360,388,442
396,427,442
281,442,489
319,392,443
296,373,443
281,359,444
301,444,500
413,426,444
355,441,445
262,317,448
278,379,448
331,449,483
291,338,449
314,450,464
382,450,474
437,450,476
317,367,451
328,432,451
362,451,482
287,408,452
370,417,453
252,313,454
269,454,458
421,454,477
278,416,455
306,380,455
286,297,456
319,374,456
284,457,472
357,428,458
273,455,458
272,301,459
271,365,459
253,286,460
285,461,479
393,394,461
344,396,461
339,461,468
294,429,462
274,296,462
312,462,494
272,313,462
319,418,462
375,432,462
290,313,463
354,433,463
251,256,464
279,280,464
305,365,465
344,412,465
357,436,465
295,444,466
345,366,466
271,438,467
276,362,468
368,391,468
426,458,468
316,404,469
283,408,469
376,443,469
410,469,476
252,455,470
412,424,470
373,383,471
435,436,471
274,380,472
353,430,472
281,317,473
432,473,475
265,311,474
391,407,474
270,446,474
283,371,476
280,378,476
345,454,477
279,448,477
387,459,477
399,468,478
315,355,479
317,357,479
300,371,479
414,458,479
346,363,481
304,416,481
357,396,482
321,344,483
281,331,483
386,397,483
260,281,484
312,394,485
281,379,486
301,448,486
379,467,486
329,374,487
395,443,487
384,409,488
451,465,488
252,322,489
386,425,489
279,359,490
355,468,490
317,490,496
453,491,493
254,404,493
333,418,493
342,409,493
393,487,495
413,489,495
316,419,495
254,279,496
258,411,496
290,307,496
318,391,496
463,496,497
353,405,497
406,424,497
357,452,498
313,404,498
252,474,499
307,368,499
315,482,499
267,416,500
393,404,500
363,475,672
286,353,868
286,364,927
319,325,955
395,473,812
403,457,794
181,342,530
188,363,715
271,328,661
286,341,530
422,463,584
259,709,713
454,655,732
466,546,681
370,703,825
425,634,843
480,740,883
483,675,918
164,310,798
88,354,870
121,441,938
184,443,770
260,500,814
292,371,849
257,299,769
323,378,784
430,444,971
265,746,870
269,554,786
283,574,963
344,722,874
358,647,947
382,739,941
432,589,939
360,875,884
387,822,871
32,42,545
74,196,561
44,50,594
113,224,631
53,70,735
56,692,735
132,545,987
3,611,883
47,732,753
236,251,560
221,280,577
167,319,609
299,432,556
274,496,684
267,486,696
316,494,706
333,524,657
496,552,560
352,568,743
449,665,729
329,523,760
375,526,864
406,638,884
446,681,907
294,728,855
238,522,728
195,613,677
271,542,565
444,568,709
318,597,691
333,623,694
329,623,698
291,733,736
502,516,560
503,511,562
503,569,612
503,638,697
503,648,701
504,527,546
504,559,691
504,565,743
504,576,677
504,535,606
504,624,722
505,509,601
505,710,729
505,724,726
506,640,651
506,577,654
507,570,622
505,508,532
508,559,656
506,509,635
509,646,729
510,603,664
510,619,681
510,586,691
511,633,699
512,562,739
512,576,683
512,608,709
513,516,742
513,568,641
513,548,674
513,711,743
514,671,710
514,728,742
515,598,727
515,615,636
515,518,672
516,523,684
516,690,722
503,517,548
514,517,633
503,518,610
518,560,614
519,548,693
520,538,563
520,547,625
517,521,587
522,542,745
522,611,666
507,523,564
523,642,677
523,589,743
524,547,732
524,533,580
525,552,741
526,624,690
526,556,691
528,625,727
528,683,734
529,546,611
529,646,697
508,510,530
523,531,669
516,532,650
532,587,703
532,578,714
532,647,746
529,535,584
536,581,729
537,571,744
534,537,649
537,629,718
537,718,736
501,538,703
503,538,577
538,632,655
510,539,665
511,539,637
539,560,735
534,540,707
540,571,720
537,541,580
514,542,733
542,604,661
542,629,737
543,546,666
514,543,670
543,710,749
544,548,575
544,551,712
544,573,704
545,586,701
546,651,722
546,673,713
546,729,742
546,564,746
547,606,611
548,599,690
550,556,745
550,593,620
551,687,689
551,700,748
552,578,583
542,552,620
544,552,628
525,553,578
533,553,679
553,685,718
554,574,690
521,536,556
545,557,690
555,557,643
557,588,591
558,561,566
560,635,662
503,560,698
549,561,605
559,560,562
533,563,682
563,637,694
536,564,615
503,545,564
564,623,742
564,638,640
564,607,649
505,564,664
510,565,650
565,585,589
565,572,672
567,712,739
567,649,720
568,667,732
564,569,676
569,617,662
569,650,747
569,717,735
547,570,737
568,570,574
570,600,635
570,648,691
570,618,713
572,575,659
572,666,678
574,669,725
575,675,681
510,577,675
577,694,738
578,598,701
546,578,689
578,589,722
509,524,579
534,579,663
579,633,657
579,652,682
570,579,702
511,581,736
581,616,672
582,681,703
534,583,721
583,695,701
583,719,725
520,575,584
576,585,680
585,595,624
585,713,718
508,588,593
588,654,690
573,589,667
578,591,618
501,592,601
519,593,646
543,593,670
534,594,696
594,702,712
595,610,642
595,657,717
596,611,612
595,596,652
596,661,686
584,598,746
599,665,748
565,601,615
601,709,727
508,602,603
514,602,643
602,686,698
535,602,704
503,507,603
578,603,722
579,603,670
536,603,641
521,604,727
604,670,686
606,648,654
606,647,656
606,695,749
561,581,607
599,607,690
571,607,637
604,607,743
607,672,749
515,608,619
608,609,745
506,610,738
572,611,739
611,677,715
531,612,679
550,614,669
570,593,614
598,614,693
614,650,689
557,614,664
614,621,683
517,614,744
514,584,615
615,635,726
515,574,616
616,632,731
617,643,725
572,618,749
594,618,630
618,663,704
618,704,746
518,619,648
624,680,719
625,637,645
567,588,626
619,626,649
530,562,627
588,590,627
545,628,716
538,628,651
631,710,746
511,549,632
525,569,632
558,590,632
608,632,700
584,633,673
574,587,633
633,669,714
604,634,653
635,678,735
602,637,639
526,637,665
622,637,729
512,638,687
570,638,665
625,638,661
551,639,663
639,705,750
642,643,719
527,532,643
526,644,682
531,645,722
545,641,645
509,556,645
601,634,645
544,556,646
515,646,661
539,558,647
604,648,743
554,649,681
650,659,699
633,650,703
647,651,653
535,547,652
580,652,729
538,653,698
618,643,653
650,653,655
525,656,706
656,701,745
566,657,734
575,643,657
518,657,670
519,593,659
656,659,704
532,646,660
535,625,660
520,539,661
562,661,729
591,626,662
664,675,729
510,666,701
631,640,666
610,666,716
559,652,668
588,667,668
668,730,748
552,578,669
563,633,671
549,599,671
592,644,671
562,672,678
504,667,672
672,708,731
521,672,734
649,673,677
582,653,674
567,589,674
564,607,674
674,677,749
612,641,675
638,675,741
530,675,747
515,677,719
514,599,677
571,659,677
677,704,707
579,607,679
606,650,679
505,511,680
660,680,715
502,665,680
548,681,726
523,682,736
534,682,744
501,632,683
597,640,683
563,683,707
581,650,684
595,684,737
507,650,685
579,622,686
578,680,686
653,687,696
605,653,688
583,675,688
539,666,690
582,690,747
545,691,728
571,670,692
547,637,692
517,653,693
662,683,693
642,694,745
504,694,746
689,693,695
540,695,731
672,692,696
602,608,697
675,699,719
584,699,734
701,704,723
566,615,702
661,675,702
578,628,703
649,703,749
539,704,731
557,665,704
562,668,705
616,660,707
590,686,708
525,709,745
598,654,709
623,701,709
561,630,709
506,710,714
533,688,710
509,659,710
546,666,711
576,685,712
567,596,712
616,712,747
557,713,728
588,649,713
649,698,713
588,714,735
617,671,714
556,704,714
679,710,715
541,644,716
520,606,717
610,646,717
650,717,733
586,679,718
595,620,718
594,625,718
528,570,719
596,652,720
620,637,720
642,691,720
553,594,721
613,657,721
621,650,721
616,645,721
712,721,723
534,721,737
693,721,749
535,702,722
581,625,723
621,661,723
663,723,730
621,723,748
544,590,724
534,658,724
657,704,724
548,580,726
545,697,727
653,681,729
686,730,741
680,731,744
600,733,736
652,672,733
501,733,750
529,609,734
513,528,737
503,604,737
640,715,738
622,670,741
570,654,741
565,667,741
531,625,743
583,589,743
731,744,745
570,735,745
590,636,745
574,710,745
662,711,745
529,592,746
528,569,747
537,731,747
585,705,747
540,734,748
541,657,748
686,737,748
530,606,750
549,669,750
540,571,764
547,662,937
518,639,937
525,720,959
603,750,756
38,552,841
114,639,828
38,675,826
103,716,941
49,745,878
282,611,967
539,749,937
653,664,888
674,866,923
703,891,978
18,75,827
69,250,881
162,349,791
237,446,796
49,295,804
161,270,816
40,408,913
76,493,916
128,644,820
1,717,986
193,770,775
82,757,804
40,338,752
114,413,841
170,367,864
210,320,870
26,303,889
70,400,938
214,443,985
262,342,824
316,496,839
385,400,868
454,487,899
266,414,929
382,543,752
405,717,835
353,744,963
274,666,994
478,752,822
260,753,795
405,858,956
107,700,789
343,698,975
545,581,812
527,621,826
525,602,982
543,596,993
532,763,832
526,813,907
199,814,832
144,826,931
130,887,987
403,760,820
350,909,946
641,841,895
565,940,974
752,906,954
753,881,975
755,760,916
755,819,869
755,877,965
756,767,888
756,904,919
757,814,883
757,854,990
757,878,927
757,846,948
757,771,994
758,807,923
758,817,918
758,838,852
758,891,972
759,893,942
760,900,916
760,865,993
761,946,947
762,898,922
762,774,916
762,902,965
763,799,801
763,824,965
763,779,914
764,781,793
764,845,872
764,827,914
765,881,929
766,790,835
766,870,875
767,840,843
769,775,889
769,793,965
769,796,919
759,769,864
770,802,829
770,858,868
770,971,975
768,771,979
771,925,943
772,884,957
772,831,891
773,786,999
775,893,943
775,927,934
775,962,998
776,874,936
777,812,996
777,883,967
777,943,983
778,809,815
757,778,812
779,826,994
779,890,917
780,859,919
761,781,847
781,874,929
781,788,956
781,782,926
778,782,935
771,783,925
753,783,879
783,851,963
784,912,933
773,785,799
785,813,907
752,767,787
789,840,911
789,912,990
790,831,881
790,911,973
776,792,923
766,793,881
791,793,945
794,975,992
758,795,846
763,796,947
778,796,946
797,896,996
797,841,900
798,808,879
753,799,855
799,824,867
800,872,965
800,809,915
776,800,973
769,778,801
801,804,939
792,802,829
803,840,998
790,804,865
804,869,977
805,836,927
805,891,956
763,807,972
807,860,925
786,807,949
810,846,976
810,875,993
768,811,837
811,876,906
759,812,880
757,813,853
813,842,867
813,919,937
815,900,923
768,816,889
816,867,940
816,874,877
816,835,946
816,916,998
817,862,863
817,827,960
817,938,962
818,834,921
818,835,889
806,818,904
818,834,916
818,908,992
769,819,966
753,797,819
779,819,929
794,820,833
820,841,955
820,962,995
779,821,923
769,822,872
822,868,915
753,823,904
789,823,932
793,824,881
773,824,886
824,941,967
762,798,825
825,827,875
825,896,898
825,928,952
826,839,987
800,827,953
789,827,969
784,800,828
798,828,873
829,874,937
830,845,900
831,861,862
768,778,832
832,848,947
832,938,985
789,833,935
833,839,906
833,890,998
755,834,850
809,835,944
756,836,953
799,820,836
786,837,996
807,837,955
838,848,898
756,838,878
839,896,974
801,840,853
840,897,930
840,912,993
842,857,938
842,957,966
805,843,953
817,843,901
791,814,844
844,914,926
844,932,993
755,844,996
794,840,845
845,944,949
776,845,957
848,881,885
848,882,965
826,848,987
764,849,882
837,849,865
849,891,925
796,850,963
831,851,905
851,867,962
838,851,868
851,960,966
821,828,853
853,861,916
853,921,943
790,854,935
855,901,957
817,856,996
758,840,857
759,857,912
775,799,857
822,857,906
857,963,975
786,797,859
754,830,859
752,859,862
859,877,912
860,898,902
764,862,905
862,954,986
863,991,999
849,864,919
772,805,865
865,963,990
865,901,973
751,866,881
793,866,961
866,964,993
770,831,867
853,867,902
867,936,941
868,869,919
842,869,983
758,871,934
756,871,990
767,798,872
851,853,872
810,872,908
779,872,983
860,872,991
793,849,873
850,874,889
831,875,911
875,955,959
773,876,964
851,876,916
781,877,903
877,892,951
877,911,995
768,878,995
769,878,919
878,949,990
795,879,925
879,926,928
821,880,967
799,879,880
880,881,949
771,796,882
809,870,882
795,837,884
882,884,895
884,925,981
881,884,988
885,921,974
765,887,894
887,949,958
806,871,888
765,888,954
820,889,893
889,917,944
780,890,982
824,891,996
860,891,988
876,891,941
781,852,892
864,892,910
825,871,892
873,893,895
824,893,921
855,893,964
803,893,969
818,887,894
894,916,927
761,895,937
895,902,991
764,797,897
837,875,897
755,898,994
850,898,907
795,898,900
779,851,899
781,900,927
807,855,900
815,846,900
766,833,901
834,901,923
901,959,969
768,902,981
903,921,989
850,903,955
832,904,979
790,905,997
869,905,944
906,910,969
906,933,956
791,906,973
799,845,907
865,894,907
884,907,984
783,908,993
762,882,908
806,836,909
751,909,946
910,940,993
826,838,911
875,899,911
827,912,919
886,912,951
812,912,918
853,912,982
831,837,913
909,913,967
831,915,945
868,915,926
756,875,915
804,822,916
852,872,916
902,916,942
841,916,971
774,809,917
792,917,1000
777,919,985
919,928,962
911,920,1000
823,920,982
819,883,922
873,922,995
873,907,922
816,849,924
865,924,965
832,893,924
830,926,930
807,914,926
888,911,928
764,812,929
862,912,930
794,930,939
794,889,932
879,933,934
883,933,963
827,913,933
824,933,968
751,863,934
844,934,965
779,936,967
936,964,974
763,937,938
809,937,943
767,931,937
774,938,950
816,889,938
827,890,938
849,863,939
779,939,954
865,939,963
939,968,992
823,923,941
770,868,942
762,944,971
857,884,944
858,872,944
868,944,964
774,867,945
884,913,945
831,929,946
914,935,946
902,931,946
918,946,950
822,947,981
895,948,980
770,829,949
777,806,949
808,858,949
881,944,949
829,950,963
752,951,999
827,951,986
807,858,951
753,826,952
927,944,952
790,819,955
874,942,956
840,906,957
772,922,958
807,958,972
860,933,958
806,950,959
912,947,960
836,954,960
770,899,961
798,939,961
909,961,962
781,961,970
803,962,965
913,914,962
795,865,963
860,931,963
923,951,963
944,963,998
761,902,964
822,965,984
765,849,967
854,955,967
924,928,967
795,915,968
886,968,998
850,901,968
774,968,981
916,949,969
762,970,990
930,970,998
970,989,994
818,936,971
866,906,971
819,870,971
944,966,971
921,943,973
769,827,974
812,863,974
895,952,974
805,906,974
822,909,975
772,926,975
915,919,976
943,976,992
753,979,987
760,843,980
820,883,980
834,845,981
753,853,981
878,943,982
830,838,983
786,944,983
878,936,984
771,824,985
794,956,985
770,831,986
851,880,986
816,843,987
882,954,987
824,957,988
963,984,988
823,934,989
764,990,996
808,924,990
765,950,991
790,856,991
839,932,991
869,873,992
779,964,992
840,905,994
834,898,995
793,908,996
827,860,996
947,954,996
933,950,997
851,983,998
771,904,998
752,960,999
909,927,999
