1,340 : 0.10000000000000009
1,442 : 0.10000000000000009
5,329 : 0.20000000000000018
5,435 : 0.10000000000000009
329,815 : 0.10000000000000009
7,778 : 0.10000000000000009
45,778 : 0.9333333333333336
9,515 : 0.10000000000000009
9,893 : 0.10000000000000009
12,910 : 0.10000000000000009
623,910 : 0.10000000000000009
20,224 : 0.10000000000000009
20,790 : 0.10000000000000009
224,857 : 0.10000000000000009
22,73 : 0.10000000000000009
73,248 : 0.10000000000000009
24,339 : 0.10000000000000009
24,814 : 0.20000000000000018
541,814 : 0.10000000000000009
33,63 : 1.15
63,100 : 1.15
63,273 : 1.15
34,913 : 0.10000000000000009
672,913 : 0.9333333333333336
38,244 : 0.10000000000000009
244,809 : 0.10000000000000009
41,615 : 0.10000000000000009
84,615 : 0.20000000000000018
45,817 : 0.9916666666666667
45,896 : 0.9916666666666667
54,444 : 0.8333333333333336
54,505 : 0.10000000000000009
338,444 : 0.8333333333333336
444,967 : 0.8333333333333335
55,883 : 2.2
519,883 : 2.2
798,883 : 2.2
864,883 : 2.2
60,484 : 1.15
86,484 : 1.15
484,742 : 1.15
61,490 : 0.10000000000000009
61,995 : 0.10000000000000009
71,546 : 0.10000000000000009
546,794 : -0.375
248,507 : 0.0
80,226 : 0.20000000000000018
80,545 : 0.10000000000000009
226,528 : 0.10000000000000009
81,672 : 0.9916666666666667
330,672 : 0.9916666666666667
84,964 : 0.10000000000000009
87,914 : 0.10000000000000009
170,914 : 0.10000000000000009
94,102 : 0.10000000000000009
94,581 : 0.0
102,422 : 0.10000000000000009
126,581 : 0.10000000000000009
98,272 : 0.10000000000000009
98,712 : 0.20000000000000018
712,954 : 0.10000000000000009
108,381 : 1.15
108,680 : 1.15
108,944 : 1.15
113,591 : 0.8333333333333335
449,591 : 0.8333333333333336
591,976 : -0.058333333333333015
124,797 : 0.10000000000000009
125,797 : 0.10000000000000009
126,940 : 0.10000000000000009
129,857 : 0.10000000000000009
133,456 : 0.10000000000000009
456,773 : 0.20000000000000018
134,485 : 1.15
134,919 : 1.15
134,993 : 1.15
139,466 : 0.10000000000000009
234,466 : 0.10000000000000009
141,206 : 0.20000000000000018
141,429 : 0.10000000000000009
206,691 : 0.10000000000000009
153,397 : 0.10000000000000009
397,924 : 0.20000000000000018
154,342 : 0.9916666666666667
154,511 : 0.5166666666666666
154,891 : 0.9916666666666667
511,623 : -0.3166666666666669
164,371 : 0.10000000000000009
371,716 : 0.10000000000000009
178,267 : 0.10000000000000009
250,267 : 0.10000000000000009
186,212 : 0.10000000000000009
212,439 : 0.20000000000000018
188,439 : 0.10000000000000009
201,266 : 0.10000000000000009
266,636 : 0.10000000000000009
213,566 : 0.10000000000000009
323,566 : 0.10000000000000009
216,787 : 0.10000000000000009
508,787 : 0.10000000000000009
220,480 : 0.10000000000000009
480,831 : 0.20000000000000018
222,263 : 0.10000000000000009
263,783 : 0.20000000000000018
230,699 : 0.10000000000000009
230,707 : 0.10000000000000009
237,892 : 0.10000000000000009
503,892 : 0.20000000000000018
507,811 : 0.0
249,297 : 1.15
297,440 : 1.15
297,908 : 1.15
258,360 : 0.10000000000000009
360,811 : 0.10000000000000009
260,610 : 0.10000000000000009
380,610 : 0.8333333333333335
261,687 : 0.10000000000000009
416,687 : 0.20000000000000018
763,783 : 0.10000000000000009
265,380 : 0.8333333333333335
265,730 : 0.10000000000000009
380,732 : 0.8333333333333335
269,457 : 0.10000000000000009
457,662 : 0.10000000000000009
274,424 : 0.10000000000000009
424,772 : 0.9333333333333336
280,509 : 0.10000000000000009
345,509 : 0.10000000000000009
294,880 : 0.10000000000000009
561,880 : 0.10000000000000009
296,573 : 0.20000000000000018
296,631 : 0.10000000000000009
573,962 : 0.10000000000000009
300,390 : 0.20000000000000018
300,562 : 0.10000000000000009
390,419 : 0.10000000000000009
338,516 : 0.10000000000000009
344,831 : 0.10000000000000009
352,741 : 0.10000000000000009
741,860 : 0.10000000000000009
365,551 : 0.10000000000000009
365,897 : 0.10000000000000009
368,882 : -0.375
368,934 : 0.10000000000000009
668,882 : 0.9500000000000001
370,613 : 0.10000000000000009
613,702 : 0.10000000000000009
373,764 : 0.10000000000000009
569,764 : 0.10000000000000009
385,855 : 0.20000000000000018
385,879 : 0.10000000000000009
606,855 : 0.10000000000000009
391,698 : 0.9916666666666667
595,698 : 0.9916666666666667
698,795 : 0.9333333333333336
673,924 : 0.10000000000000009
416,629 : 0.10000000000000009
650,772 : 0.9916666666666667
670,772 : 0.9916666666666667
430,468 : 0.10000000000000009
430,668 : 1.5250000000000004
668,794 : 0.9500000000000002
668,976 : 0.6333333333333335
449,589 : 0.10000000000000009
454,531 : 0.10000000000000009
454,858 : 0.20000000000000018
858,952 : 0.10000000000000009
773,963 : 0.10000000000000009
459,503 : 0.10000000000000009
462,915 : 0.10000000000000009
915,935 : 0.10000000000000009
501,734 : 0.10000000000000009
720,734 : 0.10000000000000009
537,833 : 0.10000000000000009
537,909 : 0.10000000000000009
582,852 : 0.10000000000000009
582,951 : 0.10000000000000009
795,890 : 0.10000000000000009
11,701 : nan
27,279 : nan
28,888 : nan
40,999 : nan
44,287 : nan
46,586 : nan
47,861 : nan
50,577 : nan
70,200 : nan
79,257 : nan
88,570 : nan
92,754 : nan
93,246 : nan
107,959 : nan
110,666 : nan
143,436 : nan
144,637 : nan
155,290 : nan
156,276 : nan
159,558 : nan
160,245 : nan
163,836 : nan
171,470 : nan
175,774 : nan
180,925 : nan
181,845 : nan
204,550 : nan
215,928 : nan
217,854 : nan
219,974 : nan
221,619 : nan
255,633 : nan
271,603 : nan
284,826 : nan
288,492 : nan
291,678 : nan
298,758 : nan
301,607 : nan
303,598 : nan
310,874 : nan
312,931 : nan
317,602 : nan
325,578 : nan
326,389 : nan
332,622 : nan
341,362 : nan
351,769 : nan
357,862 : nan
377,617 : nan
386,819 : nan
394,808 : nan
400,494 : nan
413,970 : nan
420,870 : nan
421,872 : nan
463,926 : nan
477,781 : nan
487,682 : nan
495,735 : nan
510,812 : nan
512,759 : nan
514,803 : nan
520,894 : nan
526,801 : nan
540,760 : nan
544,718 : nan
571,694 : nan
604,978 : nan
640,823 : nan
659,975 : nan
663,868 : nan
674,726 : nan
737,876 : nan
752,776 : nan
802,948 : nan
807,977 : nan
847,869 : nan
895,901 : nan
43,79,807 : 0.10000000000000009
43,538,807 : 0.10000000000000009
96,174,590 : 0.10000000000000009
96,386,590 : 0.10000000000000009
204,640,915 : 0.10000000000000009
204,802,915 : 0.10000000000000009
337,501,548 : 0.10000000000000009
337,548,586 : 0.10000000000000009
1,426,628 : nan
2,447,917 : nan
3,156,794 : nan
3,553,860 : nan
3,657,717 : nan
4,414,872 : nan
7,137,179 : nan
7,214,248 : nan
9,146,721 : nan
10,644,985 : nan
10,682,703 : nan
11,57,369 : nan
11,591,815 : nan
13,124,476 : nan
13,632,988 : nan
14,379,410 : nan
14,455,806 : nan
15,172,313 : nan
17,24,259 : nan
17,50,522 : nan
17,234,556 : nan
18,654,850 : nan
20,232,928 : nan
20,716,878 : nan
22,363,992 : nan
22,685,830 : nan
23,145,932 : nan
25,416,733 : nan
25,554,959 : nan
25,803,969 : nan
26,37,632 : nan
26,187,598 : nan
26,354,964 : nan
27,603,924 : nan
30,296,619 : nan
32,255,696 : nan
32,271,954 : nan
32,511,513 : nan
32,549,841 : nan
33,339,668 : nan
33,500,750 : nan
35,456,713 : nan
36,830,937 : nan
37,683,740 : nan
38,208,625 : nan
38,512,756 : nan
39,165,487 : nan
39,644,748 : nan
40,176,307 : nan
40,189,968 : nan
40,630,676 : nan
40,863,906 : nan
44,140,152 : nan
44,350,613 : nan
45,359,924 : nan
46,159,300 : nan
46,180,987 : nan
46,381,421 : nan
46,838,846 : nan
48,854,872 : nan
51,129,392 : nan
52,211,974 : nan
53,555,872 : nan
53,568,636 : nan
58,158,256 : nan
58,800,915 : nan
61,108,381 : nan
61,294,357 : nan
63,540,675 : nan
65,583,927 : nan
67,519,567 : nan
68,519,598 : nan
69,146,156 : nan
69,234,911 : nan
70,244,871 : nan
71,230,711 : nan
71,319,416 : nan
71,481,866 : nan
73,218,355 : nan
73,315,883 : nan
73,412,711 : nan
74,772,945 : nan
75,228,867 : nan
76,395,961 : nan
77,475,777 : nan
78,191,484 : nan
78,529,577 : nan
79,239,635 : nan
79,587,959 : nan
81,89,849 : nan
81,186,510 : nan
82,193,474 : nan
82,231,952 : nan
82,614,777 : nan
83,558,872 : nan
85,160,417 : nan
85,526,843 : nan
86,361,905 : nan
86,695,972 : nan
87,321,385 : nan
90,133,653 : nan
90,206,823 : nan
92,447,861 : nan
92,576,926 : nan
92,797,878 : nan
93,100,538 : nan
93,267,314 : nan
94,626,822 : nan
95,357,435 : nan
97,259,659 : nan
97,463,897 : nan
98,797,808 : nan
99,601,685 : nan
100,250,904 : nan
101,104,390 : nan
102,541,835 : nan
102,567,834 : nan
103,137,563 : nan
103,211,261 : nan
104,140,511 : nan
104,162,703 : nan
104,249,740 : nan
104,258,917 : nan
105,481,708 : nan
106,242,562 : nan
107,142,311 : nan
107,358,791 : nan
108,467,843 : nan
110,419,847 : nan
111,204,998 : nan
111,421,727 : nan
112,303,961 : nan
112,310,318 : nan
113,186,901 : nan
114,198,378 : nan
114,288,818 : nan
115,116,799 : nan
116,165,554 : nan
117,198,505 : nan
117,221,401 : nan
117,238,294 : nan
117,461,661 : nan
118,534,963 : nan
119,126,132 : nan
120,279,575 : nan
121,267,793 : nan
121,641,863 : nan
122,461,852 : nan
123,399,770 : nan
123,414,600 : nan
125,166,910 : nan
125,392,522 : nan
128,304,583 : nan
130,362,792 : nan
131,651,988 : nan
131,660,676 : nan
132,191,223 : nan
132,251,605 : nan
134,758,954 : nan
135,258,855 : nan
135,946,951 : nan
136,593,980 : nan
137,176,566 : nan
138,202,320 : nan
138,560,778 : nan
139,804,935 : nan
140,610,709 : nan
141,314,773 : nan
143,158,446 : nan
144,236,450 : nan
144,918,966 : nan
145,512,818 : nan
145,701,887 : nan
146,277,325 : nan
146,626,641 : nan
146,783,816 : nan
148,354,390 : nan
150,404,541 : nan
151,326,595 : nan
153,248,520 : nan
153,582,718 : nan
154,279,926 : nan
156,230,718 : nan
156,391,950 : nan
157,170,321 : nan
157,658,877 : nan
157,756,932 : nan
158,185,907 : nan
159,396,874 : nan
161,240,417 : nan
161,279,923 : nan
163,171,351 : nan
163,291,680 : nan
164,347,969 : nan
165,334,599 : nan
165,777,789 : nan
166,167,990 : nan
171,858,993 : nan
173,580,729 : nan
174,201,337 : nan
174,861,931 : nan
176,260,746 : nan
176,277,902 : nan
177,442,605 : nan
177,705,707 : nan
177,749,868 : nan
178,254,271 : nan
178,427,533 : nan
178,664,869 : nan
179,199,729 : nan
180,334,583 : nan
180,636,809 : nan
181,190,751 : nan
181,240,966 : nan
181,285,714 : nan
181,334,533 : nan
183,522,608 : nan
184,507,882 : nan
185,381,542 : nan
185,446,617 : nan
186,376,555 : nan
187,594,804 : nan
191,578,892 : nan
192,956,982 : nan
193,302,484 : nan
197,313,531 : nan
199,255,786 : nan
200,355,822 : nan
201,205,327 : nan
202,230,328 : nan
202,286,348 : nan
203,688,987 : nan
204,412,883 : nan
204,578,806 : nan
207,228,571 : nan
207,336,772 : nan
207,577,601 : nan
208,520,840 : nan
212,474,503 : nan
214,431,607 : nan
214,637,766 : nan
217,432,577 : nan
218,601,924 : nan
220,318,475 : nan
220,480,695 : nan
221,559,999 : nan
224,386,686 : nan
225,439,504 : nan
226,590,696 : nan
227,263,685 : nan
228,384,721 : nan
228,632,657 : nan
229,437,718 : nan
229,512,994 : nan
229,824,939 : nan
230,840,979 : nan
231,634,861 : nan
232,529,826 : nan
232,639,863 : nan
235,246,780 : nan
236,239,339 : nan
236,596,848 : nan
237,562,875 : nan
238,345,819 : nan
239,263,474 : nan
240,271,287 : nan
240,469,700 : nan
241,658,711 : nan
242,402,465 : nan
242,616,958 : nan
245,291,562 : nan
246,430,791 : nan
246,464,945 : nan
246,486,917 : nan
246,491,907 : nan
250,359,998 : nan
250,468,558 : nan
250,511,909 : nan
250,588,634 : nan
251,288,923 : nan
251,505,606 : nan
251,839,910 : nan
252,535,950 : nan
252,760,979 : nan
253,606,757 : nan
255,477,520 : nan
258,405,484 : nan
258,461,797 : nan
258,679,836 : nan
260,788,847 : nan
261,322,523 : nan
262,550,794 : nan
263,335,435 : nan
264,456,827 : nan
266,412,508 : nan
268,492,521 : nan
271,697,912 : nan
275,316,442 : nan
278,497,555 : nan
281,552,663 : nan
281,717,918 : nan
282,605,758 : nan
285,430,841 : nan
286,364,857 : nan
287,290,597 : nan
287,805,961 : nan
290,292,989 : nan
291,332,349 : nan
291,404,908 : nan
292,534,812 : nan
293,491,563 : nan
293,540,928 : nan
295,517,522 : nan
295,859,972 : nan
296,824,988 : nan
297,396,663 : nan
298,581,794 : nan
299,492,593 : nan
300,714,808 : nan
301,312,482 : nan
301,356,832 : nan
301,670,976 : nan
301,690,975 : nan
302,388,843 : nan
302,499,992 : nan
302,580,784 : nan
304,474,536 : nan
304,482,830 : nan
305,648,974 : nan
306,627,991 : nan
309,343,927 : nan
309,452,772 : nan
310,775,972 : nan
311,474,851 : nan
313,546,772 : nan
315,331,916 : nan
316,474,655 : nan
318,504,596 : nan
323,439,847 : nan
323,625,849 : nan
323,673,996 : nan
325,836,837 : nan
328,584,737 : nan
330,395,551 : nan
333,795,905 : nan
334,556,623 : nan
336,357,639 : nan
336,826,982 : nan
337,365,836 : nan
337,449,664 : nan
338,461,886 : nan
339,483,664 : nan
344,508,774 : nan
347,937,946 : nan
349,352,360 : nan
349,437,690 : nan
350,575,899 : nan
359,563,858 : nan
362,383,869 : nan
362,556,570 : nan
365,575,788 : nan
368,447,574 : nan
370,486,728 : nan
371,427,490 : nan
371,542,749 : nan
374,388,902 : nan
374,818,897 : nan
376,377,638 : nan
377,514,932 : nan
378,491,621 : nan
378,650,914 : nan
381,494,646 : nan
382,586,628 : nan
386,632,927 : nan
387,744,857 : nan
388,468,747 : nan
388,469,697 : nan
389,601,688 : nan
391,699,776 : nan
392,690,907 : nan
394,587,816 : nan
398,559,962 : nan
399,647,917 : nan
400,422,734 : nan
400,493,631 : nan
400,508,517 : nan
402,461,740 : nan
404,715,954 : nan
408,857,930 : nan
410,596,699 : nan
410,857,959 : nan
413,702,709 : nan
414,432,575 : nan
414,690,709 : nan
417,782,907 : nan
418,718,949 : nan
419,468,491 : nan
419,513,725 : nan
422,832,931 : nan
423,521,610 : nan
423,754,843 : nan
426,670,720 : nan
429,477,717 : nan
429,506,592 : nan
431,537,855 : nan
433,829,936 : nan
434,640,670 : nan
438,773,831 : nan
440,560,802 : nan
442,638,649 : nan
443,813,919 : nan
444,921,952 : nan
445,873,904 : nan
447,738,886 : nan
448,459,837 : nan
448,584,871 : nan
448,644,721 : nan
450,561,597 : nan
451,467,812 : nan
452,852,909 : nan
455,750,831 : nan
456,731,781 : nan
456,812,848 : nan
457,571,598 : nan
460,527,717 : nan
463,676,986 : nan
464,533,634 : nan
465,480,509 : nan
465,584,728 : nan
469,848,861 : nan
470,548,831 : nan
472,550,660 : nan
475,593,691 : nan
478,479,841 : nan
478,483,937 : nan
478,513,865 : nan
484,562,577 : nan
487,539,604 : nan
488,495,853 : nan
496,716,881 : nan
505,688,837 : nan
514,573,692 : nan
514,703,704 : nan
517,760,983 : nan
521,536,595 : nan
521,752,958 : nan
525,548,965 : nan
525,961,966 : nan
528,919,971 : nan
532,722,867 : nan
535,693,965 : nan
541,578,642 : nan
549,686,988 : nan
549,921,986 : nan
550,662,923 : nan
553,556,640 : nan
554,617,818 : nan
554,781,802 : nan
557,897,903 : nan
559,585,618 : nan
560,578,887 : nan
569,583,599 : nan
576,645,868 : nan
577,664,962 : nan
578,760,912 : nan
585,611,683 : nan
585,843,930 : nan
586,782,982 : nan
591,607,647 : nan
595,693,874 : nan
604,756,801 : nan
608,630,688 : nan
617,925,992 : nan
620,820,881 : nan
622,940,952 : nan
625,745,917 : nan
638,757,789 : nan
640,975,997 : nan
642,742,795 : nan
652,984,994 : nan
655,893,936 : nan
657,664,687 : nan
666,798,914 : nan
667,699,816 : nan
667,732,945 : nan
669,748,962 : nan
670,717,757 : nan
678,767,957 : nan
681,704,960 : nan
681,810,860 : nan
703,822,839 : nan
705,729,760 : nan
716,840,910 : nan
718,810,850 : nan
722,774,777 : nan
724,764,965 : nan
732,823,939 : nan
740,776,908 : nan
741,747,790 : nan
770,876,921 : nan
797,841,882 : nan
797,917,954 : nan
799,836,994 : nan
838,885,961 : nan
839,856,893 : nan
886,896,986 : nan
892,922,951 : nan
898,943,987 : nan
1,57,790,809 : nan
1,176,756,777 : nan
1,185,590,623 : nan
1,216,291,688 : nan
1,374,503,834 : nan
1,408,697,820 : nan
2,33,170,278 : nan
2,138,200,561 : nan
2,389,894,925 : nan
2,399,510,762 : nan
2,454,671,741 : nan
3,14,191,381 : nan
3,144,369,719 : nan
3,148,341,480 : nan
3,271,292,562 : nan
4,5,244,750 : nan
4,83,191,589 : nan
4,117,126,937 : nan
4,145,515,798 : nan
4,585,825,834 : nan
4,614,817,818 : nan
5,20,68,968 : nan
5,369,763,774 : nan
5,409,551,701 : nan
5,416,509,856 : nan
5,463,505,752 : nan
7,14,506,740 : nan
7,83,307,944 : nan
7,139,145,321 : nan
7,152,417,890 : nan
7,240,807,929 : nan
8,82,354,839 : nan
8,89,260,490 : nan
8,94,252,885 : nan
8,174,238,840 : nan
9,70,293,893 : nan
9,87,434,523 : nan
9,118,346,466 : nan
9,121,429,983 : nan
10,251,434,750 : nan
10,403,563,581 : nan
11,48,112,269 : nan
11,325,377,404 : nan
11,386,684,809 : nan
12,26,73,507 : nan
12,513,620,915 : nan
13,169,683,762 : nan
13,196,560,754 : nan
13,267,344,488 : nan
13,783,873,903 : nan
14,43,241,857 : nan
14,283,436,513 : nan
14,354,408,726 : nan
14,452,719,887 : nan
16,83,189,231 : nan
16,154,723,772 : nan
16,193,674,893 : nan
16,230,676,738 : nan
16,283,378,834 : nan
16,303,540,553 : nan
16,355,408,912 : nan
16,371,729,855 : nan
16,695,726,760 : nan
17,488,655,883 : nan
18,133,136,995 : nan
18,301,337,712 : nan
19,211,228,874 : nan
20,43,429,669 : nan
20,107,286,801 : nan
20,283,338,737 : nan
20,617,859,955 : nan
21,28,441,738 : nan
21,42,463,693 : nan
21,56,225,676 : nan
21,159,613,867 : nan
21,202,306,999 : nan
21,223,552,836 : nan
22,24,197,835 : nan
22,191,389,452 : nan
22,250,665,798 : nan
22,551,905,948 : nan
23,152,295,957 : nan
23,288,670,943 : nan
24,365,500,628 : nan
24,632,639,831 : nan
25,402,602,649 : nan
26,78,180,734 : nan
26,261,334,624 : nan
26,498,510,577 : nan
27,192,260,880 : nan
27,302,394,973 : nan
27,373,386,947 : nan
28,37,277,638 : nan
28,44,176,633 : nan
28,58,152,765 : nan
28,185,391,541 : nan
29,136,422,572 : nan
29,166,885,939 : nan
29,394,424,908 : nan
30,50,82,467 : nan
30,103,198,419 : nan
30,103,258,616 : nan
30,250,553,605 : nan
30,385,656,838 : nan
30,512,832,980 : nan
30,726,782,792 : nan
31,185,213,619 : nan
31,255,767,817 : nan
31,361,545,836 : nan
31,461,613,879 : nan
32,195,298,842 : nan
32,827,849,977 : nan
33,34,246,650 : nan
33,52,176,889 : nan
33,70,103,941 : nan
33,76,461,835 : nan
33,80,408,718 : nan
33,183,281,913 : nan
33,219,932,991 : nan
33,286,287,290 : nan
33,396,778,840 : nan
33,502,732,919 : nan
34,96,546,951 : nan
34,112,157,436 : nan
34,219,285,706 : nan
35,36,75,551 : nan
36,127,369,373 : nan
36,179,317,383 : nan
36,426,784,838 : nan
36,438,588,704 : nan
37,129,378,873 : nan
37,280,392,424 : nan
37,282,730,951 : nan
37,409,648,815 : nan
37,429,677,713 : nan
37,501,598,775 : nan
38,216,507,605 : nan
38,537,797,870 : nan
39,92,554,849 : nan
39,105,533,673 : nan
39,238,346,966 : nan
39,369,831,853 : nan
39,592,913,950 : nan
40,125,331,858 : nan
40,152,293,754 : nan
41,85,463,791 : nan
41,266,943,948 : nan
41,298,303,626 : nan
41,391,574,945 : nan
41,612,718,939 : nan
42,117,700,840 : nan
42,437,491,863 : nan
43,50,262,373 : nan
43,51,394,978 : nan
43,102,169,506 : nan
43,162,695,878 : nan
43,164,184,598 : nan
43,178,602,843 : nan
43,178,697,864 : nan
43,184,595,665 : nan
43,238,626,778 : nan
43,474,521,536 : nan
43,691,836,973 : nan
44,139,349,870 : nan
44,163,484,950 : nan
44,551,717,735 : nan
45,85,99,485 : nan
45,102,405,803 : nan
45,192,475,980 : nan
45,263,469,672 : nan
46,117,630,814 : nan
46,279,528,742 : nan
46,287,326,604 : nan
46,363,670,807 : nan
46,818,879,902 : nan
47,110,238,847 : nan
47,137,682,737 : nan
47,165,368,556 : nan
47,188,466,910 : nan
47,391,508,978 : nan
48,100,369,575 : nan
48,149,203,965 : nan
48,229,924,939 : nan
48,320,372,517 : nan
49,76,337,623 : nan
49,204,681,932 : nan
49,244,316,989 : nan
49,439,663,914 : nan
49,525,761,982 : nan
50,417,790,913 : nan
50,430,598,637 : nan
51,135,768,966 : nan
51,227,351,943 : nan
51,238,804,823 : nan
51,537,863,995 : nan
52,166,542,859 : nan
52,168,373,759 : nan
52,180,531,844 : nan
52,267,529,545 : nan
53,184,453,918 : nan
53,252,846,973 : nan
53,582,680,873 : nan
54,189,443,478 : nan
54,198,439,529 : nan
54,265,831,936 : nan
54,421,844,884 : nan
55,299,471,771 : nan
55,540,678,982 : nan
55,607,698,810 : nan
56,156,180,351 : nan
56,316,497,974 : nan
56,420,499,669 : nan
57,117,448,688 : nan
57,185,205,728 : nan
57,219,379,596 : nan
57,452,541,749 : nan
58,67,465,852 : nan
58,123,446,849 : nan
58,250,504,711 : nan
58,638,645,657 : nan
59,303,590,667 : nan
59,419,618,812 : nan
59,435,900,905 : nan
60,748,755,841 : nan
61,69,468,605 : nan
61,73,257,311 : nan
61,136,572,765 : nan
61,140,338,746 : nan
61,181,531,650 : nan
61,265,308,655 : nan
61,410,429,571 : nan
61,753,899,934 : nan
62,94,455,534 : nan
62,275,335,913 : nan
62,332,545,596 : nan
62,506,765,915 : nan
62,721,735,905 : nan
62,814,831,911 : nan
63,225,678,763 : nan
63,380,605,857 : nan
64,98,267,911 : nan
65,66,241,568 : nan
65,113,761,809 : nan
65,166,184,618 : nan
65,166,215,258 : nan
65,231,881,889 : nan
65,394,489,925 : nan
65,418,773,856 : nan
67,80,481,925 : nan
67,217,397,815 : nan
67,258,318,778 : nan
68,87,222,787 : nan
68,202,600,687 : nan
68,224,594,899 : nan
68,414,680,786 : nan
69,132,748,813 : nan
69,145,737,857 : nan
70,76,611,885 : nan
70,92,160,291 : nan
70,227,511,837 : nan
70,589,776,913 : nan
71,116,520,814 : nan
71,202,218,836 : nan
71,206,606,983 : nan
71,246,332,604 : nan
71,383,398,945 : nan
71,551,878,888 : nan
72,156,180,894 : nan
72,158,198,919 : nan
72,288,797,945 : nan
72,309,488,495 : nan
72,392,558,624 : nan
72,412,787,860 : nan
73,96,344,983 : nan
73,196,231,916 : nan
73,352,589,825 : nan
73,392,655,859 : nan
73,403,670,965 : nan
73,452,703,871 : nan
74,88,515,585 : nan
74,107,656,851 : nan
74,141,787,882 : nan
74,223,378,818 : nan
74,642,762,827 : nan
75,218,736,761 : nan
75,269,887,941 : nan
76,82,383,661 : nan
76,143,498,515 : nan
76,169,202,886 : nan
76,223,560,913 : nan
76,298,792,965 : nan
76,815,844,981 : nan
77,360,512,727 : nan
78,416,419,617 : nan
79,403,675,800 : nan
80,145,549,692 : nan
80,218,271,719 : nan
80,358,556,725 : nan
81,137,536,961 : nan
81,299,628,888 : nan
81,468,491,956 : nan
81,544,687,747 : nan
82,87,271,319 : nan
83,98,646,913 : nan
83,180,624,861 : nan
83,492,726,976 : nan
83,549,693,876 : nan
83,606,756,845 : nan
84,120,529,615 : nan
84,154,708,942 : nan
84,201,218,406 : nan
84,228,345,700 : nan
84,479,541,880 : nan
85,186,817,988 : nan
85,225,457,858 : nan
85,231,374,896 : nan
85,555,892,966 : nan
86,109,130,353 : nan
86,177,691,831 : nan
86,322,857,946 : nan
86,379,639,880 : nan
87,210,526,664 : nan
87,374,388,501 : nan
87,671,934,949 : nan
87,714,808,954 : nan
88,118,469,553 : nan
88,156,554,846 : nan
88,156,574,808 : nan
88,387,528,598 : nan
88,529,800,937 : nan
89,329,394,815 : nan
90,156,542,731 : nan
90,201,341,535 : nan
90,227,238,456 : nan
90,295,833,917 : nan
90,402,661,701 : nan
90,463,574,686 : nan
90,476,674,994 : nan
90,501,569,623 : nan
90,585,788,852 : nan
91,151,564,788 : nan
91,183,504,958 : nan
91,433,551,658 : nan
91,460,756,894 : nan
92,163,476,758 : nan
92,165,845,963 : nan
92,344,569,924 : nan
93,115,152,519 : nan
93,250,335,645 : nan
93,377,551,604 : nan
94,165,383,641 : nan
94,370,707,709 : nan
94,397,696,998 : nan
94,414,592,620 : nan
95,219,561,649 : nan
95,352,605,880 : nan
95,620,646,829 : nan
95,802,886,987 : nan
96,137,858,895 : nan
96,252,624,824 : nan
96,289,745,858 : nan
96,384,682,829 : nan
97,167,492,861 : nan
97,196,415,452 : nan
97,310,348,743 : nan
97,331,644,707 : nan
97,418,512,698 : nan
98,229,583,898 : nan
98,270,769,822 : nan
98,368,396,803 : nan
98,536,793,824 : nan
99,151,196,665 : nan
99,201,381,494 : nan
100,181,660,862 : nan
100,277,580,790 : nan
100,288,465,959 : nan
101,116,636,866 : nan
101,421,599,707 : nan
102,115,145,506 : nan
102,190,633,635 : nan
102,340,684,968 : nan
102,527,663,851 : nan
102,807,854,913 : nan
103,125,450,689 : nan
104,135,325,755 : nan
104,259,371,497 : nan
104,340,491,503 : nan
105,666,762,912 : nan
105,711,764,855 : nan
106,144,802,833 : nan
106,236,521,738 : nan
106,374,482,793 : nan
107,218,574,651 : nan
108,202,365,441 : nan
108,256,277,955 : nan
108,268,312,433 : nan
108,306,360,409 : nan
109,567,622,749 : nan
111,123,130,515 : nan
111,202,226,496 : nan
111,282,476,710 : nan
111,374,557,984 : nan
111,403,920,990 : nan
111,430,537,725 : nan
111,433,465,946 : nan
112,153,556,800 : nan
112,252,642,808 : nan
112,253,607,713 : nan
112,311,365,585 : nan
113,323,405,854 : nan
113,340,772,784 : nan
113,450,658,902 : nan
114,233,786,826 : nan
114,428,784,819 : nan
114,633,665,999 : nan
115,141,181,543 : nan
115,255,787,951 : nan
115,303,356,973 : nan
115,433,790,825 : nan
115,440,634,899 : nan
115,486,568,978 : nan
116,294,513,717 : nan
117,222,294,968 : nan
117,244,496,586 : nan
117,325,470,728 : nan
117,329,703,896 : nan
117,545,662,709 : nan
118,295,716,752 : nan
119,407,409,790 : nan
119,477,537,659 : nan
120,412,512,879 : nan
120,546,739,895 : nan
121,144,242,666 : nan
121,179,722,726 : nan
121,187,219,994 : nan
121,437,631,952 : nan
122,124,587,949 : nan
122,156,731,869 : nan
122,414,436,977 : nan
123,347,350,477 : nan
124,231,304,540 : nan
124,241,344,864 : nan
124,277,287,766 : nan
125,136,242,539 : nan
126,347,853,909 : nan
126,451,575,807 : nan
127,183,190,710 : nan
127,438,709,981 : nan
128,241,847,927 : nan
128,371,444,731 : nan
129,138,381,460 : nan
129,145,358,470 : nan
129,215,658,955 : nan
129,230,350,546 : nan
129,241,427,913 : nan
129,256,804,890 : nan
129,381,525,642 : nan
129,532,632,784 : nan
130,155,511,945 : nan
131,342,679,832 : nan
131,353,558,660 : nan
132,233,409,652 : nan
132,328,430,749 : nan
132,407,618,638 : nan
132,471,497,749 : nan
133,136,240,928 : nan
133,189,290,970 : nan
133,213,842,881 : nan
133,278,414,916 : nan
133,349,728,920 : nan
133,382,541,664 : nan
134,386,389,443 : nan
134,592,738,795 : nan
136,233,439,855 : nan
137,147,300,777 : nan
138,281,384,902 : nan
138,305,356,777 : nan
138,611,639,872 : nan
139,189,499,619 : nan
139,221,249,749 : nan
139,275,714,954 : nan
139,288,355,646 : nan
139,432,605,959 : nan
139,544,617,652 : nan
139,610,655,820 : nan
140,485,607,935 : nan
141,166,352,646 : nan
142,155,329,354 : nan
142,229,721,877 : nan
142,448,713,982 : nan
142,501,524,879 : nan
143,174,588,834 : nan
143,521,588,896 : nan
143,576,715,802 : nan
144,212,586,804 : nan
145,491,529,826 : nan
146,248,422,816 : nan
146,429,726,738 : nan
148,199,772,888 : nan
148,719,789,900 : nan
149,306,664,899 : nan
149,603,728,890 : nan
150,223,490,515 : nan
150,450,581,738 : nan
151,210,483,891 : nan
151,330,758,765 : nan
151,660,797,873 : nan
152,168,456,703 : nan
152,199,370,696 : nan
153,517,658,835 : nan
154,360,428,870 : nan
155,335,554,693 : nan
155,677,819,920 : nan
156,278,636,933 : nan
156,328,378,935 : nan
156,392,421,508 : nan
156,421,651,972 : nan
156,538,642,985 : nan
157,172,753,783 : nan
157,173,478,754 : nan
157,231,430,756 : nan
157,397,490,684 : nan
158,197,324,541 : nan
159,346,449,871 : nan
159,357,627,818 : nan
159,420,844,850 : nan
160,185,200,254 : nan
160,202,235,582 : nan
160,239,264,761 : nan
160,370,421,797 : nan
160,379,705,750 : nan
160,405,545,696 : nan
160,794,895,986 : nan
161,272,490,664 : nan
162,205,639,930 : nan
163,197,411,704 : nan
163,361,527,740 : nan
164,228,705,992 : nan
165,281,652,677 : nan
165,335,371,950 : nan
165,342,601,812 : nan
165,424,589,919 : nan
165,449,928,983 : nan
165,491,531,602 : nan
165,717,722,920 : nan
166,240,275,824 : nan
166,432,619,807 : nan
166,807,902,991 : nan
167,330,555,705 : nan
168,242,410,634 : nan
168,361,852,893 : nan
168,461,462,859 : nan
168,716,745,935 : nan
169,196,441,710 : nan
169,372,625,891 : nan
173,409,449,661 : nan
174,274,583,889 : nan
174,582,772,975 : nan
175,214,578,889 : nan
175,370,631,848 : nan
175,474,850,953 : nan
176,309,624,709 : nan
176,481,537,665 : nan
179,346,702,922 : nan
179,430,539,710 : nan
179,470,499,526 : nan
179,519,755,828 : nan
179,573,880,918 : nan
180,395,824,904 : nan
180,400,470,545 : nan
180,593,677,739 : nan
181,420,619,796 : nan
182,478,490,975 : nan
183,705,755,847 : nan
184,231,320,551 : nan
184,302,843,899 : nan
184,346,608,709 : nan
184,440,810,930 : nan
184,776,800,860 : nan
185,538,893,896 : nan
185,724,807,864 : nan
188,366,788,985 : nan
188,468,571,677 : nan
189,384,784,873 : nan
190,328,390,814 : nan
190,346,740,888 : nan
190,361,791,997 : nan
190,437,587,698 : nan
191,303,740,769 : nan
191,470,499,588 : nan
192,257,397,532 : nan
193,263,534,706 : nan
193,657,815,977 : nan
195,281,436,586 : nan
195,285,811,998 : nan
195,839,878,923 : nan
196,341,594,808 : nan
197,232,528,957 : nan
197,298,571,976 : nan
197,413,643,848 : nan
197,486,938,950 : nan
199,643,813,848 : nan
200,457,606,668 : nan
200,683,832,934 : nan
201,261,614,987 : nan
201,292,455,499 : nan
202,385,470,909 : nan
203,212,234,747 : nan
203,359,408,818 : nan
203,540,891,986 : nan
204,303,394,556 : nan
204,360,597,720 : nan
205,416,935,996 : nan
207,209,386,738 : nan
207,410,501,787 : nan
208,539,713,843 : nan
209,290,495,909 : nan
209,395,653,674 : nan
210,544,645,661 : nan
211,269,452,971 : nan
211,375,663,759 : nan
211,534,764,877 : nan
213,414,593,980 : nan
213,485,497,734 : nan
213,619,645,987 : nan
214,381,782,967 : nan
214,635,694,912 : nan
215,230,842,916 : nan
215,257,393,425 : nan
215,604,898,927 : nan
216,218,760,836 : nan
216,359,515,915 : nan
216,369,470,727 : nan
216,397,640,762 : nan
217,239,333,980 : nan
217,429,655,781 : nan
217,825,951,975 : nan
218,221,529,965 : nan
219,226,492,912 : nan
219,320,781,838 : nan
219,410,558,755 : nan
219,502,715,873 : nan
221,267,652,679 : nan
221,357,643,876 : nan
221,595,803,841 : nan
222,357,432,454 : nan
222,363,463,897 : nan
223,450,757,957 : nan
223,569,728,915 : nan
224,469,721,862 : nan
224,485,920,982 : nan
225,247,352,609 : nan
225,387,772,972 : nan
226,299,474,502 : nan
226,427,749,855 : nan
226,467,632,905 : nan
228,255,362,563 : nan
228,324,345,707 : nan
229,340,802,960 : nan
230,282,669,901 : nan
230,309,409,995 : nan
231,497,518,912 : nan
231,633,755,802 : nan
233,379,557,884 : nan
233,586,695,928 : nan
234,262,841,868 : nan
235,283,431,474 : nan
235,320,896,910 : nan
236,275,397,406 : nan
236,419,694,919 : nan
237,344,417,740 : nan
237,401,440,717 : nan
238,322,631,674 : nan
239,253,634,774 : nan
241,426,550,861 : nan
241,454,576,736 : nan
243,433,651,791 : nan
244,313,561,965 : nan
244,401,416,701 : nan
245,283,344,662 : nan
245,378,641,988 : nan
246,254,319,660 : nan
246,273,653,837 : nan
247,295,559,874 : nan
249,416,736,995 : nan
250,648,896,955 : nan
251,330,405,555 : nan
251,446,490,979 : nan
251,500,668,822 : nan
251,516,672,817 : nan
252,329,379,983 : nan
252,367,385,553 : nan
252,695,879,913 : nan
253,419,546,617 : nan
254,527,767,947 : nan
254,587,722,948 : nan
255,405,657,737 : nan
255,533,927,965 : nan
256,297,501,548 : nan
256,298,309,339 : nan
256,822,922,925 : nan
257,357,400,789 : nan
257,408,644,804 : nan
258,414,584,686 : nan
258,466,493,505 : nan
258,812,967,977 : nan
260,370,519,896 : nan
260,377,478,971 : nan
260,728,763,767 : nan
261,381,592,666 : nan
261,439,643,827 : nan
261,449,537,654 : nan
262,399,450,896 : nan
263,509,602,670 : nan
263,645,758,774 : nan
264,299,379,709 : nan
264,476,828,855 : nan
264,673,901,909 : nan
264,727,759,829 : nan
265,280,422,621 : nan
265,385,666,678 : nan
265,407,615,677 : nan
265,429,956,982 : nan
265,506,570,676 : nan
267,279,450,800 : nan
267,386,872,938 : nan
267,526,764,961 : nan
267,580,667,996 : nan
268,331,333,927 : nan
268,438,525,974 : nan
268,545,917,982 : nan
270,368,697,917 : nan
272,327,664,808 : nan
274,419,480,681 : nan
275,741,814,916 : nan
276,620,668,961 : nan
278,631,652,782 : nan
279,334,675,963 : nan
279,462,640,885 : nan
280,308,596,791 : nan
283,362,439,550 : nan
283,542,595,923 : nan
285,323,754,856 : nan
288,578,604,743 : nan
288,737,775,934 : nan
289,293,527,562 : nan
290,622,838,855 : nan
291,327,457,542 : nan
293,347,492,852 : nan
293,477,478,812 : nan
293,706,810,929 : nan
294,376,487,889 : nan
294,378,524,710 : nan
294,508,958,966 : nan
295,732,736,855 : nan
295,878,925,954 : nan
296,636,714,863 : nan
297,378,617,938 : nan
297,686,806,848 : nan
298,314,814,970 : nan
299,640,712,846 : nan
300,482,793,977 : nan
301,349,695,918 : nan
301,472,826,949 : nan
301,503,670,737 : nan
302,455,513,538 : nan
303,384,432,450 : nan
303,487,721,860 : nan
304,570,610,719 : nan
305,373,780,963 : nan
306,335,466,477 : nan
306,439,674,915 : nan
306,657,729,834 : nan
307,347,723,990 : nan
307,594,694,988 : nan
308,676,899,986 : nan
312,342,460,759 : nan
312,459,683,696 : nan
313,523,709,790 : nan
317,621,850,986 : nan
318,499,808,962 : nan
319,511,679,954 : nan
319,723,761,800 : nan
320,682,865,913 : nan
321,545,690,939 : nan
321,764,779,914 : nan
322,391,715,982 : nan
323,573,633,830 : nan
324,368,471,596 : nan
324,383,422,852 : nan
324,404,630,861 : nan
324,445,676,768 : nan
325,456,603,638 : nan
325,468,566,570 : nan
326,624,738,744 : nan
327,494,846,896 : nan
329,425,484,619 : nan
329,637,697,782 : nan
330,356,849,941 : nan
330,443,530,940 : nan
334,500,542,670 : nan
334,506,536,881 : nan
335,505,675,990 : nan
335,641,695,880 : nan
335,699,815,851 : nan
336,364,625,793 : nan
336,543,812,967 : nan
337,386,781,939 : nan
338,672,718,887 : nan
339,564,721,926 : nan
339,676,894,948 : nan
340,392,653,988 : nan
340,504,627,732 : nan
340,704,716,728 : nan
341,635,738,820 : nan
341,648,745,990 : nan
342,619,799,877 : nan
344,415,529,680 : nan
344,536,733,983 : nan
346,401,784,975 : nan
346,407,700,996 : nan
346,588,599,993 : nan
348,545,652,966 : nan
352,370,514,856 : nan
352,503,534,841 : nan
355,484,583,846 : nan
358,420,500,636 : nan
359,382,442,596 : nan
359,670,940,953 : nan
360,370,514,957 : nan
362,364,390,935 : nan
362,394,583,883 : nan
363,367,404,593 : nan
363,401,943,958 : nan
365,367,482,821 : nan
367,884,976,994 : nan
368,642,904,945 : nan
370,455,658,946 : nan
371,392,394,733 : nan
371,440,535,808 : nan
371,474,699,804 : nan
373,701,848,935 : nan
375,441,522,678 : nan
376,507,565,659 : nan
378,453,471,881 : nan
379,403,878,928 : nan
382,426,433,543 : nan
383,740,746,997 : nan
386,689,781,791 : nan
387,600,848,928 : nan
387,636,685,841 : nan
389,674,702,719 : nan
389,833,904,957 : nan
391,448,832,882 : nan
391,544,616,858 : nan
391,627,634,743 : nan
392,468,699,761 : nan
392,592,666,811 : nan
393,439,880,990 : nan
393,459,710,895 : nan
393,543,591,900 : nan
394,535,648,868 : nan
395,769,851,923 : nan
398,411,518,898 : nan
398,666,846,927 : nan
400,535,904,996 : nan
402,451,845,959 : nan
402,489,524,772 : nan
402,646,735,751 : nan
403,533,570,586 : nan
403,610,691,856 : nan
404,522,597,758 : nan
405,558,594,715 : nan
406,414,783,827 : nan
406,575,682,800 : nan
408,537,727,832 : nan
409,735,834,912 : nan
410,571,849,968 : nan
412,529,613,864 : nan
412,564,684,811 : nan
416,531,655,693 : nan
416,588,597,622 : nan
416,598,650,960 : nan
417,480,487,664 : nan
419,475,660,767 : nan
419,549,615,904 : nan
420,566,757,913 : nan
421,425,587,682 : nan
422,536,880,986 : nan
424,529,827,986 : nan
424,548,597,827 : nan
427,771,786,801 : nan
431,658,687,939 : nan
432,456,471,532 : nan
432,539,757,999 : nan
434,448,630,890 : nan
435,533,668,895 : nan
435,799,893,904 : nan
436,611,620,718 : nan
437,495,866,872 : nan
438,540,744,996 : nan
438,548,752,966 : nan
441,482,658,794 : nan
441,712,734,815 : nan
444,474,798,837 : nan
445,653,758,935 : nan
447,576,675,690 : nan
447,696,769,879 : nan
448,610,697,760 : nan
450,514,620,819 : nan
451,502,689,762 : nan
452,546,617,935 : nan
453,529,698,854 : nan
455,592,634,772 : nan
457,479,508,670 : nan
458,528,664,819 : nan
462,523,727,879 : nan
469,524,762,979 : nan
470,499,920,956 : nan
472,707,738,816 : nan
473,513,519,882 : nan
479,631,724,772 : nan
482,548,621,965 : nan
483,515,554,569 : nan
486,751,936,965 : nan
488,594,849,909 : nan
490,694,707,762 : nan
493,550,647,966 : nan
496,516,792,867 : nan
496,525,720,852 : nan
498,580,652,928 : nan
502,673,694,811 : nan
502,766,808,869 : nan
506,670,825,974 : nan
507,572,590,604 : nan
508,547,905,968 : nan
508,788,864,997 : nan
509,602,695,978 : nan
513,539,572,624 : nan
520,609,759,966 : nan
522,594,760,801 : nan
524,570,816,855 : nan
527,669,750,866 : nan
528,555,672,792 : nan
533,641,695,926 : nan
535,584,600,769 : nan
536,772,932,986 : nan
549,576,637,991 : nan
549,712,854,997 : nan
552,668,672,708 : nan
554,737,817,965 : nan
560,574,633,911 : nan
562,754,756,866 : nan
565,601,665,719 : nan
566,739,764,962 : nan
577,661,858,942 : nan
580,636,652,790 : nan
582,754,969,989 : nan
582,864,890,923 : nan
584,746,778,791 : nan
586,601,742,842 : nan
589,595,759,958 : nan
591,704,748,912 : nan
591,722,740,939 : nan
594,872,931,996 : nan
594,922,927,982 : nan
596,800,866,987 : nan
597,629,658,803 : nan
599,653,669,753 : nan
600,617,668,791 : nan
600,807,913,952 : nan
604,738,779,926 : nan
609,655,755,959 : nan
609,706,776,912 : nan
614,666,963,990 : nan
615,681,695,894 : nan
623,668,674,729 : nan
626,756,869,970 : nan
631,712,735,841 : nan
638,661,719,873 : nan
646,653,698,898 : nan
646,679,854,869 : nan
648,733,834,877 : nan
653,664,839,881 : nan
656,727,876,958 : nan
657,737,803,902 : nan
660,663,757,842 : nan
674,677,719,746 : nan
685,928,975,994 : nan
686,870,897,931 : nan
691,833,876,937 : nan
696,757,815,920 : nan
714,756,969,990 : nan
738,885,897,999 : nan
764,770,820,829 : nan
789,844,882,892 : nan
807,866,898,950 : nan
862,876,898,973 : nan
