1,340 : -0.5230314039762254
1,442 : -0.6018214012374219
5,329 : -0.6253641959968621
5,435 : -0.5139257527858736
7,778 : -0.636519534062753
9,515 : -0.6557451604348481
9,893 : -0.42413159798454636
11,701 : -0.33137391056035437
12,910 : -0.5088159530106395
20,224 : -0.4416921020861395
20,790 : -0.6067486981604646
22,73 : -0.5648467279348308
24,339 : -0.5234515996510662
24,814 : -0.4896384784355907
27,279 : -0.6010732328321209
28,888 : -0.40297184849677214
33,63 : -0.8503965584270881
34,913 : -0.5023338148405299
38,244 : -0.7874693417842835
40,999 : -0.526597105767566
41,615 : -0.5731542515100769
44,287 : -0.7120466105146008
45,778 : -0.578338638111429
45,817 : -0.3347089115656301
45,896 : -0.6653274286690829
46,586 : -0.5213114704980923
47,861 : -0.5318532440241388
50,577 : -0.5637461051421939
54,444 : -0.6641901668152763
54,505 : -0.4547860576806446
55,883 : -0.7026902692254466
60,484 : -0.3905255986415548
61,490 : -0.6700075564564918
61,995 : -0.514229996970105
63,100 : -0.6011951068981203
63,273 : -0.19599733837162292
70,200 : -0.3812809429472219
71,546 : -0.5156211401795856
73,248 : -0.6064970337043278
79,257 : -0.5130630142754291
80,226 : -0.4949040177415873
80,545 : -0.5040768326374105
81,672 : -0.528398096348238
84,615 : -0.37724033361291953
84,964 : -0.4737303464345164
86,484 : -0.7918940417790106
87,914 : -0.6207382540958193
88,570 : -0.5725514192101424
92,754 : -0.5771889898311446
93,246 : -0.5368930218091323
94,102 : -0.5778171067281996
94,581 : -0.5180840910606601
98,272 : -0.3909903476568053
98,712 : -0.5292424867849976
102,422 : -0.6199295746258311
107,959 : -0.6504480042598288
108,381 : -0.4498842688438205
108,680 : -0.6980403963343784
108,944 : -0.4952012889025701
110,666 : -0.5077347582100682
113,591 : -0.6964055705546266
124,797 : -0.5682039457450729
125,797 : -0.6265754005768172
126,581 : -0.7043103102149542
126,940 : -0.6211547994928792
129,857 : -0.5590073679523042
133,456 : -0.5647468514812695
134,485 : -0.55773502597445
134,919 : -0.6927231649146259
134,993 : -0.4892707064460873
139,466 : -0.7057717105222856
141,206 : -0.4863900721695189
141,429 : -0.5853088590964892
143,436 : -0.5997072052475567
144,637 : -0.5604606951769189
153,397 : -0.5375078290803792
154,342 : -0.7204631225098248
154,511 : -0.8116981929845082
154,891 : -0.7808604421932812
155,290 : -0.6488734952893986
156,276 : -0.36390650610711583
159,558 : -0.7353370666449628
160,245 : -0.34106519364842525
163,836 : -0.546059779254783
164,371 : -0.6939783414599341
170,914 : -0.18563822212393544
171,470 : -0.5298941306650446
175,774 : -0.5041458030004606
178,267 : -0.6538327182954888
180,925 : -0.5378873387880194
181,845 : -0.38827155719008744
186,212 : -0.6294086225088351
188,439 : -0.5948133575248322
201,266 : -0.7255137712810567
204,550 : -0.6770164597679984
206,691 : -0.5031329950281025
212,439 : -0.6619217195739742
213,566 : -0.6033863315070955
215,928 : -0.5821212592802183
216,787 : -0.6080863133477417
217,854 : -0.4897722686321244
219,974 : -0.6469810178212438
220,480 : 0.006499828483459424
221,619 : -0.5699617409266886
222,263 : -0.5990192652462734
224,857 : -0.5720226653738503
226,528 : -0.6594886195007785
230,699 : -0.5799162459020359
230,707 : -0.45768723568759206
234,466 : -0.5657575377894002
237,892 : -0.5253566309928344
244,809 : -0.5058093134011854
248,507 : -0.4086478227854986
249,297 : -0.42750486263979415
250,267 : -0.5461119236149137
255,633 : -0.6323489804874483
258,360 : -0.707926776480793
260,610 : -0.5779440150232293
261,687 : -0.6130749245531855
263,783 : -0.758867512056254
265,380 : -0.5940806370537335
265,730 : -0.26757897614125215
266,636 : -0.7771051924047061
269,457 : -0.623995587789703
271,603 : -0.5366231195369269
274,424 : -0.3100223984118069
280,509 : -0.5686683743195902
284,826 : 0.019935976209008555
288,492 : -0.6092864264397315
291,678 : -0.6912291771229768
294,880 : -0.5309118555040566
296,573 : -0.6311938405806843
296,631 : -0.5024480320769302
297,440 : -0.6837267612949294
297,908 : -0.4831308212903913
298,758 : -0.6612282512365024
300,390 : -0.5647454647390611
300,562 : -0.7090560256708283
301,607 : -0.6919837037356031
303,598 : -0.5830740828617831
310,874 : -0.5103860138844656
312,931 : -0.4914941306182272
317,602 : -0.3782830549422649
323,566 : -0.6374846424060991
325,578 : -0.563243764304993
326,389 : -0.521631878228479
329,815 : -0.4170066053824908
330,672 : -0.3894789403420935
332,622 : -0.4757295810441555
338,444 : -0.730681613825308
338,516 : -0.2689000950451512
341,362 : -0.49892595598448963
344,831 : -0.6153047281794963
345,509 : -0.647743953405715
351,769 : -0.5236257664249386
352,741 : -0.578799061555793
357,862 : -0.42720325485059396
360,811 : -0.7581064340725512
365,551 : -0.5347343019195234
365,897 : -0.5932991536305323
368,882 : -0.4993475102731266
368,934 : -0.530068079981076
370,613 : -0.5904055687664072
371,716 : -0.6481956256669783
373,764 : -0.6961131380086012
377,617 : -0.7087699125026927
380,610 : -0.6217657496052953
380,732 : -0.8539447567110243
385,855 : -0.44324796676133094
385,879 : -0.40093091405777415
386,819 : -0.5996823535321432
390,419 : -0.6826346989234162
391,698 : -0.6223249770299835
394,808 : -0.5079342581215913
397,924 : -0.5543450236379592
400,494 : -0.549957302778608
413,970 : -0.39120241111367315
416,629 : -0.17153556550681448
416,687 : -0.5764977252032097
420,870 : -0.7219932105116482
421,872 : -0.6215408771001605
424,772 : -0.6301499065361331
430,468 : -0.6052126786907377
430,668 : -0.5047269339565692
444,967 : -0.6430094791396439
449,589 : -0.4868383133851346
449,591 : -0.6497181438567379
454,531 : -0.5700674279259519
454,858 : -0.8462928762143429
456,773 : -0.7411220578478317
457,662 : -0.45636176057012534
459,503 : -0.47508769772337134
462,915 : -0.3420657501180484
463,926 : -0.5865338580748989
477,781 : -0.5347799235890616
480,831 : -0.7099999193496185
484,742 : -0.5853205647764108
487,682 : -0.4923475785492961
495,735 : -0.6455470057340968
501,734 : -0.5880540512409624
503,892 : -0.6586345609745092
507,811 : -0.7767037521503766
508,787 : -0.4718916196955665
510,812 : -0.683829729985793
511,623 : -0.6498771459936661
512,759 : -0.5256197442116681
514,803 : -0.554729377071614
519,883 : -0.7835461131155608
520,894 : -0.6684025248921048
526,801 : -0.5856068538350869
537,833 : -0.5748691879272478
537,909 : -0.5760070848138013
540,760 : -0.4562270259400234
541,814 : -0.5260190382929746
544,718 : -0.642377184112406
546,794 : -0.46377775037698243
561,880 : -0.5479685673540482
569,764 : -0.6276484841325545
571,694 : -0.49207855534602984
573,962 : -0.7383584298372357
582,852 : -0.5661228982864155
582,951 : -0.5618527414153935
591,976 : -0.542442390656168
595,698 : -0.6218186858016606
604,978 : -0.5633918667575482
606,855 : -0.6345745899305495
613,702 : -0.5400720933876009
623,910 : -0.5758777344399133
640,823 : -0.6213873836205352
650,772 : -0.5039344823768355
659,975 : -0.6842873449219902
663,868 : -0.7787734577047707
668,794 : -0.5352443539632459
668,882 : -0.7020719242019591
668,976 : -0.6169520449840933
670,772 : -0.5869536977347005
672,913 : -0.6925565258300708
673,924 : -0.6006190248315393
674,726 : -0.3543523926834511
698,795 : -0.6852585367938353
712,954 : -0.5790800442346529
720,734 : -0.4909368080769849
737,876 : -0.7344313018301452
741,860 : -0.6710948879840168
752,776 : -0.5174857320597679
763,783 : -0.5836013305321952
773,963 : -0.6252120696919419
795,890 : -0.7146227227310367
798,883 : -0.629968607674295
802,948 : -0.6083795660197433
807,977 : -0.5484946116748919
847,869 : -0.5363565046513927
858,952 : -0.6839441881920982
864,883 : -0.640919834390401
895,901 : -0.3582559222671313
915,935 : -0.6157576130567071
1,426,628 : -0.3559705361528942
2,447,917 : -0.3864444950040702
3,156,794 : -0.5669157757450263
3,553,860 : -0.38801051343928594
3,657,717 : -0.42218877689512424
4,414,872 : -0.42396193366464363
7,137,179 : -0.4887478685708757
7,214,248 : -0.5495352744249136
9,146,721 : -0.531066540049373
10,644,985 : -0.4176752381624713
10,682,703 : -0.4367484396045247
11,57,369 : -0.3201763027212732
11,591,815 : -0.5305120931732001
13,124,476 : -0.38291321890273733
13,632,988 : -0.4368084443928695
14,379,410 : -0.3531339931272246
14,455,806 : -0.2796731266812764
15,172,313 : 0.010302060874214258
17,24,259 : -0.5304709234961764
17,50,522 : -0.5520040751933553
17,234,556 : -0.47306219497137514
18,654,850 : -0.16747062161225745
20,232,928 : -0.4017076212485904
20,716,878 : -0.3874115873887769
22,363,992 : -0.44397471266231125
22,685,830 : -0.42802768406220326
23,145,932 : -0.3179219279449177
25,416,733 : -0.3957570254911995
25,554,959 : -0.374532183125599
25,803,969 : -0.4226026166530841
26,37,632 : -0.44422187884339115
26,187,598 : -0.4412261296685842
26,354,964 : -0.5071460499046672
27,603,924 : -0.4368995385372485
30,296,619 : -0.4900380033869489
32,255,696 : -0.45588081996853713
32,271,954 : -0.36053879759286356
32,511,513 : -0.504304174474365
32,549,841 : -0.42975018106712004
33,339,668 : -0.5094879732494011
33,500,750 : -0.35792314636435796
35,456,713 : -0.424968414636151
36,830,937 : -0.5203381035552603
37,683,740 : -0.4797598852549161
38,208,625 : -0.44407412448852135
38,512,756 : -0.5126641263287692
39,165,487 : -0.3801501592014336
39,644,748 : -0.45377260980655376
40,176,307 : -0.3796305358616441
40,189,968 : -0.48000738087362693
40,630,676 : -0.5045754664731668
40,863,906 : -0.21757779407264577
43,79,807 : -0.3691593496244516
43,538,807 : -0.329161757842926
44,140,152 : -0.38295967675553166
44,350,613 : -0.4817857919214723
45,359,924 : -0.4574773735095585
46,159,300 : -0.609263339115488
46,180,987 : -0.375540726141647
46,381,421 : -0.44894810269480967
46,838,846 : -0.3796331360231995
48,854,872 : -0.41521286279444247
51,129,392 : -0.3746438287205254
52,211,974 : -0.3610846728664443
53,555,872 : -0.4405744250247092
53,568,636 : -0.3694935751517714
58,158,256 : -0.36733058439240285
58,800,915 : -0.43881577393871796
61,108,381 : -0.5073945601714187
61,294,357 : -0.4419082705184936
63,540,675 : -0.5269156657322882
65,583,927 : -0.2536574522482442
67,519,567 : -0.4314296175331511
68,519,598 : -0.4960711357089713
69,146,156 : -0.5604868767782965
69,234,911 : -0.4218487666089308
70,244,871 : -0.4255626902650129
71,230,711 : -0.35057820867500133
71,319,416 : -0.4203564885184752
71,481,866 : -0.4334252046721483
73,218,355 : -0.42620869594357913
73,315,883 : -0.3837941114019625
73,412,711 : -0.4215967770015414
74,772,945 : -0.4003457373392061
75,228,867 : -0.4532463604521273
76,395,961 : -0.4065619228505408
77,475,777 : -0.38359944120959377
78,191,484 : -0.42445754754181664
78,529,577 : -0.4176997232625348
79,239,635 : -0.3691486637203396
79,587,959 : -0.45474701369056114
81,89,849 : -0.4679099214697864
81,186,510 : -0.48542876984438776
82,193,474 : -0.42492501455796194
82,231,952 : -0.49531720564334547
82,614,777 : -0.4317638972499005
83,558,872 : -0.35284793075830256
85,160,417 : -0.426473199428522
85,526,843 : -0.47275976026113997
86,361,905 : -0.4933212962601563
86,695,972 : -0.5168856878621693
87,321,385 : -0.39892385707237277
90,133,653 : -0.3674664243081771
90,206,823 : -0.47035431987964027
92,447,861 : -0.4099945848010571
92,576,926 : -0.4211880660969203
92,797,878 : -0.40612817878828134
93,100,538 : -0.30934130353521794
93,267,314 : -0.48695991096173863
94,626,822 : -0.3856503326044909
95,357,435 : -0.46199451292474425
96,174,590 : -0.3168502021379389
96,386,590 : -0.37190926994049156
97,259,659 : -0.5520806017200379
97,463,897 : -0.4207983370198314
98,797,808 : -0.38861594257585863
99,601,685 : -0.34649527422129767
100,250,904 : -0.3907086794161063
101,104,390 : -0.47032282063380393
102,541,835 : -0.4116593473641257
102,567,834 : -0.458050509604051
103,137,563 : -0.3469352044418048
103,211,261 : -0.5224466321894192
104,140,511 : -0.512837645394026
104,162,703 : -0.45713363514179495
104,249,740 : -0.5142115272795307
104,258,917 : -0.47524043427117335
105,481,708 : -0.3151572614624212
106,242,562 : -0.3971143913427091
107,142,311 : -0.3817307509382639
107,358,791 : -0.4248225904798435
108,467,843 : -0.5864657566821188
110,419,847 : -0.401861363807811
111,204,998 : -0.4263421779795231
111,421,727 : -0.4734771448670605
112,303,961 : -0.481269606709712
112,310,318 : -0.5336990076222883
113,186,901 : -0.49704297324169056
114,198,378 : -0.3775744849447529
114,288,818 : -0.38848174174626404
115,116,799 : -0.4052888986074601
116,165,554 : -0.33783369357908244
117,198,505 : -0.3742126377871542
117,221,401 : -0.3535429350657642
117,238,294 : -0.3862572963116031
117,461,661 : -0.42617530961448735
118,534,963 : -0.49239330137703563
119,126,132 : -0.3957500537874188
120,279,575 : -0.41395968061314026
121,267,793 : -0.5120899284010427
121,641,863 : -0.37288680518355743
122,461,852 : -0.3464585230682782
123,399,770 : -0.4612390578759584
123,414,600 : -0.4292040777502837
125,166,910 : -0.49766039808546525
125,392,522 : -0.4890001372635533
128,304,583 : -0.24924985570821212
130,362,792 : -0.45502386764660296
131,651,988 : -0.44321939807711197
131,660,676 : -0.4138271254435646
132,191,223 : -0.45117944955854505
132,251,605 : -0.4753229876376861
134,758,954 : -0.5588347143731804
135,258,855 : -0.497191388744084
135,946,951 : -0.45375818045166794
136,593,980 : -0.3067067479433858
137,176,566 : -0.4067840486661738
138,202,320 : -0.3741179026219268
138,560,778 : -0.5011009217206586
139,804,935 : -0.46624153845017635
140,610,709 : -0.5062384542064218
141,314,773 : -0.420426239486132
143,158,446 : -0.2943866647570694
144,236,450 : -0.4680721892678239
144,918,966 : -0.4953360714394899
145,512,818 : -0.44001907562003995
145,701,887 : -0.43709944144351986
146,277,325 : -0.5232468338179483
146,626,641 : -0.33943409674737945
146,783,816 : -0.36837225109391536
148,354,390 : -0.43304826525768436
150,404,541 : -0.37763968569892126
151,326,595 : -0.47012211812174787
153,248,520 : -0.5322326386572216
153,582,718 : -0.5681416923806886
154,279,926 : -0.5306334077975512
156,230,718 : -0.5026528900676377
156,391,950 : -0.383705326409322
157,170,321 : -0.2622854937307002
157,658,877 : -0.4939357315507835
157,756,932 : -0.357593121830329
158,185,907 : -0.3454182178865528
159,396,874 : -0.45521830888087056
161,240,417 : -0.36648265230316057
161,279,923 : -0.441185515861795
163,171,351 : -0.396894013858367
163,291,680 : -0.4470041941426577
164,347,969 : -0.41528551222158505
165,334,599 : -0.29490347266668326
165,777,789 : -0.5024162735425484
166,167,990 : -0.5165396659205059
171,858,993 : -0.44284880685835515
173,580,729 : -0.33816790365871996
174,201,337 : -0.4798437598791143
174,861,931 : -0.45172977668607994
176,260,746 : -0.4626882027249324
176,277,902 : -0.3780421645609562
177,442,605 : -0.4349218301794062
177,705,707 : -0.4455686397511358
177,749,868 : -0.4655129245925682
178,254,271 : -0.4116229841140788
178,427,533 : -0.4171168500921758
178,664,869 : -0.4870328100601775
179,199,729 : -0.4283415392570056
180,334,583 : -0.26128128970123266
180,636,809 : -0.4583703394616121
181,190,751 : -0.3775957797320828
181,240,966 : -0.5201355915760262
181,285,714 : -0.47979142823891885
181,334,533 : -0.43540425664277693
183,522,608 : -0.394098068434376
184,507,882 : -0.5486422520405674
185,381,542 : -0.3414840284962599
185,446,617 : -0.3844612426208993
186,376,555 : -0.5226541978799746
187,594,804 : -0.4020273428701433
191,578,892 : -0.4907928934571646
192,956,982 : -0.2994216615538132
193,302,484 : -0.49475034487736025
197,313,531 : -0.5133604895639323
199,255,786 : -0.4106336202990406
200,355,822 : -0.34944766106253944
201,205,327 : -0.31115778572269814
202,230,328 : -0.348598702199711
202,286,348 : -0.42993923703984693
203,688,987 : -0.44948194888552795
204,412,883 : -0.43268798155453236
204,578,806 : -0.5141881236856096
204,640,915 : -0.3395885023186136
204,802,915 : -0.4278590067750525
207,228,571 : -0.4313612859139646
207,336,772 : -0.5176959821411025
207,577,601 : -0.47556462022085877
208,520,840 : -0.5071825026392778
212,474,503 : -0.4765877736587534
214,431,607 : -0.5063337523567699
214,637,766 : -0.3881515340252071
217,432,577 : -0.4744493014662754
218,601,924 : -0.4517976978505369
220,318,475 : -0.44450486972727044
220,480,695 : -0.21599454688414443
221,559,999 : -0.4975439187683586
224,386,686 : -0.48130816306875834
225,439,504 : -0.5208141223007434
226,590,696 : -0.5064085417367363
227,263,685 : -0.43737320969383786
228,384,721 : -0.5039586472900202
228,632,657 : -0.4793434297775687
229,437,718 : -0.40842877934342203
229,512,994 : -0.5981669908314653
229,824,939 : -0.26058235129638807
230,840,979 : -0.44036586814370793
231,634,861 : -0.4818981818214363
232,529,826 : -0.3852936449740909
232,639,863 : -0.40910122335766763
235,246,780 : -0.4158785985504978
236,239,339 : -0.4808906035660021
236,596,848 : -0.48106321441586
237,562,875 : -0.14488653713848487
238,345,819 : -0.5429612231041856
239,263,474 : -0.46634418757439056
240,271,287 : -0.5522143573389937
240,469,700 : -0.4465967753170459
241,658,711 : -0.37443720510771694
242,402,465 : -0.43745248156911476
242,616,958 : -0.3945699150326878
245,291,562 : -0.4301069753069071
246,430,791 : -0.4782328739618762
246,464,945 : -0.3309081070637361
246,486,917 : -0.5061890838450909
246,491,907 : -0.45132483111848765
250,359,998 : -0.46971665867898427
250,468,558 : -0.46147645632986567
250,511,909 : -0.4892444535549967
250,588,634 : -0.47127334600222337
251,288,923 : -0.4850985840841706
251,505,606 : -0.5036614050228523
251,839,910 : -0.37593204849099293
252,535,950 : -0.2771670552614276
252,760,979 : -0.3049814662721597
253,606,757 : -0.4486958553742155
255,477,520 : -0.6145371496732459
258,405,484 : -0.5313550228990049
258,461,797 : -0.4003480442891827
258,679,836 : -0.3851139239206871
260,788,847 : -0.5119560169154045
261,322,523 : -0.4627738533609447
262,550,794 : -0.4669462632221659
263,335,435 : -0.382798920391592
264,456,827 : -0.47858673854518097
266,412,508 : -0.3687161558361207
268,492,521 : -0.47268968432226854
271,697,912 : -0.38827468028169143
275,316,442 : -0.46897499616940497
278,497,555 : -0.44631236766684146
281,552,663 : -0.3530065582462467
281,717,918 : -0.28660250507857565
282,605,758 : -0.5265994538572449
285,430,841 : -0.4141934269895602
286,364,857 : -0.44576708039266677
287,290,597 : -0.4174276431314712
287,805,961 : -0.21474764928077938
290,292,989 : -0.39685927962423717
291,332,349 : -0.4438874436570148
291,404,908 : -0.4776223748716908
292,534,812 : -0.4582816033398216
293,491,563 : -0.4620910783992982
293,540,928 : -0.5060739516192692
295,517,522 : -0.4568099393539926
295,859,972 : -0.3675154972604231
296,824,988 : -0.46359122450419576
297,396,663 : -0.5505666205191804
298,581,794 : -0.4750180338751604
299,492,593 : -0.45423435629387265
300,714,808 : -0.43809517530429876
301,312,482 : -0.499175089467216
301,356,832 : -0.549064562060209
301,670,976 : -0.3985227699616869
301,690,975 : -0.49039805116268487
302,388,843 : -0.3403328108064201
302,499,992 : -0.3988101811772844
302,580,784 : -0.47475960830056874
304,474,536 : -0.30968463430422455
304,482,830 : -0.4736068218090126
305,648,974 : -0.4079416841679624
306,627,991 : -0.33869563312597095
309,343,927 : -0.22377498215439173
309,452,772 : -0.517918482674002
310,775,972 : -0.3493955012957499
311,474,851 : -0.38515468152155297
313,546,772 : -0.5146239935286947
315,331,916 : -0.18176841174149994
316,474,655 : -0.4435499778044656
318,504,596 : -0.5408125691818193
323,439,847 : -0.49893842764400853
323,625,849 : -0.5678001386143499
323,673,996 : -0.4884565011962789
325,836,837 : -0.48437973071656515
328,584,737 : -0.46336524076929564
330,395,551 : -0.5438351685483283
333,795,905 : -0.503459840986531
334,556,623 : -0.3962319980485387
336,357,639 : -0.5689550067859925
336,826,982 : -0.5560144640041478
337,365,836 : -0.5083971511462262
337,449,664 : -0.4996961488664504
337,501,548 : -0.2286015683557454
337,548,586 : -0.32814436111464884
338,461,886 : -0.4774542230282317
339,483,664 : -0.5577337901327746
344,508,774 : -0.49065768388495945
347,937,946 : -0.41403001350065183
349,352,360 : -0.44295835881118983
349,437,690 : -0.3805139499972623
350,575,899 : -0.43710600312849834
359,563,858 : -0.49499317785499497
362,383,869 : -0.4280098443552802
362,556,570 : -0.35928481944713875
365,575,788 : -0.5698770491878304
368,447,574 : -0.354957833157014
370,486,728 : -0.4164970341012826
371,427,490 : -0.47164476893109875
371,542,749 : -0.33435965900258746
374,388,902 : -0.27591105925792814
374,818,897 : -0.3732019956904078
376,377,638 : -0.4742993355931553
377,514,932 : -0.4109864585793279
378,491,621 : -0.398347840256847
378,650,914 : -0.4743542351786503
381,494,646 : -0.35474868449228625
382,586,628 : -0.308509244026697
386,632,927 : -0.47499661188307996
387,744,857 : -0.435396010845728
388,468,747 : -0.493472881664075
388,469,697 : -0.4149030599068464
389,601,688 : -0.49968504092624966
391,699,776 : -0.45555178977775324
392,690,907 : -0.4851356316086175
394,587,816 : -0.492344213468342
398,559,962 : -0.5195422218478052
399,647,917 : -0.4124170860054548
400,422,734 : -0.5557052372892195
400,493,631 : -0.49473639197687946
400,508,517 : -0.5163194855283462
402,461,740 : -0.44773428632281376
404,715,954 : -0.4750575221190032
408,857,930 : -0.5193741451488325
410,596,699 : -0.4428837630973621
410,857,959 : -0.4072701443088136
413,702,709 : -0.446693999234995
414,432,575 : -0.3614991688915259
414,690,709 : -0.5042178160430164
417,782,907 : -0.42408844994215933
418,718,949 : -0.391569050175941
419,468,491 : -0.37215202503127776
419,513,725 : -0.48749905637403756
422,832,931 : -0.478211338302569
423,521,610 : -0.3418432098225488
423,754,843 : -0.500411121103518
426,670,720 : -0.44990968029661205
429,477,717 : -0.40490713211490137
429,506,592 : -0.24755985659006163
431,537,855 : -0.44502669940526696
433,829,936 : -0.399260082367382
434,640,670 : -0.5052351640747477
438,773,831 : -0.5036863357656596
440,560,802 : -0.44517838023958456
442,638,649 : -0.42869862777188805
443,813,919 : -0.3253486429247743
444,921,952 : -0.5372138581707542
445,873,904 : -0.35787851442290264
447,738,886 : -0.45678365235788965
448,459,837 : -0.4660843756722346
448,584,871 : -0.48029782085920814
448,644,721 : -0.4313650797625508
450,561,597 : -0.4101433200950353
451,467,812 : -0.4255084853141109
452,852,909 : -0.4796161452604639
455,750,831 : -0.4563846864805541
456,731,781 : -0.4810286780514197
456,812,848 : -0.5215354579301466
457,571,598 : -0.46831664772112336
460,527,717 : -0.3299067317366431
463,676,986 : -0.33836575568305993
464,533,634 : -0.41409401473265617
465,480,509 : -0.5047974805815905
465,584,728 : -0.45506372992559174
469,848,861 : -0.5327310640834733
470,548,831 : -0.4316081483560932
472,550,660 : -0.5062443716898799
475,593,691 : -0.5571808822391728
478,479,841 : -0.44381889432501453
478,483,937 : -0.47902308484495904
478,513,865 : -0.3959591329551768
484,562,577 : -0.5761303671839819
487,539,604 : -0.4092371160261974
488,495,853 : -0.048083043867274355
496,716,881 : -0.4652365355857617
505,688,837 : -0.3975454609058633
514,573,692 : -0.36779102837616384
514,703,704 : -0.4356003483771198
517,760,983 : -0.4124734405917041
521,536,595 : -0.3395580405891967
521,752,958 : -0.4075369001343543
525,548,965 : -0.19269663889080335
525,961,966 : -0.47990960193121346
528,919,971 : -0.4664940514680582
532,722,867 : -0.45956397843141694
535,693,965 : -0.4531703895098016
541,578,642 : -0.46028869524828186
549,686,988 : -0.4540257007014483
549,921,986 : -0.5167583007313985
550,662,923 : -0.3354048614042404
553,556,640 : -0.38689534253358016
554,617,818 : -0.45897654363764473
554,781,802 : -0.4696739793806337
557,897,903 : -0.28747123357900106
559,585,618 : -0.4688089196339582
560,578,887 : -0.4161769135017954
569,583,599 : -0.4210495864889563
576,645,868 : -0.49669997375194574
577,664,962 : -0.6132830384909429
578,760,912 : -0.4023661367309215
585,611,683 : -0.40069113108135057
585,843,930 : -0.44535799415546595
586,782,982 : -0.4421935642148449
591,607,647 : -0.45696374070314727
595,693,874 : -0.45943720334639515
604,756,801 : -0.5140814022516569
608,630,688 : -0.2691756563372145
617,925,992 : -0.4770286840287081
620,820,881 : -0.36122806341231684
622,940,952 : -0.5154855582974096
625,745,917 : -0.524313918748645
638,757,789 : -0.4026483716471405
640,975,997 : -0.41556900965749843
642,742,795 : -0.48194786757153074
652,984,994 : -0.3127001456179732
655,893,936 : -0.43245985372164664
657,664,687 : -0.5160050903738895
666,798,914 : -0.5483374078317254
667,699,816 : -0.40363782201477916
667,732,945 : -0.3903706166956864
669,748,962 : -0.5148398358143611
670,717,757 : -0.42967465203068667
678,767,957 : -0.4212584703171518
681,704,960 : -0.3391248568830556
681,810,860 : -0.41434168872996047
703,822,839 : -0.3166072644905906
705,729,760 : -0.46003620193882355
716,840,910 : -0.4687167889976658
718,810,850 : -0.6271546133117503
722,774,777 : -0.5473752834158945
724,764,965 : -0.4977605673726817
732,823,939 : -0.5379651318599219
740,776,908 : -0.4488575223206215
741,747,790 : -0.5198794335388561
770,876,921 : -0.35877661431826446
797,841,882 : -0.414663824191285
797,917,954 : -0.27176176274466735
799,836,994 : -0.4201434200357099
838,885,961 : -0.3810647724626366
839,856,893 : -0.4320162193342463
886,896,986 : -0.43677686213956735
892,922,951 : -0.5023851894016327
898,943,987 : -0.3251639763263281
1,57,790,809 : -0.34847800800074036
1,176,756,777 : -0.49958746903757034
1,185,590,623 : -0.48523079000964775
1,216,291,688 : -0.43485478601084093
1,374,503,834 : -0.39704619962788623
1,408,697,820 : -0.3752624250252605
2,33,170,278 : -0.4636293991875917
2,138,200,561 : -0.4042730873859304
2,389,894,925 : -0.4415106620599021
2,399,510,762 : -0.4970005054171367
2,454,671,741 : -0.4298061141694298
3,14,191,381 : -0.37384653598105366
3,144,369,719 : -0.46458779789939264
3,148,341,480 : -0.46080086132864273
3,271,292,562 : -0.426211494397829
4,5,244,750 : -0.4287501846432573
4,83,191,589 : -0.359976091207981
4,117,126,937 : -0.45886486076250166
4,145,515,798 : -0.42338605042255417
4,585,825,834 : -0.3725131002294815
4,614,817,818 : -0.37987700722670326
5,20,68,968 : -0.3851967034792656
5,369,763,774 : -0.47889400324164977
5,409,551,701 : -0.3725177220794542
5,416,509,856 : -0.5045805480461183
5,463,505,752 : -0.4957301306860886
7,14,506,740 : -0.379765451874416
7,83,307,944 : -0.3775948327579097
7,139,145,321 : -0.4277472763240784
7,152,417,890 : -0.4039209667180568
7,240,807,929 : -0.38665755401289714
8,82,354,839 : -0.41043428347848265
8,89,260,490 : -0.3604706831690063
8,94,252,885 : -0.3901299187685989
8,174,238,840 : -0.39210031975966886
9,70,293,893 : -0.4104165867928131
9,87,434,523 : -0.48025926105400085
9,118,346,466 : -0.455253934285637
9,121,429,983 : -0.3825387816317951
10,251,434,750 : -0.38204754407654096
10,403,563,581 : -0.37139710456628383
11,48,112,269 : -0.47295253426542483
11,325,377,404 : -0.44643797754545833
11,386,684,809 : -0.4200759781709946
12,26,73,507 : -0.437848659731328
12,513,620,915 : -0.4497287175383662
13,169,683,762 : -0.3786443994719415
13,196,560,754 : -0.3830165380461157
13,267,344,488 : -0.4040145412828391
13,783,873,903 : -0.467808590042053
14,43,241,857 : -0.3636072133468884
14,283,436,513 : -0.40678725782728775
14,354,408,726 : -0.3715695641914951
14,452,719,887 : -0.33518171604031277
16,83,189,231 : -0.32875251121591176
16,154,723,772 : -0.475104306951031
16,193,674,893 : -0.37875088582687133
16,230,676,738 : -0.365813712913172
16,283,378,834 : -0.36664647204449174
16,303,540,553 : -0.36051760325312077
16,355,408,912 : -0.2778345754411642
16,371,729,855 : -0.32433045688653395
16,695,726,760 : -0.2894884951897716
17,488,655,883 : -0.5032964357399727
18,133,136,995 : -0.36450018263931816
18,301,337,712 : -0.47650581466266684
19,211,228,874 : -0.3270553282681965
20,43,429,669 : -0.45719551841341755
20,107,286,801 : -0.45985119877878033
20,283,338,737 : -0.438616605407937
20,617,859,955 : -0.3394541537680287
21,28,441,738 : -0.38677881814913984
21,42,463,693 : -0.36873636953612343
21,56,225,676 : -0.36299326679575894
21,159,613,867 : -0.4710514112753863
21,202,306,999 : -0.3627767386289147
21,223,552,836 : -0.4421940648267002
22,24,197,835 : -0.39922359368514226
22,191,389,452 : -0.37901584857916126
22,250,665,798 : -0.4658818079980067
22,551,905,948 : -0.46230392894069183
23,152,295,957 : -0.4232614689128458
23,288,670,943 : -0.4031882155496571
24,365,500,628 : -0.44745915443812456
24,632,639,831 : -0.5018636858377767
25,402,602,649 : -0.35649716208505655
26,78,180,734 : -0.37902257714302934
26,261,334,624 : -0.43879259103181245
26,498,510,577 : -0.43013787039483486
27,192,260,880 : -0.4942664055363091
27,302,394,973 : -0.43254236532124146
27,373,386,947 : -0.45972512293371004
28,37,277,638 : -0.35284548467128296
28,44,176,633 : -0.353731879774535
28,58,152,765 : -0.3332545941910954
28,185,391,541 : -0.4304485329791501
29,136,422,572 : -0.28919461195124563
29,166,885,939 : -0.4143141218788491
29,394,424,908 : -0.39309401257211607
30,50,82,467 : -0.45986500338582026
30,103,198,419 : -0.4092500407889279
30,103,258,616 : -0.3574370496022752
30,250,553,605 : -0.46513329166143635
30,385,656,838 : -0.34787440702116057
30,512,832,980 : -0.4230350448179301
30,726,782,792 : -0.43939093317041444
31,185,213,619 : -0.3715899728022294
31,255,767,817 : -0.41874066757586537
31,361,545,836 : -0.36591992385566297
31,461,613,879 : -0.34543803257471395
32,195,298,842 : -0.3816153617092819
32,827,849,977 : -0.39552400154148626
33,34,246,650 : -0.42572015529927154
33,52,176,889 : -0.466217323654621
33,70,103,941 : -0.4424262208072003
33,76,461,835 : -0.41504856883404595
33,80,408,718 : -0.44176475897418843
33,183,281,913 : -0.4022504805289291
33,219,932,991 : -0.40155775914221326
33,286,287,290 : -0.4517113464747222
33,396,778,840 : -0.5034351692678662
33,502,732,919 : -0.504628372317456
34,96,546,951 : -0.44577442323237126
34,112,157,436 : -0.4541827770530962
34,219,285,706 : -0.373053332253243
35,36,75,551 : -0.40168666619531623
36,127,369,373 : -0.4369719705856341
36,179,317,383 : -0.4748971456266464
36,426,784,838 : -0.4358165973043091
36,438,588,704 : -0.39694216384223924
37,129,378,873 : -0.36877954937983226
37,280,392,424 : -0.3832079479742381
37,282,730,951 : -0.37569353332839484
37,409,648,815 : -0.37570503006779554
37,429,677,713 : -0.3557121963888894
37,501,598,775 : -0.4015122199337895
38,216,507,605 : -0.47650048625253927
38,537,797,870 : -0.45377224438170316
39,92,554,849 : -0.42862111152911075
39,105,533,673 : -0.3667661065421992
39,238,346,966 : -0.3875128157745136
39,369,831,853 : -0.37784987391681724
39,592,913,950 : -0.3657907599775214
40,125,331,858 : -0.5055685601168207
40,152,293,754 : -0.44352323688938977
41,85,463,791 : -0.46417481748256795
41,266,943,948 : -0.3147895953378057
41,298,303,626 : -0.4800381067791655
41,391,574,945 : -0.3404145921295818
41,612,718,939 : -0.2667523871978965
42,117,700,840 : -0.3957860416622416
42,437,491,863 : -0.40405985512104725
43,50,262,373 : -0.4992576454178117
43,51,394,978 : -0.3819709307367323
43,102,169,506 : -0.3491875534431834
43,162,695,878 : -0.3231346595511526
43,164,184,598 : -0.40882520221365426
43,178,602,843 : -0.4469574309880524
43,178,697,864 : -0.3331607457691079
43,184,595,665 : -0.3856982261722901
43,238,626,778 : -0.47822356126218213
43,474,521,536 : -0.3155211973921894
43,691,836,973 : -0.45638139109805387
44,139,349,870 : -0.42354923630889485
44,163,484,950 : -0.4418575883224747
44,551,717,735 : -0.46029674857598724
45,85,99,485 : -0.3931741800291231
45,102,405,803 : -0.38558615448188305
45,192,475,980 : -0.39866874611279357
45,263,469,672 : -0.5383958650483942
46,117,630,814 : -0.45026437552428056
46,279,528,742 : -0.46899904294456984
46,287,326,604 : -0.5284114283681678
46,363,670,807 : -0.3751423593211156
46,818,879,902 : -0.3502266515337693
47,110,238,847 : -0.3199761632188063
47,137,682,737 : -0.46872477811005697
47,165,368,556 : -0.4394697694368592
47,188,466,910 : -0.42932207164487224
47,391,508,978 : -0.3848821949613519
48,100,369,575 : -0.458638626240913
48,149,203,965 : -0.42242979971483674
48,229,924,939 : -0.3968869226665488
48,320,372,517 : -0.3396570156889769
49,76,337,623 : -0.4030187310545692
49,204,681,932 : -0.48400205106650884
49,244,316,989 : -0.409838806175598
49,439,663,914 : -0.4740801664459664
49,525,761,982 : -0.398689080699663
50,417,790,913 : -0.5185579217608387
50,430,598,637 : -0.45621188438803695
51,135,768,966 : -0.40260595031987667
51,227,351,943 : -0.37211314033825826
51,238,804,823 : -0.3765939275228536
51,537,863,995 : -0.49362145783212785
52,166,542,859 : -0.31223940469085676
52,168,373,759 : -0.3775442738145429
52,180,531,844 : -0.38007483308490797
52,267,529,545 : -0.4183436344455387
53,184,453,918 : -0.3573383997023052
53,252,846,973 : -0.3628910085405115
53,582,680,873 : -0.47773695364293656
54,189,443,478 : -0.5131727548919962
54,198,439,529 : -0.4026512150692889
54,265,831,936 : -0.533030810146083
54,421,844,884 : -0.4682677540209603
55,299,471,771 : -0.3795645126964837
55,540,678,982 : -0.5057268752971151
55,607,698,810 : -0.48945578314465443
56,156,180,351 : -0.3960109362900426
56,316,497,974 : -0.422059311664426
56,420,499,669 : -0.36695492003028196
57,117,448,688 : -0.2923041366070931
57,185,205,728 : -0.3428535504344128
57,219,379,596 : -0.3792499971068668
57,452,541,749 : -0.39187772007419475
58,67,465,852 : -0.4193786030188289
58,123,446,849 : -0.3957319474057239
58,250,504,711 : -0.42427807944782536
58,638,645,657 : -0.4101976194762045
59,303,590,667 : -0.4134512631140843
59,419,618,812 : -0.49446132161187495
59,435,900,905 : -0.3527373527712214
60,748,755,841 : -0.44051486038071475
61,69,468,605 : -0.3974897696051134
61,73,257,311 : -0.4892679464905392
61,136,572,765 : -0.33024955935198874
61,140,338,746 : -0.44014156174322605
61,181,531,650 : -0.41813503502085236
61,265,308,655 : -0.32866081783374423
61,410,429,571 : -0.25958317286584
61,753,899,934 : -0.45173290011752076
62,94,455,534 : -0.3933394189842332
62,275,335,913 : -0.3645747866888367
62,332,545,596 : -0.4449709110560631
62,506,765,915 : -0.3967520111232117
62,721,735,905 : -0.49084010427582303
62,814,831,911 : -0.42590022675695227
63,225,678,763 : -0.4603405203495239
63,380,605,857 : -0.4167061815551021
64,98,267,911 : -0.3017605266405532
65,66,241,568 : -0.2012346544719048
65,113,761,809 : -0.4015804285160094
65,166,184,618 : -0.4217136632582068
65,166,215,258 : -0.37222591168056085
65,231,881,889 : -0.38625300725968525
65,394,489,925 : -0.37359906648180785
65,418,773,856 : -0.5231015226781419
67,80,481,925 : -0.4160823603206978
67,217,397,815 : -0.4550283365200889
67,258,318,778 : -0.4789659467403302
68,87,222,787 : -0.42352876043763743
68,202,600,687 : -0.3775635747710957
68,224,594,899 : -0.3659095192833668
68,414,680,786 : -0.43641713898686163
69,132,748,813 : -0.43565183490318016
69,145,737,857 : -0.41646947495141773
70,76,611,885 : -0.3452060489461519
70,92,160,291 : -0.38250905504128063
70,227,511,837 : -0.43164312409589534
70,589,776,913 : -0.4173316681236168
71,116,520,814 : -0.4670179891631132
71,202,218,836 : -0.3525454709248621
71,206,606,983 : -0.4771730304305628
71,246,332,604 : -0.4161548002435458
71,383,398,945 : -0.4417847319116657
71,551,878,888 : -0.45110251276303415
72,156,180,894 : -0.36490756033621063
72,158,198,919 : -0.4359654987946049
72,288,797,945 : -0.4043463281382478
72,309,488,495 : -0.2973770032802088
72,392,558,624 : -0.33941853941196176
72,412,787,860 : -0.4054343862504064
73,96,344,983 : -0.39706898755112885
73,196,231,916 : -0.4238769554113546
73,352,589,825 : -0.3926772970060901
73,392,655,859 : -0.3770628310018731
73,403,670,965 : -0.4293867895802632
73,452,703,871 : -0.43358869032226366
74,88,515,585 : -0.3098663912481281
74,107,656,851 : -0.3842859998159043
74,141,787,882 : -0.41821822339079406
74,223,378,818 : -0.3474233163996001
74,642,762,827 : -0.41350479478988666
75,218,736,761 : -0.44587025651497836
75,269,887,941 : -0.24756374836492578
76,82,383,661 : -0.38191544990392323
76,143,498,515 : -0.44761107313389004
76,169,202,886 : -0.33518197076186707
76,223,560,913 : -0.34616584599190614
76,298,792,965 : -0.43671998380063504
76,815,844,981 : -0.4240856335723153
77,360,512,727 : -0.33577268404634
78,416,419,617 : -0.4454926760985991
79,403,675,800 : -0.35496321014542254
80,145,549,692 : -0.4023952349212345
80,218,271,719 : -0.3946838031175215
80,358,556,725 : -0.3329821538052167
81,137,536,961 : -0.49245632379661797
81,299,628,888 : -0.47597713740411507
81,468,491,956 : -0.34169215495220406
81,544,687,747 : -0.3995595144435653
82,87,271,319 : -0.4351680486826428
83,98,646,913 : -0.3604658917689638
83,180,624,861 : -0.3568497108284543
83,492,726,976 : -0.36940572529805293
83,549,693,876 : -0.3961269517751489
83,606,756,845 : -0.406010940751486
84,120,529,615 : -0.3030989650397382
84,154,708,942 : -0.4358550014369804
84,201,218,406 : -0.5093533125259204
84,228,345,700 : -0.40508823849202824
84,479,541,880 : -0.5369260748096565
85,186,817,988 : -0.5234107012762497
85,225,457,858 : -0.5296720872081806
85,231,374,896 : -0.4072169305338562
85,555,892,966 : -0.4599453582427957
86,109,130,353 : -0.3155096154637611
86,177,691,831 : -0.477690375711769
86,322,857,946 : -0.45880955089088427
86,379,639,880 : -0.3879137827252903
87,210,526,664 : -0.3992043394467668
87,374,388,501 : -0.3987156680810904
87,671,934,949 : -0.4229943278263575
87,714,808,954 : -0.3628616458256759
88,118,469,553 : -0.3659274926888161
88,156,554,846 : -0.3617754557979067
88,156,574,808 : -0.3619299509529219
88,387,528,598 : -0.4288441327409753
88,529,800,937 : -0.41275112497331956
89,329,394,815 : -0.3529693340610207
90,156,542,731 : -0.3106336318060139
90,201,341,535 : -0.4272887801372718
90,227,238,456 : -0.401986110387754
90,295,833,917 : -0.4204680755463954
90,402,661,701 : -0.4179953790927271
90,463,574,686 : -0.3918792129664048
90,476,674,994 : -0.42768563314777075
90,501,569,623 : -0.430011346068067
90,585,788,852 : -0.5178284184147184
91,151,564,788 : -0.3718476295582007
91,183,504,958 : -0.42940821626659464
91,433,551,658 : -0.4272324077334664
91,460,756,894 : -0.35859282934972625
92,163,476,758 : -0.4153899838806332
92,165,845,963 : -0.38211555173437284
92,344,569,924 : -0.43511070840116983
93,115,152,519 : -0.4070531443542611
93,250,335,645 : -0.4090801849502963
93,377,551,604 : -0.4238696403427171
94,165,383,641 : -0.39352919016292276
94,370,707,709 : -0.4417442794275115
94,397,696,998 : -0.4009401417147067
94,414,592,620 : -0.3804327985848046
95,219,561,649 : -0.3511597777000903
95,352,605,880 : -0.414423195009048
95,620,646,829 : -0.38074628554496726
95,802,886,987 : -0.4320538785122874
96,137,858,895 : -0.41913436438666696
96,252,624,824 : -0.40028016567623736
96,289,745,858 : -0.40993145731025304
96,384,682,829 : -0.40424430815216605
97,167,492,861 : -0.44450973742110556
97,196,415,452 : -0.386152072160858
97,310,348,743 : -0.3798395818682099
97,331,644,707 : -0.4797252927180786
97,418,512,698 : -0.4538833353089877
98,229,583,898 : -0.4143168878031951
98,270,769,822 : -0.3382685005586674
98,368,396,803 : -0.4922656145524922
98,536,793,824 : -0.41185938526781896
99,151,196,665 : -0.33137415617343047
99,201,381,494 : -0.3118727670257888
100,181,660,862 : -0.5263202301112628
100,277,580,790 : -0.3843232024274317
100,288,465,959 : -0.42029844882115674
101,116,636,866 : -0.3859806730963198
101,421,599,707 : -0.4058826265763613
102,115,145,506 : -0.33270709195625714
102,190,633,635 : -0.406213030338783
102,340,684,968 : -0.45277504252640366
102,527,663,851 : -0.5145404225860437
102,807,854,913 : -0.31598788097892627
103,125,450,689 : -0.4081192689235611
104,135,325,755 : -0.4470758376442818
104,259,371,497 : -0.5102249696574599
104,340,491,503 : -0.4525579976344509
105,666,762,912 : -0.43895866513523973
105,711,764,855 : -0.3964544887465946
106,144,802,833 : -0.40813663428785385
106,236,521,738 : -0.40980184074566695
106,374,482,793 : -0.31229014456678317
107,218,574,651 : -0.39474634265578423
108,202,365,441 : -0.34651926825612045
108,256,277,955 : -0.3328648080967118
108,268,312,433 : -0.46840218862767435
108,306,360,409 : -0.4965249735790056
109,567,622,749 : -0.3805712423965908
111,123,130,515 : -0.45399988819304293
111,202,226,496 : -0.4230846235519492
111,282,476,710 : -0.3633944598377159
111,374,557,984 : -0.3210222957603135
111,403,920,990 : -0.4759334326111908
111,430,537,725 : -0.36571498318407514
111,433,465,946 : -0.4130057375010241
112,153,556,800 : -0.42413722743052173
112,252,642,808 : -0.3607859048041575
112,253,607,713 : -0.48270932262847754
112,311,365,585 : -0.4603428013138633
113,323,405,854 : -0.3829695637388839
113,340,772,784 : -0.41700237847402577
113,450,658,902 : -0.39848831971676546
114,233,786,826 : -0.38579487293837356
114,428,784,819 : -0.3901192553493722
114,633,665,999 : -0.44402470904812397
115,141,181,543 : -0.4288345639563651
115,255,787,951 : -0.4679268464090438
115,303,356,973 : -0.4654427886440693
115,433,790,825 : -0.4106404347039492
115,440,634,899 : -0.43715237591361156
115,486,568,978 : -0.3745456133902971
116,294,513,717 : -0.4120432160838945
117,222,294,968 : -0.3393151839904567
117,244,496,586 : -0.41817968530878
117,325,470,728 : -0.4068666967522374
117,329,703,896 : -0.43929624717289073
117,545,662,709 : -0.432020596480309
118,295,716,752 : -0.4512008955799154
119,407,409,790 : -0.25695521191405324
119,477,537,659 : -0.45604964458143216
120,412,512,879 : -0.4179394787681314
120,546,739,895 : -0.3449988750582307
121,144,242,666 : -0.4183522874446979
121,179,722,726 : -0.3767675595095792
121,187,219,994 : -0.47499067151985597
121,437,631,952 : -0.4487608749541554
122,124,587,949 : -0.3743049667817797
122,156,731,869 : -0.35845526262992533
122,414,436,977 : -0.4013469110876018
123,347,350,477 : -0.41367437583217836
124,231,304,540 : -0.4736469565283141
124,241,344,864 : -0.34567832566624546
124,277,287,766 : -0.4143548794296674
125,136,242,539 : -0.437692117529779
126,347,853,909 : -0.34838382084731134
126,451,575,807 : -0.4218466058308392
127,183,190,710 : -0.397491790652688
127,438,709,981 : -0.30790023995909666
128,241,847,927 : -0.41443811216125837
128,371,444,731 : -0.4092431104369787
129,138,381,460 : -0.397684033320723
129,145,358,470 : -0.44219335735855214
129,215,658,955 : -0.32835459485663243
129,230,350,546 : -0.4227044827044033
129,241,427,913 : -0.40005599414735804
129,256,804,890 : -0.43250231716816967
129,381,525,642 : -0.4171572117378448
129,532,632,784 : -0.3861897151272664
130,155,511,945 : -0.4677029940693387
131,342,679,832 : -0.3799770638756994
131,353,558,660 : -0.3115376730814092
132,233,409,652 : -0.36344365132365564
132,328,430,749 : -0.31485829006535426
132,407,618,638 : -0.3995015770486161
132,471,497,749 : -0.3386234164433064
133,136,240,928 : -0.3864618052868689
133,189,290,970 : -0.4674249242689399
133,213,842,881 : -0.31074748046191725
133,278,414,916 : -0.3886595603866303
133,349,728,920 : -0.3943021730476719
133,382,541,664 : -0.46915556794594715
134,386,389,443 : -0.5118309220499133
134,592,738,795 : -0.5491835558338165
136,233,439,855 : -0.4579509844662304
137,147,300,777 : -0.3110690965061875
138,281,384,902 : -0.31757595625995294
138,305,356,777 : -0.4527152865641677
138,611,639,872 : -0.45789837830508984
139,189,499,619 : -0.3943631111584953
139,221,249,749 : -0.3867288218511913
139,275,714,954 : -0.386495239011863
139,288,355,646 : -0.3335780214270445
139,432,605,959 : -0.3917573296803465
139,544,617,652 : -0.43572922544475023
139,610,655,820 : -0.4117031646139502
140,485,607,935 : -0.49202972612368234
141,166,352,646 : -0.421065249048036
142,155,329,354 : -0.4183831557641018
142,229,721,877 : -0.48606959764936675
142,448,713,982 : -0.44650037477202154
142,501,524,879 : -0.4203525131450705
143,174,588,834 : -0.38988458686267435
143,521,588,896 : -0.40988421937949515
143,576,715,802 : -0.4435004571020116
144,212,586,804 : -0.5137113753831175
145,491,529,826 : -0.42015876735155966
146,248,422,816 : -0.40729829644019744
146,429,726,738 : -0.380768404599638
148,199,772,888 : -0.48476697635871324
148,719,789,900 : -0.3669020855757197
149,306,664,899 : -0.4215318747371217
149,603,728,890 : -0.35949546439571933
150,223,490,515 : -0.3440261111586904
150,450,581,738 : -0.39572053450156663
151,210,483,891 : -0.3575761616006716
151,330,758,765 : -0.4666292738274873
151,660,797,873 : -0.46262958449069713
152,168,456,703 : -0.43814813710328804
152,199,370,696 : -0.36433982619686467
153,517,658,835 : -0.39182300133260317
154,360,428,870 : -0.4075897757575706
155,335,554,693 : -0.43430648856744347
155,677,819,920 : -0.44650264168109177
156,278,636,933 : -0.2368745762934339
156,328,378,935 : -0.400593075139841
156,392,421,508 : -0.35420609819755877
156,421,651,972 : -0.4102531554725488
156,538,642,985 : -0.47037050650952494
157,172,753,783 : -0.45050494384144213
157,173,478,754 : -0.43392692043118
157,231,430,756 : -0.4039507517240708
157,397,490,684 : -0.41092316997933587
158,197,324,541 : -0.36708661107180096
159,346,449,871 : -0.5101184938777994
159,357,627,818 : -0.48115362825628405
159,420,844,850 : -0.470903423166815
160,185,200,254 : -0.4067093311320169
160,202,235,582 : -0.387853872785042
160,239,264,761 : -0.4460506175688359
160,370,421,797 : -0.40044113328781283
160,379,705,750 : -0.3828048942616764
160,405,545,696 : -0.36977919477311905
160,794,895,986 : -0.4144232121583711
161,272,490,664 : -0.3376062195640488
162,205,639,930 : -0.3462900050848783
163,197,411,704 : -0.4363348089682966
163,361,527,740 : -0.33444806854899967
164,228,705,992 : -0.4763498056099291
165,281,652,677 : -0.39620356098414145
165,335,371,950 : -0.32818026007486734
165,342,601,812 : -0.5256509337394091
165,424,589,919 : -0.47207780844342917
165,449,928,983 : -0.3924872563501769
165,491,531,602 : -0.45977389979940675
165,717,722,920 : -0.3171038786373588
166,240,275,824 : -0.3955271147216237
166,432,619,807 : -0.28932967683571564
166,807,902,991 : -0.31334577723261425
167,330,555,705 : -0.3329791656324712
168,242,410,634 : -0.41597210107395344
168,361,852,893 : -0.4136429297757367
168,461,462,859 : -0.28396435425449695
168,716,745,935 : -0.400133182619526
169,196,441,710 : -0.31707292503865503
169,372,625,891 : -0.3769368961106949
173,409,449,661 : -0.3584249945708178
174,274,583,889 : -0.3859539135426051
174,582,772,975 : -0.45333714597358643
175,214,578,889 : -0.507897070500124
175,370,631,848 : -0.5185592974504243
175,474,850,953 : -0.3999772896015663
176,309,624,709 : -0.45231511213719355
176,481,537,665 : -0.4369783047275948
179,346,702,922 : -0.4685291028379712
179,430,539,710 : -0.40252292862483263
179,470,499,526 : -0.36309585515940945
179,519,755,828 : -0.3638177789692907
179,573,880,918 : -0.46704420951737435
180,395,824,904 : -0.3775831806459917
180,400,470,545 : -0.4129210296874799
180,593,677,739 : -0.4888080484094308
181,420,619,796 : -0.2742519298734587
182,478,490,975 : -0.30585947208179154
183,705,755,847 : -0.4310511861402073
184,231,320,551 : -0.4206931277606769
184,302,843,899 : -0.37771851952922364
184,346,608,709 : -0.44136580528969116
184,440,810,930 : -0.4037297868560683
184,776,800,860 : -0.40988875108179745
185,538,893,896 : -0.39146438480256407
185,724,807,864 : -0.38194193487858485
188,366,788,985 : -0.17609934881689804
188,468,571,677 : -0.44306416974682183
189,384,784,873 : -0.3886929982071965
190,328,390,814 : -0.47579829741731916
190,346,740,888 : -0.39984513967215896
190,361,791,997 : -0.3747676265652349
190,437,587,698 : -0.45257435064353935
191,303,740,769 : -0.47131017243446505
191,470,499,588 : -0.3073811126849695
192,257,397,532 : -0.41126261150411736
193,263,534,706 : -0.3638622822421034
193,657,815,977 : -0.38656099005913114
195,281,436,586 : -0.4027939770708191
195,285,811,998 : -0.3677604999670878
195,839,878,923 : -0.34642223481406287
196,341,594,808 : -0.39959705187470607
197,232,528,957 : -0.46757658525606516
197,298,571,976 : -0.4715404334421802
197,413,643,848 : -0.3759858078223939
197,486,938,950 : -0.3400223521377941
199,643,813,848 : -0.3125056466979905
200,457,606,668 : -0.4163536963375114
200,683,832,934 : -0.4091023093211448
201,261,614,987 : -0.4018154236367435
201,292,455,499 : -0.4063620002340842
202,385,470,909 : -0.4537823897861506
203,212,234,747 : -0.4307119785653075
203,359,408,818 : -0.3995924542699374
203,540,891,986 : -0.48846646527357707
204,303,394,556 : -0.35837610586295443
204,360,597,720 : -0.5002639288295267
205,416,935,996 : -0.47379165431263903
207,209,386,738 : -0.4466977077505565
207,410,501,787 : -0.43502863170180706
208,539,713,843 : -0.48445524685200425
209,290,495,909 : -0.4306279428702766
209,395,653,674 : -0.3601009706920104
210,544,645,661 : -0.3446427279359128
211,269,452,971 : -0.4341202267870212
211,375,663,759 : -0.40129170056183305
211,534,764,877 : -0.44097679421681346
213,414,593,980 : -0.3707483479239928
213,485,497,734 : -0.5044375589859602
213,619,645,987 : -0.4297734934681312
214,381,782,967 : -0.4924956016053501
214,635,694,912 : -0.3875340065142632
215,230,842,916 : -0.3397025150616304
215,257,393,425 : -0.3836591595581085
215,604,898,927 : -0.44593532060248475
216,218,760,836 : -0.39702583043446027
216,359,515,915 : -0.3480973278838062
216,369,470,727 : -0.4342008339105943
216,397,640,762 : -0.4310073810020889
217,239,333,980 : -0.4440051564794112
217,429,655,781 : -0.4080630024618035
217,825,951,975 : -0.38767895069102476
218,221,529,965 : -0.38795314026399375
219,226,492,912 : -0.38872876332537465
219,320,781,838 : -0.4619370140641539
219,410,558,755 : -0.3889835752082098
219,502,715,873 : -0.4109034673357066
221,267,652,679 : -0.4026958785530734
221,357,643,876 : -0.4422427710542136
221,595,803,841 : -0.4176882632746146
222,357,432,454 : -0.43911746627316894
222,363,463,897 : -0.35768524087419995
223,450,757,957 : -0.3795049378211195
223,569,728,915 : -0.3880886586844463
224,469,721,862 : -0.47989893935694816
224,485,920,982 : -0.4176188828087122
225,247,352,609 : -0.358057059445823
225,387,772,972 : -0.39942342741163905
226,299,474,502 : -0.4324001157920214
226,427,749,855 : -0.38483732406585247
226,467,632,905 : -0.46873301288458613
228,255,362,563 : -0.5040307182962813
228,324,345,707 : -0.42403803607865487
229,340,802,960 : -0.4506060721166676
230,282,669,901 : -0.43235333989409086
230,309,409,995 : -0.3876577018717928
231,497,518,912 : -0.4081751981573276
231,633,755,802 : -0.4299221583137989
233,379,557,884 : -0.28656475547526195
233,586,695,928 : -0.29823608483952113
234,262,841,868 : -0.44162136948888087
235,283,431,474 : -0.3891610397905507
235,320,896,910 : -0.4073508171643565
236,275,397,406 : -0.4110312495007593
236,419,694,919 : -0.4568039863001063
237,344,417,740 : -0.4492982555403804
237,401,440,717 : -0.4698888438848954
238,322,631,674 : -0.46851698626941674
239,253,634,774 : -0.44157729360428366
241,426,550,861 : -0.49165319199314816
241,454,576,736 : -0.5163092988273019
243,433,651,791 : -0.2801474017334815
244,313,561,965 : -0.49857490553078776
244,401,416,701 : -0.399126044971301
245,283,344,662 : -0.2593971625153897
245,378,641,988 : -0.4717999203667367
246,254,319,660 : -0.3780232684062128
246,273,653,837 : -0.47053838650824176
247,295,559,874 : -0.38347211487783106
249,416,736,995 : -0.37621919625294353
250,648,896,955 : -0.38876748406618766
251,330,405,555 : -0.31586131056153377
251,446,490,979 : -0.4306104563632378
251,500,668,822 : -0.3487325218273185
251,516,672,817 : -0.2900842218382296
252,329,379,983 : -0.3626351642148009
252,367,385,553 : -0.3958931240297685
252,695,879,913 : -0.3990632244060974
253,419,546,617 : -0.38268041461049074
254,527,767,947 : -0.3185262919278695
254,587,722,948 : -0.4596228301339462
255,405,657,737 : -0.27536566151398634
255,533,927,965 : -0.43481063412735543
256,297,501,548 : -0.4601733030878654
256,298,309,339 : -0.4114943258835897
256,822,922,925 : -0.42972697473216037
257,357,400,789 : -0.501067317670568
257,408,644,804 : -0.42554067798614015
258,414,584,686 : -0.44428363246091807
258,466,493,505 : -0.40863426799776104
258,812,967,977 : -0.39549247793178055
260,370,519,896 : -0.4065746362194973
260,377,478,971 : -0.42716876307507956
260,728,763,767 : -0.42715945505661534
261,381,592,666 : -0.3379788062135949
261,439,643,827 : -0.45443096330730115
261,449,537,654 : -0.46869446050487906
262,399,450,896 : -0.45075668696415416
263,509,602,670 : -0.4363042025799242
263,645,758,774 : -0.47445904734920785
264,299,379,709 : -0.4379519978770514
264,476,828,855 : -0.3218455077658511
264,673,901,909 : -0.4109853771799734
264,727,759,829 : -0.3776627937670405
265,280,422,621 : -0.327172956034796
265,385,666,678 : -0.48606640182324257
265,407,615,677 : -0.4481008491361915
265,429,956,982 : -0.3038428920575351
265,506,570,676 : -0.41887710996977656
267,279,450,800 : -0.4163433332554247
267,386,872,938 : -0.43230596734801896
267,526,764,961 : -0.46687375619377325
267,580,667,996 : -0.4612596340109023
268,331,333,927 : -0.42110317313171475
268,438,525,974 : -0.3264030792097825
268,545,917,982 : -0.4642413367713958
270,368,697,917 : -0.36801827786555275
272,327,664,808 : -0.320518617043948
274,419,480,681 : -0.4287265812655958
275,741,814,916 : -0.4682610953583326
276,620,668,961 : -0.39535100175331483
278,631,652,782 : -0.33653235437025586
279,334,675,963 : -0.39709416024980726
279,462,640,885 : -0.37419268247634085
280,308,596,791 : -0.3869875849920392
283,362,439,550 : -0.4698948687685538
283,542,595,923 : -0.3397812725195155
285,323,754,856 : -0.449131005545474
288,578,604,743 : -0.4802620088906513
288,737,775,934 : -0.4604738543109299
289,293,527,562 : -0.3253156236617363
290,622,838,855 : -0.44845328776987725
291,327,457,542 : -0.3809112515840001
293,347,492,852 : -0.46002152134186325
293,477,478,812 : -0.4919961188877515
293,706,810,929 : -0.35115593245790855
294,376,487,889 : -0.42964455418395064
294,378,524,710 : -0.4263871171360447
294,508,958,966 : -0.3646651466280584
295,732,736,855 : -0.4592801054233433
295,878,925,954 : -0.40140025567434257
296,636,714,863 : -0.47809159347032515
297,378,617,938 : -0.43452014178208387
297,686,806,848 : -0.44964579736435617
298,314,814,970 : -0.4212887287468188
299,640,712,846 : -0.4922151149283849
300,482,793,977 : -0.37334633214433666
301,349,695,918 : -0.44223111583113517
301,472,826,949 : -0.4802210529200934
301,503,670,737 : -0.37256558952025487
302,455,513,538 : -0.4017639476579786
303,384,432,450 : -0.382306416876651
303,487,721,860 : -0.3955939947606364
304,570,610,719 : -0.4535474111086859
305,373,780,963 : -0.3606321157414252
306,335,466,477 : -0.42014196125288517
306,439,674,915 : -0.4258824957484386
306,657,729,834 : -0.3293085399980009
307,347,723,990 : -0.3623664718092554
307,594,694,988 : -0.4075527991321153
308,676,899,986 : -0.310650648191648
312,342,460,759 : -0.4020090439684505
312,459,683,696 : -0.42222748543142496
313,523,709,790 : -0.5334951898333735
317,621,850,986 : -0.3563906921656954
318,499,808,962 : -0.5068617942094267
319,511,679,954 : -0.2971009361028034
319,723,761,800 : -0.38837543515232387
320,682,865,913 : -0.3788734312504667
321,545,690,939 : -0.4375351999408179
321,764,779,914 : -0.29217414335233616
322,391,715,982 : -0.5035496152507484
323,573,633,830 : -0.48436443845640653
324,368,471,596 : -0.49283213491616995
324,383,422,852 : -0.4320206475704014
324,404,630,861 : -0.39388891200583753
324,445,676,768 : -0.31877334842373606
325,456,603,638 : -0.44216867520124126
325,468,566,570 : -0.516796257619528
326,624,738,744 : -0.39612362813320057
327,494,846,896 : -0.38415806701390065
329,425,484,619 : -0.45047303381049275
329,637,697,782 : -0.4100212794613938
330,356,849,941 : -0.46563511878936414
330,443,530,940 : -0.3098681486211188
334,500,542,670 : -0.3524730277528547
334,506,536,881 : -0.38676084425866963
335,505,675,990 : -0.4013214924950599
335,641,695,880 : -0.34435324362937547
335,699,815,851 : -0.40121163913654034
336,364,625,793 : -0.4180493386950088
336,543,812,967 : -0.42571880009032337
337,386,781,939 : -0.41447230956491565
338,672,718,887 : -0.45000545219470833
339,564,721,926 : -0.4422816367678968
339,676,894,948 : -0.42371910802810664
340,392,653,988 : -0.43595251765124776
340,504,627,732 : -0.40921850022342987
340,704,716,728 : -0.4343426066540097
341,635,738,820 : -0.4703034283452865
341,648,745,990 : -0.43495907403406986
342,619,799,877 : -0.41177562008423085
344,415,529,680 : -0.38626449901907134
344,536,733,983 : -0.3374217641376607
346,401,784,975 : -0.4134580588330117
346,407,700,996 : -0.42739523988664785
346,588,599,993 : -0.45077143284178267
348,545,652,966 : -0.4336166324995052
352,370,514,856 : -0.339365296959665
352,503,534,841 : -0.4196604230305532
355,484,583,846 : -0.41803364288808376
358,420,500,636 : -0.3835082123501714
359,382,442,596 : -0.41355707648459195
359,670,940,953 : -0.46179428616415596
360,370,514,957 : -0.31733069627465516
362,364,390,935 : -0.4664645769499378
362,394,583,883 : -0.43508543437787917
363,367,404,593 : -0.4966924573919309
363,401,943,958 : -0.33567269207682915
365,367,482,821 : -0.18754183136492242
367,884,976,994 : -0.36066941188819435
368,642,904,945 : -0.35475687593977745
370,455,658,946 : -0.4392461219750414
371,392,394,733 : -0.3151776313737529
371,440,535,808 : -0.37787584009295316
371,474,699,804 : -0.3790193916343412
373,701,848,935 : -0.4839881904567003
375,441,522,678 : -0.4120007397199803
376,507,565,659 : -0.3274521855856809
378,453,471,881 : -0.4232524002461986
379,403,878,928 : -0.31632530760919964
382,426,433,543 : -0.3983062444930685
383,740,746,997 : -0.3620744222351533
386,689,781,791 : -0.43606011524551724
387,600,848,928 : -0.37368547923945616
387,636,685,841 : -0.4896936330437349
389,674,702,719 : -0.41293266746394
389,833,904,957 : -0.4134922742302518
391,448,832,882 : -0.4547563775550625
391,544,616,858 : -0.4384348446174977
391,627,634,743 : -0.39054254697090607
392,468,699,761 : -0.40256929843802625
392,592,666,811 : -0.3960363196936003
393,439,880,990 : -0.485578286475036
393,459,710,895 : -0.41714569759747167
393,543,591,900 : -0.3964861306869951
394,535,648,868 : -0.39893409604380636
395,769,851,923 : -0.42516409497927277
398,411,518,898 : -0.1637638451544836
398,666,846,927 : -0.45832836737181215
400,535,904,996 : -0.42539207228772624
402,451,845,959 : -0.34083247606645184
402,489,524,772 : -0.3921501268948342
402,646,735,751 : -0.37017552838265
403,533,570,586 : -0.3491242741110583
403,610,691,856 : -0.4662779509966939
404,522,597,758 : -0.4383826054503708
405,558,594,715 : -0.354277079105386
406,414,783,827 : -0.4161881723298624
406,575,682,800 : -0.36218687008568673
408,537,727,832 : -0.4409946991585538
409,735,834,912 : -0.3891390256578988
410,571,849,968 : -0.39619293035928327
412,529,613,864 : -0.4585528544247459
412,564,684,811 : -0.38235938054882435
416,531,655,693 : -0.4168423623626343
416,588,597,622 : -0.49553327349022247
416,598,650,960 : -0.43487439919512294
417,480,487,664 : -0.5272506168386937
419,475,660,767 : -0.5309365489782623
419,549,615,904 : -0.4936764847004611
420,566,757,913 : -0.45695625303253173
421,425,587,682 : -0.3993140336070764
422,536,880,986 : -0.40627176064752035
424,529,827,986 : -0.4019247212770758
424,548,597,827 : -0.4090269211081472
427,771,786,801 : -0.3195353961900931
431,658,687,939 : -0.4279781779273977
432,456,471,532 : -0.4488883096097105
432,539,757,999 : -0.39687761167427293
434,448,630,890 : -0.3808015618066076
435,533,668,895 : -0.5231490563537331
435,799,893,904 : -0.41577468272819007
436,611,620,718 : -0.3549739293720633
437,495,866,872 : -0.39422950907576637
438,540,744,996 : -0.4676804172849003
438,548,752,966 : -0.39116249710653683
441,482,658,794 : -0.42611654440638347
441,712,734,815 : -0.4757476395670557
444,474,798,837 : -0.5420981466748671
445,653,758,935 : -0.3844995734244767
447,576,675,690 : -0.37990994502214215
447,696,769,879 : -0.43855078808010295
448,610,697,760 : -0.40642521391511277
450,514,620,819 : -0.42838629289530394
451,502,689,762 : -0.3556031005399767
452,546,617,935 : -0.3309816486112249
453,529,698,854 : -0.35949153350378116
455,592,634,772 : -0.4032321750144039
457,479,508,670 : -0.4277692915149638
458,528,664,819 : -0.3825516693838633
462,523,727,879 : -0.35450995655098816
469,524,762,979 : -0.3766334643453011
470,499,920,956 : -0.2745617540625116
472,707,738,816 : -0.4235389674202841
473,513,519,882 : -0.2689721385642807
479,631,724,772 : -0.3270801970822801
482,548,621,965 : -0.3766144356095953
483,515,554,569 : -0.34228417132804445
486,751,936,965 : -0.35500435201184555
488,594,849,909 : -0.3709236718748292
490,694,707,762 : -0.41066392344102365
493,550,647,966 : -0.4079590526903605
496,516,792,867 : -0.2624941552831628
496,525,720,852 : -0.39292667367180756
498,580,652,928 : -0.2805728146311486
502,673,694,811 : -0.39312949102564443
502,766,808,869 : -0.41519670023224475
506,670,825,974 : -0.3747179318147831
507,572,590,604 : -0.39974865092000034
508,547,905,968 : -0.2977640967331303
508,788,864,997 : -0.3993037830710333
509,602,695,978 : -0.34903206951893284
513,539,572,624 : -0.331945893222789
520,609,759,966 : -0.5366496916416044
522,594,760,801 : -0.4611000109494354
524,570,816,855 : -0.4016921483724196
527,669,750,866 : -0.42817763419599086
528,555,672,792 : -0.43355178549035744
533,641,695,926 : -0.3652529827436475
535,584,600,769 : -0.405581902818434
536,772,932,986 : -0.4279859678084288
549,576,637,991 : -0.45934016846046677
549,712,854,997 : -0.35674007509408145
552,668,672,708 : -0.47519972989778636
554,737,817,965 : -0.35134368575129726
560,574,633,911 : -0.41678962620915905
562,754,756,866 : -0.4328661771441984
565,601,665,719 : -0.31771800717718857
566,739,764,962 : -0.4547878690386089
577,661,858,942 : -0.4387717486300424
580,636,652,790 : -0.3066349001063935
582,754,969,989 : -0.4064764664302629
582,864,890,923 : -0.4569583587937738
584,746,778,791 : -0.33503713913674105
586,601,742,842 : -0.4110504683287759
589,595,759,958 : -0.3697875071612857
591,704,748,912 : -0.4972737494417594
591,722,740,939 : -0.4931068022867262
594,872,931,996 : -0.4197839362786795
594,922,927,982 : -0.4388444099368918
596,800,866,987 : -0.44103375756144203
597,629,658,803 : -0.35080196389534835
599,653,669,753 : -0.43827110831852356
600,617,668,791 : -0.4288673697960481
600,807,913,952 : -0.4172554329297158
604,738,779,926 : -0.4397967222016963
609,655,755,959 : -0.428956138610296
609,706,776,912 : -0.3670735326612178
614,666,963,990 : -0.42994028148713315
615,681,695,894 : -0.47985960751157397
623,668,674,729 : -0.41437259722315223
626,756,869,970 : -0.4808423947550582
631,712,735,841 : -0.4360610264811473
638,661,719,873 : -0.3898890473343215
646,653,698,898 : -0.42008528347746554
646,679,854,869 : -0.3958118454673143
648,733,834,877 : -0.3197885415664168
653,664,839,881 : -0.4091812558326966
656,727,876,958 : -0.4196661584001917
657,737,803,902 : -0.30339323658164896
660,663,757,842 : -0.46037972911558156
674,677,719,746 : -0.37410563530176044
685,928,975,994 : -0.451073056215644
686,870,897,931 : -0.44423005691728346
691,833,876,937 : -0.48683459202648716
696,757,815,920 : -0.33625611134615063
714,756,969,990 : -0.44320318602797304
738,885,897,999 : -0.4554316893200665
764,770,820,829 : -0.3938209594084674
789,844,882,892 : -0.45405985893525247
807,866,898,950 : -0.3657480565731699
862,876,898,973 : -0.43069635894982317
