[0, 58, 416]
[0, 62, 884]
[0, 254, 426]
[0, 260, 357]
[0, 405, 603]
[0, 541, 555]
[0, 576, 867]
[0, 825, 905]
[1, 37, 324]
[1, 425, 921]
[1, 468, 699]
[1, 576, 718]
[2, 5, 659]
[2, 25, 739]
[2, 133, 583]
[2, 213, 243]
[2, 466, 480]
[2, 633, 982]
[3, 72, 172]
[3, 200, 955]
[3, 231, 544]
[3, 384, 462]
[3, 491, 522]
[3, 494, 621]
[3, 500, 861]
[3, 557, 814]
[3, 694, 720]
[4, 67, 381]
[4, 247, 830]
[4, 251, 370]
[4, 328, 738]
[4, 696, 777]
[4, 883, 945]
[5, 20, 482]
[5, 62, 927]
[5, 70, 639]
[5, 428, 602]
[5, 530, 583]
[5, 697, 925]
[6, 215, 438]
[6, 263, 889]
[6, 282, 341]
[6, 345, 611]
[6, 547, 894]
[6, 581, 619]
[6, 748, 867]
[7, 32, 816]
[7, 57, 533]
[7, 244, 735]
[7, 266, 904]
[7, 311, 596]
[7, 340, 970]
[7, 600, 835]
[7, 649, 804]
[8, 89, 181]
[8, 357, 596]
[8, 377, 960]
[8, 398, 536]
[8, 416, 838]
[8, 535, 994]
[9, 10, 136]
[9, 603, 943]
[9, 709, 978]
[9, 828, 912]
[10, 11, 315]
[10, 124, 319]
[10, 284, 824]
[10, 338, 865]
[10, 366, 780]
[10, 371, 705]
[10, 717, 777]
[11, 33, 272]
[11, 42, 866]
[11, 120, 840]
[11, 172, 418]
[11, 738, 991]
[11, 952, 987]
[12, 19, 35]
[12, 35, 291]
[12, 45, 808]
[12, 82, 691]
[12, 220, 405]
[12, 248, 875]
[12, 446, 882]
[12, 475, 634]
[13, 113, 124]
[13, 131, 281]
[13, 325, 753]
[13, 459, 940]
[13, 683, 699]
[13, 802, 904]
[14, 149, 936]
[14, 245, 902]
[15, 174, 803]
[15, 322, 855]
[15, 438, 949]
[16, 47, 419]
[16, 88, 220]
[16, 180, 984]
[16, 214, 418]
[16, 260, 688]
[16, 362, 446]
[16, 380, 978]
[16, 445, 995]
[16, 478, 754]
[16, 694, 848]
[17, 22, 225]
[17, 172, 270]
[17, 172, 592]
[17, 329, 620]
[17, 527, 587]
[18, 133, 523]
[18, 275, 328]
[18, 306, 840]
[18, 351, 575]
[18, 717, 928]
[19, 63, 394]
[19, 143, 647]
[19, 184, 310]
[19, 268, 675]
[19, 331, 968]
[19, 354, 398]
[19, 396, 761]
[19, 556, 896]
[19, 749, 758]
[20, 75, 452]
[20, 301, 867]
[20, 528, 681]
[20, 886, 964]
[21, 118, 728]
[21, 236, 284]
[21, 298, 663]
[21, 301, 953]
[21, 333, 359]
[21, 362, 946]
[21, 399, 962]
[21, 476, 625]
[21, 490, 545]
[21, 554, 923]
[21, 711, 991]
[22, 218, 408]
[22, 298, 699]
[22, 515, 786]
[23, 77, 484]
[23, 141, 144]
[23, 164, 790]
[23, 296, 773]
[23, 328, 653]
[23, 413, 709]
[23, 834, 982]
[23, 854, 855]
[24, 94, 440]
[24, 214, 461]
[24, 232, 299]
[24, 506, 942]
[24, 562, 670]
[25, 71, 617]
[25, 159, 572]
[25, 319, 474]
[25, 340, 790]
[25, 472, 796]
[25, 476, 828]
[25, 557, 801]
[25, 632, 895]
[25, 837, 862]
[26, 118, 166]
[26, 210, 449]
[26, 216, 795]
[26, 411, 439]
[26, 412, 837]
[26, 453, 618]
[26, 641, 668]
[26, 765, 909]
[27, 83, 988]
[27, 176, 236]
[27, 248, 568]
[28, 90, 585]
[28, 157, 624]
[28, 160, 498]
[28, 295, 569]
[28, 330, 659]
[28, 440, 859]
[28, 770, 953]
[28, 810, 907]
[29, 454, 790]
[29, 685, 755]
[29, 685, 836]
[30, 97, 286]
[30, 112, 473]
[30, 160, 731]
[30, 182, 441]
[30, 230, 747]
[30, 349, 638]
[30, 385, 619]
[31, 156, 994]
[31, 240, 685]
[31, 357, 976]
[31, 462, 620]
[32, 61, 139]
[32, 205, 364]
[32, 267, 959]
[32, 384, 927]
[32, 417, 604]
[32, 494, 526]
[32, 519, 635]
[32, 576, 807]
[32, 692, 714]
[33, 94, 241]
[33, 116, 934]
[33, 258, 459]
[33, 653, 948]
[33, 663, 688]
[33, 895, 957]
[34, 51, 645]
[34, 109, 242]
[34, 156, 393]
[34, 613, 996]
[35, 106, 196]
[35, 143, 552]
[35, 199, 833]
[35, 421, 997]
[35, 429, 494]
[35, 877, 952]
[36, 88, 768]
[36, 287, 388]
[36, 326, 997]
[36, 511, 561]
[37, 88, 904]
[37, 436, 448]
[37, 832, 996]
[38, 177, 482]
[38, 242, 859]
[38, 335, 980]
[38, 341, 644]
[38, 347, 617]
[38, 377, 421]
[38, 432, 828]
[38, 457, 969]
[38, 467, 856]
[39, 241, 997]
[39, 531, 853]
[39, 777, 927]
[40, 241, 751]
[40, 300, 306]
[40, 484, 513]
[40, 788, 857]
[41, 130, 772]
[41, 392, 773]
[41, 435, 529]
[41, 502, 724]
[41, 594, 823]
[42, 280, 514]
[42, 385, 808]
[42, 439, 546]
[42, 924, 977]
[43, 127, 630]
[43, 669, 874]
[44, 222, 468]
[44, 408, 486]
[44, 548, 756]
[44, 724, 890]
[44, 764, 905]
[45, 120, 250]
[45, 632, 684]
[45, 678, 743]
[46, 259, 413]
[46, 607, 962]
[46, 615, 979]
[46, 683, 743]
[47, 91, 232]
[47, 300, 532]
[47, 424, 538]
[47, 610, 807]
[47, 640, 750]
[48, 57, 297]
[48, 312, 475]
[48, 321, 653]
[48, 382, 594]
[48, 844, 961]
[49, 248, 900]
[49, 338, 857]
[49, 798, 980]
[50, 70, 267]
[50, 114, 584]
[50, 539, 747]
[50, 579, 940]
[50, 630, 769]
[50, 650, 952]
[50, 764, 956]
[51, 55, 165]
[51, 230, 701]
[52, 68, 650]
[52, 356, 518]
[52, 360, 963]
[52, 420, 793]
[52, 428, 730]
[52, 610, 830]
[52, 676, 693]
[53, 260, 985]
[53, 502, 646]
[53, 815, 843]
[54, 90, 276]
[54, 145, 380]
[54, 215, 843]
[54, 312, 745]
[54, 383, 400]
[54, 387, 764]
[54, 504, 927]
[54, 535, 815]
[55, 208, 417]
[55, 315, 736]
[55, 389, 995]
[55, 458, 994]
[55, 750, 972]
[56, 106, 497]
[56, 111, 571]
[56, 152, 962]
[56, 207, 467]
[56, 582, 683]
[57, 244, 726]
[57, 441, 606]
[58, 68, 501]
[58, 69, 933]
[59, 123, 825]
[59, 225, 271]
[59, 641, 984]
[59, 767, 955]
[60, 347, 859]
[61, 73, 304]
[61, 337, 725]
[61, 528, 855]
[61, 638, 931]
[61, 692, 898]
[62, 132, 475]
[62, 263, 371]
[62, 285, 468]
[62, 320, 460]
[62, 655, 844]
[62, 712, 772]
[62, 771, 965]
[63, 199, 588]
[63, 249, 654]
[63, 458, 930]
[63, 759, 909]
[64, 97, 526]
[64, 159, 532]
[64, 235, 766]
[64, 305, 791]
[64, 525, 842]
[64, 571, 914]
[65, 82, 214]
[65, 90, 505]
[65, 153, 362]
[65, 279, 783]
[65, 522, 574]
[65, 671, 761]
[66, 96, 812]
[66, 141, 516]
[66, 211, 787]
[66, 730, 757]
[66, 793, 998]
[67, 353, 531]
[67, 378, 428]
[67, 406, 672]
[67, 417, 784]
[67, 479, 624]
[68, 87, 119]
[68, 164, 745]
[68, 250, 993]
[68, 303, 808]
[68, 430, 686]
[68, 490, 948]
[69, 72, 988]
[69, 171, 596]
[69, 235, 371]
[69, 333, 925]
[69, 692, 879]
[69, 702, 753]
[69, 835, 837]
[70, 72, 794]
[70, 170, 269]
[70, 175, 849]
[70, 197, 231]
[70, 199, 351]
[70, 390, 694]
[70, 501, 783]
[70, 700, 702]
[70, 906, 968]
[71, 200, 468]
[71, 492, 853]
[71, 633, 946]
[71, 755, 945]
[72, 128, 500]
[72, 129, 681]
[72, 220, 591]
[72, 361, 844]
[72, 389, 495]
[72, 503, 827]
[72, 825, 918]
[73, 175, 526]
[73, 180, 932]
[73, 184, 908]
[73, 230, 773]
[73, 384, 411]
[73, 431, 930]
[73, 738, 860]
[74, 142, 505]
[74, 204, 252]
[74, 305, 999]
[74, 445, 689]
[74, 449, 661]
[74, 907, 991]
[75, 116, 337]
[75, 510, 771]
[76, 166, 972]
[76, 340, 920]
[76, 341, 956]
[76, 383, 779]
[76, 403, 427]
[77, 159, 673]
[77, 198, 560]
[77, 288, 787]
[77, 399, 868]
[77, 449, 803]
[77, 672, 887]
[78, 81, 210]
[78, 212, 286]
[78, 318, 469]
[78, 399, 857]
[78, 769, 857]
[79, 172, 234]
[79, 264, 423]
[79, 354, 614]
[79, 383, 884]
[79, 446, 789]
[79, 541, 619]
[79, 567, 645]
[80, 127, 310]
[80, 379, 425]
[80, 519, 937]
[81, 138, 340]
[81, 196, 885]
[81, 256, 709]
[81, 535, 968]
[81, 600, 703]
[81, 750, 867]
[82, 128, 338]
[82, 136, 562]
[82, 151, 664]
[82, 315, 556]
[82, 586, 955]
[82, 605, 630]
[83, 171, 213]
[83, 199, 543]
[83, 331, 355]
[83, 472, 787]
[83, 575, 972]
[83, 591, 715]
[85, 99, 841]
[85, 287, 485]
[85, 326, 766]
[85, 453, 709]
[85, 697, 851]
[85, 708, 737]
[86, 165, 217]
[86, 199, 425]
[86, 203, 262]
[86, 231, 880]
[86, 269, 961]
[86, 307, 886]
[86, 334, 579]
[86, 524, 785]
[86, 614, 956]
[86, 665, 888]
[86, 696, 878]
[86, 725, 743]
[86, 757, 898]
[87, 290, 603]
[87, 416, 450]
[87, 541, 621]
[87, 562, 759]
[87, 783, 936]
[88, 190, 411]
[88, 939, 957]
[89, 209, 451]
[89, 235, 828]
[90, 127, 748]
[90, 320, 876]
[90, 483, 612]
[90, 597, 776]
[91, 95, 736]
[91, 107, 338]
[91, 268, 435]
[91, 337, 342]
[91, 369, 562]
[91, 379, 382]
[91, 397, 632]
[91, 825, 835]
[92, 97, 660]
[92, 134, 602]
[92, 221, 933]
[93, 96, 588]
[93, 279, 387]
[93, 313, 464]
[93, 755, 942]
[94, 172, 386]
[94, 323, 449]
[94, 360, 475]
[94, 511, 562]
[95, 193, 690]
[95, 303, 642]
[95, 453, 481]
[95, 506, 612]
[95, 766, 998]
[96, 100, 763]
[96, 159, 904]
[96, 171, 796]
[96, 203, 593]
[96, 303, 543]
[96, 395, 924]
[96, 510, 619]
[96, 534, 591]
[97, 162, 751]
[97, 252, 758]
[97, 325, 910]
[97, 437, 676]
[97, 519, 710]
[97, 660, 823]
[98, 116, 817]
[98, 152, 909]
[98, 269, 995]
[98, 329, 516]
[98, 369, 848]
[98, 757, 970]
[99, 173, 994]
[99, 179, 786]
[99, 183, 389]
[99, 184, 209]
[99, 624, 976]
[99, 669, 968]
[99, 687, 759]
[99, 716, 721]
[99, 842, 943]
[100, 123, 875]
[100, 155, 710]
[100, 212, 249]
[100, 237, 650]
[100, 316, 881]
[100, 531, 842]
[101, 204, 565]
[101, 214, 666]
[101, 244, 944]
[101, 468, 778]
[101, 500, 554]
[101, 776, 990]
[102, 117, 547]
[102, 220, 832]
[102, 407, 770]
[102, 751, 985]
[103, 348, 791]
[104, 109, 588]
[104, 409, 765]
[105, 135, 790]
[105, 153, 488]
[105, 220, 766]
[105, 484, 508]
[105, 601, 692]
[105, 760, 921]
[106, 140, 870]
[106, 310, 441]
[106, 419, 610]
[106, 439, 709]
[106, 606, 795]
[106, 797, 998]
[106, 830, 901]
[107, 237, 360]
[107, 272, 980]
[107, 361, 601]
[107, 393, 575]
[107, 555, 564]
[107, 689, 946]
[108, 149, 373]
[108, 163, 517]
[108, 172, 435]
[108, 219, 842]
[108, 221, 878]
[108, 255, 935]
[108, 276, 981]
[108, 289, 916]
[108, 463, 800]
[108, 465, 846]
[108, 640, 940]
[108, 887, 949]
[109, 279, 290]
[109, 302, 345]
[109, 446, 810]
[109, 505, 862]
[110, 116, 200]
[110, 220, 728]
[110, 330, 610]
[110, 543, 651]
[111, 336, 914]
[111, 370, 660]
[111, 377, 516]
[111, 624, 982]
[112, 209, 462]
[112, 329, 716]
[112, 813, 828]
[113, 135, 209]
[113, 237, 266]
[113, 302, 688]
[113, 314, 618]
[113, 332, 838]
[113, 343, 344]
[113, 351, 711]
[113, 423, 546]
[113, 532, 965]
[114, 325, 327]
[114, 723, 778]
[115, 133, 793]
[115, 148, 841]
[115, 235, 245]
[116, 340, 748]
[116, 579, 685]
[116, 637, 841]
[117, 223, 761]
[117, 421, 708]
[117, 644, 926]
[117, 790, 993]
[117, 882, 886]
[118, 266, 955]
[118, 327, 648]
[118, 411, 527]
[118, 539, 816]
[118, 651, 822]
[118, 704, 895]
[119, 220, 554]
[119, 298, 923]
[119, 675, 951]
[120, 124, 537]
[120, 147, 167]
[120, 147, 287]
[120, 222, 967]
[120, 366, 495]
[120, 442, 642]
[120, 617, 780]
[121, 251, 644]
[121, 327, 337]
[121, 355, 557]
[121, 370, 594]
[121, 373, 552]
[121, 524, 620]
[122, 124, 920]
[122, 367, 711]
[122, 488, 545]
[122, 524, 628]
[123, 132, 658]
[123, 148, 467]
[123, 182, 381]
[123, 366, 400]
[123, 429, 694]
[123, 459, 579]
[123, 470, 479]
[124, 137, 654]
[124, 156, 750]
[124, 182, 270]
[124, 341, 378]
[124, 519, 730]
[124, 527, 571]
[124, 766, 861]
[125, 217, 844]
[125, 253, 650]
[125, 529, 651]
[125, 682, 956]
[126, 168, 421]
[126, 231, 668]
[126, 288, 538]
[126, 342, 694]
[126, 458, 926]
[126, 477, 806]
[126, 507, 526]
[126, 518, 910]
[126, 688, 777]
[126, 788, 865]
[127, 184, 645]
[127, 327, 520]
[127, 382, 650]
[127, 389, 973]
[127, 420, 653]
[127, 643, 745]
[128, 200, 264]
[128, 227, 607]
[128, 266, 307]
[128, 282, 899]
[128, 558, 892]
[128, 587, 907]
[128, 825, 906]
[129, 243, 991]
[129, 372, 694]
[129, 373, 610]
[129, 379, 611]
[130, 146, 997]
[130, 268, 361]
[130, 306, 666]
[131, 176, 623]
[131, 646, 862]
[132, 399, 874]
[132, 419, 803]
[132, 607, 706]
[133, 155, 267]
[133, 178, 365]
[133, 303, 656]
[133, 340, 801]
[133, 481, 647]
[133, 740, 875]
[134, 189, 254]
[134, 399, 494]
[135, 177, 604]
[135, 191, 657]
[135, 206, 382]
[135, 292, 294]
[135, 337, 539]
[135, 356, 427]
[135, 491, 880]
[135, 550, 922]
[135, 606, 747]
[136, 310, 652]
[136, 617, 856]
[136, 686, 778]
[136, 799, 816]
[137, 290, 886]
[137, 313, 664]
[137, 340, 966]
[137, 498, 829]
[137, 731, 919]
[138, 331, 646]
[138, 441, 452]
[139, 172, 798]
[139, 236, 623]
[139, 289, 720]
[139, 356, 408]
[140, 155, 246]
[140, 203, 404]
[140, 233, 646]
[140, 487, 725]
[140, 580, 606]
[140, 621, 872]
[141, 221, 630]
[141, 231, 430]
[141, 234, 499]
[141, 272, 433]
[141, 288, 314]
[141, 461, 599]
[141, 528, 731]
[141, 542, 617]
[142, 346, 653]
[142, 372, 431]
[142, 606, 850]
[142, 656, 899]
[142, 789, 957]
[142, 914, 962]
[143, 233, 369]
[143, 325, 478]
[143, 334, 998]
[143, 948, 981]
[144, 348, 450]
[144, 351, 792]
[144, 363, 634]
[144, 706, 854]
[144, 714, 781]
[145, 231, 802]
[145, 244, 395]
[145, 255, 471]
[146, 187, 723]
[147, 215, 910]
[147, 345, 377]
[147, 354, 461]
[147, 385, 406]
[147, 530, 867]
[147, 558, 865]
[148, 149, 957]
[148, 260, 661]
[148, 479, 680]
[148, 486, 499]
[148, 522, 861]
[148, 684, 870]
[149, 225, 305]
[149, 228, 865]
[149, 335, 938]
[149, 573, 732]
[149, 801, 869]
[150, 160, 326]
[150, 186, 505]
[150, 458, 654]
[150, 466, 981]
[150, 532, 723]
[151, 309, 850]
[151, 331, 663]
[151, 335, 369]
[151, 357, 723]
[152, 399, 800]
[152, 514, 656]
[152, 615, 776]
[152, 642, 656]
[152, 883, 912]
[153, 449, 454]
[153, 459, 725]
[153, 467, 551]
[153, 595, 632]
[154, 374, 999]
[154, 398, 895]
[154, 441, 828]
[154, 446, 479]
[155, 551, 836]
[155, 749, 898]
[156, 249, 387]
[156, 560, 792]
[156, 623, 716]
[157, 180, 461]
[157, 636, 797]
[158, 289, 791]
[158, 315, 601]
[158, 379, 537]
[158, 639, 956]
[158, 736, 894]
[159, 339, 781]
[159, 391, 718]
[159, 452, 670]
[160, 627, 698]
[160, 834, 919]
[161, 177, 685]
[161, 206, 244]
[161, 243, 565]
[161, 256, 974]
[161, 288, 943]
[161, 298, 637]
[161, 411, 974]
[162, 303, 934]
[162, 552, 764]
[163, 168, 403]
[163, 595, 738]
[164, 299, 576]
[164, 382, 488]
[164, 609, 662]
[165, 200, 383]
[165, 231, 962]
[165, 249, 356]
[165, 265, 826]
[165, 388, 636]
[165, 436, 983]
[165, 461, 511]
[166, 181, 773]
[166, 365, 769]
[166, 425, 611]
[166, 668, 939]
[167, 273, 620]
[167, 398, 910]
[168, 396, 898]
[168, 523, 973]
[169, 361, 651]
[169, 583, 723]
[170, 220, 960]
[170, 350, 456]
[170, 722, 914]
[171, 201, 832]
[171, 241, 820]
[171, 371, 688]
[171, 381, 744]
[171, 402, 551]
[171, 599, 826]
[172, 448, 750]
[172, 489, 931]
[172, 849, 876]
[173, 277, 826]
[173, 343, 738]
[173, 343, 832]
[173, 520, 593]
[173, 677, 785]
[173, 837, 870]
[174, 197, 761]
[174, 378, 881]
[174, 452, 794]
[174, 554, 819]
[174, 640, 992]
[175, 330, 798]
[175, 677, 944]
[175, 684, 777]
[175, 741, 832]
[175, 811, 983]
[175, 845, 850]
[175, 868, 920]
[176, 265, 656]
[176, 298, 448]
[176, 352, 948]
[176, 432, 624]
[176, 492, 556]
[176, 739, 770]
[176, 791, 949]
[177, 245, 554]
[177, 498, 557]
[178, 581, 688]
[178, 682, 806]
[179, 272, 349]
[179, 277, 462]
[179, 499, 750]
[179, 757, 827]
[179, 762, 961]
[180, 213, 883]
[180, 222, 599]
[180, 249, 488]
[180, 542, 687]
[181, 210, 534]
[181, 317, 725]
[181, 333, 480]
[181, 487, 964]
[181, 633, 905]
[181, 889, 953]
[182, 298, 415]
[182, 327, 476]
[183, 202, 944]
[183, 377, 465]
[183, 403, 619]
[183, 475, 544]
[183, 594, 975]
[184, 186, 255]
[184, 431, 624]
[184, 560, 837]
[184, 563, 606]
[184, 676, 903]
[184, 886, 978]
[184, 894, 936]
[185, 191, 726]
[185, 191, 793]
[185, 196, 713]
[185, 239, 714]
[185, 382, 902]
[185, 449, 474]
[185, 642, 694]
[185, 694, 937]
[186, 349, 393]
[186, 456, 679]
[186, 483, 806]
[186, 631, 978]
[186, 774, 951]
[187, 430, 826]
[187, 660, 782]
[187, 671, 990]
[187, 805, 992]
[188, 273, 741]
[188, 353, 731]
[188, 387, 554]
[188, 420, 770]
[188, 448, 649]
[188, 686, 901]
[189, 281, 989]
[189, 335, 975]
[189, 421, 800]
[189, 510, 815]
[190, 201, 524]
[190, 330, 993]
[190, 367, 618]
[190, 520, 973]
[190, 571, 947]
[191, 428, 942]
[191, 436, 596]
[191, 762, 789]
[192, 235, 360]
[192, 244, 377]
[192, 414, 592]
[192, 689, 723]
[192, 693, 695]
[192, 721, 879]
[193, 211, 436]
[193, 603, 912]
[193, 729, 814]
[194, 298, 894]
[194, 515, 522]
[194, 527, 631]
[194, 620, 900]
[194, 906, 998]
[195, 559, 639]
[195, 828, 837]
[195, 928, 934]
[196, 328, 523]
[196, 487, 500]
[196, 575, 857]
[197, 229, 515]
[197, 295, 536]
[197, 327, 394]
[197, 505, 514]
[197, 653, 673]
[197, 830, 978]
[198, 291, 777]
[198, 497, 693]
[199, 270, 826]
[199, 338, 964]
[199, 347, 429]
[200, 365, 376]
[200, 384, 506]
[200, 389, 624]
[200, 479, 657]
[200, 484, 785]
[200, 544, 783]
[200, 673, 868]
[201, 215, 682]
[201, 301, 368]
[201, 348, 489]
[201, 571, 786]
[201, 642, 780]
[201, 902, 990]
[202, 239, 245]
[202, 245, 771]
[202, 428, 492]
[202, 580, 789]
[203, 228, 854]
[203, 675, 908]
[203, 838, 900]
[204, 237, 929]
[204, 237, 978]
[204, 295, 792]
[204, 415, 513]
[204, 430, 520]
[205, 489, 721]
[205, 751, 838]
[205, 880, 920]
[206, 417, 430]
[206, 587, 623]
[206, 621, 805]
[207, 229, 878]
[207, 401, 867]
[207, 418, 482]
[208, 266, 397]
[208, 283, 941]
[208, 433, 741]
[208, 756, 794]
[209, 248, 989]
[209, 334, 535]
[209, 338, 872]
[209, 375, 743]
[209, 489, 657]
[209, 594, 927]
[210, 227, 950]
[210, 229, 858]
[210, 340, 706]
[210, 356, 384]
[210, 412, 990]
[210, 425, 727]
[210, 603, 632]
[210, 891, 931]
[211, 316, 735]
[211, 340, 421]
[211, 346, 477]
[211, 371, 504]
[211, 487, 523]
[211, 518, 719]
[211, 576, 658]
[211, 734, 854]
[212, 361, 659]
[212, 589, 611]
[212, 667, 901]
[213, 322, 519]
[213, 397, 716]
[213, 428, 656]
[213, 493, 980]
[213, 583, 636]
[214, 248, 868]
[214, 540, 557]
[215, 486, 996]
[216, 395, 832]
[216, 650, 923]
[216, 842, 961]
[217, 297, 745]
[217, 521, 729]
[217, 826, 893]
[218, 284, 971]
[218, 311, 694]
[218, 364, 698]
[219, 306, 945]
[219, 400, 986]
[219, 718, 973]
[219, 770, 771]
[219, 819, 935]
[220, 264, 508]
[220, 299, 834]
[220, 345, 933]
[220, 372, 463]
[220, 573, 851]
[221, 263, 916]
[221, 297, 799]
[221, 302, 776]
[221, 508, 686]
[221, 615, 955]
[221, 784, 972]
[222, 302, 858]
[222, 337, 969]
[222, 681, 968]
[223, 266, 351]
[223, 368, 752]
[223, 374, 987]
[223, 427, 811]
[223, 479, 788]
[223, 479, 806]
[223, 845, 924]
[224, 264, 918]
[224, 588, 601]
[225, 317, 386]
[225, 362, 826]
[225, 388, 499]
[225, 453, 556]
[225, 543, 800]
[225, 588, 834]
[225, 597, 898]
[225, 614, 648]
[225, 662, 977]
[226, 244, 330]
[226, 273, 982]
[226, 465, 851]
[226, 481, 824]
[226, 761, 965]
[226, 768, 973]
[227, 329, 482]
[227, 521, 995]
[227, 782, 962]
[228, 278, 347]
[228, 496, 674]
[228, 821, 912]
[228, 893, 946]
[229, 230, 524]
[229, 468, 634]
[229, 617, 645]
[229, 954, 969]
[230, 250, 462]
[230, 297, 858]
[230, 413, 687]
[230, 448, 529]
[230, 529, 950]
[231, 258, 294]
[231, 284, 688]
[231, 379, 828]
[231, 396, 409]
[231, 455, 469]
[232, 244, 634]
[232, 275, 891]
[232, 341, 404]
[232, 423, 803]
[232, 566, 858]
[232, 654, 830]
[233, 503, 567]
[233, 635, 828]
[233, 651, 679]
[234, 334, 571]
[234, 664, 879]
[235, 259, 870]
[235, 337, 640]
[235, 474, 552]
[235, 605, 724]
[235, 699, 850]
[235, 772, 944]
[236, 625, 633]
[237, 251, 336]
[237, 306, 556]
[238, 354, 592]
[238, 361, 437]
[238, 421, 960]
[238, 537, 817]
[238, 716, 884]
[239, 417, 784]
[240, 319, 420]
[240, 367, 880]
[240, 378, 563]
[240, 410, 555]
[241, 467, 923]
[242, 437, 777]
[242, 547, 574]
[242, 664, 822]
[242, 828, 979]
[242, 915, 927]
[243, 251, 380]
[243, 252, 528]
[243, 386, 676]
[243, 499, 836]
[243, 500, 868]
[243, 564, 603]
[244, 466, 728]
[244, 481, 730]
[244, 565, 952]
[245, 304, 646]
[245, 444, 980]
[245, 534, 719]
[245, 618, 667]
[246, 248, 704]
[246, 282, 294]
[246, 359, 394]
[246, 362, 605]
[246, 383, 621]
[246, 745, 897]
[247, 497, 921]
[247, 524, 904]
[247, 621, 960]
[247, 627, 713]
[247, 975, 983]
[248, 472, 479]
[249, 459, 471]
[249, 501, 562]
[250, 370, 459]
[250, 431, 555]
[250, 522, 702]
[250, 578, 652]
[250, 589, 885]
[251, 301, 698]
[251, 394, 686]
[251, 435, 471]
[251, 769, 784]
[252, 536, 994]
[253, 335, 805]
[253, 344, 753]
[253, 375, 589]
[253, 649, 835]
[255, 263, 841]
[255, 316, 627]
[255, 472, 499]
[255, 819, 856]
[256, 437, 636]
[256, 562, 599]
[256, 884, 971]
[256, 945, 969]
[257, 322, 758]
[257, 335, 791]
[257, 345, 716]
[257, 359, 407]
[257, 456, 945]
[257, 546, 958]
[257, 682, 749]
[258, 965, 990]
[259, 265, 587]
[259, 525, 694]
[259, 643, 933]
[259, 748, 838]
[259, 847, 913]
[260, 316, 503]
[260, 373, 420]
[260, 398, 866]
[260, 463, 569]
[260, 530, 601]
[260, 558, 983]
[261, 448, 521]
[261, 558, 583]
[262, 632, 988]
[263, 398, 502]
[264, 442, 882]
[264, 464, 812]
[264, 680, 865]
[265, 270, 639]
[265, 298, 507]
[265, 343, 960]
[265, 353, 815]
[265, 453, 566]
[265, 509, 931]
[265, 534, 792]
[266, 381, 819]
[266, 493, 687]
[267, 377, 439]
[267, 460, 924]
[267, 687, 861]
[267, 737, 973]
[268, 309, 689]
[268, 581, 904]
[268, 609, 855]
[268, 898, 973]
[270, 350, 989]
[270, 549, 926]
[270, 792, 937]
[272, 295, 991]
[272, 589, 665]
[273, 297, 699]
[273, 440, 833]
[273, 581, 693]
[274, 293, 648]
[274, 443, 568]
[274, 573, 945]
[274, 912, 926]
[275, 304, 550]
[275, 334, 694]
[276, 457, 855]
[277, 284, 395]
[277, 636, 651]
[278, 308, 328]
[278, 445, 864]
[278, 490, 949]
[278, 545, 696]
[278, 568, 924]
[278, 650, 662]
[278, 809, 953]
[278, 812, 862]
[279, 307, 541]
[279, 431, 828]
[279, 646, 648]
[280, 703, 823]
[280, 719, 999]
[280, 823, 949]
[281, 380, 449]
[281, 398, 570]
[281, 436, 956]
[281, 564, 736]
[281, 573, 624]
[281, 595, 964]
[281, 829, 999]
[282, 366, 676]
[282, 703, 993]
[283, 529, 908]
[283, 776, 975]
[284, 447, 908]
[285, 392, 824]
[285, 436, 632]
[285, 442, 565]
[285, 501, 617]
[285, 517, 856]
[285, 542, 667]
[285, 630, 664]
[285, 830, 878]
[286, 394, 932]
[286, 500, 901]
[286, 754, 884]
[287, 476, 597]
[287, 603, 673]
[287, 702, 796]
[288, 289, 630]
[288, 325, 998]
[288, 477, 800]
[291, 508, 735]
[292, 304, 652]
[292, 473, 496]
[292, 576, 877]
[292, 850, 999]
[293, 328, 709]
[293, 550, 823]
[293, 725, 729]
[295, 768, 963]
[296, 303, 781]
[296, 321, 439]
[296, 340, 408]
[296, 357, 483]
[296, 622, 938]
[296, 626, 999]
[296, 799, 985]
[297, 497, 720]
[298, 412, 702]
[299, 371, 729]
[299, 434, 655]
[299, 507, 685]
[299, 549, 851]
[299, 634, 953]
[299, 844, 884]
[300, 540, 913]
[300, 600, 843]
[302, 535, 536]
[302, 616, 757]
[303, 423, 888]
[303, 839, 884]
[303, 903, 918]
[304, 307, 553]
[304, 347, 954]
[304, 576, 589]
[304, 767, 972]
[305, 400, 936]
[305, 947, 995]
[306, 506, 848]
[307, 501, 845]
[307, 506, 704]
[307, 940, 999]
[308, 431, 767]
[308, 699, 900]
[308, 862, 997]
[309, 368, 540]
[309, 404, 674]
[310, 708, 740]
[311, 457, 626]
[311, 542, 827]
[311, 657, 693]
[311, 707, 908]
[312, 628, 696]
[313, 333, 899]
[313, 458, 876]
[313, 573, 783]
[313, 911, 970]
[314, 347, 716]
[314, 777, 819]
[315, 774, 786]
[316, 430, 653]
[317, 377, 612]
[317, 518, 641]
[317, 624, 809]
[318, 560, 890]
[318, 747, 929]
[319, 345, 845]
[319, 422, 993]
[320, 539, 982]
[320, 589, 624]
[320, 661, 796]
[321, 389, 947]
[321, 502, 951]
[321, 556, 707]
[321, 591, 906]
[322, 373, 617]
[322, 408, 963]
[322, 545, 698]
[322, 554, 643]
[322, 579, 619]
[322, 921, 979]
[323, 458, 817]
[323, 584, 629]
[323, 592, 681]
[324, 452, 938]
[324, 553, 679]
[324, 643, 718]
[324, 730, 861]
[325, 721, 954]
[326, 332, 970]
[326, 441, 524]
[326, 635, 961]
[326, 642, 926]
[327, 546, 744]
[327, 614, 895]
[328, 421, 868]
[328, 429, 708]
[328, 541, 733]
[328, 719, 860]
[329, 456, 515]
[329, 562, 786]
[329, 591, 662]
[330, 579, 693]
[330, 672, 750]
[331, 516, 624]
[332, 343, 856]
[332, 364, 438]
[333, 359, 465]
[333, 401, 446]
[334, 428, 672]
[334, 536, 908]
[334, 631, 731]
[335, 492, 656]
[335, 529, 921]
[336, 360, 512]
[336, 465, 714]
[336, 779, 965]
[336, 940, 996]
[337, 539, 864]
[338, 347, 615]
[339, 642, 714]
[339, 667, 883]
[341, 357, 662]
[341, 530, 733]
[341, 615, 698]
[342, 370, 760]
[342, 442, 929]
[342, 622, 794]
[342, 651, 922]
[343, 504, 758]
[344, 901, 965]
[345, 768, 802]
[346, 389, 799]
[346, 465, 884]
[346, 494, 925]
[346, 502, 778]
[346, 690, 966]
[346, 748, 870]
[347, 418, 821]
[347, 584, 695]
[348, 489, 814]
[348, 513, 574]
[348, 764, 802]
[349, 363, 527]
[349, 456, 535]
[349, 456, 799]
[349, 738, 902]
[350, 375, 517]
[350, 407, 701]
[350, 724, 948]
[350, 791, 968]
[351, 394, 968]
[352, 361, 913]
[352, 366, 436]
[352, 495, 867]
[352, 638, 871]
[352, 699, 910]
[352, 709, 957]
[353, 482, 777]
[354, 406, 887]
[354, 449, 822]
[354, 512, 593]
[354, 677, 921]
[354, 822, 914]
[354, 851, 991]
[355, 361, 568]
[355, 439, 848]
[355, 454, 530]
[355, 468, 576]
[355, 510, 768]
[356, 453, 995]
[356, 550, 706]
[356, 654, 911]
[356, 687, 771]
[357, 367, 825]
[357, 435, 911]
[357, 487, 815]
[358, 489, 593]
[359, 561, 993]
[360, 863, 870]
[361, 768, 865]
[362, 518, 549]
[363, 635, 865]
[363, 783, 954]
[364, 402, 715]
[364, 524, 756]
[366, 506, 604]
[366, 632, 948]
[367, 564, 648]
[369, 673, 791]
[369, 737, 940]
[369, 769, 861]
[370, 892, 922]
[371, 419, 932]
[372, 508, 671]
[372, 610, 787]
[372, 729, 831]
[373, 386, 765]
[373, 387, 963]
[373, 458, 639]
[374, 379, 590]
[374, 388, 834]
[374, 584, 688]
[374, 735, 782]
[375, 434, 656]
[375, 466, 947]
[376, 490, 491]
[376, 694, 709]
[377, 412, 908]
[377, 491, 495]
[377, 507, 530]
[377, 791, 888]
[378, 497, 890]
[378, 568, 829]
[379, 443, 641]
[379, 555, 660]
[379, 910, 971]
[380, 440, 961]
[380, 528, 862]
[380, 600, 901]
[380, 862, 995]
[381, 601, 828]
[383, 535, 856]
[383, 638, 640]
[384, 489, 650]
[386, 645, 706]
[387, 419, 653]
[387, 650, 991]
[387, 758, 894]
[388, 520, 743]
[388, 748, 770]
[388, 901, 991]
[389, 437, 894]
[389, 891, 909]
[390, 457, 894]
[390, 468, 775]
[390, 483, 825]
[390, 510, 834]
[390, 830, 881]
[390, 851, 991]
[391, 648, 873]
[392, 416, 919]
[393, 411, 851]
[393, 498, 868]
[393, 555, 952]
[393, 632, 882]
[395, 789, 898]
[395, 796, 926]
[396, 541, 876]
[396, 599, 885]
[396, 615, 955]
[396, 674, 695]
[397, 399, 659]
[397, 492, 632]
[398, 455, 898]
[398, 631, 668]
[398, 678, 735]
[398, 800, 974]
[399, 424, 678]
[399, 482, 907]
[399, 695, 909]
[399, 701, 768]
[400, 483, 825]
[401, 412, 686]
[401, 472, 728]
[402, 417, 908]
[402, 421, 671]
[402, 507, 606]
[403, 504, 835]
[405, 426, 819]
[405, 505, 987]
[406, 737, 964]
[408, 473, 499]
[408, 638, 988]
[409, 412, 903]
[409, 440, 458]
[410, 434, 557]
[410, 455, 653]
[410, 617, 824]
[410, 653, 950]
[411, 611, 642]
[413, 422, 510]
[413, 557, 797]
[414, 468, 688]
[414, 600, 658]
[414, 643, 915]
[414, 673, 810]
[415, 797, 954]
[416, 606, 883]
[417, 456, 632]
[417, 930, 937]
[418, 535, 774]
[419, 744, 973]
[420, 639, 733]
[421, 902, 949]
[422, 539, 760]
[422, 550, 908]
[423, 529, 848]
[423, 551, 711]
[423, 903, 918]
[424, 460, 544]
[424, 487, 596]
[424, 576, 779]
[424, 647, 682]
[424, 780, 886]
[424, 809, 948]
[425, 430, 916]
[425, 576, 596]
[426, 450, 466]
[427, 433, 546]
[427, 541, 901]
[428, 460, 922]
[428, 777, 831]
[428, 830, 924]
[429, 457, 838]
[429, 562, 771]
[429, 596, 685]
[429, 763, 887]
[430, 525, 956]
[430, 597, 828]
[430, 718, 800]
[431, 624, 813]
[432, 478, 724]
[432, 580, 862]
[433, 506, 987]
[433, 521, 922]
[434, 829, 900]
[434, 915, 986]
[434, 939, 956]
[435, 509, 582]
[436, 452, 823]
[436, 485, 866]
[436, 641, 886]
[436, 731, 931]
[437, 553, 726]
[438, 486, 991]
[438, 494, 815]
[439, 626, 797]
[441, 461, 944]
[441, 501, 592]
[441, 545, 794]
[441, 888, 979]
[442, 601, 730]
[442, 689, 702]
[442, 892, 948]
[443, 501, 726]
[443, 668, 684]
[443, 673, 702]
[444, 688, 938]
[444, 857, 903]
[445, 746, 805]
[446, 566, 724]
[447, 460, 830]
[447, 491, 587]
[447, 589, 921]
[448, 463, 843]
[448, 571, 718]
[448, 765, 894]
[449, 493, 984]
[449, 870, 900]
[450, 606, 945]
[450, 842, 966]
[452, 541, 756]
[454, 685, 859]
[454, 890, 931]
[455, 785, 971]
[455, 904, 959]
[458, 474, 498]
[458, 835, 912]
[459, 508, 716]
[460, 558, 691]
[460, 774, 806]
[461, 627, 668]
[462, 543, 723]
[463, 495, 710]
[463, 499, 728]
[463, 753, 868]
[465, 474, 770]
[465, 488, 884]
[466, 511, 747]
[466, 566, 836]
[466, 655, 975]
[466, 748, 919]
[466, 857, 909]
[467, 865, 894]
[469, 816, 969]
[470, 583, 959]
[470, 804, 848]
[471, 722, 780]
[471, 794, 970]
[473, 523, 563]
[473, 666, 795]
[473, 928, 991]
[476, 773, 951]
[476, 872, 942]
[477, 656, 917]
[478, 490, 961]
[479, 525, 665]
[479, 730, 925]
[480, 541, 988]
[480, 645, 939]
[482, 675, 906]
[483, 520, 808]
[483, 667, 709]
[483, 679, 845]
[483, 871, 970]
[484, 532, 646]
[484, 713, 765]
[485, 521, 801]
[485, 524, 836]
[485, 717, 935]
[485, 719, 896]
[486, 490, 936]
[486, 505, 678]
[486, 608, 863]
[486, 652, 965]
[486, 703, 858]
[487, 562, 796]
[487, 919, 994]
[488, 492, 978]
[488, 731, 768]
[488, 822, 843]
[489, 938, 973]
[490, 620, 906]
[491, 510, 671]
[491, 840, 886]
[492, 791, 820]
[492, 805, 959]
[493, 523, 941]
[493, 684, 961]
[493, 919, 955]
[494, 516, 882]
[494, 589, 755]
[495, 715, 881]
[496, 726, 891]
[496, 764, 816]
[497, 541, 741]
[497, 649, 934]
[498, 732, 838]
[500, 510, 784]
[501, 517, 692]
[501, 785, 828]
[502, 557, 578]
[502, 821, 931]
[503, 538, 794]
[503, 729, 949]
[504, 544, 896]
[504, 553, 943]
[506, 600, 984]
[506, 709, 979]
[506, 817, 990]
[508, 519, 815]
[508, 546, 715]
[509, 688, 951]
[509, 752, 760]
[510, 837, 906]
[511, 649, 946]
[512, 546, 969]
[512, 664, 900]
[512, 808, 881]
[515, 543, 850]
[515, 582, 861]
[515, 740, 849]
[515, 769, 837]
[517, 528, 585]
[517, 703, 959]
[517, 716, 987]
[517, 934, 937]
[518, 649, 904]
[519, 523, 600]
[519, 538, 953]
[522, 702, 950]
[522, 705, 856]
[523, 566, 839]
[523, 606, 650]
[523, 815, 862]
[523, 950, 991]
[525, 741, 906]
[526, 615, 620]
[526, 676, 791]
[526, 677, 771]
[527, 535, 777]
[528, 930, 980]
[529, 579, 584]
[529, 675, 932]
[530, 906, 945]
[532, 569, 627]
[532, 733, 910]
[534, 546, 913]
[534, 563, 608]
[534, 564, 944]
[534, 623, 686]
[534, 662, 894]
[535, 619, 677]
[537, 552, 837]
[537, 615, 951]
[537, 669, 868]
[537, 779, 929]
[539, 570, 888]
[541, 963, 995]
[542, 665, 765]
[543, 937, 968]
[544, 913, 960]
[545, 699, 929]
[546, 744, 964]
[546, 768, 922]
[547, 737, 925]
[548, 580, 861]
[548, 586, 644]
[548, 676, 732]
[549, 614, 763]
[549, 681, 811]
[550, 827, 982]
[552, 769, 868]
[555, 674, 822]
[555, 803, 828]
[556, 593, 806]
[556, 685, 887]
[556, 818, 889]
[557, 628, 634]
[557, 641, 888]
[558, 560, 652]
[559, 803, 928]
[560, 982, 993]
[561, 792, 883]
[562, 609, 904]
[563, 586, 703]
[563, 818, 939]
[564, 865, 991]
[565, 608, 770]
[565, 645, 986]
[566, 635, 972]
[566, 690, 996]
[567, 892, 922]
[567, 914, 931]
[568, 854, 911]
[569, 629, 847]
[569, 770, 824]
[571, 939, 943]
[572, 688, 854]
[575, 641, 953]
[575, 910, 987]
[576, 711, 775]
[576, 725, 936]
[578, 616, 939]
[581, 588, 591]
[581, 696, 874]
[582, 733, 947]
[583, 620, 642]
[584, 701, 727]
[584, 833, 956]
[586, 844, 850]
[587, 712, 927]
[587, 801, 938]
[587, 857, 919]
[588, 941, 960]
[589, 732, 840]
[589, 747, 943]
[591, 739, 802]
[591, 807, 928]
[592, 611, 885]
[592, 619, 689]
[592, 839, 913]
[593, 756, 757]
[594, 649, 997]
[595, 659, 754]
[598, 642, 983]
[598, 816, 998]
[599, 808, 953]
[600, 713, 872]
[600, 849, 979]
[601, 839, 944]
[603, 807, 908]
[603, 921, 980]
[604, 609, 787]
[605, 742, 802]
[606, 627, 840]
[607, 639, 788]
[607, 733, 824]
[610, 792, 806]
[610, 829, 832]
[610, 945, 952]
[613, 648, 993]
[613, 778, 820]
[614, 885, 991]
[616, 782, 949]
[616, 859, 992]
[617, 656, 714]
[617, 836, 927]
[618, 696, 746]
[618, 737, 782]
[619, 814, 894]
[620, 754, 894]
[622, 683, 975]
[623, 669, 762]
[625, 690, 957]
[626, 759, 945]
[627, 649, 999]
[628, 785, 831]
[629, 665, 812]
[629, 727, 896]
[630, 635, 653]
[630, 915, 929]
[632, 652, 861]
[635, 712, 753]
[635, 803, 945]
[635, 824, 846]
[637, 761, 925]
[638, 644, 649]
[638, 793, 988]
[638, 911, 928]
[639, 728, 742]
[641, 756, 760]
[644, 674, 859]
[645, 776, 895]
[647, 864, 973]
[648, 761, 819]
[651, 869, 876]
[652, 731, 859]
[652, 821, 911]
[657, 695, 912]
[657, 730, 845]
[657, 800, 957]
[662, 702, 811]
[663, 682, 693]
[668, 759, 859]
[669, 791, 950]
[673, 768, 868]
[674, 740, 915]
[678, 763, 786]
[682, 757, 786]
[682, 767, 887]
[682, 863, 918]
[683, 771, 792]
[683, 887, 994]
[686, 773, 950]
[690, 757, 908]
[692, 757, 788]
[692, 883, 991]
[693, 754, 849]
[693, 929, 945]
[695, 788, 942]
[696, 845, 973]
[697, 745, 889]
[698, 741, 948]
[701, 711, 775]
[702, 785, 990]
[702, 814, 817]
[702, 832, 957]
[707, 816, 917]
[711, 877, 981]
[717, 839, 887]
[719, 736, 930]
[719, 773, 827]
[720, 863, 946]
[723, 744, 914]
[723, 789, 991]
[726, 820, 841]
[727, 919, 956]
[728, 755, 963]
[728, 808, 882]
[733, 758, 890]
[735, 986, 988]
[738, 762, 831]
[738, 883, 978]
[739, 864, 913]
[741, 780, 875]
[743, 869, 933]
[746, 952, 972]
[748, 803, 905]
[748, 953, 974]
[751, 883, 899]
[755, 788, 865]
[768, 941, 992]
[776, 785, 907]
[783, 793, 832]
[786, 799, 938]
[787, 793, 875]
[790, 845, 928]
[798, 807, 839]
[805, 895, 945]
[805, 946, 977]
[808, 816, 935]
[813, 914, 968]
[814, 884, 979]
[814, 934, 990]
[817, 938, 950]
[821, 980, 990]
[827, 844, 886]
[832, 943, 977]
[833, 920, 956]
[835, 939, 957]
[836, 878, 932]
[861, 908, 943]
[882, 908, 959]
[890, 960, 986]
[899, 902, 929]
[915, 953, 970]
[936, 937, 972]
[940, 968, 975]
