1,93,220 : -0.23296536478873286
1,100,232 : -0.24150662899427222
2,119,128 : -0.23205535256635001
2,126,206 : -0.16687740669414897
3,38,104 : -0.3735090877975873
3,155,157 : -0.24953341096605164
3,183,211 : -0.25595318133304246
4,57,189 : -0.25270092674772715
4,140,191 : -0.1565234197442611
6,138,197 : -0.4517831120742497
6,9,178 : -0.2512723782339741
7,13,241 : -0.1860853530109945
7,167,204 : -0.3408352584408143
7,195,200 : -0.22950411494220413
8,67,116 : -0.13799127814665346
8,225,231 : -0.17252924778595569
4,10,150 : -0.2926398960330585
10,130,147 : -0.35811252620126743
11,99,101 : -0.2215312546925441
12,36,242 : -0.3220338405089922
12,76,199 : -0.20449341256894393
3,13,30 : -0.38546480591029497
13,28,106 : -0.0744764925307535
13,111,134 : -0.26912497106123356
13,43,156 : -0.3318856139273578
13,76,241 : -0.301650088165335
14,94,169 : -0.2218065744885409
15,172,235 : -0.5094921196445754
15,44,177 : -0.3997815565507632
16,18,228 : -0.30795898312289083
17,67,198 : -0.21787446525938448
17,76,133 : -0.3354420259386339
17,88,168 : -0.3745880868519438
17,54,236 : -0.21987063339293922
17,47,248 : -0.2374512887081277
19,195,243 : -0.29243634503679505
20,34,96 : -0.3716305891372591
20,67,142 : -0.3423014939640314
20,22,27 : -0.31577772490689404
22,88,170 : -0.37341106279361114
22,110,197 : -0.18633285033366054
22,67,183 : -0.09428423835228283
4,23,120 : -0.3279465524674552
23,54,144 : -0.45197801873818655
23,182,237 : -0.551621138361192
24,80,215 : -0.37162163489666367
24,49,120 : -0.5071374787340162
25,52,135 : -0.4466447633021329
25,162,198 : -0.3531074135224528
25,151,215 : -0.40758919207749544
25,201,248 : -0.24103624906844612
26,227,231 : -0.44669689346288144
8,27,115 : -0.3393778345741414
27,198,237 : -0.3781823620898974
29,85,93 : -0.1937208222971214
15,29,107 : -0.34581069451301616
29,127,192 : -0.2144455455321359
11,29,146 : -0.22015354981730195
29,46,250 : -0.27693961569752235
30,172,179 : -0.39698941956199696
33,115,236 : -0.3314334368200136
33,150,176 : -0.45005686238297926
33,43,222 : -0.19599506060385652
21,33,247 : -0.3140546417216936
34,170,172 : -0.35267377679420986
35,135,173 : -0.38088506847882475
35,181,197 : -0.21344940507945043
35,199,227 : -0.31497463827858807
36,130,245 : -0.2711724478551014
37,96,166 : -0.6485815823900691
23,37,112 : -0.42367577246549204
37,124,231 : -0.3156206221054987
38,54,195 : -0.2167117682968307
40,43,69 : -0.39123350774842525
40,123,249 : -0.33536707786942155
40,135,174 : -0.4175481826207825
17,40,162 : -0.3765787820363844
40,178,232 : -0.31103786921602894
40,119,236 : -0.32897124073644646
41,51,181 : -0.38321861353002107
41,179,217 : -0.3057267879044381
8,42,183 : -0.1983244971720597
42,165,208 : -0.23068986710765005
44,92,164 : -0.2843877887529829
44,63,119 : -0.2770135123239674
45,119,131 : -0.09571210779863959
5,46,121 : -0.3631069274202847
46,164,228 : -0.28984374865661566
25,46,216 : -0.3228855510514841
47,204,249 : -0.3527440297625086
48,83,91 : -0.18844758501622483
46,51,229 : -0.28272805846148596
51,98,232 : -0.3144923857653388
52,75,102 : -0.44414414918260037
53,156,163 : -0.3409104737377986
1,53,227 : -0.278336622161953
7,54,111 : -0.06631642109663716
54,142,155 : -0.2358749022502138
54,121,214 : -0.32131771282085353
31,55,81 : -0.2309413019736819
55,100,216 : -0.3204230322522803
55,117,164 : -0.4161698472735218
55,161,193 : -0.4268531992346274
56,92,129 : -0.21447160450829905
6,56,177 : -0.4094046696627238
57,152,200 : -0.30137693012689626
57,85,153 : -0.2944157783247441
37,59,219 : -0.01886778685605428
60,115,150 : -0.2893466634175188
61,88,109 : -0.3721367782322287
61,125,231 : -0.17854676219534227
61,175,201 : -0.21546780656561815
37,62,210 : -0.5869309672975396
63,95,176 : -0.3557494945551265
63,175,215 : -0.19332322390910583
22,64,70 : -0.23871329063009572
49,64,131 : -0.5145779924163523
46,64,205 : -0.39633346877107867
64,104,229 : -0.24949421559767448
23,65,183 : -0.4112738248385994
65,123,163 : -0.4207574275909953
24,66,180 : -0.35852910135966587
66,115,163 : -0.30847161112881105
67,219,220 : -0.29669865877309043
68,190,208 : -0.3168704842600696
69,115,121 : -0.4338036777553913
14,26,70 : -0.39623521344789814
27,70,187 : -0.3218169101938919
13,71,110 : -0.08449541350914003
17,71,106 : -0.1683085773447397
52,71,208 : -0.34062220463843573
71,81,85 : -0.3031956746202291
71,123,129 : -0.3907770233362029
13,71,195 : -0.10486771340147216
71,206,241 : -0.21605326332895647
8,72,124 : -0.23587074058164048
72,104,130 : -0.33032698751476497
73,209,229 : -0.5098515529568957
59,69,74 : -0.36613981204286317
23,75,209 : -0.4926161317176967
53,76,227 : -0.2388667349921494
76,89,148 : -0.1256680831108241
76,181,228 : -0.1545198087779176
49,77,101 : -0.4071542160245023
77,137,166 : -0.26720907042192654
77,213,226 : -0.15902525636135767
78,203,240 : -0.39726209501931775
78,190,245 : -0.25540222308776483
65,79,122 : -0.28706288566824
41,80,109 : -0.23890197835497262
64,80,116 : -0.2857358562230603
81,103,106 : -0.5236447694889532
81,97,146 : -0.24160996275000501
70,82,128 : -0.5073193781510024
7,83,243 : -0.4091817006133014
83,158,210 : -0.3042854329410991
83,152,234 : -0.2837684261033311
39,84,115 : -0.22275552023212453
84,118,178 : -0.31846291753859934
84,183,208 : -0.28638536085964295
84,141,234 : -0.2511944348095767
74,85,210 : -0.4232879133182328
85,178,237 : -0.4029719391613109
81,86,116 : -0.21762347910069524
86,124,192 : -0.24652469683525347
30,87,97 : -0.4423444897635105
87,98,191 : -0.3010638688846825
33,87,137 : -0.5643712045330846
28,88,222 : -0.09662882739865264
88,90,112 : -0.1179422975721447
67,88,224 : -0.33470194884173443
89,107,225 : -0.3823016973372999
89,202,243 : -0.356041972092187
20,68,92 : -0.39647589988543275
47,92,118 : -0.40709461500508226
46,92,122 : -0.2400766758174271
7,46,93 : -0.34754211713989935
63,86,93 : -0.1796404920178878
56,93,199 : -0.37117392875222577
29,94,166 : -0.46479588302234176
94,179,240 : -0.30825822451607765
96,99,246 : -0.31640891601680776
97,161,185 : -0.26228051274186814
97,161,219 : -0.16211529866604568
97,98,134 : -0.3064730528615571
58,98,120 : -0.3125057873740156
98,189,191 : -0.05023606838570327
98,167,219 : -0.3377821184827552
33,99,168 : -0.3390001315331608
78,99,174 : -0.28554803784646743
57,99,212 : -0.19509747164885471
101,192,215 : -0.31710371235562107
77,102,121 : -0.3681217376412058
102,166,214 : -0.328819911056083
67,73,103 : -0.37302187883483984
102,104,193 : -0.516289050605083
42,61,105 : -0.37370718833115046
17,105,141 : -0.4313870605880301
22,106,110 : 0.04435476826258078
54,106,210 : -0.3969606578807179
52,106,145 : -0.21258730264252823
101,106,188 : -0.430543863993027
8,107,205 : -0.3293232753673867
107,156,181 : -0.31203721396552964
107,148,215 : -0.21124889244688183
33,108,157 : -0.2489229899503218
15,110,234 : -0.3097509325844836
21,46,110 : -0.5665195930789315
106,110,157 : -0.08643426736482529
43,110,142 : -0.2578339756889032
104,110,230 : -0.2795876586430812
48,111,151 : -0.15324917044974495
17,113,236 : -0.12088338523194819
113,150,250 : -0.30518534458958024
42,55,114 : -0.5975253153645923
114,132,245 : -0.534609939446316
91,115,138 : -0.45547688394871955
46,115,145 : -0.3334123341125972
73,116,154 : -0.39520821380925764
116,146,247 : -0.3445848024889222
16,79,118 : -0.2937239584714806
62,95,118 : -0.37790123806094944
118,186,240 : -0.3926967281092737
19,81,120 : -0.2836485780025071
86,121,196 : -0.2497959783656194
44,122,188 : -0.35140199864620403
41,123,167 : -0.4047680346562821
3,98,124 : -0.4477547137044977
113,124,201 : -0.18876470416060265
119,124,215 : -0.2298941700856103
93,124,126 : -0.1478586617061275
124,157,229 : -0.02584208374735253
31,124,213 : -0.48691581631977754
119,124,236 : -0.09300262929655112
61,124,245 : -0.18167358033532066
20,127,168 : -0.23185980066223166
66,128,225 : -0.34207883188325683
118,128,208 : -0.33894796208383204
36,130,241 : -0.3494915634961284
107,130,228 : -0.35325236427037066
44,130,131 : -0.4225057717697269
6,131,229 : -0.3191088698025841
121,132,151 : -0.40795883378938913
133,223,248 : -0.15466153686574624
15,134,143 : -0.38991862328501137
42,75,134 : -0.4401991684771638
128,134,144 : -0.47172341885578795
57,113,136 : -0.3296675733015946
109,136,230 : -0.33663264670832316
32,137,215 : -0.43380129971549275
40,47,138 : -0.4618531058125166
79,138,172 : -0.5989594378800684
140,215,238 : -0.4344857393368522
3,63,142 : -0.29269873412048986
25,58,143 : -0.37852675121366985
77,143,147 : -0.3854740379658046
4,5,144 : -0.46480530935976594
9,21,144 : -0.41027521955732693
125,144,180 : -0.37507220717958045
47,146,213 : -0.4143022882688041
146,165,239 : -0.284162177138215
149,204,242 : -0.2564568226688342
43,149,210 : -0.2686222921592303
112,149,249 : -0.23781791761835858
149,150,232 : -0.15772336292174116
136,151,180 : -0.4532287080193229
62,72,152 : -0.37093795226419557
54,152,212 : -0.18637201739641673
152,206,230 : -0.28552688057310527
101,134,153 : -0.228327518914621
70,154,198 : -0.30322959793946636
154,206,208 : -0.25365082596860433
24,150,155 : -0.3281549173722389
72,119,156 : -0.16797450620510346
124,154,157 : -0.19396011854137374
131,157,230 : -0.25577474054011073
61,64,159 : -0.37371863634337066
124,159,236 : -0.3048559906250492
12,159,192 : -0.4201334886781676
1,161,169 : -0.37543083593329407
161,167,198 : -0.31795984020741885
161,230,231 : -0.35724094126107
48,161,244 : -0.2516064651977825
49,162,166 : -0.47571120644860976
100,137,162 : -0.38985954384598
101,117,163 : -0.38781588481465645
78,119,165 : -0.2773024758932323
39,166,247 : -0.3250327342241519
2,44,167 : -0.27251177318955655
62,167,208 : -0.3936776993169282
70,100,167 : -0.2613703313415936
56,167,216 : -0.3199369985489442
5,39,168 : -0.15906563206695323
86,133,169 : -0.4056965376739483
49,132,170 : -0.49357598662036617
37,60,171 : -0.24492495895914623
142,171,243 : -0.289658394154898
5,171,224 : -0.3260793387137877
70,106,172 : -0.4200403428465551
64,172,189 : -0.4020578144641549
15,173,207 : -0.2962851457716722
20,133,173 : -0.39929421280172583
128,173,199 : -0.31279812963817744
98,153,173 : -0.22544847174939475
53,104,175 : -0.2949744729726027
142,175,185 : -0.29266465552402376
15,176,213 : -0.35362575457526946
18,82,176 : -0.2850784108477984
24,75,177 : -0.3616831588045508
151,153,177 : -0.21965852338010294
41,159,177 : -0.45222156826603643
37,177,219 : -0.20347755563198455
43,126,178 : -0.36331798374316593
171,179,227 : -0.30913259779182756
81,105,181 : -0.3847546229655445
46,182,229 : -0.4257993981747932
1,74,183 : -0.29295857352269583
141,186,193 : -0.3808031702849888
31,53,187 : -0.3339563603350497
11,175,188 : -0.2742142896935351
188,233,236 : -0.356982683322536
79,162,190 : -0.4253912475885635
34,66,192 : -0.2528366520592462
134,152,193 : -0.4338073999640444
141,168,194 : -0.22421603787173594
169,171,194 : -0.19037729543802206
104,173,195 : -0.40619160207021143
29,164,196 : -0.3225455677085558
56,105,196 : -0.3347767570118316
17,97,196 : -0.2674745112333663
107,133,197 : -0.2575573807220881
69,163,197 : -0.29827192236879285
188,197,227 : -0.2674882885569736
97,178,198 : -0.2444988973914477
33,198,243 : -0.34250659607818434
148,199,218 : -0.17374545752686332
122,164,200 : -0.31816518883518485
12,70,201 : -0.1154104266360676
93,102,201 : -0.15288777121917674
108,201,204 : -0.22069699824006195
39,147,202 : -0.2889661471495688
3,203,233 : -0.3010299140269721
38,160,203 : -0.4259818204179353
59,203,216 : -0.3095502598564044
203,227,228 : -0.28746520062043013
70,204,222 : -0.38625387320756
38,204,236 : -0.2388587929195951
85,205,228 : -0.23939855894260198
78,157,206 : -0.1839028104786864
41,206,214 : -0.32078398592698165
29,191,207 : -0.4734184634611538
78,126,207 : -0.38242724820970997
83,160,209 : -0.4305851789076818
108,209,241 : -0.27291490075161073
19,205,211 : -0.08375579992559001
16,46,211 : -0.3644049962928364
74,204,211 : -0.2333567345792278
85,195,211 : -0.145898969752968
120,142,211 : -0.25330359598220165
17,146,212 : -0.16978556787963717
9,77,213 : -0.17458783337072292
84,123,213 : -0.2635000561816352
186,213,224 : -0.2748167382158151
70,165,214 : -0.33595717832877625
7,125,214 : -0.2922695459048663
95,132,215 : -0.45648282683102925
197,215,239 : -0.2701659647619685
74,97,216 : -0.2557729364520054
46,192,216 : -0.3194427187819413
79,217,233 : -0.3145701285290017
35,217,238 : -0.2356366956531606
39,84,218 : -0.1850791147989186
64,168,218 : -0.2778722200260637
82,207,218 : -0.39374795996899814
47,215,218 : -0.3371852206714512
218,243,248 : -0.16744828600688222
216,218,246 : -0.40011307003181007
216,219,221 : -0.3122542115104505
74,116,220 : -0.12595530492552265
131,206,220 : -0.3521992564645
24,47,221 : -0.5417040830032844
76,216,221 : -0.4076476190559972
34,223,238 : -0.20305238056520958
137,179,223 : -0.3189964720153493
180,199,223 : -0.30319775505065283
82,110,224 : -0.31339630140698604
49,84,224 : -0.33910035272065
50,209,224 : -0.514744408189324
61,126,225 : -0.2120745129998114
154,200,225 : -0.36047469240177854
10,120,226 : -0.12946724291310052
101,190,226 : -0.27370627440366513
113,188,227 : -0.2811499098407324
71,121,227 : -0.404486804738426
126,174,227 : -0.3078517369871543
60,187,227 : -0.16641592590836396
94,114,228 : -0.46288339447529525
151,161,228 : -0.3039572482478581
123,155,229 : -0.358069894843144
30,182,230 : -0.3153525587776633
115,183,230 : -0.27950914956785344
100,230,242 : -0.2833981139478625
137,144,231 : -0.4751225053625938
53,141,231 : -0.329375547198824
136,191,232 : -0.2639823566842394
113,204,232 : -0.11654694025909884
155,234,242 : -0.31623964201623567
66,235,237 : -0.29080303750922454
171,203,236 : -0.2668412754132832
204,211,236 : -0.1265048108311615
42,236,249 : -0.30206106160647606
18,199,237 : -0.33430383343306525
164,185,238 : -0.5022185326989093
102,178,239 : -0.21787479406584098
49,224,239 : -0.3425582125877107
8,22,240 : -0.30433022127248766
49,185,240 : -0.49020281892565487
27,158,241 : -0.3082883401233709
12,214,241 : -0.08448488969354306
31,94,242 : -0.34896826009638016
74,181,242 : -0.30316243991159797
68,187,243 : -0.2599720015807785
115,174,244 : -0.31367372640310953
215,235,244 : -0.40189475715349143
89,188,245 : -0.43376408859669047
120,174,245 : -0.3016977185573999
181,237,245 : -0.34072443015458753
11,185,246 : -0.08014233168735374
19,31,246 : -0.2194868064293134
6,27,247 : -0.3346836136383202
69,215,248 : -0.295414735222463
29,199,248 : -0.13923812060047025
143,224,249 : -0.3665984286599824
55,244,250 : -0.2895894924077145
11,133,250 : -0.22595167168766017
26,117,483 : -0.5620476910646766
38,71,499 : -0.7651481989718532
136,182,253 : -0.7073004141062738
73,143,435 : -0.7475068032965582
39,155,414 : -0.7636899965041712
137,166,576 : -0.6457538159409673
98,144,624 : -0.7958911608314536
22,52,927 : -0.6648316607678542
110,224,863 : -0.6863174644283543
137,188,802 : -0.6847190334764561
154,233,983 : -0.7867369779930122
121,239,808 : -0.524148035834235
85,139,414 : -0.34865616998983207
164,227,420 : -0.783561853919835
105,235,403 : -0.7113776947318549
3,442,471 : -0.7543225554469684
105,357,381 : -0.7374736194628926
131,274,440 : -0.7621749514346066
133,304,469 : -0.7649285178696086
154,367,381 : -0.711898313183875
180,425,499 : -0.7449916236122036
205,353,364 : -0.7619064216780156
221,262,483 : -0.6840394236213698
36,409,539 : -0.9313456372455555
53,344,558 : -0.9228642117472152
62,353,660 : -0.8715572793028592
69,488,731 : -1.0184270759842664
77,415,508 : -1.0244098658444152
75,376,975 : -0.7239858295574697
135,329,933 : -0.9056206809182026
144,265,779 : -0.9290952741365801
210,335,979 : -0.9230915537260196
95,319,680 : -0.8794375060748161
114,482,648 : -0.855157772426888
138,510,599 : -0.7455488483543073
227,615,620 : -0.8723507173297951
78,565,987 : -0.9168145500853058
87,695,925 : -0.9334527170589355
207,676,799 : -0.7057712845342674
20,189,790 : -0.7966451719259342
25,46,932 : -0.6651024742665217
36,198,760 : -0.7059064574694272
7,188,860 : -0.8048012537849942
36,206,810 : -0.657801164242688
204,236,792 : -0.5499951419860991
137,740,756 : -0.6981323421920735
159,666,754 : -0.6947684313222058
89,910,914 : -0.6773731427177343
193,943,947 : -0.7185836716604965
216,781,782 : -0.6431253194282374
7,242,437 : -0.7003136743368716
69,275,336 : -0.6183140074871623
160,325,361 : -0.41354384921341714
123,426,448 : -0.6411411275562884
97,387,476 : -0.8531693391314417
21,260,518 : -0.8909142728714321
182,283,658 : -0.6486449337197207
25,352,726 : -0.8722473344780282
73,407,586 : -0.8515790075909042
159,464,746 : -1.0236589378138454
27,475,608 : -0.9787164378701743
96,316,966 : -0.8239968035204237
23,364,873 : -0.9182095222920497
87,427,985 : -0.8283976122402579
138,466,848 : -0.8746708352301429
49,318,326 : -0.7506608509066321
230,346,487 : -0.81923738164725
47,411,431 : -0.8083958979503068
224,430,469 : -0.7617497355037146
204,467,493 : -0.8138554160755744
251,310,406 : -0.27892335241511756
251,282,414 : -0.4203324753981019
251,418,481 : -0.1547042115736661
251,419,496 : -0.258809496661899
253,357,464 : -0.31748654143513155
253,320,384 : -0.1437569624523256
253,390,393 : -0.269597576065548
253,407,468 : -0.3034294544737002
253,351,454 : -0.31523348617226055
254,258,446 : -0.5260566707417387
254,304,354 : -0.40697642422685987
254,296,381 : -0.4377744344361818
254,288,414 : -0.2469638602307218
255,259,435 : -0.30150898190000097
253,255,466 : -0.33911145111798846
257,293,345 : -0.07742674922234105
257,306,432 : -0.30110753621674613
257,345,431 : -0.1686646395948017
258,335,415 : -0.3968121299943683
258,362,442 : -0.20883664334334218
259,279,391 : -0.3238560886602131
259,342,349 : -0.3861381850367911
259,390,485 : -0.16867205635415816
260,314,449 : -0.5212563130396715
261,369,440 : -0.1817492710886781
263,307,342 : -0.256723650250849
264,401,417 : -0.29390527742110395
266,288,295 : -0.23333424733158514
267,304,372 : -0.29782736854980674
267,346,397 : -0.22000757269343185
267,413,488 : -0.3439640050066455
269,306,447 : -0.3597714092648929
270,294,323 : -0.40780735895893816
262,263,271 : -0.24734825142416583
271,378,418 : -0.2545105613952161
271,397,462 : -0.20444238330850384
272,280,417 : -0.19313824100478927
272,375,422 : -0.08562556416085965
272,385,429 : -0.13504364055724527
273,337,460 : -0.13123903186103236
273,335,382 : -0.4040587506627258
254,273,483 : -0.4209021538884139
266,274,292 : -0.4619702224745741
274,407,492 : -0.24638245080520993
274,453,492 : -0.26293384699266564
275,333,381 : -0.5160347862777197
275,315,401 : -0.22192653492412084
275,402,413 : -0.24676109130378587
275,320,477 : -0.19847447214609026
275,479,485 : -0.2211105253468233
273,276,298 : -0.08373681598529004
276,298,490 : -0.040584026841687715
276,314,347 : -0.27616813647354665
276,494,495 : -0.31233475606126815
276,460,496 : -0.26172148744018586
277,317,377 : -0.11785678529434951
277,291,474 : -0.2436723548476445
278,427,461 : -0.23483883151011287
278,488,495 : -0.2635834490008728
279,389,463 : -0.39549688923867654
279,360,441 : -0.25789461377325296
280,362,402 : -0.1207952801237826
281,297,372 : -0.33071428266848324
282,379,497 : -0.23914999492297206
284,344,404 : -0.300040384612275
284,380,456 : -0.06892360952073151
284,387,472 : -0.18691047173848752
285,343,493 : -0.3885743071173504
286,345,455 : -0.3582880189517148
286,338,492 : -0.31941714501610985
288,337,471 : -0.32529304113182445
288,397,420 : -0.328725522636786
275,286,289 : -0.30023497121739107
289,365,473 : -0.15320315387253247
289,379,401 : -0.23928845552859412
289,317,400 : -0.2524604555032146
289,395,411 : -0.4490819398958621
289,420,473 : -0.06642491042908816
276,289,494 : -0.1975079934227968
290,339,397 : -0.32401783439681386
292,294,369 : -0.31948612381345076
293,358,360 : -0.24894692956827158
268,293,450 : -0.21073455081701997
293,408,471 : -0.19900478318734827
294,337,455 : -0.24005997371462096
297,300,363 : -0.3152874119667821
276,298,328 : -0.09031403754461254
292,298,366 : -0.2863974850080999
299,371,418 : -0.2737417044395636
287,300,345 : -0.06444251237704024
268,301,489 : -0.22873297550279625
301,337,416 : -0.1854269797845245
301,360,362 : -0.08628292139129701
276,302,323 : -0.18075343801774557
266,302,394 : -0.26994097380812443
280,302,482 : -0.10689364202378737
303,344,361 : -0.33039411504104876
303,419,471 : -0.318364876596404
303,351,448 : -0.23050513540815487
304,409,491 : -0.12497004421076374
256,305,464 : -0.15296699794945945
268,306,329 : -0.3284485772968144
306,392,421 : -0.30389518056204845
270,306,454 : -0.23087552869996397
306,320,454 : -0.07424084994389313
307,462,475 : -0.331113551658881
301,308,377 : -0.23599628655081206
308,432,438 : -0.2944077931767146
309,314,486 : -0.07948585510918216
310,325,436 : -0.24050750072974636
310,356,460 : -0.148291725430568
310,372,457 : -0.32406570720339767
310,375,475 : -0.2941232821434778
264,311,408 : -0.28082620662512836
311,455,488 : -0.22586239726898283
252,261,313 : -0.2212379580357351
262,313,376 : -0.4089885406345082
313,405,445 : -0.46652793796820013
314,356,452 : -0.20753395164026078
314,354,379 : -0.2240092661996822
314,393,426 : -0.3098455451293638
276,315,399 : -0.2241099921027252
315,448,462 : -0.2790536916253239
315,341,490 : -0.19090674601204527
251,315,500 : -0.2852816292240077
252,306,317 : -0.14278707234053734
279,317,351 : -0.12036326829157185
314,317,400 : -0.35148013064787254
260,318,342 : -0.4986282686005954
318,429,463 : -0.3259480103478334
318,435,484 : -0.22349228686000844
319,326,459 : -0.18153276466415358
319,496,498 : -0.3849442335501265
294,320,384 : -0.17640360050717563
321,324,348 : -0.2509716007970506
315,321,425 : -0.2155117381507794
317,322,414 : -0.374713914716982
271,322,402 : -0.22396099737556918
293,322,472 : -0.20538366029533983
259,284,323 : -0.3072411130396553
323,325,400 : -0.30446215822097766
323,416,485 : -0.24658078786087745
323,441,459 : -0.22057586426949527
323,350,451 : -0.20171888745251887
313,324,350 : -0.24095012938927018
257,324,357 : -0.23368670790856716
324,460,473 : -0.17143193936186485
325,400,492 : -0.23505449562012637
325,326,460 : -0.16444627209986673
251,325,468 : -0.30790894572282435
301,325,498 : -0.24555325481586499
294,326,422 : -0.2549760550538305
281,327,377 : -0.23906030932399558
268,327,413 : -0.2298019486584768
327,380,461 : -0.35847489845538094
327,464,481 : -0.2783816173117979
328,334,498 : -0.2889533021041233
268,329,496 : -0.43857140807810513
294,329,385 : -0.4783679013458517
259,315,330 : -0.29445440635887943
306,330,464 : -0.2743804867347437
330,365,470 : -0.21456573266377088
314,332,340 : -0.3376104645631144
332,367,474 : -0.4008417754175271
270,276,333 : -0.4924868732178185
334,426,483 : -0.3214160373479955
336,444,493 : -0.27017025420440133
335,338,375 : -0.46134992476977943
338,394,475 : -0.3655603269083354
270,297,339 : -0.3450722248064766
339,409,455 : -0.2510110284685747
339,435,487 : -0.35012039406160467
340,343,396 : -0.42643956802386485
340,356,438 : -0.25565016210351366
326,341,387 : -0.27249493304912153
341,414,494 : -0.4524271772753392
305,342,376 : -0.4315472228132251
343,373,387 : -0.35276450520021063
344,431,482 : -0.34865106023964976
251,345,462 : -0.2657222760127951
271,345,355 : -0.27742016983736195
345,378,464 : -0.1026914635475924
345,410,430 : -0.2598840026851701
283,345,451 : -0.34156241232718965
331,346,363 : -0.15578599707273955
346,378,399 : -0.24181519521353545
346,402,417 : -0.13760257275762489
271,308,348 : -0.20899570995669325
295,349,427 : -0.34980403235781266
335,349,385 : -0.4630414868318151
349,383,472 : -0.23801456974012347
350,367,420 : -0.24926728203364368
267,350,394 : -0.2694780419308791
350,424,464 : -0.21065488552097333
327,351,362 : -0.07541399853627784
351,476,483 : -0.3617911945873937
282,324,353 : -0.39879150122712037
353,357,394 : -0.4298550437959543
354,450,454 : -0.3209077441978758
285,348,355 : -0.12214221796383096
350,355,415 : -0.2421697666222975
355,425,434 : -0.47872788537745725
291,318,357 : -0.5645244413771651
357,396,419 : -0.19916623768161612
358,374,417 : -0.2587502880744186
358,369,489 : -0.2632127971075988
267,289,359 : -0.10138085336308134
359,459,494 : -0.13004533831235854
257,349,360 : -0.31946819375220237
261,337,360 : -0.2182688315871717
308,360,381 : -0.2513697737771301
327,360,378 : -0.13417322280194677
258,292,361 : -0.3325285385281451
314,361,437 : -0.2944848483367375
325,347,361 : 0.025139731641696583
256,314,363 : -0.43800722495947
283,363,409 : -0.42814229821688476
331,363,483 : -0.16888326199185322
264,269,364 : -0.4902130616539848
325,360,364 : -0.38416733495975963
279,356,364 : -0.32183133016387
364,459,482 : -0.3845999134430058
343,365,375 : -0.311854806613691
354,355,365 : -0.2848413414221358
366,440,470 : -0.20482356319918948
305,367,478 : -0.426614246219154
260,367,482 : -0.3502119761286726
367,406,494 : -0.34957785884523473
260,369,406 : -0.39436095111193037
264,339,369 : -0.34921752620126756
319,369,448 : -0.27805126681076664
277,369,464 : -0.2865186938190476
369,477,497 : -0.20806326027817845
371,416,496 : -0.43431942836659343
331,374,389 : -0.3500854974319494
294,333,375 : -0.3135941486036602
304,305,375 : -0.3122955734583013
336,375,418 : -0.2104424775302891
343,375,468 : -0.3592735631689947
375,402,489 : -0.1434079919197544
278,376,403 : -0.52898291287485
299,377,430 : -0.48071799087378553
279,378,417 : -0.05482972154801846
285,349,378 : -0.27023148845564515
315,378,428 : -0.1911888213167796
378,417,422 : -0.090018603061363
302,357,379 : -0.18537700897790987
252,362,379 : -0.16344542866412404
295,379,490 : -0.24845779813180946
283,380,456 : -0.1647774790265144
324,381,475 : -0.2785510968413374
370,381,406 : -0.1804660059997807
381,406,437 : -0.15028337915541146
279,382,464 : -0.3147695672741295
382,457,471 : -0.46301903589839855
276,355,383 : -0.297402861365073
384,410,477 : -0.11961174544208797
378,384,435 : -0.3388177317628722
366,384,439 : -0.21424932426228094
254,384,464 : -0.26614299830581034
355,387,408 : -0.3208155552765455
356,387,459 : -0.1403762502196526
282,388,447 : -0.17673262687546587
299,315,388 : -0.32878954928885706
388,394,404 : -0.21381680027907235
389,395,499 : -0.2934002240478679
259,280,390 : -0.20348128065669013
265,390,495 : -0.4488772251463815
365,390,498 : -0.31783849242176965
272,295,392 : -0.26435445499910903
296,386,392 : -0.09591219844116261
337,392,497 : -0.2434692953446005
259,342,392 : -0.3959449821122505
255,274,395 : -0.41732544600348076
324,389,395 : -0.18557830490385885
313,396,487 : -0.3644182832420946
372,397,489 : -0.09451438471872686
397,407,415 : -0.3391264126858933
314,398,434 : -0.0734494516512103
264,400,430 : -0.3991423305803332
293,401,456 : -0.2354779808300631
323,401,433 : -0.19892265777003448
305,393,401 : -0.30899928495000584
335,356,402 : -0.24463857072316775
397,402,406 : -0.12041019976521938
269,403,439 : -0.4218945817678357
403,489,493 : -0.5636538172667298
302,404,406 : -0.21968066697701127
273,370,407 : -0.35879997025950994
361,366,407 : -0.37076772175831185
407,410,447 : -0.34677128758604026
278,407,449 : -0.5094084625315716
362,407,497 : -0.20267722819666556
264,346,408 : -0.19838433590843696
284,303,408 : -0.3195980367930584
314,350,408 : -0.234445233524327
356,408,436 : -0.17761538463573245
404,410,417 : -0.2851333899336801
391,411,423 : -0.05236351488504343
314,354,412 : -0.24499059492566566
254,414,426 : -0.23973735585475664
282,313,415 : -0.3080129430976646
284,404,415 : -0.2731344817324466
344,416,500 : -0.2641210210972038
268,417,452 : -0.14222469884568456
310,322,417 : -0.23112781225114087
266,332,417 : -0.3617511659591113
352,413,417 : -0.6026577631072014
324,417,490 : -0.2159704618564826
287,418,466 : -0.3157191509106072
257,310,418 : -0.16982747090132277
305,322,419 : -0.18073571545330958
255,295,420 : -0.19027333752412057
299,355,420 : -0.30052100955301353
267,289,421 : -0.29234972327875997
267,356,422 : -0.22178228443031767
308,406,422 : -0.1150242201943843
424,451,479 : -0.07979506391456637
296,344,425 : -0.3700576893826246
267,348,427 : -0.3429418156929085
399,427,462 : -0.2532123308174521
280,424,428 : -0.09142857336613819
273,328,429 : -0.25330251101303936
255,366,430 : -0.1263459613264748
342,430,470 : -0.36556694256776656
272,314,431 : -0.26613085795924896
324,422,431 : -0.14805552110724562
431,432,445 : -0.2656027660958109
431,434,453 : -0.32001947456576696
367,432,485 : -0.30628748430922226
292,318,434 : -0.3498825806743193
354,434,435 : -0.2902066198028539
302,408,435 : -0.2719263529955964
367,435,455 : -0.32697159573693924
281,292,436 : -0.26010357342041157
281,331,436 : -0.1295533482409681
358,436,448 : -0.2160020233113522
303,392,437 : -0.24111411193186005
301,368,437 : -0.2930552393222665
420,437,500 : -0.2657097847236689
385,438,499 : -0.4855959468750237
438,457,480 : -0.4316360349671573
292,330,439 : -0.19285380622505754
310,350,439 : -0.3361771274484804
291,400,440 : -0.33646246681139313
273,437,441 : -0.29826434993637574
382,440,441 : -0.4020363838514607
441,457,467 : -0.31839037394593195
269,441,494 : -0.4153760722402591
253,383,442 : -0.28089222686474336
259,275,442 : -0.2798641712476111
360,388,442 : -0.2869367512452987
396,427,442 : -0.36243535856743536
281,442,489 : -0.31958402739464375
319,392,443 : -0.5139135021089907
296,373,443 : -0.37690282996051505
281,359,444 : -0.2884161073135487
301,444,500 : -0.2786583075406224
413,426,444 : -0.31805751204428834
355,441,445 : -0.37686958916825164
262,317,448 : -0.3161633299973281
278,379,448 : -0.2326079124592586
331,449,483 : -0.21726034985061826
291,338,449 : -0.3929368328529461
314,450,464 : -0.1499475823542924
382,450,474 : -0.3678906982706509
437,450,476 : -0.30036309069500766
317,367,451 : -0.15139229627216988
328,432,451 : -0.36039666183169095
362,451,482 : -0.1685717635966264
287,408,452 : -0.2179382206835534
370,417,453 : -0.41376818654527114
252,313,454 : -0.2801434656397075
269,454,458 : -0.42809314036426915
421,454,477 : -0.10440426049114704
278,416,455 : -0.29732435768112087
306,380,455 : -0.279982740714225
286,297,456 : -0.38951838844576714
319,374,456 : -0.39707739951252097
284,457,472 : -0.24880878323305167
357,428,458 : -0.3091652248146839
273,455,458 : -0.3038402171125938
272,301,459 : -0.16519322172621753
271,365,459 : -0.31472058434094596
253,286,460 : -0.3629060025161184
285,461,479 : -0.2566916652599813
393,394,461 : -0.19316431728590988
344,396,461 : -0.2690605276507734
339,461,468 : -0.32860041122925887
294,429,462 : -0.17393311652193022
274,296,462 : -0.46326087399667504
312,462,494 : -0.29910437204453855
272,313,462 : -0.18303451549682448
319,418,462 : -0.31059849597402533
375,432,462 : -0.20434927993136442
290,313,463 : -0.19278359148937652
354,433,463 : -0.27180504316122844
251,256,464 : -0.09925218919064216
279,280,464 : -0.12591282238549395
305,365,465 : -0.17577397639983383
344,412,465 : -0.2846911865331698
357,436,465 : -0.30067952444384916
295,444,466 : -0.47357994771568857
345,366,466 : -0.367225031120618
271,438,467 : -0.2903194126640689
276,362,468 : -0.15201125930989434
368,391,468 : -0.2382791474535142
426,458,468 : -0.2560945964672494
316,404,469 : -0.5033310854249138
283,408,469 : -0.4303830754413136
376,443,469 : -0.4162010242618499
410,469,476 : -0.20338806445302327
252,455,470 : -0.2489179111389117
412,424,470 : -0.23127521938370754
373,383,471 : -0.2306399545653448
435,436,471 : -0.28627818549730844
274,380,472 : -0.4485028956311885
353,430,472 : -0.5257982966564483
281,317,473 : -0.25084785709840096
432,473,475 : -0.2722277869794305
265,311,474 : -0.42934366941202606
391,407,474 : -0.3493830530111315
270,446,474 : -0.6673548666224196
283,371,476 : -0.3888946732071119
280,378,476 : -0.18638528028468926
345,454,477 : -0.17323912633597427
279,448,477 : -0.10002543223094396
387,459,477 : -0.2646015711240852
399,468,478 : -0.30318485484352187
315,355,479 : -0.08428367099882439
317,357,479 : -0.15111075295031995
300,371,479 : -0.231512365454686
414,458,479 : -0.3051262983122742
346,363,481 : -0.19719867777610878
304,416,481 : -0.20053568153295465
357,396,482 : -0.16385420793705752
321,344,483 : -0.42743931102018107
281,331,483 : -0.15970339412694168
386,397,483 : -0.2910430990213746
260,281,484 : -0.23238098445350452
312,394,485 : -0.09948617698893503
281,379,486 : -0.1452710109907911
301,448,486 : -0.1710883308411404
379,467,486 : -0.25900927630881876
329,374,487 : -0.47380168333481154
395,443,487 : -0.47670163644640606
384,409,488 : -0.3717397008761134
451,465,488 : -0.31737384197468943
252,322,489 : -0.22104119202327177
386,425,489 : -0.2934872973295781
279,359,490 : -0.14927462880182896
355,468,490 : -0.17258888117832405
317,490,496 : -0.19065391334056692
453,491,493 : -0.33079857700983895
254,404,493 : -0.3974642404820945
333,418,493 : -0.4650164526488967
342,409,493 : -0.481955346667051
393,487,495 : -0.21373838119450728
413,489,495 : -0.2677643887278607
316,419,495 : -0.3323691192625926
254,279,496 : -0.19282802539171717
258,411,496 : -0.4360724972730272
290,307,496 : -0.27212353119849375
318,391,496 : -0.33280443163955886
463,496,497 : -0.26732973103102475
353,405,497 : -0.5911127590688234
406,424,497 : -0.23329077535319476
357,452,498 : -0.21978877930512408
313,404,498 : -0.25027509041678386
252,474,499 : -0.5185878217655802
307,368,499 : -0.3572333112630084
315,482,499 : -0.42146334769773586
267,416,500 : -0.13906777268515658
393,404,500 : -0.14447046247736006
363,475,672 : -0.8606311798427697
286,353,868 : -0.6585489649933083
286,364,927 : -0.8026022144407658
319,325,955 : -0.7561756711138372
395,473,812 : -0.6501497332370589
403,457,794 : -0.6062274861232457
181,342,530 : -0.9968765689599686
188,363,715 : -0.9978386131896113
271,328,661 : -0.7392325526624182
286,341,530 : -0.7494998830974215
422,463,584 : -0.7740639043008
259,709,713 : -0.8483002473738392
454,655,732 : -0.8268800681060462
466,546,681 : -0.7398167394210537
370,703,825 : -0.9491234214280277
425,634,843 : -0.7912620975501437
480,740,883 : -0.34826193086007895
483,675,918 : -0.9970793272287575
164,310,798 : -0.9833671132672488
88,354,870 : -0.9338200616468262
121,441,938 : -0.9713453378876677
184,443,770 : -0.26878825228375547
260,500,814 : -0.7656368679902203
292,371,849 : -0.8073172038295797
257,299,769 : -0.5749535244264219
323,378,784 : -0.6360948187488806
430,444,971 : -0.7436770996998767
265,746,870 : -0.7636790635264274
269,554,786 : -0.8447903022209426
283,574,963 : -1.0536699036460648
344,722,874 : -1.0685932048425855
358,647,947 : -0.9083108865086187
382,739,941 : -0.7995196776304578
432,589,939 : -1.0342935468321603
360,875,884 : -0.7870348461773031
387,822,871 : -0.7480518364197044
32,42,545 : -0.6069515668438834
74,196,561 : -0.6910152897225679
44,50,594 : -0.7214516399109523
113,224,631 : -0.6912121545738952
53,70,735 : -0.7062538194397012
56,692,735 : -0.7452117079142995
132,545,987 : -0.877979168480364
3,611,883 : -0.9572336751466033
47,732,753 : -1.0284151936621737
236,251,560 : -0.9633629263499666
221,280,577 : -0.7968521225686387
167,319,609 : -0.7958713595633278
299,432,556 : -0.6961225261466382
274,496,684 : -0.7784037398286725
267,486,696 : -0.70211170018993
316,494,706 : -0.4867277824515852
333,524,657 : -0.7572474062177772
496,552,560 : -0.7858303459909084
352,568,743 : -0.5193261338082269
449,665,729 : -0.6067879983400561
329,523,760 : -0.8862023383976503
375,526,864 : -0.8556543671351227
406,638,884 : -1.0658663019739594
446,681,907 : -0.9414533681271466
294,728,855 : -0.9169304586299107
238,522,728 : -0.6403512775867868
195,613,677 : -0.6867134557536718
271,542,565 : -0.8306542894675875
444,568,709 : -0.7785480907553162
318,597,691 : -0.6233485847778977
333,623,694 : -0.5028568918853111
329,623,698 : -0.5811812338365636
291,733,736 : -0.47562244496972084
502,516,560 : -0.2880169072166259
503,511,562 : -0.36855824396841985
503,569,612 : -0.3193425130407317
503,638,697 : -0.2561926134033645
503,648,701 : -0.23660619965140173
504,527,546 : -0.3402176556905565
504,559,691 : -0.32255271758300075
504,565,743 : -0.29594756917917153
504,576,677 : -0.46832595885443595
504,535,606 : -0.16097670694095512
504,624,722 : -0.2710256145414085
505,509,601 : -0.2429119495224199
505,710,729 : -0.21424237334620488
505,724,726 : -0.403703192865454
506,640,651 : -0.23871917225775285
506,577,654 : -0.21649463688216963
507,570,622 : -0.21591416247436057
505,508,532 : -0.35670077042322257
508,559,656 : -0.2285007556748444
506,509,635 : -0.2602036969763466
509,646,729 : -0.20542883559274294
510,603,664 : -0.13591805288800152
510,619,681 : -0.3498625755141356
510,586,691 : -0.34711289775495047
511,633,699 : -0.2080624295860507
512,562,739 : -0.4821235341027701
512,576,683 : -0.44091167461169745
512,608,709 : -0.4597724834583232
513,516,742 : -0.22415004639488556
513,568,641 : -0.38882534294872406
513,548,674 : -0.36002498859923326
513,711,743 : -0.20201861511292463
514,671,710 : -0.21014430416706942
514,728,742 : -0.36226112887461803
515,598,727 : -0.17258203716618925
515,615,636 : -0.25079128456877275
515,518,672 : -0.370608900225875
516,523,684 : -0.1415315781483275
516,690,722 : -0.3460220675370391
503,517,548 : -0.35691360636083
514,517,633 : -0.19124387765038997
503,518,610 : -0.34030875909477665
518,560,614 : -0.3940149423171162
519,548,693 : -0.3077166551549628
520,538,563 : -0.3779823907225186
520,547,625 : -0.18418219857352347
517,521,587 : -0.18935015329072646
522,542,745 : -0.47619639983793727
522,611,666 : -0.41413841676106955
507,523,564 : -0.28173729483318044
523,642,677 : -0.39719310596614577
523,589,743 : -0.2118489610890557
524,547,732 : -0.5107983418128563
524,533,580 : -0.16718912172457556
525,552,741 : -0.41015185421848543
526,624,690 : -0.4684059150678732
526,556,691 : -0.5120612922659915
528,625,727 : -0.269925903316411
528,683,734 : -0.34028551797520246
529,546,611 : -0.4206191612476977
529,646,697 : -0.23708425335462624
508,510,530 : -0.36035871426628896
523,531,669 : -0.3675802952145939
516,532,650 : -0.37689681216606363
532,587,703 : -0.3064390282693896
532,578,714 : -0.2409873351117744
532,647,746 : -0.35929689340501825
529,535,584 : -0.12952720437407472
536,581,729 : -0.277316204618949
537,571,744 : -0.2817832269802043
534,537,649 : -0.34415595231348783
537,629,718 : -0.039232351167560964
537,718,736 : -0.2127771131901488
501,538,703 : -0.30554177145030925
503,538,577 : -0.3994643434683842
538,632,655 : -0.31080015451854215
510,539,665 : -0.26283993723171983
511,539,637 : -0.29287980577965866
539,560,735 : -0.27657652327047
534,540,707 : -0.1784448698495935
540,571,720 : -0.1319478542040562
537,541,580 : -0.33772004903047503
514,542,733 : -0.4725993111062272
542,604,661 : -0.24181923907608116
542,629,737 : -0.22367091103924608
543,546,666 : -0.33643113674779324
514,543,670 : -0.26129012338989943
543,710,749 : -0.3940653311641453
544,548,575 : -0.33320714217771963
544,551,712 : -0.4871867679844035
544,573,704 : -0.21792396186716467
545,586,701 : -0.3511759680854085
546,651,722 : -0.2909617222767791
546,673,713 : -0.24781757155382467
546,729,742 : -0.3179129770800331
546,564,746 : -0.3171929976046013
547,606,611 : -0.40229510372687516
548,599,690 : -0.299290241642844
550,556,745 : -0.30497993963098424
550,593,620 : -0.2970893716716634
551,687,689 : -0.3275880043344044
551,700,748 : -0.5070888457840954
552,578,583 : -0.21302778292925817
542,552,620 : -0.36669184911834596
544,552,628 : -0.44528785070488386
525,553,578 : -0.44928173547988104
533,553,679 : -0.24911868973647855
553,685,718 : -0.1211781396122571
554,574,690 : -0.5637345751708742
521,536,556 : -0.376118866594376
545,557,690 : -0.3944317093600591
555,557,643 : -0.11845647675910542
557,588,591 : -0.17942151315823684
558,561,566 : -0.4022931041726834
560,635,662 : -0.395952468189269
503,560,698 : -0.3487542714854692
549,561,605 : -0.2585842641159579
559,560,562 : -0.34129865575265583
533,563,682 : -0.22621118168885146
563,637,694 : -0.4093385404922596
536,564,615 : -0.37064147544401926
503,545,564 : -0.26203130095769867
564,623,742 : -0.22628743963116893
564,638,640 : -0.46516900507576553
564,607,649 : -0.22935492788954748
505,564,664 : -0.2700049366743542
510,565,650 : -0.4530231533281244
565,585,589 : -0.4277280803829311
565,572,672 : -0.4042302497776604
567,712,739 : -0.3147636707728372
567,649,720 : -0.266123223776185
568,667,732 : -0.5563285700493137
564,569,676 : -0.6698510282881633
569,617,662 : -0.3817353962748147
569,650,747 : -0.2318000341529245
569,717,735 : -0.47062540106949724
547,570,737 : -0.24095010323408816
568,570,574 : -0.4848776856010213
570,600,635 : -0.3377886641155783
570,648,691 : -0.3434287666510849
570,618,713 : -0.27794350164385007
572,575,659 : -0.3079359266006325
572,666,678 : -0.23927076247598933
574,669,725 : -0.1991146933788599
575,675,681 : -0.38526555882972646
510,577,675 : -0.3558242730402288
577,694,738 : -0.2185039148986183
578,598,701 : -0.22174376867995038
546,578,689 : -0.3378041441059876
578,589,722 : -0.25633318772829994
509,524,579 : -0.27343827958435307
534,579,663 : -0.2900098836286027
579,633,657 : -0.28459031451321337
579,652,682 : -0.26599066272108596
570,579,702 : -0.23035416181361779
511,581,736 : -0.2731152095137772
581,616,672 : -0.28611265021191934
582,681,703 : -0.23032817909421577
534,583,721 : -0.19194738897359143
583,695,701 : -0.33297915751793483
583,719,725 : -0.1691611030212734
520,575,584 : -0.30204928691259414
576,585,680 : -0.32301318311803917
585,595,624 : -0.27749032583389677
585,713,718 : -0.3815839831761987
508,588,593 : -0.45565269111368933
588,654,690 : -0.3625426033625443
573,589,667 : -0.19781646732816038
578,591,618 : -0.3146184998493846
501,592,601 : -0.4001192082590941
519,593,646 : -0.16172895253659125
543,593,670 : -0.32086543698953296
534,594,696 : -0.464089908925978
594,702,712 : -0.3616207168285972
595,610,642 : -0.25670304892002815
595,657,717 : -0.43694731644930607
596,611,612 : -0.44844934690192595
595,596,652 : -0.24220262474799759
596,661,686 : -0.28151247085628994
584,598,746 : -0.3629231719648387
599,665,748 : -0.3723184984235066
565,601,615 : -0.4601328827901199
601,709,727 : -0.28653481597868025
508,602,603 : -0.24871070146649465
514,602,643 : -0.3280709707535334
602,686,698 : -0.4604444122689997
535,602,704 : -0.3337483452674941
503,507,603 : -0.19979028416169897
578,603,722 : -0.25618614437447573
579,603,670 : -0.2382881586809149
536,603,641 : -0.29518006148940046
521,604,727 : -0.1699028586611231
604,670,686 : -0.1375379494441007
606,648,654 : -0.2886794865698159
606,647,656 : -0.33467555867600773
606,695,749 : -0.311842881964824
561,581,607 : -0.42607909388027854
599,607,690 : -0.22849700959189123
571,607,637 : -0.2596493545536922
604,607,743 : -0.18649932932285607
607,672,749 : -0.2168687518589647
515,608,619 : -0.3427673431538212
608,609,745 : -0.4247618487218561
506,610,738 : -0.037122182500437306
572,611,739 : -0.3710021457381256
611,677,715 : -0.4254179484801639
531,612,679 : -0.24520062787238195
550,614,669 : -0.2502235766383927
570,593,614 : -0.2611130907707313
598,614,693 : -0.15198060024931181
614,650,689 : -0.26572524589381863
557,614,664 : -0.3338903729164704
614,621,683 : -0.38615896352874457
517,614,744 : -0.3360139177831618
514,584,615 : -0.35252586993667734
615,635,726 : -0.48079203755438393
515,574,616 : -0.30726073398813325
616,632,731 : -0.2324842346256859
617,643,725 : -0.1598285525314611
572,618,749 : -0.2327124985878788
594,618,630 : -0.24759167195518783
618,663,704 : -0.15490202536257547
618,704,746 : -0.31115630456089827
518,619,648 : -0.23766685161123635
624,680,719 : -0.3174857159019844
625,637,645 : -0.2606810679065943
567,588,626 : -0.2641482441129701
619,626,649 : -0.21018079699322234
530,562,627 : -0.32336615780315014
588,590,627 : -0.36397212464230466
545,628,716 : -0.49054335746716804
538,628,651 : -0.2201823419713751
631,710,746 : -0.39383096667413797
511,549,632 : -0.2965685626589858
525,569,632 : -0.4959543481258992
558,590,632 : -0.42081797012697253
608,632,700 : -0.5367115161810856
584,633,673 : -0.25350829791035756
574,587,633 : -0.22192156202845137
633,669,714 : -0.15632045453300925
604,634,653 : -0.599944737884349
635,678,735 : -0.18026415421728892
602,637,639 : -0.4632961830337212
526,637,665 : -0.24628672674589214
622,637,729 : -0.25275399930035225
512,638,687 : -0.3521051323894677
570,638,665 : -0.31913481089487306
625,638,661 : -0.2576981167404546
551,639,663 : -0.32095863717240203
639,705,750 : -0.40362505883920563
642,643,719 : -0.2312658674841499
527,532,643 : -0.35113115897652136
526,644,682 : -0.5388511447519597
531,645,722 : -0.21760652675333225
545,641,645 : -0.38212284972289057
509,556,645 : -0.29275672829169186
601,634,645 : -0.3121849372517582
544,556,646 : -0.3388842072071987
515,646,661 : -0.291971208019254
539,558,647 : -0.47297521204966664
604,648,743 : -0.2528194675346489
554,649,681 : -0.4484513448732239
650,659,699 : -0.3117485553478998
633,650,703 : -0.309886621474738
647,651,653 : -0.4282544591423296
535,547,652 : -0.1734562864465794
580,652,729 : -0.34318769747009337
538,653,698 : -0.387123837880865
618,643,653 : -0.3784078044817696
650,653,655 : -0.44537030152596246
525,656,706 : -0.4586624113868203
656,701,745 : -0.2717204729011531
566,657,734 : -0.37580290202624966
575,643,657 : -0.36219614883677376
518,657,670 : -0.4249430180975078
519,593,659 : -0.03551115681051731
656,659,704 : -0.26379435299353915
532,646,660 : -0.42909225563876596
535,625,660 : -0.26469698461873925
520,539,661 : -0.30130704982714485
562,661,729 : -0.32224705167761947
591,626,662 : -0.2190695841251986
664,675,729 : -0.18524321474004335
510,666,701 : -0.28361124974755536
631,640,666 : -0.39440130354019454
610,666,716 : -0.5335358885665116
559,652,668 : -0.1824640098042647
588,667,668 : -0.30980312431836987
668,730,748 : -0.19887412726002807
552,578,669 : -0.16123873574204484
563,633,671 : -0.16461338137292536
549,599,671 : -0.3415787647243276
592,644,671 : -0.4504552962127044
562,672,678 : -0.29969823854302424
504,667,672 : -0.35207864755447704
672,708,731 : -0.35886791871283474
521,672,734 : -0.4286824369396065
649,673,677 : -0.16800341578950406
582,653,674 : -0.24943943303509086
567,589,674 : -0.35463980831432784
564,607,674 : -0.20359021705858904
674,677,749 : -0.25277812542105993
612,641,675 : -0.35458972136802536
638,675,741 : -0.37398266009376413
530,675,747 : -0.5662225924977999
515,677,719 : -0.29140544935775026
514,599,677 : -0.28907705089022184
571,659,677 : -0.3621977034993489
677,704,707 : -0.29997315668075597
579,607,679 : -0.3407074085577577
606,650,679 : -0.26846739807713593
505,511,680 : -0.41727129645103656
660,680,715 : -0.33723560223226157
502,665,680 : -0.27745106202282566
548,681,726 : -0.25839279833993856
523,682,736 : -0.4156765360983199
534,682,744 : -0.3751310145753559
501,632,683 : -0.35600017554795094
597,640,683 : -0.48727529891993004
563,683,707 : -0.3506130312740643
581,650,684 : -0.36536246091667435
595,684,737 : -0.26545377361840483
507,650,685 : -0.3439412120927403
579,622,686 : 0.009548143921337848
578,680,686 : -0.4604745917353581
653,687,696 : -0.5509583592804894
605,653,688 : -0.35061876852369633
583,675,688 : -0.43224199176196043
539,666,690 : -0.40078357703708334
582,690,747 : -0.28847205781182916
545,691,728 : -0.47700364393044237
571,670,692 : -0.30506731862502123
547,637,692 : -0.2409509610856111
517,653,693 : -0.226339631153754
662,683,693 : -0.41854739852250566
642,694,745 : -0.3875711114700806
504,694,746 : -0.46565927882894975
689,693,695 : -0.18001887350561296
540,695,731 : -0.3585999150840333
672,692,696 : -0.5169859527043261
602,608,697 : -0.32607187799789483
675,699,719 : -0.31696754043331454
584,699,734 : -0.25635439469161336
701,704,723 : -0.299952515841561
566,615,702 : -0.3455493895384707
661,675,702 : -0.29076157473266884
578,628,703 : -0.3538936572058873
649,703,749 : -0.3897228322209161
539,704,731 : -0.35217084772932683
557,665,704 : -0.2874657357638424
562,668,705 : -0.26949675032866693
616,660,707 : -0.2048953789881196
590,686,708 : -0.29431995847075365
525,709,745 : -0.39037696363352503
598,654,709 : -0.20920524842849053
623,701,709 : -0.3651173620674948
561,630,709 : -0.4226211154086539
506,710,714 : -0.2431491644117052
533,688,710 : -0.2771424609014592
509,659,710 : -0.16989305199202942
546,666,711 : -0.2687621800019975
576,685,712 : -0.3552353475294099
567,596,712 : -0.22475653154223862
616,712,747 : -0.24825384405724704
557,713,728 : -0.34900394604013707
588,649,713 : -0.17500651240828713
649,698,713 : -0.2836761140483368
588,714,735 : -0.40912031485005285
617,671,714 : -0.15497957788299854
556,704,714 : -0.3376466416535535
679,710,715 : -0.3594019728677391
541,644,716 : -0.5137574368827691
520,606,717 : -0.3653349426465611
610,646,717 : -0.3626212772109976
650,717,733 : -0.4343987790661561
586,679,718 : -0.4678995725472801
595,620,718 : -0.3967776031348169
594,625,718 : -0.3619506081271999
528,570,719 : -0.25810541536101494
596,652,720 : -0.16154345627638667
620,637,720 : -0.3403632518195576
642,691,720 : -0.30963404751557144
553,594,721 : -0.1383778938578648
613,657,721 : -0.37487560995674496
621,650,721 : -0.2544326941133803
616,645,721 : -0.33023596330548544
712,721,723 : -0.08920575601559899
534,721,737 : -0.2046827106399276
693,721,749 : -0.27640275801087055
535,702,722 : -0.2680460830328628
581,625,723 : -0.24722895409691104
621,661,723 : -0.13076235576992778
663,723,730 : -0.07367106294438397
621,723,748 : -0.06959077842904238
544,590,724 : -0.35042873221205584
534,658,724 : -0.48085005267728564
657,704,724 : -0.3696854842538144
548,580,726 : -0.2980958480187925
545,697,727 : -0.27903610290337566
653,681,729 : -0.3466540406603822
686,730,741 : -0.07377020173897697
680,731,744 : -0.2524135676130421
600,733,736 : -0.06362286608107404
652,672,733 : -0.4309394930752286
501,733,750 : -0.43890692711348067
529,609,734 : -0.45829365804744326
513,528,737 : -0.23093671549948458
503,604,737 : -0.1470373850034843
640,715,738 : -0.21941714324749717
622,670,741 : -0.04961318749095778
570,654,741 : -0.12941880528880945
565,667,741 : -0.3416428575023138
531,625,743 : -0.22853107453669574
583,589,743 : -0.2357428598036133
731,744,745 : -0.3295236071014178
570,735,745 : -0.3489543780494613
590,636,745 : -0.35626530549368796
574,710,745 : -0.4318362172536869
662,711,745 : -0.4857687292353974
529,592,746 : -0.3321114864116854
528,569,747 : -0.22005842323686653
537,731,747 : -0.4121688306007212
585,705,747 : -0.3444511411690123
540,734,748 : -0.4058486895088118
541,657,748 : -0.3627204992769295
686,737,748 : -0.24218562992013792
530,606,750 : -0.5608643979064174
549,669,750 : -0.4470748976957144
540,571,764 : -0.5657287367315309
547,662,937 : -0.6783812234397237
518,639,937 : -0.6608803192132728
525,720,959 : -0.7507252533984454
603,750,756 : -0.7762207100134737
38,552,841 : -0.7853141369872993
114,639,828 : -0.7633658498293641
38,675,826 : -0.8545558533289799
103,716,941 : -0.771515716664974
49,745,878 : -1.0358961923873364
282,611,967 : -0.9608673877563483
539,749,937 : -0.5859813270585117
653,664,888 : -0.6169241997468977
674,866,923 : -0.8187606281955557
703,891,978 : -0.3463522973942055
18,75,827 : -0.7800263998760157
69,250,881 : -0.7658821741842088
162,349,791 : -0.8723962892241519
237,446,796 : -0.8128489073070901
49,295,804 : -0.8923226303936205
161,270,816 : -1.0116068134818499
40,408,913 : -0.9600298118771402
76,493,916 : -0.9824919391787299
128,644,820 : -0.9421815545040158
1,717,986 : -0.944351314389031
193,770,775 : -0.6800297078387183
82,757,804 : -0.5729547081759314
40,338,752 : -0.9095342285406134
114,413,841 : -0.9013220953604868
170,367,864 : -0.865484347399001
210,320,870 : -0.82472703370179
26,303,889 : -0.8003642056140463
70,400,938 : -0.9717080504253905
214,443,985 : -0.8186311317535153
262,342,824 : -0.7782632462704151
316,496,839 : -0.8621740152569433
385,400,868 : -0.7893872172892009
454,487,899 : -0.6842131296182448
266,414,929 : -0.7139808587467118
382,543,752 : -0.9279332830959088
405,717,835 : -0.8199971439503404
353,744,963 : -1.032731661225804
274,666,994 : -1.0211247802021237
478,752,822 : -0.6344277762088524
260,753,795 : -0.6999104921038142
405,858,956 : -0.535142077732766
107,700,789 : -0.9029072606314081
343,698,975 : -0.9419627893814142
545,581,812 : -0.7957442628550226
527,621,826 : -0.5573198602319265
525,602,982 : -0.7519152750616733
543,596,993 : -0.8150134588646778
532,763,832 : -0.6872546615386943
526,813,907 : -0.5123871884576179
199,814,832 : -0.7420586623504839
144,826,931 : -0.6575412513336292
130,887,987 : -0.8245122314431983
403,760,820 : -0.6347900893689808
350,909,946 : -0.6214013742721258
641,841,895 : -0.7115038935062103
565,940,974 : -0.6593001062761639
752,906,954 : -0.42694073902710006
753,881,975 : -0.42237837792363875
755,760,916 : -0.3334451904788569
755,819,869 : -0.2622230735303628
755,877,965 : -0.24605316050714587
756,767,888 : -0.28168362218610987
756,904,919 : -0.3913645556912919
757,814,883 : -0.5404227581907066
757,854,990 : -0.2600712233302256
757,878,927 : -0.37741177953271454
757,846,948 : -0.3447589106030997
757,771,994 : -0.47523367575808484
758,807,923 : -0.26791261153580104
758,817,918 : -0.30902448000021887
758,838,852 : -0.2329618469970065
758,891,972 : -0.27158718099637014
759,893,942 : -0.2838107700300201
760,900,916 : -0.3686401007852631
760,865,993 : -0.4334805515562361
761,946,947 : -0.34349615264060196
762,898,922 : -0.13218231002475966
762,774,916 : -0.2670693522631187
762,902,965 : -0.1762664733941124
763,799,801 : -0.2662714719350894
763,824,965 : -0.23344627224047132
763,779,914 : -0.3614087834784099
764,781,793 : -0.3466670377997825
764,845,872 : -0.2520082677357194
764,827,914 : -0.2749322317230072
765,881,929 : -0.27183158158077014
766,790,835 : -0.24439425289907657
766,870,875 : -0.46098204157193234
767,840,843 : -0.4360358973896199
769,775,889 : -0.27137707122375176
769,793,965 : -0.17618100637552736
769,796,919 : -0.23072137552307814
759,769,864 : -0.35923950395274673
770,802,829 : -0.17803432019058785
770,858,868 : -0.18288875061705578
770,971,975 : -0.342257767958525
768,771,979 : -0.2018795076654314
771,925,943 : -0.20130959917751068
772,884,957 : -0.19035675303812982
772,831,891 : -0.25799520958216116
773,786,999 : -0.3117326700228693
775,893,943 : -0.1634508136299906
775,927,934 : -0.3797136435250783
775,962,998 : -0.10542545507269763
776,874,936 : -0.327621202791994
777,812,996 : -0.35810273489852107
777,883,967 : -0.3253199271106406
777,943,983 : -0.2920054451672387
778,809,815 : -0.43355881033837607
757,778,812 : -0.4074723865206913
779,826,994 : -0.48626318042311967
779,890,917 : -0.3153417580690214
780,859,919 : -0.37409120344742375
761,781,847 : -0.19391670648282355
781,874,929 : -0.4277542960315386
781,788,956 : -0.21604981707506576
781,782,926 : -0.3425952614621184
778,782,935 : -0.327249451214247
771,783,925 : -0.028617733674085155
753,783,879 : -0.1404477061074454
783,851,963 : -0.3203240239774363
784,912,933 : -0.5276373551153386
773,785,799 : -0.23212633602937283
785,813,907 : -0.10577307831127136
752,767,787 : -0.16777849131964384
789,840,911 : -0.31208387489280853
789,912,990 : -0.3043031085907608
790,831,881 : -0.25499725753035896
790,911,973 : -0.4384752117337587
776,792,923 : -0.39661850467587945
766,793,881 : -0.26108484861287073
791,793,945 : -0.36964224225953335
794,975,992 : -0.4211274314118687
758,795,846 : -0.25323640523727553
763,796,947 : -0.12537911885711184
778,796,946 : -0.19874826521223476
797,896,996 : -0.216134108452946
797,841,900 : -0.4205592776371274
798,808,879 : -0.4283371318370719
753,799,855 : -0.42364218962507594
799,824,867 : -0.24364783807991452
800,872,965 : -0.2402222757252661
800,809,915 : -0.25306469958575395
776,800,973 : -0.27935839674172747
769,778,801 : -0.27230500279752357
801,804,939 : -0.37297967669321097
792,802,829 : -0.0837947310588587
803,840,998 : -0.15212608447456355
790,804,865 : -0.5036867027026073
804,869,977 : -0.08946685135144605
805,836,927 : -0.30532904781343895
805,891,956 : -0.34114161646662855
763,807,972 : -0.13818324602507936
807,860,925 : -0.26763995333576673
786,807,949 : -0.29470802195495605
810,846,976 : -0.26105448378732765
810,875,993 : -0.4682943024437036
768,811,837 : -0.41332878902433956
811,876,906 : -0.3025298337099225
759,812,880 : -0.32461825022600577
757,813,853 : -0.42114122004814547
813,842,867 : -0.207108429078255
813,919,937 : -0.4806865821023272
815,900,923 : -0.20844291571733775
768,816,889 : -0.15124483935248123
816,867,940 : -0.41425411986441496
816,874,877 : -0.3260331385216786
816,835,946 : -0.36560770553457056
816,916,998 : -0.319360415431718
817,862,863 : -0.24304654524474012
817,827,960 : -0.10258108483383732
817,938,962 : -0.3599028476060342
818,834,921 : -0.22704353418871293
818,835,889 : -0.29006367298193636
806,818,904 : -0.38291385671373845
818,834,916 : -0.12984116639148402
818,908,992 : -0.2346824018365703
769,819,966 : -0.41033958692961203
753,797,819 : -0.40359191136616435
779,819,929 : -0.31644391537159233
794,820,833 : -0.3377807641878128
820,841,955 : -0.5517400294493635
820,962,995 : -0.3683860333823006
779,821,923 : -0.32375691498923853
769,822,872 : -0.23443119670058388
822,868,915 : -0.20584709087799102
753,823,904 : -0.45659329459539144
789,823,932 : -0.3815065958119763
793,824,881 : -0.20988024652360981
773,824,886 : -0.21845371999001495
824,941,967 : -0.39945092031933127
762,798,825 : -0.3609051452756704
825,827,875 : -0.3968084251456816
825,896,898 : -0.33393874416769065
825,928,952 : -0.1959818243763649
826,839,987 : -0.3738734737991285
800,827,953 : -0.3350490810107285
789,827,969 : -0.2734696351676782
784,800,828 : -0.40591815658664365
798,828,873 : -0.4758295560727852
829,874,937 : -0.5085756375365098
830,845,900 : -0.2192853823684282
831,861,862 : -0.23383264767416012
768,778,832 : -0.25989917618152836
832,848,947 : -0.35002279571973816
832,938,985 : -0.4157910570112824
789,833,935 : -0.2994948323096214
833,839,906 : -0.39971032951422014
833,890,998 : -0.2975310649718401
755,834,850 : -0.0377624406450654
809,835,944 : -0.26169019374747826
756,836,953 : -0.17521706088289823
799,820,836 : -0.5227049143018248
786,837,996 : -0.3294666444476553
807,837,955 : -0.3745397700966524
838,848,898 : -0.4252375552710701
756,838,878 : -0.3813814839051419
839,896,974 : -0.2716359345692265
801,840,853 : -0.26037288154432203
840,897,930 : -0.14995477607905294
840,912,993 : -0.31721278083092486
842,857,938 : -0.26279724338680577
842,957,966 : -0.21079995690407483
805,843,953 : -0.18670924131794187
817,843,901 : -0.43156303823832065
791,814,844 : -0.44908759210974236
844,914,926 : -0.2254426015393629
844,932,993 : -0.3812514509357994
755,844,996 : -0.32157488458596517
794,840,845 : -0.24261010335374333
845,944,949 : -0.12439270645541889
776,845,957 : -0.19679625960732317
848,881,885 : -0.41031183463225895
848,882,965 : -0.22880780255142041
826,848,987 : -0.2339954190289104
764,849,882 : -0.24743092263490385
837,849,865 : -0.2297583293704486
849,891,925 : -0.3666124760484035
796,850,963 : -0.3745636426990986
831,851,905 : -0.09885041459840527
851,867,962 : -0.11239959031286717
838,851,868 : -0.22806078982568678
851,960,966 : -0.3559853323366482
821,828,853 : -0.37583324331763013
853,861,916 : -0.24747668593481031
853,921,943 : -0.1905660964015654
790,854,935 : -0.18668702236804058
855,901,957 : -0.29037988699869066
817,856,996 : -0.2266116942988481
758,840,857 : -0.2207097859513294
759,857,912 : -0.2614484525367995
775,799,857 : -0.15396689197563118
822,857,906 : -0.2627119680690182
857,963,975 : -0.2730113907582956
786,797,859 : -0.34225586233465766
754,830,859 : -0.3568456846344539
752,859,862 : -0.30517785854825563
859,877,912 : -0.35980844329130224
860,898,902 : -0.2617790202230499
764,862,905 : -0.19127472943365809
862,954,986 : -0.20289255800029937
863,991,999 : -0.31002964617552164
849,864,919 : -0.4818091259691675
772,805,865 : -0.23785250426128624
865,963,990 : -0.22203204444314362
865,901,973 : -0.205407120828351
751,866,881 : -0.2848696684364276
793,866,961 : -0.2176234453581518
866,964,993 : -0.36271629627786606
770,831,867 : -0.25172683678972785
853,867,902 : -0.20708162322269352
867,936,941 : -0.36781502317756787
868,869,919 : -0.3130162002676109
842,869,983 : -0.19436982601725927
758,871,934 : -0.35805181412519516
756,871,990 : -0.33037394124851427
767,798,872 : -0.44310876153167533
851,853,872 : -0.08315059609033515
810,872,908 : -0.3024059974606197
779,872,983 : -0.22715250831143785
860,872,991 : -0.3415020577004464
793,849,873 : -0.34770263376889643
850,874,889 : -0.2891561743585098
831,875,911 : -0.20515041906904852
875,955,959 : -0.4696791285269275
773,876,964 : -0.22981271239812662
851,876,916 : -0.2944162497325178
781,877,903 : -0.31071509922510687
877,892,951 : -0.3072699708474904
877,911,995 : -0.37396234560732156
768,878,995 : -0.332834836593942
769,878,919 : -0.1645293937012342
878,949,990 : -0.2646167951198639
795,879,925 : -0.1438275629071457
879,926,928 : -0.2647035051369835
821,880,967 : -0.2489864337654617
799,879,880 : -0.29808636585667636
880,881,949 : -0.223279642736673
771,796,882 : -0.19575602439683681
809,870,882 : -0.4150532844887431
795,837,884 : -0.08259320025039951
882,884,895 : -0.39369775757069236
884,925,981 : -0.2685701555281774
881,884,988 : -0.1742741735237332
885,921,974 : -0.30876988359396873
765,887,894 : -0.06361818445336986
887,949,958 : -0.4228727707892661
806,871,888 : -0.265228785972242
765,888,954 : -0.34441415260511654
820,889,893 : -0.33755746272893794
889,917,944 : -0.32475649804477236
780,890,982 : -0.1561201239899157
824,891,996 : -0.2615208022801496
860,891,988 : -0.14873996624437735
876,891,941 : -0.35090782022991673
781,852,892 : -0.29864678981721093
864,892,910 : -0.4099129162384394
825,871,892 : -0.3319221699683055
873,893,895 : -0.39714310228055494
824,893,921 : -0.3028580497394795
855,893,964 : -0.35335317042447856
803,893,969 : -0.21821677776863124
818,887,894 : -0.1663741682387463
894,916,927 : -0.40728138475625064
761,895,937 : -0.4084797490104495
895,902,991 : -0.31869063589846225
764,797,897 : -0.12470064862749908
837,875,897 : -0.1497711113023179
755,898,994 : -0.24237236949494512
850,898,907 : -0.2918714024557356
795,898,900 : -0.232482977217922
779,851,899 : -0.2905441983989987
781,900,927 : -0.5265505892812707
807,855,900 : -0.33169138148901967
815,846,900 : -0.05121135338690452
766,833,901 : -0.2647799313503181
834,901,923 : -0.31649880927217566
901,959,969 : -0.30648778977671043
768,902,981 : -0.12900711808217835
903,921,989 : -0.3477209371471124
850,903,955 : -0.3088013695159355
832,904,979 : -0.2642144447330983
790,905,997 : -0.22146023312016805
869,905,944 : -0.22009068981076663
906,910,969 : -0.34178270063386096
906,933,956 : -0.465869677537186
791,906,973 : -0.49793706684234884
799,845,907 : -0.3782663839804812
865,894,907 : -0.44270954648773886
884,907,984 : -0.27553284044401516
783,908,993 : -0.2995018409358112
762,882,908 : -0.14118015787923088
806,836,909 : -0.2878222550684033
751,909,946 : -0.1204464767059541
910,940,993 : -0.31352622113987905
826,838,911 : -0.4448307229439994
875,899,911 : -0.3692466904508134
827,912,919 : -0.14677050394547475
886,912,951 : -0.23191344051614227
812,912,918 : -0.40259359332312594
853,912,982 : -0.3326091125891679
831,837,913 : -0.20029361673802026
909,913,967 : -0.3255253166749239
831,915,945 : -0.13490642863572244
868,915,926 : -0.22512409627994412
756,875,915 : -0.37953203058448226
804,822,916 : -0.4448761138605337
852,872,916 : -0.26225563986985745
902,916,942 : -0.20616180907389636
841,916,971 : -0.4455414114724219
774,809,917 : -0.19638394454320474
792,917,1000 : -0.30816208378943966
777,919,985 : -0.32442553666425145
919,928,962 : -0.2503722675856035
911,920,1000 : -0.2410170997072456
823,920,982 : -0.29130270583003726
819,883,922 : -0.46728061513424657
873,922,995 : -0.1768227997191778
873,907,922 : -0.2587667346840097
816,849,924 : -0.27573015941622625
865,924,965 : -0.22245418674489947
832,893,924 : -0.3671922004634769
830,926,930 : -0.22607048787102846
807,914,926 : -0.2512415861851611
888,911,928 : -0.34336369501762753
764,812,929 : -0.3182740873544061
862,912,930 : -0.1564901530960845
794,930,939 : -0.25648135632886726
794,889,932 : -0.4840835365654108
879,933,934 : -0.3928048306936862
883,933,963 : -0.49918886120807926
827,913,933 : -0.3254712436066818
824,933,968 : -0.32389779777143635
751,863,934 : -0.3238639607180498
844,934,965 : -0.28413690654877
779,936,967 : -0.2626467685250651
936,964,974 : -0.2603183466401464
763,937,938 : -0.4679536639299806
809,937,943 : -0.4745158333930468
767,931,937 : -0.437125167440819
774,938,950 : -0.3957329912454388
816,889,938 : -0.15427204051116372
827,890,938 : -0.3594323081559554
849,863,939 : -0.40652344446955446
779,939,954 : -0.406210784988013
865,939,963 : -0.250558561826532
939,968,992 : -0.27220895663449984
823,923,941 : -0.5452295273057497
770,868,942 : -0.19179409772975764
762,944,971 : -0.15449303794587288
857,884,944 : -0.2437406307782708
858,872,944 : -0.16680532825815875
868,944,964 : -0.23016354125296812
774,867,945 : -0.1693764321731368
884,913,945 : -0.20173091315500713
831,929,946 : -0.3507738283804698
914,935,946 : -0.3042042346318292
902,931,946 : -0.2998651533757677
918,946,950 : -0.37099528524421976
822,947,981 : -0.3387233330878354
895,948,980 : -0.2099347055990557
770,829,949 : -0.28166490670457245
777,806,949 : -0.30504197751620943
808,858,949 : -0.2529576022234019
881,944,949 : -0.22332763977948256
829,950,963 : -0.4341886760989748
752,951,999 : -0.1994102176155068
827,951,986 : -0.308815711297763
807,858,951 : -0.31052561256571876
753,826,952 : -0.4071311825967545
927,944,952 : -0.4037132538071413
790,819,955 : -0.3691120479140899
874,942,956 : -0.28729495690148155
840,906,957 : -0.2205584517626551
772,922,958 : -0.27452452731280275
807,958,972 : 0.024027550378839413
860,933,958 : -0.2690446953424954
806,950,959 : -0.45549573743495286
912,947,960 : -0.31080169330645413
836,954,960 : -0.15845633057624697
770,899,961 : -0.4144854159930367
798,939,961 : -0.4199502667579247
909,961,962 : -0.25292103494619456
781,961,970 : -0.3191697685209227
803,962,965 : -0.15179527308913499
913,914,962 : -0.2395439704645408
795,865,963 : -0.16683367377369596
860,931,963 : -0.29698796562590646
923,951,963 : -0.42986865439069666
944,963,998 : -0.2611947040049003
761,902,964 : -0.22559409984680245
822,965,984 : -0.19821751330943727
765,849,967 : -0.2958755652364189
854,955,967 : -0.33421282292110766
924,928,967 : -0.2699475226989356
795,915,968 : -0.2151498684947697
886,968,998 : -0.1895081354271051
850,901,968 : -0.2104886684245384
774,968,981 : -0.15751768754840612
916,949,969 : -0.3495625928429389
762,970,990 : -0.21845183605952534
930,970,998 : -0.138666044928057
970,989,994 : -0.2592599552606498
818,936,971 : -0.2973362344864987
866,906,971 : -0.39609215218553406
819,870,971 : -0.37276668805724733
944,966,971 : -0.2139282725433842
921,943,973 : -0.29368475036711605
769,827,974 : -0.3972603934372352
812,863,974 : -0.45037632899388536
895,952,974 : -0.2787556012974086
805,906,974 : -0.24482421127017395
822,909,975 : -0.3210834789228634
772,926,975 : -0.3944543025166789
915,919,976 : -0.17363334551821863
943,976,992 : -0.2509011960695595
753,979,987 : -0.45873838658794597
760,843,980 : -0.38265416434061494
820,883,980 : -0.38133692988981704
834,845,981 : -0.14124415638036925
753,853,981 : -0.299198902833794
878,943,982 : -0.3215818715572887
830,838,983 : -0.22427496493639798
786,944,983 : -0.2795364337650508
878,936,984 : -0.3896938934704255
771,824,985 : -0.3765343427046348
794,956,985 : -0.4938753374336522
770,831,986 : -0.28364787691794957
851,880,986 : -0.25046524953962246
816,843,987 : -0.5486470021215915
882,954,987 : -0.44152737889916516
824,957,988 : -0.18713643155690507
963,984,988 : -0.1555079399891841
823,934,989 : -0.28893749908278377
764,990,996 : -0.1385702003379672
808,924,990 : -0.2795393712948311
765,950,991 : -0.3000436304546934
790,856,991 : -0.3601838694259123
839,932,991 : -0.46807855494173767
869,873,992 : -0.25884574000324934
779,964,992 : -0.25919427907795245
840,905,994 : -0.33141835661211916
834,898,995 : -0.18787101254002714
793,908,996 : -0.22762134509100962
827,860,996 : -0.21616503861016345
947,954,996 : -0.3517908433123971
933,950,997 : -0.2622754607355371
851,983,998 : -0.13803081034377107
771,904,998 : -0.2520251109293632
752,960,999 : -0.05309979675650256
909,927,999 : -0.35305549695581173
