8,163
33,364
245,535,807,983
30,57,183
53,86
438,463
60,474
18,361,364,435
379,428
139,702
174,269
196,750
31,164,517
393,444
325,871
71,234
288,838
527,712
324,574
172,192
48,399,597
611,793
260,609
389,616
310,906
87,106,406,445
9,857
109,829,935
627,738
40,601
391,537
271,601,676
156,405
61,225
157,284,972
149,561
15,818
16,545,564
128,279
475,506,943
279,554
26,493
313,378
633,858
340,521
242,542,770
25,291,888
151,568
93,769
162,381
304,740,761,865
58,248,692
61,124
807,917
82,399,413,566
32,213,717
108,607,942
905,993
445,698,861,983
58,568,756,957
79,655
78,325
85,195,675,703
5,891
39,107
219,228
152,473
35,51,176
260,364,696
169,375
95,377
168,306,640,655
77,330
100,500
108,331,466
100,184,455,967
115,164
210,512,604
638,938
15,223,517
34,40
52,110,390
268,569
461,721
57,122,605
643,948
379,797
416,864
43,190,597
181,352
417,955
174,639
96,128,208,284
349,904
377,496
87,139,231,915
13,759,939
443,576,770
38,539,843
465,893
6,41,422
68,536,678
132,325
451,469
140,413
53,810
101,390,490
222,292,537,954
452,502
305,784,933,992
25,519
509,777
252,517
128,971
134,344,798
80,412,595
156,291
47,56
325,651
485,943
148,161,439,692
345,555
185,828
254,356,383,673
272,330
292,490,666
474,857
41,228
77,699
449,898
17,35
366,427
145,418
163,382
133,754,794
519,603
3,465
102,126,387
66,99,432
164,726
334,430
167,187,207
547,759
22,230
226,275
33,972
30,44,217,267
148,186,366
245,946
128,827
471,917
468,737,897
40,105,143
8,413,786
147,711,923
117,729
683,973
262,349
363,402,552
65,540
483,969
280,584
34,252
158,822
20,303,793
219,420
603,922
22,177
48,628
196,339
44,273,586
551,710
312,542
169,191,231,428
189,663
63,627
80,146
175,302,695
188,289
134,138
31,87,236,551
217,711
53,235
7,345,737
268,376,616
127,303,629,929
558,895
69,973
168,964
647,686
292,499
30,51,108,975
54,579
429,647
95,141,309,942
462,503
46,675
41,222
666,729
38,241,648
493,589
69,160
266,334,873
183,349
46,50,348,376
439,611
80,452
193,266
73,401,424,818
244,567,724
32,310,815,876
232,458,861
97,203,570
611,652
136,731
118,232,667
74,800
434,520
2,37,306
476,844
248,299
668,966
204,951
150,910
101,379
527,533
46,348
166,543
194,211
485,556
350,740,791,925
155,177
171,204,218
58,323,899
376,543
117,982
482,994
17,391
196,230,779
47,227
245,308
123,328,366,790
75,636
808,933
143,859
234,443
48,504,745
56,498
117,352,686
181,300
422,862
176,555
735,762,881,962
190,322,461,732
172,996
714,750
28,572,660,864
141,570,1000
494,887
291,373,732
223,236
199,909
120,207
285,384
21,431,955,987
223,766
148,295,921,950
320,409,466,953
255,519
175,621
103,239,420
245,392
256,855
3,269
29,758
427,722
265,697
127,178,892,941
479,548
189,409
622,929,952
445,818,919
53,736
22,143
110,328,495,815
57,567,829
87,341
114,238
294,879
63,249
807,901,992
173,662
105,957
200,869
314,690
123,497
242,575
304,574,760
359,412
80,938
300,607
365,406
67,141,176,585
19,736
177,567
152,330
509,792
199,254,593,604
89,706
36,414,420,558
49,899
499,654,991
49,244
467,598,902
95,292
91,158
19,526
164,781,782
78,814
195,597,795
29,508,812
170,996
170,281,385,464
366,377,574,624
198,478,481,666
165,426,518
59,182,213
165,261
154,437
331,699
43,365
191,632
360,896,977
106,448
343,782,903
143,385,506,747
179,242,617
105,114
457,614,771
47,179,296,522
153,441,671
137,664
111,364,464
19,340,560,695
718,806,938
54,123
11,534
720,775
400,579
24,549,633,802
42,266,585,785
281,304
124,159,713,974
305,507,675
126,391
517,850
193,493
55,521
235,805,991
139,276,532
140,334
206,336,407,773
14,246,459
113,313,812,866
146,323
75,889
333,346
136,386
2,67
50,603
1,765
241,443,686
75,76,720,820
165,345,852
305,768
27,314
516,914
137,527
454,826
175,539,621
255,413,522
68,380
102,142
162,217,508,575
147,287
308,915
219,275
154,763
524,685
72,112,705
343,529
21,125,331,487
911,989
35,37,430
32,692
510,521
264,712
41,465,489
479,702,815
103,342
206,263
322,524
104,415
709,821
250,886
727,809,950
162,645,722
209,252,406,918
19,45,386,539
91,197
361,867
273,333,351
115,331
10,75
78,214
99,116,260,885
198,481
106,131
277,470,924
326,497,875
653,835
276,762,785
74,216,309
13,237,397,457
76,386
95,696
537,786
30,500
215,252
16,258,396
607,683
12,32
227,667
594,773
208,353,577
36,181
419,528
135,512,874
65,853
8,26,153
43,575
219,566
37,195,634,737
46,455,891
50,808
29,734
241,355
109,112,960
236,340,802,878
52,432
16,180,432,764
97,441
113,338,403
13,449,919
86,576
165,356,440
540,590
604,969
509,866
136,329
375,434
96,651
311,471
200,528
23,449,964
243,290,930
325,878
216,879
539,637
128,233
327,649
418,573
100,196
133,556
30,388,959
289,780
311,645
86,243
132,420
236,565
59,63
36,393,635,718
389,878
42,463
586,985
25,76,131
306,681
239,435,932,988
62,827
749,993
443,562,609,840
166,788
631,680
436,886
489,968
97,257,512,590
403,583,707,804
18,676,723
19,369
240,530
147,546
70,153
64,713
34,827
276,726
108,668
118,315,450
99,402
150,522
863,963,980
113,484,715
10,165,831
55,378
313,907
84,520
176,282,585,928
1,124,909
5,51
683,798
94,444,488,856
34,174
83,964
19,188
229,388,901
391,514,743
16,60,162,496
89,835
4,418
128,488,735
17,630
467,944,999
190,927
52,481
171,499
358,542
297,398,663
539,777
289,386
131,278,415,721
28,303,800
91,144,213
72,548
23,86
128,326,477,927
147,329,523,589
712,854
2,57
25,211
77,514,684,865
486,624
166,463,482,530
235,327
132,228,792
182,328,857
167,374,676
69,434,444,717
88,125,259
129,621
761,855
304,436
107,375
59,140
18,167,837
119,270,716,798
52,149
11,115,425
371,840
61,522
15,96,303,588
479,563
318,332
148,976
201,291,592
229,883
168,746
281,771
252,755
346,372
158,738
347,846
741,846
230,511
130,253,529,917
79,355
50,741
44,618,994
236,462,620
10,163,327
244,624,679
612,910
147,175,854,913
357,623
4,520,915
130,980
22,362
147,336,703,739
197,262
92,984
27,50
254,949
5,126
515,934
146,270,827
71,149,473,884
8,122,138
320,464,856
48,484,486
88,652
22,338,357,955
192,272
240,455
215,342
64,194
224,280
66,932
88,663
63,511,608,753
411,648,859
300,501
433,655
70,476
106,729
160,579,760
166,541
362,772
72,525
343,789
499,936
14,66,342,779
40,485
352,486
67,313
32,86,524,658
58,126,765
508,946
101,721
126,549,778,813
593,752,861
44,64,240,298
103,171,678
137,301,505,880
92,100,904,976
229,560
21,360
38,521
72,290,484,686
205,294,402
64,392
318,360
73,462
62,552
47,78,139
602,669
865,967
39,456
6,336
728,930
66,139,612,911
600,838
133,142,841,934
225,951
290,354
481,747
4,74,176,770
450,929
565,591,662,741
130,230
209,277
34,768
410,671
395,421,459
52,581
90,251
82,332,523
209,674
638,648
35,238,266,410
861,913
81,113
224,459
233,407
11,425,715
501,656,975
199,354
22,323
578,832
66,131,561,574
174,190,565
98,246
359,373,742
680,701
298,515
708,954
107,244
704,781
436,926,977
434,554
212,743
58,691
159,752,829
25,380
274,554,714
20,532,825
64,398,408,543
452,608
71,119,510
255,500
107,387
202,674
334,599,847
121,476
6,826
120,361,406,479
80,812,908
167,881
31,258
82,914
580,910,940
595,747
133,735
36,284,342
9,529,683
545,886
187,587
47,593
412,837
155,431,873
441,458
28,315,593,654
222,438,543,619
363,530
594,889,931
52,613
119,427,613,719
196,790
301,641,731
905,981
432,896
533,937
23,124,203,442
120,155,278,531
112,647
116,356,429,441
634,795
30,57,340
637,767
30,82,414
34,49,80,393
342,467
112,746
328,997
127,865
96,341,588
307,783,946
119,881
175,188,784,853
2,46,109,523
6,562
174,730,935
46,657
9,214,320
455,562
284,391,477
92,438,635
50,220
310,531,615
113,265,801
368,457,966
232,429,665
339,469
385,679
176,457,655
7,250
18,98,283
279,377,965
7,264
5,748
183,542,874
145,275,751
32,104,414
44,46,559,586
460,511,859
236,249,490
353,364,610,811
371,912
775,877
367,523,576
309,547,890
136,232,824
149,545
118,220,800
336,885
91,278,341,453
203,222,839,931
73,390,687,764
29,606
897,898
320,420,558,564
317,980
132,936
218,661
79,135,200
306,564
10,597
118,189,346,504
385,906
95,204
110,111,182
59,502,699,978
66,93,813
679,830
280,452
3,316
113,848
874,888
54,953,961
274,726
40,396
304,456,731
24,144
66,164
221,247
495,520,556
319,557,871,961
261,277,446,501
131,152
569,828
213,932
329,844
487,506
97,114
319,381
6,979
14,405,620
345,621
100,321,332,862
339,492
90,430
172,830
93,403,537,727
431,776
45,117
237,505
167,825
450,492
75,450,788
218,610
407,952
226,344
439,689,920
125,133,768
12,171
707,883
787,868
478,532
4,812
137,714
70,74,600,998
306,329,451,695
33,814
110,639
65,243
168,211,770
165,449
88,104
65,153
240,363
116,294,372
128,362,682
779,870
62,64,909
456,518
79,619,644
65,176
411,926
248,280
119,230,276
54,916
352,546
180,587,757
5,62,124,179
594,874
9,28,758
114,147,179,956
477,626,849
260,373
28,548,734
3,896
107,932
401,588
283,506
111,142,149
6,37,394
83,559
282,302,832
27,693,791
731,993
19,525
492,589,599
144,381
198,204,466
275,286,438,897
109,805
295,321,383,573
37,92
221,789
171,398
578,976
23,942
549,748
31,77
197,722
31,202,625
587,670,911,940
53,458
198,619,778,863
107,120
107,676
64,701
73,208
161,322,341,958
129,198
349,582,673
401,475,720
42,386
225,688
10,371,660,748
126,259,802
194,844
73,623,725
144,180
570,783
201,912
310,855
151,528
37,83,516
957,989
424,714
168,351
88,697
241,842
39,447,658
7,293,315
94,234,780,881
78,558,893
757,937
584,617
33,485,710
273,392,981
95,126
179,468
543,623
33,47
96,602
42,184
49,221,425,730
191,694
394,789
433,649
350,707
181,530,705,785
575,858
468,801
121,828
186,669
154,191
419,590
266,378
239,670
14,71,716
130,487,936
316,954
309,388
759,970
104,948
31,148
170,945
215,620
395,473
80,375,582,669
296,324,563
160,526,834
268,642
367,468
349,504,767
45,134,348,603
152,896
500,745
1,43,166,340
21,98
20,24,206
385,931
125,401
87,797
116,229,775
187,357,764,871
467,653,998
92,220,744,984
251,800
23,82
158,160
85,928
157,170,678
146,437,671
84,538
106,427,845
205,378
244,529
406,738
156,241
103,459,561
159,168
29,352,382,404
335,860
287,519
6,140
238,547
130,935
215,582
127,170,882
166,320,810
222,228,339,773
12,296,766
68,998
381,518
303,318,384
27,264,294,912
499,756
426,453,620
466,743
102,806
493,672
177,354
28,37,767
346,862
201,422
87,903
52,462
135,535
569,677
943,980
123,901
53,650
239,797
289,312
94,272
369,489
160,803,997
318,584
123,152
62,178,813
235,433
646,839
36,941
144,428,610,717
480,491
756,892
16,509,617
10,664,894,979
144,160
67,150,365
230,947
48,388
120,414
21,99,876
368,908
265,709
359,483,703
23,581
56,448
681,990
118,365,949
141,995
29,484
357,568
202,557
547,847
93,690,691,816
251,559
167,186,666,834
373,559,832
384,725,982
10,171
270,444,586,629
2,970
26,51,930
313,641
12,73,421
169,224
382,562
33,115,137,148
236,856
208,513
384,849
118,823
356,572,931
20,512,958
70,592,840
148,725
215,523,680,900
312,525
98,345,507
269,503,689
97,672
45,117,516
474,997
178,822
32,132,249,811
95,237,338,411
133,643
124,218
760,919
59,456
36,127,696
55,440
44,159,291,739
552,600
38,216,476
178,550
32,630,798
11,481
105,344,557
567,640
315,346
107,258
54,153,614
64,563
286,380
44,354,547
177,372,592,628
184,618,665
47,172,202,841
67,501
73,330
538,888
140,189,642
220,228,358,398
256,704
40,223
687,884
239,877
27,267
374,381,498,564
167,276,326
225,889
138,749
101,191
262,640
435,780
64,195
97,145,397,522
644,787
4,443,887,974
257,360
134,553
57,74,925
155,709,819
121,210,705
270,395
99,175,821
708,965
215,462,694
33,577
60,206,209
343,424
362,698
61,767
447,590
227,622
162,338,551
264,891
298,649
868,934
114,385,453
44,138,765
14,877
3,288,996
138,326
1,609
8,267
45,657
8,81
267,548,605
102,448
153,327,824
77,169,661,938
214,322,410
15,867,870
41,494
76,229,823
410,774,994
141,572,607,618
14,892
169,423,793,948
475,596
70,168,273,315
243,492,544,902
709,784,864
75,373,398,555
255,335
422,639,795
283,514
29,312
161,710
12,94,743,945
358,359
184,909
181,700
58,924
117,851
392,489
504,544,851
100,323,597,613
82,860
42,307
85,365
224,551
63,757
28,333
72,526
314,454,724,967
400,778
335,644
470,552,572
125,317
9,234,948
17,488,496,614
216,252,386,587
183,626,868,884
408,839
4,91,831,933
527,816
533,921
357,370
416,440,920
248,396
116,226
207,247,550
112,693
156,302,388,575
66,79,368,969
6,245
89,396,470
123,221,308,611
13,905
60,554
52,75,832,987
157,940
40,863
321,820,981
20,806
557,617
268,378
387,689
872,914
25,501
284,491
47,207,616
15,172,811,971
260,939
21,835
476,907
21,207,850
23,177
333,546
23,228
154,544,591
18,819
555,843
203,956
266,402,853
421,659,826
679,927
206,310,583,598
6,46,805,833
15,561,900
316,417,783
24,700,808
300,442
76,241,599
110,614
89,98,902
99,121,351
209,325,498
162,630,690,857
106,427,580
7,185
240,959
419,700
210,254
76,302
111,531
75,329,836
217,228,243
314,339,442
631,880
45,151
191,817
61,183,376
77,233,331,696
338,645
94,149
129,641
129,151,430,594
393,506
190,563
26,440,591
24,534
26,591,619,836
352,507,847
1,165
191,384,403,524
2,650,914
251,631
483,712
187,622,848
122,742
347,776
50,956
486,883
160,623,900
267,665
50,241,777,970
233,587
82,288,960
19,691
38,231,578
127,249
355,671,967
497,601,952
399,880
583,984
45,332
446,678,760
163,183
205,235
20,139,227
9,276,328,870
192,460
112,852
142,608
16,49,374,771
58,259
454,742
16,292,781,863
77,134
38,437,593
69,335,746
364,389
31,253,924,986
92,344
119,958
239,474,485
118,844
18,262
139,208,961
393,622,963
23,697
37,784
36,59,227
373,553
194,305
3,198,250,272
22,565
180,187
25,348,634
122,416
620,684
435,464,496
319,830
282,367,808
243,775,785,872
70,823
139,816
189,376,955
480,845
83,353
218,227
453,471
188,783
538,801
18,318,387
719,962
9,570
12,158,729,894
22,263,490,518
384,531
180,286,782
621,705
68,265,268
122,559
149,635
817,915
615,726
39,246
182,793
63,824
48,72,744
271,569
360,882
257,515
194,515,799
129,140,581
595,952
465,769
211,301,560
117,297
204,685,804
246,727
108,810
75,574,849
215,689
400,662,893
55,109,185,203
225,261,536,843
668,854
178,277
237,425,882
114,628,688
99,399,652
59,131,197,214
83,200,286,312
71,358,532
431,480
257,851,968
22,93,790
184,287
192,545
132,781,803,971
180,903
4,43,458,869
242,327,751
124,240,774
422,749
118,324,333,702
72,79,334
316,534
90,521
166,181
704,790
49,84
9,626,989
290,367
7,174,464,663
18,965
625,681
62,301,990
356,410
209,957
573,654
222,478,592
353,740,761
20,480,921,999
67,74,138
358,673
378,383,637,985
34,49,445
518,871
132,988
36,163,677
182,253,624,978
307,715
123,208
71,520
2,606
29,371,416
74,300,983,986
239,411
229,555,966
205,226,494
383,839
70,435,477,749
90,262
78,830
291,697
3,171,602,929
265,648
7,86,842,981
101,296,753
281,369
71,218
7,201
81,140,402
182,488,887
519,999
534,617
95,478
97,157
63,214
221,295
432,916
701,928
65,88,540,995
243,904,1000
10,28,397,408
847,939
275,418
31,66
433,489
809,892
368,650
437,566
126,718
567,942,976
245,560
135,442,759,788
183,820
12,43,367
76,217,652
144,495,577
297,503,739
43,290
98,119
599,838
585,701
81,154,677
408,640
143,656
483,541
41,968
750,889
436,811
133,391,471
484,923
568,868
55,379,571,988
61,556
199,205
299,361
650,869
382,852
302,525
101,475,635
125,169
100,288
226,390
142,660
235,367
25,225
298,437
237,682
21,87,94,999
370,814
17,753
21,233
185,643
681,700
253,423,755
157,337,571
292,337,682,717
90,136
49,137
627,902
158,237,653,856
25,297,541,1000
12,576
56,274,417,426
79,758
67,254,356
860,888
91,306
294,468
81,923
97,846
110,612,879,956
147,607
78,610
273,538
472,584
347,698
9,281,755
159,184,860
125,150,294,933
207,350
304,769
394,641
68,193,216,586
89,342
135,287,449
185,538,752,974
