27,89,213,600
216,252,386,587
8,93,94,517
97,257,512,590
206,336,407,773
13,237,397,457
38,96,117,329
85,130,461,913
162,217,508,575
1,43,166,340
137,301,505,880
66,79,368,969
70,280,348,713
55,109,185,203
170,281,385,464
83,200,286,312
56,285,317,708
82,399,413,566
55,163,232,566
154,601,628,903
18,256,477,568
33,115,137,148
215,523,680,900
44,64,240,298
130,253,529,917
222,292,537,954
77,514,684,865
114,232,396,685
100,321,332,862
71,436,872,950
196,212,213,417
120,361,406,479
261,277,446,501
47,179,296,522
47,172,202,841
3,171,602,929
27,41,589,992
110,612,879,956
7,174,464,663
80,375,582,669
100,184,455,967
270,444,586,629
3,198,250,272
12,158,729,894
191,384,403,524
32,86,524,658
4,43,458,869
4,91,831,933
125,150,294,933
95,237,338,411
147,175,854,913
23,124,203,442
39,60,105,772
70,435,477,749
111,214,295,791
10,371,660,748
143,385,506,747
97,145,397,522
174,324,877,947
35,78,129,363
40,105,143
25,76,131
159,192,579
16,509,617
129,151,430,594
98,345,507
250,271,472
65,195,274
88,125,259
9,214,320
214,322,410
62,178,813
18,318,387
6,41,422
30,151,873,920
30,82,414
35,184,513
66,99,432
63,319,497
239,474,485
146,437,671
43,190,597
134,344,798
105,344,557
65,90,313,455
125,133,768
75,574,849
72,178,516
304,456,731
23,449,964
60,649,912
44,354,547
129,140,581
135,512,874
76,247,848,858
79,135,200
207,247,550
133,391,471
113,265,801
197,202,446
54,153,614
165,426,518
77,584,975
21,99,876
77,169,661,938
14,405,620
8,581,647
71,358,532
36,59,227
92,438,635
221,299,338
303,318,384
244,567,724
244,624,679
13,189,794,991
71,119,510
170,173,646
127,170,882
15,127,843
36,163,677
10,163,327
38,241,648
38,231,578
28,303,800
220,228,358,398
18,167,837
128,362,682
9,281,755
155,709,819
154,544,591
43,533,804
67,150,365
260,364,696
132,228,792
243,492,544,902
88,404,509
8,26,153
81,85,155
202,233,973
167,187,207
89,187,237
174,190,565
118,365,949
38,216,476
29,352,382,404
7,345,737
349,582,673
109,307,392
33,485,710
194,220,895
75,450,788
9,28,758
198,204,466
204,330,428
16,180,432,764
171,204,218
103,171,678
297,503,739
68,265,268
78,558,893
133,447,480
242,327,751
108,331,466
117,352,686
25,297,541,1000
76,217,652
158,311,897
97,203,570
76,195,907
268,376,616
31,202,625
401,475,720
69,335,746
160,526,834
31,253,924,986
3,505,529
14,71,716
182,488,887
61,156,724
180,415,452
26,55,134
80,812,908
24,700,808
18,98,283
55,379,571,988
114,385,453
165,356,440
235,359,380
359,373,742
116,229,775
113,338,403
307,783,946
25,291,888
201,291,592
30,44,217,267
70,592,840
233,553,842
210,500,615
326,460,754
4,520,915
4,293,552
470,552,572
86,211,606
32,104,414
236,340,802,878
230,491,993
118,220,800
160,579,760
7,293,315
192,498,659
48,72,744
48,484,486
48,399,597
72,112,705
72,290,484,686
296,324,563
60,206,209
189,376,955
140,189,642
88,140,795
26,51,930
59,182,213
3,288,996
288,302,416
156,302,388,575
9,626,989
15,561,900
9,234,948
273,392,981
68,536,678
384,725,982
109,829,935
128,488,735
61,183,376
96,128,208,284
157,284,972
183,542,874
193,210,335
28,193,469
111,142,149
39,104,142
276,762,785
30,388,959
12,73,421
12,94,743,945
12,390,962
52,110,390
110,111,182
213,459,636
130,487,936
13,449,919
80,412,595
48,504,745
349,504,767
110,328,495,815
423,495,875
14,337,921
405,412,698
187,263,343
209,325,498
57,74,925
74,216,309
309,547,890
102,126,387
58,126,765
205,226,494
148,186,366
95,141,309,942
178,186,474
186,613,796
53,141,372
15,867,870
103,407,867
81,154,677
257,851,968
99,121,351
368,457,966
58,568,756,957
229,555,966
147,711,923
79,619,644
285,411,571
86,175,928
6,37,394
366,377,574,624
279,377,965
2,37,306
37,83,516
83,85,109
217,228,243
70,358,585
179,242,617
242,282,960
60,169,310
62,301,990
208,353,577
168,306,640,655
144,495,577
32,308,850
10,165,831
44,145,853
80,123,274
111,323,987
36,323,950
284,391,477
363,402,552
336,656,838
187,622,848
393,622,963
8,413,786
10,28,397,408
8,122,138
57,122,605
57,567,829
135,287,449
155,431,873
38,437,593
36,127,696
243,290,930
45,314,985
314,339,442
310,531,615
90,321,774
64,398,408,543
19,45,386,539
124,240,774
56,278,951
593,752,861
73,623,725
32,630,798
18,676,723
136,232,824
118,232,667
153,327,824
326,497,875
194,515,799
316,417,783
91,278,341,453
115,316,809
9,341,817
63,143,814
20,34,84
84,461,719
20,512,958
20,303,793
93,102,583,651
54,119,303
119,230,276
22,54,997
22,93,790
66,93,813
102,173,491
54,491,977
360,896,977
79,394,654
12,296,766
141,570,1000
269,503,689
26,369,404
259,694,841
67,74,138
75,329,836
76,229,823
14,66,342,779
68,193,216,586
23,33
22,177
76,241,599
17,104
52,149
24,144
24,604
17,35
7,185
21,87,94,999
196,230,779
63,249
124,218
150,177
31,77
467,944,999
59,271
24,317
61,556
87,106,406,445
106,131
53,235
277,424,467
17,179
159,350
134,138
5,134
5,188
50,899
131,627,916
69,106,161,835
19,691
27,50
34,51
84,538
159,184,860
55,62
83,116
105,161
231,281,400,588
59,140
27,267
334,599,847
74,569
18,262
194,211
97,157
3,269
114,238
235,805,991
147,329,523,589
11,173
11,534
21,494
107,387
21,207,850
107,120
21,360
107,375
1,121,898,901
52,481
23,82
1,821,998
23,86
181,300
49,244
144,381
91,197
73,462
594,889,931
49,221,425,730
49,137
50,741
245,392
64,563
222,478,592
33,722
234,443
100,196
123,221,308,611
5,891
15,135
15,596,690
122,559
129,198
60,554
343,502
369,489
298,603
1,57,528,986
41,465,489
88,104
71,218
219,275
248,299
15,58,274
143,254
10,351
34,40
136,372,634,939
56,448
5,51
25,348,634
113,138
90,262
79,355
53,650
136,386
120,207
35,238,266,410
6,25,451
6,336
51,247
24,534
34,174
2,650,914
2,57
219,228
166,541
69,434,444,717
289,780
226,390
58,323,899
73,672
117,297
142,250
7,492
145,154
193,493
101,657,943,995
101,475,635
101,471
201,596
255,500
255,519
103,389,684
347,776
95,204
95,126
73,401,424,818
31,148
5,282
259,389,426
14,223
20,425
11,40
11,481
260,373
128,233
99,116,260,885
20,139,227
139,816
16,227
47,227
77,330
47,78,139
78,214
156,241
42,307
31,87,236,551
13,42
68,380
16,87,224
224,280
169,224
132,325
146,312
108,668
121,305
146,331,706,961
337,370,706
357,370
26,41
62,827
264,712
305,507,675
172,830
53,810
55,378
66,139,612,911
29,962
215,342
132,324,924
215,252
90,251
144,180
148,976
33,47
59,456
123,328,366,790
20,532,825
123,152
152,330
126,718
100,288
108,607,942
264,699
295,326
196,339
141,572,607,618
236,856
350,687
282,367,808
209,674
357,623
155,177
158,738
133,556
318,332
4,74,176,770
44,618,994
150,910
313,641
105,114
125,317
580,910,940
151,528
268,378
351,545
116,356,429,441
192,460
234,733
121,210,705
311,645
12,171
31,173
353,360
439,611
185,643
353,364,610,811
167,374,676
33,364
91,306
3,186
208,513
346,763,890
346,372
279,554
469,483
206,310,583,598
206,263
102,806
359,483,703
102,142
142,608
201,422
200,450
256,704
48,298
443,562,609,840
46,455,891
61,562
23,697
8,163
122,344
199,792,799
199,354
251,631
347,846
275,286,438,897
2,67
42,184
2,345,535
2,606
17,391
112,693
115,331
65,176
65,243
190,322,461,732
14,246,459
98,246
98,119
205,235
1,165
1,124,909
19,442
29,606
22,143
14,197,421,558
108,289
67,501
29,508,812
18,212
12,32
13,222
45,949
225,951
225,728
62,64,909
225,261,536,843
64,194
181,352
191,632
43,365
551,582,633
176,555
271,361
287,519
53,321,429,864
287,382
86,576
416,440,920
101,721
137,664
137,527
26,493
147,546
479,548
94,212,374,740
16,258,396
249,845
294,468
248,393
333,419
58,248,692
333,546
52,462
25,211
245,535,807,983
245,308
188,335
89,396,470
198,884
367,468
189,409
183,349
233,587
145,156
71,149,473,884
380,419,661
39,149
328,613
283,506
270,283
39,409,934
56,498
139,702
167,881
319,557,871,961
319,381
22,323
497,601,952
168,746
439,771
203,293
761,855
221,295
465,769
16,60,162,496
162,447,780
255,341
539,777
363,526
42,386
211,540,983
96,651
96,549
96,602
43,124,688,922
93,472
81,940
81,140,402
285,370
111,531
104,415
239,411
239,797
27,594
70,168,273,315
273,333,351
315,433
149,561
83,559
625,681
153,441,671
63,627
322,616
190,927
42,266,585,785
197,262
514,782
164,781,782
164,726
112,755
121,828
280,584
97,114
6,562
85,195,675,703
10,85,744
99,210
40,217
69,973
229,883
863,963,980
208,434
436,886
312,542
565,591,662,741
48,388
343,789
103,239,420
132,420
92,638
19,736
107,244
45,151
50,220
6,46,805,833
35,37,430
35,72
72,548
5,38
166,543
28,37,767
75,889
30,500
4,418
182,253,624,978
418,573
199,205
72,79,334
36,941
32,478
299,320
34,252
120,414
65,853
63,511,608,753
160,803,997
502,511
306,564
12,24
482,994
84,308,473
84,520
61,124
61,225
158,237,653,856
427,722
27,673
304,574,760
127,865
220,454
362,698
181,700
56,817
7,250
70,74,600,998
15,223,517
117,729
154,191
52,581
300,607
211,301,560
112,647
54,916
82,860
378,383,637,985
383,839
157,954
560,576,826
219,566
238,547
130,980
89,797
171,499
292,499
87,139,231,915
292,490,666
379,723
41,494
152,896
69,917
9,529,683
525,642
55,521
19,188
68,141,507,836
757,937
279,820
179,195,578
267,305
188,289
37,784
128,971
373,553
350,707
44,159,291,739
47,583,670
33,428
129,240
129,621
106,448
146,270,827
80,146
355,598
78,325
162,630,690,857
11,761
11,446
426,453,620
714,750
13,905
256,269
527,533
178,822
340,521
239,435,932,988
445,818,919
115,164
172,996
50,956
59,431
232,429,665
395,409
29,734
110,614
50,241,777,970
400,778
22,230
29,371,416
67,371
67,313
28,536
156,619
147,287
20,806
93,403,537,727
44,138,765
2,970
108,810
295,316
356,410
422,639,795
120,786
604,969
34,768
10,664,894,979
65,600
166,788
133,754,794
346,862
26,837
24,479
588,972
366,427
339,469
21,125,331,487
263,375,487
169,375
868,934
293,605
268,332
348,365,638
286,380
845,918
393,506
161,322,341,958
104,161
47,56
111,658,906
329,844
452,502
23,228
64,195
519,603
307,715
185,538,752,974
16,545,564
644,787
357,568
143,859
349,904
513,590,745
51,904
191,694
756,892
52,75,832,987
21,233
431,480
282,302,832
510,598
77,510
77,134
163,183
105,234
209,957
151,261,887,922
175,302,695
98,415
170,186
73,208
595,952
165,345,852
300,501
245,560
53,86
68,205,831,866
569,828
123,901
13,759,939
281,304
150,534
135,535
88,697
216,275
103,965
28,315,593,654
167,276,326
235,367
31,319
362,747
377,387
236,249,490
130,490
215,689
395,473
32,310,815,876
772,926
354,936
356,572,931
441,458
242,317
389,616
394,641
368,935
201,297
169,423,793,948
266,334,873
433,655
352,486
265,648
493,589
443,576,770
29,758
347,460
224,551
222,438,543,619
680,701
90,846
274,554,714
78,814
200,528
25,225
121,476
550,908
3,316
75,373,398,555
204,685,804
251,748
298,515
257,515
219,257
114,628,688
6,140
311,471
218,227
16,49,374,771
17,374
49,164
421,659,826
17,272
40,863
40,485
113,238
144,157
116,226
776,803,822
17,488,496,614
223,236
223,766
49,84
381,518
504,544,851
294,879
337,608
454,742
350,740,791,925
39,456
30,907
237,425,882
31,258
258,691
159,168
41,968
62,376
109,210
22,338,357,955
246,258,953
54,579
82,914
27,122
36,181
259,527,730
117,982
212,802
240,959
119,427,613,719
69,353
38,199
99,399,652
161,710
28,333
164,564
119,881
436,811
179,468
75,76,720,820
184,618,665
339,492
561,937
142,953
704,781
113,484,715
81,113
65,153
401,588
166,463,482,530
439,893
364,389
709,784,864
162,381
203,645
9,570
3,465
22,565
384,531
144,428,610,717
35,51,176
173,662
206,370
911,989
241,842
355,671,967
450,929
213,932
466,870
73,390,687,764
18,819
505,834
82,288,960
133,735
251,559
276,726
71,234
548,763
809,892
136,199,383,451
106,283,850
189,663
248,280
475,596
400,602
514,859,947
174,639
128,279
193,266
205,372,463,482
252,517
668,854
286,773,895
633,858
674,789
325,871
60,474
408,839
775,877
126,549,778,813
110,816,926
194,305
64,713
679,927
539,637
36,284,342
103,342
255,335
343,424
92,100,904,976
731,993
672,711
100,578,751
87,903
43,575
299,392
447,590
273,538
256,855
59,131,197,214
125,231,615
391,537
309,388
434,520
358,542
115,496,601
190,563
69,207
458,577
20,480,921,999
81,923
546,599
89,98,902
271,569
52,732
212,743
262,640
130,230
4,135
285,566,757,978
157,337,571
192,272
94,272
369,573
19,369
807,901,992
19,728
254,949
91,971
32,132,249,811
209,277
177,354
632,658,718
95,377
312,525
182,379
393,444
334,430
270,395
118,324,333,702
477,626,849
118,823
51,457
61,522
905,981
308,445,612
478,532
95,292
336,885
45,134,348,603
80,452
509,866
320,464,856
224,716
472,762
796,878
10,597
92,344
7,314
57,293,516,879
185,394,397
27,314
39,107
7,264
192,545
54,244,630
462,503
304,769
261,413
131,278,415,721
131,152
359,412
4,777,833
653,835
148,725
583,984
621,705
530,805
66,932
175,188,784,853
99,175,821
580,875
172,894
290,354
226,290
160,623,900
1,765
361,867
58,924
19,340,560,695
63,757
163,382
108,636,656
46,657
101,191
101,379
45,332
42,371
11,17
2,46,109,523
42,264,693
301,451
94,149
5,126
30,141
13,646,982
470,918
90,521
476,844
24,549,633,802
150,553
102,448
250,423,625
8,667
46,675
15,818
666,729
147,607
872,914
127,303,629,929
205,294,402
876,941
456,518
300,442
141,995
267,548,605
142,660
861,913
239,670
57,321,636,695
224,944
737,792
67,604,758
49,899
34,827
586,985
591,680
167,825
170,996
727,809,950
56,274,417,426
56,361
403,405
347,698
708,841
467,598,902
504,990
186,669
533,921
454,715,890,979
486,724
48,986
501,656,975
233,407
712,854
683,798
202,674
318,664
7,201
291,373,732
2,46,332,764
489,968
385,931
138,326
58,691
176,457,655
306,681
79,193
133,643
363,828,872,920
146,323
360,882
352,507,847
62,552
365,406
568,868
50,808
41,991
1,544
198,619,778,863
247,905,970
418,752
547,759
74,800
371,912
475,506,943
88,652
155,745
5,283
124,159,713,974
21,835
313,907
221,412,925
313,378
449,898
132,936
524,685
595,661
237,682
320,409,466,953
349,883,895
218,682
116,963
70,823
83,353
112,382,959
112,852
107,676
330,614
587,670,911,940
8,81
8,734
11,296,390
468,801
368,723
483,969
599,838
245,994
170,945
169,191,231,428
263,362,687
620,684
215,582
750,889
168,351
253,423,755
227,622
289,386
242,575
177,372,592,628
638,938
55,440
182,328,857
567,640
134,355
269,608
230,511
136,329
85,928
180,286,782
59,502,699,978
180,903
85,733
127,311
178,550
241,443,686
96,754
499,756
238,541
108,609,644,819
51,609
345,621
38,539,843
435,780
40,601
223,629
89,342
37,92
219,420
199,254,593,604
145,220
118,844
394,789
185,387
474,857
455,562
429,647
328,997
14,892
16,84,115,337
92,605,794
391,514,743
91,144,213
14,277
183,820
78,830
557,617
631,880
122,946
200,869
494,984
