1,102,233 : -0.4460851383321247
1,110,166 : -0.24651571320028975
2,106,155 : -0.3105147828521009
2,112,163 : -0.3019977597090542
3,90,198 : -0.3910436309815237
3,154,221 : -0.46847327941208405
3,99,250 : -0.41983653624711126
4,96,136 : -0.3704132675173659
4,120,227 : -0.39402377685352885
7,12,24 : -0.38219772068021207
7,30,67 : -0.19500268805637067
7,105,161 : -0.32754744088572973
8,67,80 : -0.4486352297121303
8,112,116 : -0.38986106625000394
9,16,48 : -0.3205747944747035
9,102,168 : -0.5989149935775933
10,61,224 : -0.11153235329987465
11,112,128 : -0.25374232886606785
12,104,210 : -0.5128067197681592
13,58,125 : -0.39232730750786127
13,52,102 : -0.24328624046484593
14,45,179 : -0.45040202711071586
14,155,195 : -0.46666300622666856
14,158,186 : -0.36582253073693627
14,164,174 : -0.3820832995299488
14,171,213 : -0.292824879157517
15,29,57 : -0.3259656514407958
2,16,136 : -0.30796837075927086
17,30,205 : -0.34729921326017577
17,35,117 : -0.4515819825358831
17,36,136 : -0.44210824859293885
18,39,214 : -0.22084856957309285
14,19,36 : -0.256709039195945
19,74,130 : -0.3438017089874399
19,148,250 : -0.44387181795027786
19,35,162 : -0.2788211645314458
21,142,153 : -0.28150827815858004
21,149,250 : -0.37032075512285845
22,118,249 : -0.5092352712032464
24,41,79 : -0.32010705686676744
24,108,230 : -0.5200979717690961
24,46,133 : -0.39241412305517187
24,182,212 : -0.39691123486222213
25,167,170 : -0.28610998686302924
25,59,194 : -0.3266857856004515
26,46,216 : -0.341093189771541
19,26,149 : -0.29560344798926885
26,61,192 : -0.27219312751950375
21,27,233 : -0.2350259015233902
13,28,89 : -0.4667310797160762
28,71,79 : -0.38738837456890574
28,107,188 : -0.30631543348222956
29,51,109 : -0.3876195020268558
29,142,179 : -0.3753903544044128
30,100,144 : -0.2653108330163225
25,32,214 : -0.3167831788076718
32,49,165 : -0.3749234931691321
32,72,97 : -0.3712752457301589
32,92,111 : -0.21688607687545636
32,183,206 : -0.5361587882713352
33,153,183 : -0.42174044522971377
36,156,219 : -0.3628180817679074
36,111,223 : -0.38350116613379925
23,37,115 : -0.510408183249804
37,50,200 : -0.6182326719867448
37,128,243 : -0.5150765073516936
38,72,227 : -0.5167983826059717
39,45,92 : -0.3216693510811701
39,78,93 : -0.26579532864134725
1,39,84 : -0.1974983974270892
40,47,122 : -0.23840312658020224
40,48,233 : -0.5138109398228283
31,40,250 : -0.38662813600965995
41,42,131 : -0.44769938296503486
41,149,211 : -0.4164504573292298
26,32,44 : -0.2887084488511198
44,73,86 : -0.14913635272340375
34,44,99 : -0.3878792769159991
19,44,128 : -0.3138187561337151
44,145,146 : -0.4831246403560763
44,184,209 : -0.32865429830410475
45,111,173 : -0.06507617473221838
45,129,213 : -0.3456744813811756
46,199,205 : -0.4618819735342563
46,227,236 : -0.29329018427076825
48,91,149 : -0.26508769119215225
48,138,178 : -0.3241460371653262
49,55,203 : -0.6329964106337154
50,102,108 : -0.4614187507530991
27,51,100 : -0.47494932438335624
51,83,145 : -0.531982286231673
52,95,191 : -0.23394245495246402
52,161,236 : -0.14923146777453322
19,56,186 : -0.19474445714086142
56,75,223 : -0.5668262961181512
57,104,223 : -0.3931311732256888
58,140,196 : -0.5591027532175037
16,29,59 : -0.3419866161251566
50,59,163 : -0.42760844337663206
20,59,212 : -0.3858150684498094
26,60,185 : -0.29249552962744874
60,154,187 : -0.5610924984967562
60,103,176 : -0.5572663099285946
54,60,246 : -0.3895005284296502
28,59,61 : -0.3343210853139662
61,154,191 : -0.41399642342915155
34,62,91 : -0.3042424548031497
32,36,63 : -0.2874802662928795
32,63,184 : -0.15112955135379025
63,225,247 : -0.2040333052538683
64,188,204 : -0.17463034989753679
66,102,169 : -0.3911273809155653
58,67,244 : -0.3408547041066923
30,67,100 : -0.15189144951715083
67,154,215 : -0.521375671893944
68,216,229 : -0.20213937589906683
69,115,171 : -0.3461166516510279
69,94,247 : -0.371766022689934
59,70,117 : -0.4812076415701214
70,178,250 : -0.2907615647025954
10,50,71 : -0.31347496335365177
36,71,198 : -0.49664454495629795
71,85,106 : -0.20599144901696165
71,201,238 : -0.3220006576967489
72,110,218 : -0.45255856076689804
13,34,73 : -0.3022082198138525
74,99,106 : -0.4335173843688682
75,91,228 : -0.4400978039372214
33,76,147 : -0.39289073615797765
76,203,209 : -0.4356130937452831
77,136,141 : -0.25810771861336335
77,84,220 : -0.1935231596631295
77,177,224 : -0.2801485626050273
13,78,142 : -0.3158462185801043
49,56,78 : -0.4446969001924601
35,78,91 : -0.3089943481173849
78,162,169 : -0.29214859929831416
78,180,182 : -0.5262832743079287
69,78,239 : -0.26475918072220495
79,94,164 : -0.46993745032740875
80,173,234 : -0.5752509555978862
81,93,185 : -0.1770245957649017
53,79,82 : -0.6586243084752079
83,136,146 : -0.46009808279380104
60,83,240 : -0.5540720009617739
16,27,84 : -0.21951924100478792
2,85,217 : -0.11067492352135644
85,100,187 : -0.4862764961797299
86,109,140 : -0.4218711172110987
86,145,216 : -0.38571284845990883
34,87,173 : -0.4198607658473841
87,90,220 : -0.5004055193806369
87,158,245 : -0.3730295518009372
62,89,189 : -0.3769168230776905
89,109,226 : -0.46235607270389845
90,100,114 : -0.5405871977919179
6,91,183 : -0.5475223136961302
37,91,229 : -0.5367492104834151
5,92,115 : -0.42528630995054595
92,148,183 : -0.3705326979916346
92,152,159 : -0.2820450216080759
26,92,224 : -0.2879380789131678
29,93,195 : -0.27960293649736445
93,128,214 : -0.16207027543816732
57,94,151 : -0.3930582323258298
94,188,198 : -0.4429029181273414
5,94,208 : -0.22200598587840714
11,95,202 : -0.29122591867689085
95,203,212 : -0.40061286044468947
95,239,245 : -0.31674728634918403
96,132,151 : -0.17477501621553926
22,96,219 : -0.4166119228233647
97,115,238 : -0.3347983163666888
12,98,153 : -0.4626959874010883
98,116,237 : -0.5000511673162038
100,135,239 : -0.3666109394771513
96,101,250 : -0.3567332047833207
42,44,102 : -0.4343475910275283
80,86,102 : -0.29034084028233975
76,102,210 : -0.4319926312038014
84,103,198 : -0.4400543329064881
103,132,213 : -0.46057482741738354
43,85,106 : -0.10176496175928729
16,107,158 : -0.26497186826639996
16,107,196 : -0.25181740986640144
107,135,220 : -0.2537485147662155
107,112,245 : -0.15182637027618529
71,108,189 : -0.4856921300848569
104,108,143 : -0.3729976288800114
108,174,203 : -0.4094625931351856
40,79,109 : -0.4709494380427084
109,120,192 : -0.3526422304033203
97,111,173 : -0.22904898431066734
45,112,248 : -0.5116356751988869
112,136,196 : -0.2319271779356773
44,59,113 : -0.26699092370471966
114,121,122 : -0.47932224808509605
48,101,115 : -0.2478249831353403
115,188,219 : -0.2898539427609248
13,83,116 : -0.32995746768914835
116,118,152 : -0.3632393307620314
13,116,195 : -0.3122747978433229
116,196,217 : -0.35487837672835076
15,47,117 : -0.4474564790717197
28,32,118 : -0.34783146006940946
69,97,118 : -0.2749729428518468
29,119,149 : -0.36999060956014906
93,120,173 : -0.23068469430120508
33,120,179 : -0.5270364085623453
22,121,226 : -0.444791456751485
61,121,229 : -0.5228629635793314
121,158,190 : -0.5863201728965945
121,148,233 : -0.506116177689266
123,170,248 : -0.2897888946923628
3,4,125 : -0.25629984643207027
63,125,225 : -0.0574162811740313
75,125,149 : -0.562041691244761
126,144,179 : -0.32871769898819414
15,126,187 : -0.368060240037549
106,127,221 : -0.566891345665909
73,128,202 : -0.33601366017718703
118,129,184 : -0.3136453828493686
72,129,169 : -0.418419128189945
9,115,130 : -0.5027432440380721
131,170,192 : -0.4872476360123543
103,133,139 : -0.39017473010917136
134,154,203 : -0.20801540508239014
30,135,156 : -0.24745966133159336
135,188,250 : -0.2880544689554454
121,136,231 : -0.4647172092047416
128,136,142 : -0.28316194671394856
135,136,178 : -0.16383226633834225
83,136,170 : -0.2803029984211638
16,42,137 : -0.4971942289864404
92,139,202 : -0.5112009505585944
140,167,227 : -0.2596929806135888
70,73,141 : -0.2603781566343384
142,183,198 : -0.5500148663972291
11,143,164 : -0.37272357624090047
113,143,216 : -0.3668245966593533
144,168,235 : -0.2911811265677031
52,108,145 : -0.2449037676991641
37,146,212 : -0.6532817894931093
7,147,195 : -0.40646294922343396
46,73,147 : -0.3807882474622901
71,147,149 : -0.4227075407030916
149,163,171 : -0.4284849198593865
42,79,150 : -0.4634445009058843
99,150,213 : -0.5810841303790748
66,132,151 : -0.0787751500851519
27,67,152 : -0.2729704829805568
123,154,223 : -0.36769067260694843
4,156,195 : -0.33371285855253663
156,171,237 : -0.27059497157674084
121,157,165 : -0.4278989362929986
157,193,238 : -0.3053631781174482
7,112,158 : -0.4368629826382784
113,158,182 : -0.3553738788760341
15,17,161 : -0.26535031606412685
28,46,161 : -0.3464388033642203
162,166,219 : -0.26204858878117165
36,81,164 : -0.3238660878956181
86,164,214 : -0.33627931470042793
129,164,239 : -0.26225301524339417
25,45,165 : -0.29677277811719804
16,103,166 : -0.3845752634096553
162,166,247 : -0.33436404429454214
48,162,167 : -0.3285870156660622
153,167,182 : -0.39314758537959804
22,65,168 : -0.5353160626021616
157,169,195 : -0.527213676731779
49,169,207 : -0.475835377785629
29,95,170 : -0.32714447194415985
72,106,171 : -0.3821428136440965
172,187,219 : -0.4177354359119223
26,54,173 : -0.252872599300189
17,167,174 : -0.2582247417562331
174,236,241 : -0.10528724256561528
60,152,175 : -0.2559384667871738
13,84,177 : -0.2380441134068354
116,152,177 : -0.21052360074310617
26,153,177 : -0.18721003967734062
143,166,177 : -0.39257075960300725
113,177,227 : -0.3019874985840252
33,74,178 : -0.4782332957710538
58,168,179 : -0.2566276083038872
126,181,247 : -0.5829337872202272
41,164,183 : -0.35161664344853794
41,47,183 : -0.1652290149105986
9,122,183 : -0.30412254459391996
19,32,184 : -0.18363136314683848
74,184,201 : -0.38041945052566084
185,214,239 : -0.27470918778281095
12,187,240 : -0.48709628693998597
64,187,208 : -0.40217176252533227
38,49,188 : -0.372958291591432
25,138,188 : -0.27216652962413046
188,225,243 : -0.32462840205528387
79,124,189 : -0.07002504969770862
87,189,208 : -0.5372549157660529
128,189,213 : -0.36873320178009283
81,109,190 : -0.3020660089608911
48,84,192 : -0.38317454051084976
92,192,193 : -0.42587524643820984
31,119,193 : -0.06765374419259262
37,104,193 : -0.4932759128332862
28,65,194 : -0.5575013379522078
194,204,208 : -0.3428155980307981
30,194,213 : -0.4480881592950152
28,195,238 : -0.23059152049880782
110,139,195 : -0.40957897374892216
25,197,210 : -0.6688718741983708
67,198,225 : -0.4461531600498536
192,199,211 : -0.3499177842932044
13,93,201 : -0.33375734576085003
15,201,217 : -0.3598691206748148
85,163,204 : -0.13847843258908954
66,93,205 : -0.37588478325590735
148,206,248 : -0.3836652753113159
66,128,207 : -0.48022611355267975
33,90,209 : -0.3933153130446876
140,191,210 : -0.3645125639608069
13,76,212 : -0.4215875492513006
24,78,213 : -0.3836033971148709
43,108,213 : -0.3555680291698926
25,141,213 : -0.316799413921514
91,214,239 : -0.22712430516468007
33,215,243 : -0.4240307133533001
63,86,215 : -0.34378288311859384
107,215,238 : -0.436109578563606
56,172,216 : -0.48281461114141155
204,216,246 : -0.3659374119022081
28,216,233 : -0.5370552666290862
217,233,245 : -0.3909863845295458
66,218,247 : -0.4074389527625999
64,106,219 : -0.22060069477236088
29,104,220 : -0.39231266854190094
136,185,220 : -0.28264239241089406
153,220,235 : -0.20833951625114433
97,155,221 : -0.47829135136373124
19,191,221 : -0.47809382560907787
78,176,222 : -0.5412346457175876
101,214,222 : -0.3423682265732506
77,159,223 : -0.24580652383245116
54,173,223 : -0.29749948847514274
24,40,224 : -0.5200600483884217
133,205,224 : -0.3310739258105093
82,221,225 : -0.4834314162032616
81,97,226 : -0.32097818441723036
33,226,230 : -0.5730929016511199
32,52,227 : -0.2447553827828317
22,158,227 : -0.35451810953161855
159,229,247 : -0.5042012495126105
187,195,229 : -0.5348331874020187
138,170,231 : -0.21238435866832628
120,167,231 : -0.21936296344727424
9,199,231 : -0.38427893631919163
18,211,231 : -0.19181013017487847
23,75,232 : -0.3749286148571602
51,151,233 : -0.46101365168358854
175,220,233 : -0.5216429824806355
5,51,234 : -0.5720479599101589
120,194,234 : -0.53853854904311
17,144,235 : -0.33525795752533827
60,77,235 : -0.1882601146011278
58,69,236 : -0.281049634867911
138,227,236 : -0.19848163576956757
70,100,237 : -0.46082988489362586
169,199,237 : -0.5384322299648043
19,46,239 : -0.3400511619358775
24,119,239 : -0.3468940096248083
80,166,239 : -0.38805452460350986
108,117,239 : -0.36270031270361347
7,15,240 : -0.23809676872304442
23,164,240 : -0.6774331231336099
55,67,240 : -0.5786650327954606
58,105,240 : -0.6122275030086306
55,88,241 : -0.3120924406986796
167,239,241 : -0.3113209152232397
62,222,242 : -0.2772247800138268
37,137,242 : -0.5338413497404768
97,243,248 : -0.3854224098515622
175,197,244 : -0.37069890335532585
60,120,245 : -0.35212109617262
128,132,245 : -0.22645342307899052
24,46,246 : -0.3652934313398266
26,27,246 : -0.16932489628159608
74,163,246 : -0.3695500978352828
96,155,247 : -0.39138367083523806
127,240,247 : -0.6482756242623866
235,243,247 : -0.3628503115373596
100,191,248 : -0.5089801229363562
131,160,249 : -0.4811723539094215
139,226,249 : -0.4674013556003853
145,211,249 : -0.4900413676801416
72,212,249 : -0.48577952673636915
156,172,250 : -0.29259600609849556
130,208,250 : -0.46870084778217613
15,46,398 : -0.7004638356720585
70,110,320 : -0.7006164095177823
106,192,341 : -0.7219638374183925
101,148,370 : -0.49309628086176893
112,149,261 : -0.6132844238957365
218,219,296 : -0.4974273816003094
71,239,367 : -0.6233052456314645
5,96,509 : -0.5296736901008283
22,158,604 : -0.6253766284321998
105,158,606 : -0.7757635542452881
33,171,586 : -0.6942914296630152
176,190,611 : -0.6921764423220869
16,64,888 : -0.5180804504615217
48,228,956 : -0.6481215166561296
83,189,829 : -0.5225740302667927
97,119,774 : -0.703152490827847
67,144,996 : -0.6063621068904455
170,195,882 : -0.763361687133203
61,224,880 : -0.5771324066809114
26,64,251 : -0.6619849655615191
99,196,354 : -0.7839596666640509
150,234,397 : -0.6880353901041982
177,185,263 : -0.5248738690562047
194,214,462 : -0.6760304786938525
99,223,431 : -0.6293306997906125
2,241,323 : -0.7648555775727517
6,293,387 : -0.4179283692182192
71,272,288 : -0.6754531263099626
161,268,342 : -0.6672631603012098
198,265,286 : -0.5976507802134037
24,337,657 : -0.9425238826237394
46,363,577 : -0.8461656553667551
127,277,663 : -0.6616046623049816
140,348,635 : -0.8255318690200415
163,425,546 : -0.8090318475318976
197,475,629 : -0.617828432192338
201,331,704 : -0.7503332583547939
207,378,698 : -0.6945134824811303
72,321,767 : -0.7466568746110154
75,448,868 : -0.8808088427949645
149,341,925 : -0.8682964820122256
160,356,996 : -0.6506143761534271
206,421,851 : -0.6651539463463363
247,296,946 : -0.7967875414539496
4,200,515 : -0.7098451212447205
169,250,527 : -0.7705873160226924
14,331,514 : -0.8759369857540527
51,329,513 : -0.7992436424055174
100,399,646 : -0.8596428253836006
102,384,522 : -0.8958415317172865
155,333,513 : -0.7601861628452771
168,365,610 : -0.8559389072469756
169,419,722 : -0.8872713102570229
180,306,665 : -0.7114464708484214
194,436,578 : -0.8717320398521102
207,452,550 : -0.7272677079558778
215,434,704 : -0.7765996972852229
19,588,647 : -0.6126771845633607
28,555,580 : -0.7244468718296204
33,508,673 : -0.6782282580728012
36,507,742 : -0.7303393782255203
40,664,746 : -0.6387330806519542
133,628,716 : -0.8185921444737172
172,593,708 : -0.6347201536758305
203,642,746 : -0.6419064234433358
208,532,711 : -0.6088583273669981
242,675,726 : -0.6757035513437344
156,717,968 : -0.8832259577031332
206,568,899 : -0.7208820093629198
216,529,942 : -0.6574498673669342
72,95,916 : -0.7047827382606975
48,119,780 : -0.46694926843762685
144,249,804 : -0.8554702095481659
90,184,879 : -0.5908062830395058
150,189,870 : -0.45651768111035995
23,259,987 : -0.7601849477241309
33,324,985 : -0.8353662798762533
36,261,961 : -0.7723277495607339
42,251,806 : -0.763900548184715
121,486,927 : -0.7195868997418526
130,263,999 : -0.5996877673791818
146,473,901 : -0.7675055774425681
180,345,989 : -0.8179027328944906
71,739,987 : -0.9155594104270544
83,617,855 : -0.8515421430069718
181,644,982 : -0.6552985218558474
228,692,792 : -0.7627990174327302
12,797,913 : -0.6952939163768956
53,813,847 : -0.25829832081549187
150,854,883 : -0.5052242397200308
189,825,978 : -0.7524209382989058
234,847,869 : -0.7325452167342279
247,904,986 : -0.677571870539309
111,138,265 : -0.5935874955330009
40,242,290 : -0.7998335426058523
224,250,294 : -0.6995647476304141
58,94,307 : -0.8325220540319411
223,237,342 : -0.6825739416111394
117,170,371 : -0.7143052464371369
57,148,401 : -0.5740921569101545
13,112,407 : -0.6367116135736328
137,202,485 : -0.7104750788437102
221,275,434 : -0.502658620121422
220,308,324 : -0.7121000998160243
82,263,329 : -0.662506923675807
246,356,475 : -0.6968896227071082
22,392,412 : -0.641666701717228
8,272,407 : -0.4841366325186782
51,430,451 : -0.7529342438018094
17,262,471 : -0.7555261687644299
165,452,483 : -0.693463929919544
131,295,668 : -0.8385956315832797
197,297,562 : -0.7054498559310418
40,299,742 : -0.7429901520067344
116,299,734 : -0.8024629991631509
12,425,679 : -0.7395704557308056
157,432,566 : -0.7853551035950335
72,435,644 : -0.9333679303505198
98,439,674 : -0.7664565963745504
185,452,512 : -0.654707050257455
83,468,717 : -0.7345553039104233
105,481,637 : -0.766688350086616
114,260,911 : -0.648739385957755
218,287,791 : -0.7247779427816505
8,347,758 : -0.6984980245496866
230,440,878 : -0.6999566735606553
187,444,825 : -0.9182468164543818
233,455,798 : -0.6540446411084344
99,258,444 : -0.5297038787644412
189,306,403 : -0.6923328711631203
207,324,408 : -0.532738516765833
179,365,423 : -0.628421968602376
182,426,495 : -0.6162062271831008
44,291,496 : -0.6368470650116356
252,337,396 : -0.4255333513431223
254,261,303 : -0.3216377369894874
255,410,419 : -0.4160528806363466
255,315,447 : -0.4115959469691348
256,297,356 : -0.4438057700529996
257,359,397 : -0.31514470844685016
257,413,457 : -0.23488334933220623
258,300,422 : -0.3494283627253236
258,305,407 : -0.36745155699885235
259,325,397 : -0.4127499879275416
260,274,298 : -0.5263116776085279
260,295,310 : -0.39389081883515864
252,260,441 : -0.47876232266036656
261,295,322 : -0.32745775550892153
261,306,324 : -0.4987189103465637
262,278,280 : -0.3000126678353561
262,326,489 : -0.3135656549994932
262,361,437 : -0.2167339732608049
262,457,473 : -0.3165553530349683
263,362,379 : -0.4982990397431588
263,390,472 : -0.3947037469436958
264,374,395 : -0.23772120864188362
264,363,396 : -0.37090778014171777
251,264,410 : -0.45875032341846356
264,471,479 : -0.355376016397849
264,451,482 : -0.21185169643724788
265,280,318 : -0.37092930670794044
265,308,388 : -0.4349112074974908
265,325,371 : -0.19940784558459956
266,273,419 : -0.18146112250190471
266,275,430 : -0.3288094282922236
266,418,465 : -0.33369710528919994
267,275,300 : -0.24975215218538005
268,285,474 : -0.2904647130499298
268,315,456 : -0.18558581812777586
268,350,481 : -0.31258146793463437
254,269,288 : -0.5014085180036869
269,270,397 : -0.3561779120126287
270,428,442 : -0.3329303375697006
271,324,333 : -0.41714805577446423
272,293,419 : -0.34484924326472655
274,303,398 : -0.39962293705407337
274,332,343 : -0.3348195699931076
270,274,351 : -0.2046543194318684
275,312,327 : -0.35624620572469157
276,353,411 : -0.3403987948185092
264,277,365 : -0.5260215298632576
278,393,417 : -0.130671884854904
278,323,459 : -0.23998480333453243
279,300,361 : -0.15799764633663815
279,443,448 : -0.27706283863799275
279,456,463 : -0.20949610550495756
279,375,486 : -0.334879758129186
279,479,498 : -0.22681480761548323
259,280,284 : -0.22399481729172988
280,339,371 : -0.33839073005827935
280,319,444 : -0.33069888727534424
282,375,443 : -0.3178889620920238
284,290,313 : -0.4066232936788796
284,388,407 : -0.4024325205130914
284,323,412 : -0.44423739167191356
285,289,451 : -0.2816411768586127
288,390,439 : -0.394369127065886
289,376,402 : -0.4095313665798932
289,345,418 : -0.3703275524219556
290,447,448 : -0.42767997997606244
262,291,444 : -0.1936262484259692
292,384,450 : -0.15683989196799053
292,301,460 : -0.2993282534373105
292,348,487 : -0.3196362765730725
293,397,468 : -0.38852332964897407
294,296,366 : -0.432996767121943
276,294,393 : -0.34118773895663
266,295,344 : -0.3177336371021049
292,295,349 : -0.4534678014913358
295,367,380 : -0.27561295652396156
296,362,412 : -0.37694693782873134
296,468,495 : -0.5422425216543632
298,322,400 : -0.30027532410931523
278,298,424 : -0.39388782651352083
298,448,459 : -0.2668429783855153
253,298,460 : -0.7587978941638731
271,299,323 : -0.3378518737072773
258,262,300 : -0.30321963049636524
270,300,341 : -0.2874026042765463
300,419,491 : -0.3475897519368143
301,302,318 : -0.20751372535354262
302,353,416 : -0.26989887150821446
302,384,450 : -0.29678565227130504
270,302,468 : -0.1247598354832844
302,363,471 : -0.3109679053980654
303,373,426 : -0.3632339020415436
304,333,418 : -0.3242088877799265
305,365,418 : -0.3606220257107784
294,306,428 : -0.46297935167967674
306,327,336 : -0.3247279474431308
297,307,492 : -0.4406241508745725
307,322,445 : -0.3337798578683857
307,374,383 : -0.42495092870512985
308,368,438 : -0.19879535165564266
308,412,438 : -0.17814811646349415
308,468,477 : -0.4214274849299071
308,371,479 : -0.31027249215177566
256,310,322 : -0.2783951472843855
279,286,310 : -0.37261566738253227
310,324,436 : -0.3332492768273867
289,311,398 : -0.3560477335426291
311,399,475 : -0.5424060407865094
311,318,482 : -0.38354053953979594
312,386,476 : -0.34636477306553726
313,325,458 : -0.24137557701732337
313,375,456 : -0.2460863707851657
314,432,489 : -0.22915776929936738
293,315,414 : -0.34473519105501316
315,449,483 : -0.47482520465786804
292,316,397 : -0.3738158448214115
316,369,377 : -0.21985970221775863
316,351,437 : -0.2620557588450847
314,317,500 : -0.41020462124531876
316,317,333 : -0.3297560071922614
317,360,396 : -0.4089391735484247
270,317,371 : -0.41217741671959973
317,493,499 : -0.3075866275077854
291,318,469 : -0.3396732457053253
268,318,420 : -0.4168497245554681
319,364,366 : -0.2937191015595144
319,396,429 : -0.3867164414699058
259,319,438 : -0.3909723167944126
295,319,471 : -0.4863999621147377
277,320,412 : -0.5391183291625987
258,321,387 : -0.5694432790123996
321,371,426 : -0.4596754334336104
321,414,479 : -0.4162916855154597
251,322,494 : -0.28620764390187814
294,323,358 : -0.4321642621469839
273,317,323 : -0.4412780705837467
323,402,444 : -0.27387078440103574
324,391,500 : -0.3792489744009395
304,325,434 : -0.3528357194961105
305,325,432 : -0.25723270625701344
312,325,393 : -0.3204315422569981
326,439,498 : -0.29503905603407254
327,365,426 : -0.3917365707796159
327,415,447 : -0.19294728304170228
329,393,424 : -0.20575020281986633
331,430,450 : -0.4286024889846938
279,333,403 : -0.3301343382582427
333,396,424 : -0.31975501639729087
334,341,399 : -0.4073052045925758
265,335,401 : -0.47212641069808026
300,335,459 : -0.26409982106807606
335,474,482 : -0.1039938583963429
269,271,336 : -0.24226249513853904
336,415,422 : -0.22543189814371956
288,337,357 : -0.39870529797157017
251,338,385 : -0.5149207663824189
272,339,494 : -0.25404950635340784
290,340,417 : -0.38675358652282
286,340,438 : -0.44176026786646383
340,406,459 : -0.2651894955518286
327,341,383 : -0.5315372649488697
341,406,463 : -0.34594020427592476
299,342,468 : -0.31520721702871213
342,351,402 : -0.4236827614460945
342,356,394 : -0.3697721889937111
282,344,379 : -0.24692080835915964
333,345,436 : -0.42984641255427003
345,365,377 : -0.4135382195516666
345,380,430 : -0.35219502528321933
275,346,437 : -0.18179880627973644
265,346,466 : -0.3519935787794559
346,463,499 : -0.27948877657101967
329,347,417 : -0.6636024259017621
331,343,348 : -0.46615542658294906
349,375,416 : -0.4412102053986735
289,350,390 : -0.3886849472051017
351,375,452 : -0.4405615004079797
351,407,468 : -0.2464480237405129
290,315,352 : -0.450039360471044
352,372,413 : -0.31995838706597923
273,354,453 : -0.2755507386871865
289,346,354 : -0.4264688470070177
354,373,389 : -0.5252001468712899
355,427,436 : -0.36894120865944746
265,356,426 : -0.4622246447989129
271,296,356 : -0.3679494198544986
295,357,489 : -0.3034197761793225
309,357,435 : -0.4273439509712842
269,314,357 : -0.18855896008382156
357,365,462 : -0.5446643781228655
357,386,422 : -0.43344183526355273
334,358,488 : -0.14188540170802955
262,358,397 : -0.2803187253972528
358,408,432 : -0.3384011749101856
360,381,398 : -0.17058241487349668
361,380,449 : -0.30558532735634913
361,386,414 : -0.3119452628182735
361,473,481 : -0.37312224734970023
265,362,390 : -0.26023800668065733
362,404,408 : -0.30155435473534276
271,276,363 : -0.40373922416213404
267,288,363 : -0.38579290841972513
278,364,440 : -0.4834476964758845
365,416,472 : -0.4259655285276236
365,464,476 : -0.2655585071639075
365,417,490 : -0.35164463667210066
282,367,399 : -0.2887906691137947
286,367,423 : -0.4078520649458459
367,385,488 : -0.5290466176598017
255,368,479 : -0.33066312307070445
271,287,368 : -0.32954381070434824
340,345,370 : -0.5895888937550093
295,373,420 : -0.23859675440188743
373,449,465 : -0.22671716024015431
373,412,476 : -0.42266711497005094
262,316,374 : -0.40891501144852294
374,406,450 : -0.35277328055821733
277,374,430 : -0.405452464526578
359,375,387 : -0.38472105836058557
270,361,376 : -0.17493677155834852
272,377,451 : -0.3789084158246654
272,279,377 : -0.32177705775729804
312,340,377 : -0.2653185602714774
377,429,435 : -0.4721576382386232
316,378,382 : -0.4350129036702963
378,383,387 : -0.39270377964762293
278,299,379 : -0.1645214941436901
265,299,380 : -0.49456951379205494
380,385,395 : -0.3299739828829402
380,430,445 : -0.19558862718585734
341,380,485 : -0.3805360996493088
322,382,423 : -0.4871514818034688
288,331,382 : -0.41828802796574927
267,382,391 : -0.3410653943462416
257,313,384 : -0.23449734962420887
257,340,384 : -0.31955408620783676
342,344,384 : -0.39407003913239924
328,371,384 : -0.3889738247594443
325,367,387 : -0.3941652686676671
344,387,439 : -0.4009254091590182
269,388,472 : -0.24127922107876687
287,388,492 : -0.24911799244079513
388,392,405 : -0.3653221097720305
282,295,390 : -0.2777296749654157
292,390,413 : -0.34318939854446806
296,300,390 : -0.46380845403732396
390,409,486 : -0.265216220521022
355,392,430 : -0.3140957048571029
364,382,392 : -0.5444272249001196
392,427,485 : -0.2882320769679658
346,392,432 : -0.35925926173876843
395,430,460 : -0.31208470525397214
307,338,396 : -0.5335059458520806
257,396,499 : -0.23955783972421152
289,338,398 : -0.441352408943533
384,398,496 : -0.3935033602772635
298,399,406 : -0.5128767072108749
292,367,401 : -0.5120821858149021
348,402,444 : -0.3601325460938236
381,400,402 : -0.0984114873030082
402,457,465 : -0.16433995635336007
403,439,441 : -0.35299771494695054
403,475,496 : -0.4433926732410387
306,405,481 : -0.4250474344533166
288,367,405 : -0.2757481792652978
384,405,431 : -0.5184970040105972
408,413,472 : -0.2144930722942211
324,409,419 : -0.35679007736838253
336,373,409 : -0.2558079422449473
351,409,415 : -0.26207153184623966
363,409,468 : -0.2761684525165664
260,409,487 : -0.37933193792522246
279,392,410 : -0.378251119358056
291,410,483 : -0.30315250202649646
410,425,462 : -0.3662068175610489
412,433,439 : -0.5032525684358022
413,449,464 : -0.2678786023168098
353,389,414 : -0.4106427510276731
372,404,416 : -0.12045223142457262
276,417,461 : -0.35612814595139874
310,418,496 : -0.3466340708557041
270,363,419 : -0.2372511987823145
301,419,461 : -0.20574010480666804
256,420,432 : -0.33798627827137295
280,407,420 : -0.2804666089288026
303,306,420 : -0.2946411893417258
320,420,454 : -0.4080124098091378
256,371,421 : -0.24501759588451444
280,421,452 : -0.3782375375486442
318,389,422 : -0.3683438314517218
268,313,423 : -0.46969157580560994
278,379,423 : -0.30586470060626914
330,424,476 : -0.18328361183476938
331,379,425 : -0.47540654718217423
425,463,483 : -0.38956397257264186
332,363,428 : -0.44792220538771965
428,464,488 : -0.35498565852807173
328,430,453 : -0.30092968165445955
386,417,431 : -0.4770720874707868
399,421,432 : -0.3475514993419502
318,416,433 : -0.42804130836874554
384,414,434 : -0.4544061001658637
294,434,499 : -0.39548608086275205
281,306,435 : -0.0982249049871673
435,447,470 : -0.2691051330383718
324,435,482 : -0.41429797392054035
255,323,436 : -0.3962160330549531
375,435,436 : -0.44320039894543184
403,429,438 : -0.2585597649158924
437,438,469 : -0.4445646575368669
436,439,482 : -0.4489583761482723
354,415,440 : -0.3624398499360746
434,437,440 : -0.17784313670560925
437,440,477 : -0.13064308810037906
325,371,441 : -0.26368616981478854
421,441,486 : -0.23777446421360393
307,405,442 : -0.4165017808481053
365,390,442 : -0.50410589553807
351,377,443 : -0.23677685313141072
360,430,443 : -0.43580930467992585
266,273,444 : -0.10371084135406528
336,407,444 : -0.3083521664532851
415,445,446 : -0.3446559286081303
420,446,480 : -0.3535387407170705
363,446,484 : -0.3714551645132036
264,354,447 : -0.3550882259814936
293,306,447 : -0.2546981522559042
303,400,447 : -0.25312685258686796
309,428,447 : -0.4106338837703838
415,447,451 : -0.22005226775166076
405,447,494 : -0.3170047698933758
289,312,448 : -0.4270718458357772
360,400,448 : -0.16963605295373796
320,448,459 : -0.34591852114243427
382,449,489 : -0.29442431198088936
382,405,449 : -0.29352218987446266
292,332,450 : -0.22292769509381327
332,451,476 : -0.387474792633445
269,377,454 : -0.33245464539266956
337,405,454 : -0.36076097988974
303,310,455 : -0.40895484466435006
263,317,455 : -0.6013133144373695
315,456,459 : -0.14972558233443567
268,456,491 : -0.35843424391286405
377,456,493 : -0.3292913218077449
268,343,457 : -0.3781225997871953
355,357,457 : -0.19502955164448754
392,457,491 : -0.21489735974601354
458,466,490 : -0.1322009138493161
299,450,459 : -0.329792315221225
344,401,460 : -0.4326376453689307
363,460,474 : -0.47430809129068674
280,448,461 : -0.34240433919836155
397,461,489 : -0.27462533937328426
259,354,462 : -0.43997602340546527
395,430,462 : -0.23764237861776438
284,462,467 : -0.5275727902781853
256,409,464 : -0.29930592772597153
355,385,465 : -0.31706834041736354
414,421,465 : -0.3950821018248969
334,465,488 : -0.14575391921574932
317,340,466 : -0.3909182516006071
446,466,491 : -0.38901439722665776
279,302,468 : -0.24683091217228115
341,421,468 : -0.3100539287682773
336,423,468 : -0.3872581471326719
252,334,469 : -0.49997154637886476
285,336,469 : -0.2672842883370161
337,413,469 : -0.4672364595390559
294,356,469 : -0.3514751799942717
325,356,469 : -0.25473778014750015
363,382,469 : -0.38420169759515255
262,425,469 : -0.38279337016311055
355,402,470 : -0.2549449333158873
344,426,470 : -0.29141022556826246
336,471,482 : -0.30717945011081005
368,464,471 : -0.3387407118209298
259,421,472 : -0.34152806805553637
288,344,473 : -0.34958055308681457
314,443,473 : -0.30290809761910764
434,444,473 : -0.3936311594804034
262,315,474 : -0.33989412375289874
330,365,475 : -0.41026285404213914
306,325,476 : -0.3061996325068086
313,348,476 : -0.3445397272521378
334,377,476 : -0.21110463667172308
280,436,477 : -0.3073406226842099
295,381,477 : -0.3354484465619243
419,477,500 : -0.3342544325000021
341,456,477 : -0.3362021629956946
274,477,485 : -0.22457079170840655
418,423,478 : -0.19424682657634706
391,479,485 : -0.42490849594442315
304,460,479 : -0.30892328567325644
307,411,480 : -0.3171680674300301
391,394,480 : -0.2555146501318606
378,442,481 : -0.2280303788893685
302,458,482 : -0.24466837958547982
300,346,482 : -0.18969971991074996
252,348,483 : -0.4979741127989765
294,416,483 : -0.6122110691303482
261,287,485 : -0.43759714717415643
268,454,485 : -0.36990628357840594
257,432,486 : -0.24034492120483208
369,486,500 : -0.2068408729010387
382,386,486 : -0.3383516177239816
341,354,487 : -0.41969786987771407
316,456,488 : -0.33085106231531625
257,319,488 : -0.317225651958178
329,334,488 : -0.2735972646353759
324,430,488 : -0.47871228977069125
355,472,490 : -0.24308854445226036
363,432,490 : -0.3186252601400932
368,392,491 : -0.2798127676293929
276,377,492 : -0.43411370724974363
387,450,492 : -0.41060370780317035
424,460,492 : -0.3649174633360881
312,334,493 : -0.26894322371930457
255,453,495 : -0.3938752114060018
365,406,495 : -0.46425963904034884
360,398,496 : -0.2513768698791279
282,419,497 : -0.4717834121564417
358,422,497 : -0.35979891363423455
318,342,498 : -0.3460639919981374
361,407,498 : -0.2763814658916024
371,447,498 : -0.35279464263135885
387,407,499 : -0.3778935253299909
251,411,500 : -0.4515416920020159
335,382,500 : -0.37751560721543154
402,489,500 : -0.41549646026627096
307,337,585 : -0.6395924826845021
359,475,616 : -0.5774121695154824
362,367,727 : -0.5764294146498208
256,435,835 : -0.47306043580108215
258,315,911 : -0.4770344861810414
282,399,877 : -0.498842214836277
283,474,770 : -0.5007407127145287
297,452,932 : -0.7336607264890804
321,483,898 : -0.7108780595561399
352,375,834 : -0.6306533350242409
382,458,960 : -0.7510346337459439
264,398,812 : -0.5454546274442502
434,455,761 : -0.5575728716096386
264,469,751 : -0.5756861604845431
336,497,907 : -0.5720231755942167
26,253,607 : -0.5053207211394084
147,311,571 : -0.544392431678411
55,347,602 : -0.7080273189534902
104,398,682 : -0.93796262303442
269,389,720 : -0.5600430746976017
288,466,587 : -0.6367080633705382
288,431,593 : -0.6084567877850338
308,438,655 : -0.3954771460151787
345,373,613 : -0.7853993383357443
320,349,648 : -0.652346108850574
298,632,633 : -0.6419862462089374
309,589,717 : -0.6063706805720797
382,586,596 : -0.6100327271774342
422,582,720 : -0.7138707056805937
429,545,597 : -0.6690109264525217
471,687,696 : -0.7373239810818002
255,653,776 : -0.7225383572412105
357,592,796 : -0.8360575700970194
363,630,777 : -0.7596278632783227
409,603,928 : -0.7172303255706627
471,726,836 : -0.8388523529643905
500,612,792 : -0.9382502016897178
89,252,858 : -0.7766699742620398
142,263,935 : -0.7082860507996735
196,294,903 : -0.7378907955768628
150,317,928 : -0.7507052487893835
146,363,808 : -0.8287177045084131
221,363,981 : -0.7407792969720859
45,401,948 : -0.8718443035697163
32,406,905 : -0.8322732656802652
196,423,845 : -0.7839191047077518
148,426,966 : -0.8137688801086895
208,468,775 : -0.7848924801040507
290,436,904 : -0.690404911182763
298,467,792 : -0.6762450086029925
300,310,770 : -0.762108974449784
287,307,938 : -0.5974268186166602
297,339,846 : -0.5028475875162488
346,413,959 : -0.7063759641719152
304,359,836 : -0.5492185676738282
385,414,854 : -0.6058674860439928
332,452,963 : -0.7551166347314955
264,505,994 : -0.7249250850165079
329,547,809 : -0.8873197291246484
352,515,818 : -0.7094492740829526
360,702,984 : -0.7635820309585506
377,636,958 : -0.8773451849649647
397,553,877 : -0.7762239153342074
451,735,857 : -0.9206751875524135
385,897,972 : -0.4584911992676215
37,194,559 : -0.6170942033963351
5,94,582 : -0.51660405162598
132,163,616 : -0.7462112934160516
60,183,679 : -0.7379438901022695
65,106,727 : -0.6589624530575078
232,456,509 : -0.6387219637272077
175,431,526 : -0.7959879929105791
207,436,653 : -0.5951141858595741
224,258,682 : -0.9098244060560927
198,260,749 : -0.8114772905835386
216,505,691 : -0.7618255310308062
76,529,740 : -0.47059298021893836
105,517,556 : -0.6496780185346904
116,564,669 : -0.4741015326516209
65,615,662 : -0.6394082608089373
209,535,673 : -0.5003748489404125
118,639,685 : -0.6503037916747763
33,687,739 : -0.6892208081475903
154,628,745 : -0.7419398584838535
50,525,805 : -0.4669528643603704
90,564,925 : -0.8996413733278845
197,575,978 : -0.6585075038507888
99,656,802 : -0.8455735483911861
187,695,802 : -0.6420253986510889
53,729,994 : -0.7730611295690644
32,731,907 : -0.8438893511842509
54,746,865 : -0.9481543469230547
20,253,501 : -0.49224640012259324
249,255,560 : -0.873915051194871
190,276,580 : -0.7619931709866772
215,436,668 : -0.7041353798857424
219,253,741 : -0.6255148120348057
401,467,508 : -0.53504318892199
404,427,526 : -0.6138721018632882
324,385,548 : -0.6456857312036774
336,410,557 : -0.5656310874445603
319,355,559 : -0.6030309692891398
374,455,562 : -0.7604878404467388
484,500,570 : -0.3097825944356287
327,391,604 : -0.6324576987492607
428,473,614 : -0.7275505622189076
271,422,672 : -0.5654354778396153
259,425,676 : -0.44790893945422705
326,341,727 : -0.5260563271084786
288,319,728 : -0.6026686686716136
489,553,683 : -0.5685800198333504
324,523,597 : -0.5913615097518146
265,626,712 : -0.6914067516712479
258,545,690 : -0.7389028265402744
260,619,743 : -0.5029421045043267
483,686,747 : -0.7032554858932687
441,550,750 : -0.6148699311279948
383,533,837 : -0.8655504810738199
262,568,840 : -0.9539729434020958
385,575,878 : -0.8411609099483459
260,592,915 : -0.7779349335284804
423,627,809 : -0.7675980706580998
283,637,851 : -0.5728363575934043
277,657,860 : -0.714410991745726
324,719,981 : -0.6967501797418274
385,728,910 : -0.4448897531718998
200,505,693 : -0.5843654768180726
181,521,746 : -0.689399007522961
176,533,597 : -0.7558717211754764
240,555,608 : -0.6344309271335105
105,629,701 : -0.17555574591004208
248,548,654 : -0.7355705703870958
146,680,688 : -0.6890752921734071
130,518,705 : -0.6514010096096294
469,528,566 : -0.6983724469671768
433,530,729 : -0.5665767400737309
491,593,742 : -0.605514313375183
253,506,673 : -0.5245919416462654
343,608,708 : -0.5224711992308153
398,619,734 : -0.7091399083838101
501,611,614 : -0.5482832498915113
501,587,671 : -0.3989182110961975
501,672,706 : -0.35837041388990976
503,657,708 : -0.3509522351980445
504,554,601 : -0.36624101970047596
504,586,627 : -0.3981128622739616
506,715,722 : -0.33060576836353595
506,706,723 : -0.44424364033287933
507,541,637 : -0.48584828886056197
507,651,668 : -0.41906480935817836
508,523,692 : -0.4048217443732709
509,565,573 : -0.6194927814650195
510,591,728 : -0.3727994104450625
511,536,711 : -0.38227509910361723
511,548,719 : -0.25837641172669223
511,574,584 : -0.3108549183155054
513,668,743 : -0.64665418682414
515,662,705 : -0.6286254251120293
514,516,626 : -0.48151720026419187
516,546,599 : -0.2904891400051297
516,581,675 : -0.41426699738353623
516,617,695 : -0.41617159198639797
516,711,716 : -0.3535839462641901
516,626,713 : -0.3472568126846285
517,630,640 : -0.41893802566630534
517,735,745 : -0.42732274106643997
517,729,746 : -0.3920781409573304
518,530,551 : -0.3503627952251662
519,733,735 : -0.3283102651372187
519,590,750 : -0.332076499916953
520,573,733 : -0.23742345766521833
521,573,682 : -0.4037895136464029
521,622,734 : -0.39574408196053
501,522,568 : -0.4886408535189273
522,632,730 : -0.3594646442211711
518,523,585 : -0.5508012422027897
523,563,568 : -0.4181435239431064
521,523,659 : -0.37161312964300586
523,662,744 : -0.3257366831167199
522,523,687 : -0.36780402703324966
524,677,725 : -0.12776157617504058
526,571,626 : -0.38992120800444585
526,595,652 : -0.2112191259327978
526,601,671 : -0.3953996928421477
517,526,675 : -0.4552766851932528
527,551,615 : -0.3366744888168447
506,528,563 : -0.5148106452064654
530,564,702 : -0.3422866523104351
530,604,717 : -0.3935318680717699
531,675,732 : -0.1578480266172777
532,549,674 : -0.44980154560002195
532,636,745 : -0.40742085462741695
532,682,724 : -0.3427332305075139
532,671,691 : -0.42497360858281175
524,533,661 : -0.36050974509511224
521,534,744 : -0.417311875290141
534,565,611 : -0.31563127880217
535,558,649 : -0.4159508621172625
536,671,672 : -0.32532623943831296
517,537,723 : -0.4292088061627579
537,710,733 : -0.3908724461641764
519,538,707 : -0.2934893692438534
514,539,613 : -0.3666348800938315
541,644,705 : -0.45344364561698924
541,565,713 : -0.4086945276900926
542,635,691 : -0.3903687679962258
543,610,697 : -0.3453070876852342
516,544,606 : -0.4075347017547233
544,563,720 : -0.37611063238942766
545,607,633 : -0.41372061192211085
545,642,703 : -0.5190517496981149
545,616,729 : -0.5956824274310746
545,620,745 : -0.38580987852178317
507,546,602 : -0.617655806823199
523,546,606 : -0.4460006652141151
546,604,629 : -0.6123038644154679
546,614,711 : -0.42715900064617296
547,556,715 : -0.41197522094112893
549,556,650 : -0.3016895349271125
549,652,658 : -0.43102811047050626
550,556,696 : -0.6510875846865427
536,551,564 : -0.42442289480407425
551,590,594 : -0.4410719348690857
551,630,737 : -0.23307681018431992
525,551,724 : -0.34885195778571076
542,552,558 : -0.37483500285153726
530,552,571 : -0.37763677442128296
551,552,638 : -0.28226354867135006
552,699,718 : -0.32171382374534585
552,721,723 : -0.4498718653505631
554,587,621 : -0.3626060851523172
554,575,721 : -0.3497294887069282
523,557,633 : -0.25832701415039905
558,560,712 : -0.3834965965453023
560,568,602 : -0.4793067591318112
532,560,624 : -0.31988850381685596
542,561,743 : -0.3855734536161295
540,561,642 : -0.1520595123527051
561,641,678 : -0.40155675256654355
561,570,735 : -0.43532821618396467
561,733,746 : -0.34643235114470006
562,605,639 : -0.48180406690357325
562,577,659 : -0.4398062223106287
562,680,724 : -0.3901056705216832
520,564,686 : -0.5373835125865232
564,635,674 : -0.4659575987258535
505,566,646 : -0.5357352748763118
566,594,663 : -0.4586354712462126
521,564,567 : -0.3538853635821808
547,567,675 : -0.3872826817980639
533,567,663 : -0.3758203332633743
568,575,689 : -0.3257339781434694
568,709,726 : -0.5207259068589232
569,589,704 : -0.3123332128600351
571,597,687 : -0.44265180240795976
572,598,637 : -0.24769800448498103
533,573,603 : -0.43323493909088207
575,587,605 : -0.39217305216071585
576,629,636 : -0.49990844914385946
571,577,632 : -0.31324621618347037
577,699,736 : -0.29321548736071756
578,612,645 : -0.11105902774919052
506,547,579 : -0.3240083340761992
529,579,720 : -0.34120730615926775
580,587,652 : -0.5492280836743062
580,635,746 : -0.5368891915781169
540,581,592 : -0.15938003909497978
577,581,743 : -0.3666090283976138
554,583,692 : -0.38251429450396346
534,584,719 : -0.3235795851386163
566,586,704 : -0.467734176104055
587,604,632 : -0.3645195362329279
586,587,676 : -0.438580337738919
585,587,724 : -0.5604901969453153
587,595,743 : -0.4529186366350071
551,588,601 : -0.3304768186377802
571,588,630 : -0.2828188784721799
538,588,631 : -0.4534325729289772
588,651,698 : -0.4537704592363181
528,589,592 : -0.49212463239084636
522,590,736 : -0.3983225758296667
529,592,726 : -0.33750772983466737
538,592,664 : -0.24003559050340795
581,592,726 : -0.1416303882212704
584,592,730 : -0.44737203533268155
592,664,750 : -0.19115722968051285
541,593,710 : -0.29744002546763393
579,593,658 : -0.34096880513445615
550,593,665 : -0.49124411022995296
593,632,682 : -0.43502547647866874
555,594,599 : -0.5744336564866042
594,684,725 : -0.30469786581172764
595,721,727 : -0.47629183713924905
568,597,678 : -0.4402691817362203
595,597,725 : -0.3570009813024184
598,649,709 : -0.2048483050865324
591,600,617 : -0.39470356632746806
531,600,664 : -0.22229031943531297
538,600,670 : -0.3361566312932689
550,600,727 : -0.5993051456703349
600,741,746 : -0.422793672363762
513,529,601 : -0.43738613807145366
579,601,651 : -0.2546444071691605
590,601,678 : -0.36290325852658323
584,602,683 : -0.48065045630766967
602,690,691 : -0.5124745410098863
603,614,643 : -0.40986331813430965
601,604,632 : -0.2534679405886173
581,604,739 : -0.41159326281073394
552,574,605 : -0.3168678146659103
605,633,702 : -0.4189211693006727
521,605,680 : -0.33912966681643564
520,596,606 : -0.36945512628146204
503,612,729 : -0.33010073588831235
612,628,739 : -0.4946228664775463
515,613,678 : -0.7006532711758917
518,547,614 : -0.5143945478897729
614,661,676 : -0.36718119093174484
614,620,725 : -0.39939701733614896
552,615,703 : -0.361848266497117
568,616,689 : -0.3853337234472898
619,718,746 : -0.48231229912624807
541,554,620 : -0.37200475813405354
543,576,620 : -0.40384628422537117
591,599,620 : -0.238487555931316
619,620,686 : -0.3627903140979003
617,621,663 : -0.46257121945370905
620,621,627 : -0.3854676313168035
528,621,711 : -0.4441456439168665
609,622,717 : -0.4098263997980651
530,582,624 : -0.3164323108371545
625,679,734 : -0.15237242548857544
553,590,626 : -0.3833327637691166
505,624,626 : -0.40521500028680846
626,630,660 : -0.3092543418265965
519,626,724 : -0.29103649563175926
573,627,693 : -0.31373459428338024
502,600,628 : -0.38256261519713863
628,646,744 : -0.4833755106898998
631,734,743 : -0.4859647445622495
535,548,632 : -0.4641722113903386
517,572,633 : -0.28289879041294963
524,602,634 : -0.5455832370452591
526,617,634 : -0.48453032514578354
628,634,649 : -0.4821710686374958
633,634,678 : -0.2919691362722765
530,635,653 : -0.37293978407684536
518,557,636 : -0.3332226032005583
636,665,679 : -0.5539886187075789
505,601,638 : -0.4005769067037912
638,656,724 : -0.3540382941218576
507,640,658 : -0.4467387274088488
576,640,662 : -0.1890130187564556
631,641,715 : -0.2132125532394067
526,571,642 : -0.37634301008422977
584,642,739 : -0.36656646553911787
554,643,651 : -0.4088729173211023
540,642,643 : -0.199535403745001
643,682,699 : -0.36840653168582094
613,618,646 : -0.3857095787553102
604,647,723 : -0.3367457998655108
647,682,739 : -0.432068976822515
516,648,690 : -0.34179273112816055
535,546,648 : -0.4073679519708586
622,649,679 : -0.4308550714918695
580,582,650 : -0.6025549712097544
589,650,718 : -0.3340319511267025
569,651,733 : -0.3751109357269464
521,651,729 : -0.53076250847068
503,526,652 : -0.19090944447884461
502,620,653 : -0.3571824135362045
546,648,655 : -0.340716178013281
531,655,723 : -0.4125570509554999
590,657,663 : -0.25808722501509185
504,657,733 : -0.4528479885506227
566,583,658 : -0.3945132825065072
659,692,737 : -0.11240148270050221
549,561,660 : -0.27887400518280936
650,660,679 : -0.3685631269149199
660,682,737 : -0.34195720454077394
520,589,663 : -0.30471460204771295
559,624,663 : -0.6127329823118179
518,609,663 : -0.29430171791115933
543,664,706 : -0.3260880649190516
574,658,664 : -0.35811680962232484
573,664,704 : -0.3940238819531814
664,726,731 : -0.2000567133902429
569,665,694 : -0.26409698414910476
665,722,733 : -0.4099865073124458
599,614,666 : -0.19930802733891806
621,666,675 : -0.12980835870563734
610,641,666 : -0.1762342117227842
547,667,694 : -0.3645085676437505
582,667,703 : -0.39903440487439523
548,563,668 : -0.3898698010434223
569,576,668 : -0.3187045240074675
564,614,669 : -0.329061073708669
636,669,705 : -0.26916434572831704
521,661,670 : -0.45774123527212174
571,657,670 : -0.3871107570370367
671,685,732 : -0.35226078440322195
560,664,672 : -0.3679918073836823
508,672,682 : -0.477247044403617
596,619,673 : -0.3086577262913761
507,601,673 : -0.42005047278294994
636,674,692 : -0.41827639787313586
674,737,744 : -0.354700039318401
650,675,736 : -0.31355558278629125
675,678,744 : -0.2583576316822156
526,600,676 : -0.4283120986297182
622,676,720 : -0.5052355767112686
595,677,682 : -0.3019176368618246
527,678,730 : -0.38158799120699194
528,550,678 : -0.5439535160337354
594,679,700 : -0.4366390428284779
506,514,680 : -0.6606013373295765
556,569,681 : 0.014679363344911933
533,560,682 : -0.38879744040161746
557,572,682 : -0.4244043052489712
533,683,707 : -0.3815254958296439
504,670,684 : -0.25872190192621947
597,685,688 : -0.3868782154480406
540,686,750 : -0.36254128169066124
612,686,723 : -0.3369848273595153
654,671,687 : -0.5046882114045745
561,687,688 : -0.4311731705138253
667,688,744 : -0.3907996014736397
513,531,689 : -0.5505548825341733
516,689,748 : -0.5191447487857355
529,539,690 : -0.3915225321466367
600,690,749 : -0.4986761570139122
534,691,703 : -0.4443039566589819
502,624,694 : -0.30787553994126515
518,640,694 : -0.24051684780057014
623,656,696 : -0.07452756532396454
582,624,697 : -0.3749179274402561
648,690,697 : -0.4411224493803081
566,632,698 : -0.43235148444381166
644,698,745 : -0.5249338935612098
548,636,699 : -0.44105261575655397
502,568,699 : -0.4376270870970471
597,700,719 : -0.39476631787238237
702,705,709 : -0.4496835958008685
556,679,704 : -0.34522605522339367
518,655,704 : -0.4101276024307621
697,704,734 : -0.5376718477257814
512,608,705 : -0.4662780763984893
519,624,705 : -0.4004149103235015
612,658,705 : -0.5000810501925506
687,705,742 : -0.499744920472148
575,616,706 : -0.35449328624967436
627,706,726 : -0.398617087680488
533,708,720 : -0.6502906278526197
555,578,708 : -0.47491671520240475
562,708,721 : -0.5571813823503808
537,646,709 : -0.4405719536964625
637,709,734 : -0.5015297240478085
605,638,709 : -0.35027262631330425
501,596,710 : -0.4205514677166704
644,686,710 : -0.32348438239864064
631,710,722 : -0.32576882440508026
601,711,724 : -0.19331090008790208
504,505,712 : -0.42761125762224506
592,690,712 : -0.3591406273682116
687,713,730 : -0.308615322880305
692,713,716 : -0.366068242274197
577,714,717 : -0.4349367734806253
508,691,714 : -0.4802210636252595
714,727,745 : -0.395890341143309
615,714,733 : -0.3127774523305824
544,697,715 : -0.19455033271339173
655,716,750 : -0.348960316843552
545,619,717 : -0.4753662103937746
604,709,717 : -0.4924172459240064
635,717,727 : -0.5152560861688329
543,666,718 : -0.19220648488712233
552,603,718 : -0.3445155243485658
578,651,718 : -0.5230917191859918
657,664,718 : -0.1745383954396813
553,679,718 : -0.5600450316900181
520,693,718 : -0.3057520468906687
657,718,732 : -0.19974579736309916
535,557,720 : -0.3619736076693565
644,720,730 : -0.4850572897457466
601,720,740 : -0.3358208767450983
508,591,721 : -0.4579203101923415
654,665,721 : -0.580067007844187
659,716,721 : -0.24755556329741513
593,707,723 : -0.22713137363206193
531,641,725 : -0.2608231821472482
553,563,727 : -0.5265270346668043
643,653,728 : -0.5438235342281801
562,611,729 : -0.5754045180654688
538,572,731 : -0.3304890259012825
650,700,731 : -0.2955166341665758
685,731,735 : -0.3055810806898078
605,621,732 : -0.19461884499120474
556,573,735 : -0.3714360859646668
672,735,746 : -0.4454058990996148
698,736,737 : -0.2045285200470186
540,735,740 : -0.30076132584848203
575,655,740 : -0.3858892794804276
589,716,740 : -0.32178005518998787
652,739,741 : -0.2871244301261935
519,553,742 : -0.25883504541191593
574,743,749 : -0.24485662897905058
581,656,744 : -0.5282462837760726
605,653,744 : -0.509369433318428
640,734,744 : -0.40375570523683213
511,736,744 : -0.3286031784436423
560,591,745 : -0.3012802318691452
583,634,746 : -0.4246984443569888
531,594,746 : -0.41637871881052346
527,714,747 : -0.44379708022398123
621,699,747 : -0.4395579516210679
588,747,749 : -0.25938237576285506
509,532,748 : -0.3792681468078911
658,747,749 : -0.2677746635138125
561,572,750 : -0.3412738394391821
574,685,750 : -0.33634196392199933
504,711,899 : -0.6948039720199217
552,632,979 : -0.5973941885251959
594,698,921 : -0.6904809239746719
610,650,956 : -0.7107961686498041
672,717,875 : -0.8063682467234665
664,699,928 : -0.5847997532553451
502,745,884 : -0.5068852563192907
88,522,907 : -0.5538755692129502
216,537,905 : -0.7795808198135401
76,571,804 : -0.7432711390849773
146,629,760 : -0.7470971449187942
395,521,803 : -0.8673672063333413
495,580,892 : -0.6073714748859032
540,604,752 : -0.6535015754698286
591,710,869 : -0.6630826645840342
606,619,914 : -0.5732185698920405
654,669,958 : -0.45359426466761166
600,694,907 : -0.6202692917120132
690,707,869 : -0.5654063808672445
541,723,790 : -0.5554274520157276
522,755,801 : -0.5372606974408736
524,831,992 : -0.6929591927217378
528,780,937 : -0.5938828888799681
535,809,810 : -0.620602761263167
585,895,955 : -0.6071637365147411
587,805,991 : -0.5558172668058745
651,825,926 : -0.6981440150374141
687,889,891 : -0.7075369242288956
166,220,773 : -0.6446074327575508
142,146,786 : -0.6634386020654652
32,120,801 : -0.6220929948611396
191,192,997 : -0.5906373380837802
117,157,998 : -0.7182075456551567
226,308,762 : -0.7700188541427027
234,294,765 : -0.7608588456922125
202,362,775 : -0.8108659553972482
142,384,801 : -0.6747830043329401
43,468,826 : -0.7494634390760697
78,272,903 : -0.8393095362030678
144,370,941 : -0.4767921101738335
87,337,949 : -0.7233054626464916
154,405,964 : -0.8963230883643654
233,267,980 : -0.6947284763727657
46,434,996 : -0.7289872146874243
199,703,751 : -0.8437008332866913
35,508,795 : -0.8111398240499172
198,661,861 : -0.7783224487542604
199,638,877 : -0.676408725093109
115,528,948 : -0.7871909186739616
114,515,949 : -0.6623422082902506
107,559,971 : -0.6299179755973938
243,899,986 : -0.6049335472867681
53,752,920 : -0.4048089760607232
158,312,868 : -0.876010564795461
135,368,903 : -0.8024274999843124
203,345,935 : -0.9509455758903982
221,460,942 : -0.7278781126060967
404,433,756 : -0.573846883885766
391,413,792 : -0.6414536218352631
436,472,798 : -0.6423875209240046
397,496,873 : -0.6175090857908425
423,495,994 : -0.630516549680729
254,520,812 : -0.659650044546394
338,510,841 : -0.43158208241010043
308,704,849 : -0.8798257153653997
268,672,854 : -0.8403004681991955
318,660,951 : -0.9059548479197415
312,759,798 : -0.6413342251002887
428,752,867 : -0.6294979640445166
498,775,897 : -0.7404257545734638
127,639,815 : -0.4981047023040279
46,547,924 : -0.9172376697715121
143,584,955 : -0.822527625388958
229,699,957 : -0.8783049314628175
414,691,755 : -0.7894806920696777
323,653,801 : -0.694520409875778
442,551,813 : -0.8344601379602248
321,504,820 : -0.7505862246030439
277,750,839 : -0.7941599779914226
410,526,853 : -0.7274614280775404
286,587,871 : -0.7120991307079207
364,552,874 : -0.9398990913384839
491,538,884 : -0.7918339846343225
284,658,918 : -0.9015900479584618
389,683,967 : -0.6145100909871757
603,654,777 : -0.3607024189504002
554,618,836 : -0.7224558798092549
590,709,893 : -0.5750567860958222
566,707,898 : -0.6629062485353732
507,554,913 : -0.5591506726982378
643,672,937 : -0.5937539521536883
559,590,944 : -0.7007392849072107
685,739,969 : -0.6949931365753153
505,766,841 : -0.5346094129802699
689,785,956 : -0.7376873581525925
527,848,979 : -0.6680480388070955
651,814,893 : -0.6223565200008743
648,916,936 : -0.7555849122684313
514,977,997 : -0.7080393764295696
627,945,980 : -0.5712714112161095
53,756,813 : -0.1365731034111215
240,757,764 : -0.6319316740382099
149,776,844 : -0.6659764342223955
121,772,838 : -0.5890718529366219
164,846,870 : -0.7355146316038417
97,753,879 : -0.44256120627399453
117,874,892 : -0.7182158546997663
38,871,937 : -0.6373103568908907
105,860,997 : -0.7448773900729786
40,826,999 : -0.6599183039859791
493,795,864 : -0.6305640740848515
497,873,980 : -0.5838134641159305
468,758,884 : -0.6780534297448457
367,856,930 : -0.5614160054980546
406,883,969 : -0.6385587228551359
488,852,984 : -0.5624431092511633
622,768,807 : -0.5851196039759943
590,801,826 : -0.7217029235432493
691,774,802 : -0.6601542984089739
674,771,878 : -0.763545847595505
555,838,896 : -0.7098477826678478
550,791,959 : -0.7787327997786266
751,873,935 : -0.398607277918253
751,936,964 : -0.3161458204251997
752,797,915 : -0.46568806677080143
752,755,966 : -0.4088330805460374
753,762,811 : -0.34426912748510685
753,928,954 : -0.33703345203963586
754,771,858 : -0.4090259054965779
754,797,990 : -0.37149011170494184
755,889,960 : -0.34050248955647877
756,758,886 : -0.30233080474927476
757,886,992 : -0.3519615597180552
760,782,978 : -0.15460654735089685
760,819,862 : -0.4099180109908591
761,851,981 : -0.36235215847094926
761,868,885 : -0.30778953610833426
763,878,946 : -0.4467211894276091
764,924,936 : -0.3801235594224275
764,773,995 : -0.449515025704462
766,803,817 : -0.2641906537147092
759,766,935 : -0.41758801571122683
767,786,869 : -0.3864513387596631
768,810,819 : -0.2291435443537222
769,789,923 : -0.3139648130948798
769,793,850 : -0.12733074041957182
769,966,992 : -0.2797756441732937
771,792,841 : -0.5939848358624227
771,805,961 : -0.4622436822006968
772,829,836 : -0.3590907715125393
772,882,956 : -0.26097677282131926
772,833,946 : -0.3591764489065119
772,956,996 : -0.3373907075044167
773,785,985 : -0.4604032148502373
774,796,914 : -0.3705648857298376
776,787,797 : -0.33630180743095295
776,833,925 : -0.24023781279590506
777,798,899 : -0.5078055467230604
767,778,986 : -0.14563705622583223
753,778,800 : -0.23284052837074154
779,822,887 : -0.2849466411308361
779,884,993 : -0.2753852694294563
780,840,900 : -0.3818219301775265
783,801,874 : -0.45333470132756326
783,833,849 : -0.26766891649807545
783,913,989 : -0.2937446025298447
784,858,870 : -0.10215294823639987
785,886,898 : -0.336307536776697
776,786,845 : -0.3101349592393816
763,786,897 : -0.38364974421551157
786,803,974 : -0.42631253806575864
788,839,982 : -0.3593081561298819
789,861,927 : -0.3631899245081489
789,895,970 : -0.3501893842633126
789,977,996 : -0.35620068703145713
790,806,954 : -0.3333237051836435
790,809,864 : -0.34562906328861254
779,790,989 : -0.3604234538105433
791,846,877 : -0.49252711722162323
791,797,849 : -0.2154073765128781
751,791,983 : -0.18057114091421322
791,983,990 : -0.08465872490144055
792,809,830 : -0.34159899503662317
792,822,903 : -0.4755230682845164
792,836,906 : -0.3821134620064184
792,808,936 : -0.4581091299167719
756,792,966 : -0.3078967620941775
751,793,861 : -0.3823334426460778
770,780,794 : -0.37800157204033
789,794,891 : -0.29118813694505175
794,901,958 : -0.35995810264002404
794,937,995 : -0.38022966543148473
758,796,979 : -0.4855720881592436
796,867,939 : -0.2748382724012268
765,797,967 : -0.3585244384124944
797,953,961 : -0.35475506261698864
798,806,930 : -0.5362160477194484
798,905,935 : -0.43767991864524536
798,958,996 : -0.31608877264311097
799,840,863 : -0.06810392620812178
788,799,948 : -0.3521773518176161
799,924,973 : -0.32410717639826037
775,783,800 : -0.3598386486561691
801,845,872 : -0.3510366789213717
802,832,843 : -0.37450464774267966
802,849,970 : -0.3878476090731462
768,803,983 : -0.22867665956785488
752,795,804 : -0.31744657721152536
805,847,876 : -0.37502729801595325
806,810,830 : -0.39917646949018826
751,770,807 : -0.2987387479976704
807,839,905 : -0.4222068821169467
807,984,989 : -0.4974394985154149
796,799,808 : -0.6093017799038589
792,808,927 : -0.387800887213545
778,809,839 : -0.34740514795354316
785,809,966 : -0.37774632052631274
767,811,868 : -0.15423620316912823
787,811,836 : -0.3867442667459331
811,882,939 : -0.320034990332664
812,893,907 : -0.4539160965674294
812,873,916 : -0.36211778369825565
813,902,985 : -0.4202918143080032
767,814,977 : -0.3695781680992707
768,815,874 : -0.4093928227928476
811,815,898 : -0.4718053014576227
789,816,850 : -0.22377725662992187
816,832,874 : -0.27019621386323545
816,883,943 : -0.12447569834989025
818,916,931 : -0.4032808700526489
818,958,962 : -0.37615925655309757
810,819,872 : -0.09442248982071533
819,823,857 : -0.2658769719166507
754,820,844 : -0.2744074655773232
820,869,967 : -0.4502874971308164
820,852,974 : -0.37486452701165063
793,821,900 : -0.16500611606552384
821,896,983 : -0.14023500902459074
761,822,937 : -0.34440069503594684
775,814,822 : -0.2651646325736159
765,825,857 : -0.5025160233997055
766,825,969 : -0.3414447045124911
825,875,881 : -0.40876152520785647
825,845,911 : -0.6482540756486075
756,772,826 : -0.35887777429492274
800,826,986 : -0.3173262989554688
827,903,941 : -0.07986460500734394
783,828,936 : -0.18083838333507019
823,828,875 : -0.1841788035995866
764,824,828 : -0.30396836079676537
828,896,925 : -0.313131685311828
791,821,830 : -0.31381241707068197
830,862,865 : -0.3084760179262649
830,853,931 : -0.4881990175490969
831,868,970 : -0.25275319721578215
814,832,958 : -0.18260402892434047
791,813,833 : -0.42570440689401456
817,834,836 : -0.41581727519465095
834,849,884 : -0.36809394406984763
834,850,987 : -0.3960808438656389
811,834,894 : -0.1955880529416023
765,834,920 : -0.3540118194033979
806,835,838 : -0.4188543113379066
836,928,952 : -0.497991821511802
836,976,977 : -0.45303063433419966
755,762,837 : -0.5965142940552752
817,837,861 : -0.27947200323557975
830,838,982 : -0.4444202240748316
840,842,882 : -0.3164821524279837
774,840,972 : -0.30886675993194546
760,842,973 : -0.4643181887355119
842,946,960 : -0.38310131326938324
809,843,921 : -0.3167302036577162
770,778,844 : -0.37061911656059277
780,844,924 : -0.332524181261715
844,859,953 : -0.18873451364086957
791,845,854 : -0.38663120989801447
795,845,896 : -0.4290040740821972
833,845,856 : -0.2189888872265744
751,824,846 : -0.38517105624044
794,846,866 : -0.436376343924888
794,847,849 : -0.36459777441364816
848,888,971 : -0.22767973526161223
850,868,883 : -0.16774868463079118
850,944,980 : -0.3489440911366728
758,851,906 : -0.40128412407482594
819,839,851 : -0.44773581058813905
851,879,884 : -0.42271754060648714
851,928,961 : -0.4884242918982231
851,962,970 : -0.3876816484924219
770,839,852 : -0.21783084258704966
853,899,907 : -0.49015812887331767
854,868,894 : -0.3007637859083485
754,855,968 : -0.27199195203728976
829,855,880 : -0.38670307642304946
855,985,991 : -0.3902229740250547
850,856,862 : -0.29410051091010914
798,857,980 : -0.27931003077151506
822,847,857 : -0.2316199122075715
857,872,974 : -0.31571221721133447
787,858,906 : -0.43092605923532235
821,858,880 : -0.4502650838082376
818,859,923 : -0.27869724277008157
822,859,890 : -0.3196114351807662
859,920,979 : -0.18622813500896163
792,860,898 : -0.3807316802284286
860,869,944 : -0.32813592040543993
779,861,1000 : -0.4096883973421108
831,862,874 : -0.384107901518997
761,798,864 : -0.20032888944110505
864,907,997 : -0.6503580544310164
752,865,890 : -0.4094462722554124
760,762,865 : -0.47848047329323395
769,806,866 : -0.45505443826593295
867,868,979 : -0.379726315542245
800,868,879 : -0.2851744229941189
868,944,978 : -0.5334025326107992
819,869,921 : -0.4428199159254531
777,836,870 : -0.43985201311218125
833,870,935 : -0.4238781359646129
802,871,899 : -0.5509586029029472
751,780,872 : -0.2803605260474522
790,872,898 : -0.37621752256688024
807,872,986 : -0.18075697406847735
872,916,977 : -0.3032863910646859
752,819,873 : -0.43576285422813066
826,829,873 : -0.410306188436929
808,874,877 : -0.6453464607937871
874,888,905 : -0.46919469396652946
874,952,970 : -0.28914687932753114
785,874,958 : -0.45564462084136603
789,817,875 : -0.21538026678611932
875,936,977 : -0.3109752785280331
779,797,876 : -0.2488509663743299
792,876,934 : -0.2795872096108063
866,878,918 : -0.5262773517601567
878,899,952 : -0.36742624984903216
845,879,989 : -0.4641578354935805
879,949,959 : -0.4724655811093941
754,804,880 : -0.28062165979898257
759,880,896 : -0.32435317014055043
881,922,982 : -0.33002059299529507
787,881,951 : -0.2947802078023023
881,959,972 : -0.41164973362774293
855,882,930 : -0.4561388745417374
755,860,883 : -0.39298714044473093
883,903,939 : -0.29854619449258823
883,908,957 : -0.3876021924895907
885,899,986 : -0.30292005758505147
885,912,934 : -0.10472938028677325
885,912,936 : -0.19673879571928454
819,886,987 : -0.4388421787160177
804,887,986 : -0.5006892639420619
848,887,973 : -0.23641456302954134
888,960,971 : -0.2297961622944391
767,888,986 : -0.40194626161167823
779,811,889 : -0.3221689584310532
862,889,972 : -0.2876156503257048
883,889,935 : -0.15509396973370126
889,944,956 : -0.41767117956400246
834,870,890 : -0.4042231019997562
890,977,993 : -0.20172397567200906
763,891,952 : -0.2623813742085801
822,883,892 : -0.4230237770933045
841,844,893 : -0.5019404205672773
753,767,894 : -0.17782859040003673
807,820,894 : -0.3636547184947987
765,895,942 : -0.49177979070996924
830,895,915 : -0.32827476912988596
792,865,895 : -0.4205864638354
895,897,935 : -0.44079879406172284
800,896,931 : -0.3642762830516646
896,935,943 : -0.2531326472850952
843,844,898 : -0.31750504657018164
883,898,975 : -0.3565629272512132
890,898,959 : -0.30088595644253857
812,857,899 : -0.2985153094040991
833,899,912 : -0.2829247814205236
844,899,989 : -0.39307435466870055
770,900,983 : -0.29384679063221864
828,900,989 : -0.41198197012502824
826,901,977 : -0.3654651761415768
881,902,938 : -0.2748890330664604
797,842,903 : -0.5320625310100808
803,811,904 : -0.48243375712191483
846,880,904 : -0.4982904184420325
874,905,1000 : -0.2519338909308213
810,812,906 : -0.3977204911351313
756,847,906 : -0.14624211083497407
831,908,963 : -0.2803846742895686
767,850,908 : -0.21947256896378087
804,880,908 : -0.3603721651296268
810,860,910 : -0.37961290973816464
910,951,972 : -0.23282993316799283
912,921,997 : -0.3566260565971149
847,860,913 : -0.46939944670886335
914,937,992 : -0.40862576745544565
826,915,934 : -0.4245916360985935
916,939,966 : -0.3097309790709386
834,901,918 : -0.461552148798551
780,839,918 : -0.4254008815786201
861,871,918 : -0.5024890333530991
918,931,948 : -0.5112541108664335
795,918,968 : -0.5063071094876721
919,952,989 : -0.14651723035614417
775,798,921 : -0.42856139516292724
880,921,970 : -0.5006940547103145
762,773,922 : -0.441841975790795
804,922,944 : -0.3677106531821308
820,855,922 : -0.3689678067679514
850,922,988 : -0.35964143233550594
817,841,923 : -0.22134315562459106
773,887,923 : -0.4602749524812104
758,923,968 : -0.3792396363705073
890,924,947 : -0.22976554952504236
812,857,925 : -0.2937231631781376
822,921,925 : -0.3380515112481879
828,925,932 : -0.3509410297263893
756,926,968 : -0.48769515947563047
776,791,928 : -0.43111321663570523
847,929,974 : -0.18419761835842818
816,828,930 : -0.3367158043062344
844,903,930 : -0.45003264954184763
906,930,945 : -0.21598291455992435
781,863,931 : -0.23835040149525444
847,882,931 : -0.4747847651200936
848,915,932 : -0.42262398912275145
932,939,944 : -0.3266780411341439
822,932,958 : -0.22714579032501714
802,932,979 : -0.43748228439736625
787,794,934 : -0.3846485328373521
934,963,967 : -0.4587037611204985
843,854,935 : -0.3207649002958388
893,913,935 : -0.4043803251161695
935,950,964 : -0.24840719375645604
795,889,936 : -0.44673919924618977
769,936,944 : -0.25564810425789153
774,884,937 : -0.4255300341421293
838,937,966 : -0.5167113908075796
897,937,999 : -0.45221814372392344
908,938,951 : -0.402022409499343
821,850,939 : -0.24805941476762028
795,804,942 : -0.45159062884011414
889,893,943 : -0.22028757436535917
902,944,948 : -0.5195257014246324
818,826,945 : -0.3646117088540899
864,945,975 : -0.16145777230115055
752,922,946 : -0.38609186883516555
795,869,947 : -0.3527049318291864
754,817,948 : -0.468180673474905
824,841,948 : -0.41078063498157835
768,897,948 : -0.48345687646642155
775,832,949 : -0.30766855428984563
857,949,957 : -0.29022118227134786
762,866,949 : -0.5368318981354494
949,957,987 : -0.2859452068230661
828,862,950 : -0.24440747731653456
774,950,973 : -0.3416992923684863
833,872,951 : -0.27198691629870453
889,894,951 : -0.18202246167955582
807,946,951 : -0.30092069042477965
828,951,960 : -0.29311200668650583
765,953,979 : -0.3119165826120307
787,892,955 : -0.488371138628547
885,927,955 : -0.2814390586171185
946,955,966 : -0.4060749379421389
787,845,956 : -0.2445254206763403
845,945,956 : -0.21371814414325807
798,956,961 : -0.5062605462999328
798,914,957 : -0.4955948383174378
752,864,958 : -0.4459846263476466
857,958,998 : -0.44495296768292025
792,850,959 : -0.23570961844706573
862,899,959 : -0.2669762415846775
894,943,959 : -0.15674023078562227
781,959,996 : -0.42002520391795817
783,959,1000 : -0.23700873904530906
759,856,960 : -0.2238924857253175
844,855,962 : -0.34210149432295145
815,878,963 : -0.4527330741039586
811,851,963 : -0.35564845081474994
862,917,963 : -0.056583673622630615
850,890,964 : -0.2139338634173178
908,959,964 : -0.22071250605320958
787,926,965 : -0.08765068107521534
756,847,966 : -0.17471128371992473
792,823,969 : -0.39451738705153105
848,951,969 : -0.3966432592262623
923,969,983 : -0.4975948864198436
854,966,970 : -0.2677674155503542
960,970,974 : -0.45466414936126176
848,882,972 : -0.37406129718715997
757,863,973 : -0.16074151366429779
873,898,973 : -0.5240191776409033
796,826,974 : -0.577025035202773
908,974,982 : -0.3654129208681649
758,864,975 : -0.2300658891106364
755,976,984 : -0.4663202830466937
761,845,976 : -0.32578697108168364
830,959,977 : -0.19909000281452305
903,939,977 : -0.3655427372306368
864,871,978 : -0.5480946325162774
776,790,979 : -0.3546127170326572
887,913,979 : -0.3237238992825229
847,885,980 : -0.3367453152581663
878,895,980 : -0.4407185748048139
872,950,981 : -0.36213313701271144
899,955,981 : -0.3912134111163008
953,981,982 : -0.4883962159276116
765,833,983 : -0.29677166820505296
864,952,983 : -0.36582357852293623
752,778,985 : -0.403693713546466
795,940,986 : -0.10949307247106832
897,972,986 : -0.28510571012634234
775,793,987 : -0.45242677413741195
837,848,987 : -0.5284013168148212
847,944,987 : -0.3237819271945561
843,953,988 : -0.18490415833756502
887,973,989 : -0.30149309379773515
781,945,989 : -0.28628636338736846
803,877,990 : -0.3514818309401013
916,975,990 : -0.3220222871543168
882,885,992 : -0.38751508648696475
753,851,994 : -0.4653085925272764
862,994,995 : -0.47980091808932457
861,994,996 : -0.49417381864542875
763,932,995 : -0.19562627990075443
798,979,995 : -0.3980702148033881
809,854,996 : -0.38602604739593227
767,771,997 : -0.4812051878082193
780,786,997 : -0.39710808585954305
763,996,998 : -0.37172920986038704
787,856,998 : -0.3909296500054209
837,861,998 : -0.3524987290128321
808,909,998 : -0.17027729328952845
902,920,999 : -0.36330574347023603
618,628,738 : -0.03341419422816405
759,933,987 : -0.1946755080246132
