[213, 264]:[120, 213]
[213, 264]:[13, 213]
[213, 264]:[213, 902]
[213, 264]:[213, 486]
[120, 213]:[13, 213]
[120, 213]:[213, 902]
[120, 213]:[213, 486]
[13, 213]:[213, 902]
[13, 213]:[213, 486]
[213, 902]:[213, 486]
[213, 264]:[264, 330]
[213, 264]:[264, 292]
[213, 264]:[264, 880]
[213, 264]:[264, 500]
[264, 330]:[264, 292]
[264, 330]:[264, 880]
[264, 330]:[264, 500]
[264, 292]:[264, 880]
[264, 292]:[264, 500]
[264, 880]:[264, 500]
[184, 574]:[94, 184]
[184, 574]:[27, 184]
[94, 184]:[27, 184]
[184, 574]:[186, 574]
[184, 574]:[574, 750]
[184, 574]:[66, 574]
[186, 574]:[574, 750]
[186, 574]:[66, 574]
[574, 750]:[66, 574]
[102, 128]:[94, 102]
[102, 128]:[102, 732]
[102, 128]:[102, 853]
[102, 128]:[102, 700]
[94, 102]:[102, 732]
[94, 102]:[102, 853]
[94, 102]:[102, 700]
[102, 732]:[102, 853]
[102, 732]:[102, 700]
[102, 853]:[102, 700]
[102, 128]:[128, 187]
[102, 128]:[128, 505]
[102, 128]:[128, 189]
[128, 187]:[128, 505]
[128, 187]:[128, 189]
[128, 505]:[128, 189]
[233, 908]:[6, 233]
[233, 908]:[207, 233]
[233, 908]:[233, 807]
[6, 233]:[207, 233]
[6, 233]:[233, 807]
[207, 233]:[233, 807]
[233, 908]:[879, 908]
[216, 467]:[216, 323]
[216, 467]:[216, 412]
[216, 467]:[216, 659]
[216, 467]:[216, 780]
[216, 323]:[216, 412]
[216, 323]:[216, 659]
[216, 323]:[216, 780]
[216, 412]:[216, 659]
[216, 412]:[216, 780]
[216, 659]:[216, 780]
[216, 467]:[126, 467]
[216, 467]:[14, 467]
[126, 467]:[14, 467]
[159, 226]:[159, 523]
[159, 226]:[159, 547]
[159, 226]:[159, 601]
[159, 226]:[145, 159]
[159, 523]:[159, 547]
[159, 523]:[159, 601]
[159, 523]:[145, 159]
[159, 547]:[159, 601]
[159, 547]:[145, 159]
[159, 601]:[145, 159]
[159, 226]:[226, 621]
[159, 226]:[26, 226]
[159, 226]:[226, 940]
[159, 226]:[226, 777]
[226, 621]:[26, 226]
[226, 621]:[226, 940]
[226, 621]:[226, 777]
[26, 226]:[226, 940]
[26, 226]:[226, 777]
[226, 940]:[226, 777]
[603, 751]:[139, 603]
[603, 751]:[751, 991]
[603, 751]:[452, 751]
[603, 751]:[751, 815]
[751, 991]:[452, 751]
[751, 991]:[751, 815]
[452, 751]:[751, 815]
[483, 836]:[445, 483]
[483, 836]:[130, 836]
[498, 677]:[406, 498]
[498, 677]:[423, 677]
[498, 677]:[206, 677]
[498, 677]:[79, 677]
[423, 677]:[206, 677]
[423, 677]:[79, 677]
[206, 677]:[79, 677]
[50, 627]:[50, 720]
[50, 627]:[50, 974]
[50, 627]:[50, 552]
[50, 627]:[50, 859]
[50, 627]:[50, 354]
[50, 720]:[50, 974]
[50, 720]:[50, 552]
[50, 720]:[50, 859]
[50, 720]:[50, 354]
[50, 974]:[50, 552]
[50, 974]:[50, 859]
[50, 974]:[50, 354]
[50, 552]:[50, 859]
[50, 552]:[50, 354]
[50, 859]:[50, 354]
[91, 108]:[91, 723]
[91, 108]:[108, 551]
[91, 108]:[108, 143]
[91, 108]:[108, 122]
[91, 108]:[108, 518]
[91, 108]:[108, 164]
[108, 551]:[108, 143]
[108, 551]:[108, 122]
[108, 551]:[108, 518]
[108, 551]:[108, 164]
[108, 143]:[108, 122]
[108, 143]:[108, 518]
[108, 143]:[108, 164]
[108, 122]:[108, 518]
[108, 122]:[108, 164]
[108, 518]:[108, 164]
[220, 391]:[220, 243]
[220, 391]:[190, 220]
[220, 391]:[220, 291]
[220, 391]:[147, 220]
[220, 243]:[190, 220]
[220, 243]:[220, 291]
[220, 243]:[147, 220]
[190, 220]:[220, 291]
[190, 220]:[147, 220]
[220, 291]:[147, 220]
[220, 391]:[391, 455]
[231, 291]:[25, 231]
[231, 291]:[231, 407]
[25, 231]:[231, 407]
[231, 291]:[51, 291]
[231, 291]:[291, 489]
[231, 291]:[220, 291]
[51, 291]:[291, 489]
[51, 291]:[220, 291]
[291, 489]:[220, 291]
[92, 994]:[289, 994]
[38, 155]:[38, 417]
[38, 155]:[24, 38]
[38, 155]:[38, 210]
[38, 155]:[38, 149]
[38, 155]:[38, 628]
[38, 155]:[38, 394]
[38, 417]:[24, 38]
[38, 417]:[38, 210]
[38, 417]:[38, 149]
[38, 417]:[38, 628]
[38, 417]:[38, 394]
[24, 38]:[38, 210]
[24, 38]:[38, 149]
[24, 38]:[38, 628]
[24, 38]:[38, 394]
[38, 210]:[38, 149]
[38, 210]:[38, 628]
[38, 210]:[38, 394]
[38, 149]:[38, 628]
[38, 149]:[38, 394]
[38, 628]:[38, 394]
[38, 155]:[155, 937]
[38, 155]:[155, 377]
[38, 155]:[155, 731]
[38, 155]:[155, 921]
[155, 937]:[155, 377]
[155, 937]:[155, 731]
[155, 937]:[155, 921]
[155, 377]:[155, 731]
[155, 377]:[155, 921]
[155, 731]:[155, 921]
[186, 817]:[186, 574]
[186, 817]:[55, 186]
[186, 817]:[186, 443]
[186, 574]:[55, 186]
[186, 574]:[186, 443]
[55, 186]:[186, 443]
[186, 817]:[394, 817]
[71, 875]:[71, 616]
[71, 875]:[71, 236]
[71, 875]:[71, 710]
[71, 875]:[6, 71]
[71, 875]:[71, 827]
[71, 616]:[71, 236]
[71, 616]:[71, 710]
[71, 616]:[6, 71]
[71, 616]:[71, 827]
[71, 236]:[71, 710]
[71, 236]:[6, 71]
[71, 236]:[71, 827]
[71, 710]:[6, 71]
[71, 710]:[71, 827]
[6, 71]:[71, 827]
[71, 875]:[594, 875]
[71, 875]:[571, 875]
[594, 875]:[571, 875]
[94, 102]:[94, 184]
[94, 102]:[94, 741]
[94, 102]:[94, 991]
[94, 102]:[94, 134]
[94, 102]:[94, 322]
[94, 102]:[94, 151]
[94, 184]:[94, 741]
[94, 184]:[94, 991]
[94, 184]:[94, 134]
[94, 184]:[94, 322]
[94, 184]:[94, 151]
[94, 741]:[94, 991]
[94, 741]:[94, 134]
[94, 741]:[94, 322]
[94, 741]:[94, 151]
[94, 991]:[94, 134]
[94, 991]:[94, 322]
[94, 991]:[94, 151]
[94, 134]:[94, 322]
[94, 134]:[94, 151]
[94, 322]:[94, 151]
[347, 691]:[203, 347]
[347, 691]:[347, 442]
[347, 691]:[267, 347]
[347, 691]:[347, 527]
[203, 347]:[347, 442]
[203, 347]:[267, 347]
[203, 347]:[347, 527]
[347, 442]:[267, 347]
[347, 442]:[347, 527]
[267, 347]:[347, 527]
[347, 691]:[241, 691]
[73, 145]:[73, 278]
[73, 145]:[73, 95]
[73, 145]:[73, 921]
[73, 145]:[73, 727]
[73, 278]:[73, 95]
[73, 278]:[73, 921]
[73, 278]:[73, 727]
[73, 95]:[73, 921]
[73, 95]:[73, 727]
[73, 921]:[73, 727]
[73, 145]:[145, 844]
[73, 145]:[145, 993]
[73, 145]:[145, 159]
[145, 844]:[145, 993]
[145, 844]:[145, 159]
[145, 993]:[145, 159]
[390, 999]:[390, 558]
[390, 999]:[390, 515]
[390, 999]:[390, 635]
[390, 999]:[390, 427]
[390, 558]:[390, 515]
[390, 558]:[390, 635]
[390, 558]:[390, 427]
[390, 515]:[390, 635]
[390, 515]:[390, 427]
[390, 635]:[390, 427]
[390, 999]:[7, 999]
[390, 999]:[414, 999]
[7, 999]:[414, 999]
[7, 283]:[7, 9]
[7, 283]:[7, 999]
[7, 283]:[7, 30]
[7, 283]:[7, 946]
[7, 283]:[7, 587]
[7, 283]:[7, 368]
[7, 9]:[7, 999]
[7, 9]:[7, 30]
[7, 9]:[7, 946]
[7, 9]:[7, 587]
[7, 9]:[7, 368]
[7, 999]:[7, 30]
[7, 999]:[7, 946]
[7, 999]:[7, 587]
[7, 999]:[7, 368]
[7, 30]:[7, 946]
[7, 30]:[7, 587]
[7, 30]:[7, 368]
[7, 946]:[7, 587]
[7, 946]:[7, 368]
[7, 587]:[7, 368]
[7, 283]:[283, 296]
[7, 283]:[283, 534]
[7, 283]:[283, 645]
[283, 296]:[283, 534]
[283, 296]:[283, 645]
[283, 534]:[283, 645]
[386, 973]:[350, 386]
[386, 973]:[386, 570]
[386, 973]:[386, 612]
[350, 386]:[386, 570]
[350, 386]:[386, 612]
[386, 570]:[386, 612]
[386, 973]:[794, 973]
[118, 516]:[118, 228]
[118, 516]:[118, 895]
[118, 516]:[118, 887]
[118, 516]:[118, 719]
[118, 516]:[118, 436]
[118, 228]:[118, 895]
[118, 228]:[118, 887]
[118, 228]:[118, 719]
[118, 228]:[118, 436]
[118, 895]:[118, 887]
[118, 895]:[118, 719]
[118, 895]:[118, 436]
[118, 887]:[118, 719]
[118, 887]:[118, 436]
[118, 719]:[118, 436]
[118, 516]:[297, 516]
[118, 516]:[516, 784]
[118, 516]:[516, 882]
[297, 516]:[516, 784]
[297, 516]:[516, 882]
[516, 784]:[516, 882]
[131, 425]:[131, 468]
[131, 425]:[40, 131]
[131, 425]:[131, 738]
[131, 425]:[53, 131]
[131, 468]:[40, 131]
[131, 468]:[131, 738]
[131, 468]:[53, 131]
[40, 131]:[131, 738]
[40, 131]:[53, 131]
[131, 738]:[53, 131]
[131, 425]:[68, 425]
[42, 434]:[42, 149]
[42, 434]:[42, 317]
[42, 434]:[42, 759]
[42, 149]:[42, 317]
[42, 149]:[42, 759]
[42, 317]:[42, 759]
[32, 648]:[32, 820]
[32, 648]:[32, 613]
[32, 648]:[32, 84]
[32, 648]:[32, 600]
[32, 820]:[32, 613]
[32, 820]:[32, 84]
[32, 820]:[32, 600]
[32, 613]:[32, 84]
[32, 613]:[32, 600]
[32, 84]:[32, 600]
[32, 648]:[141, 648]
[557, 833]:[512, 557]
[130, 508]:[130, 836]
[130, 508]:[130, 919]
[130, 836]:[130, 919]
[130, 508]:[17, 508]
[879, 908]:[54, 879]
[879, 908]:[726, 879]
[879, 908]:[75, 879]
[54, 879]:[726, 879]
[54, 879]:[75, 879]
[726, 879]:[75, 879]
[199, 872]:[89, 199]
[199, 872]:[199, 905]
[89, 199]:[199, 905]
[6, 233]:[6, 62]
[6, 233]:[6, 945]
[6, 233]:[6, 71]
[6, 233]:[6, 397]
[6, 233]:[6, 354]
[6, 233]:[6, 438]
[6, 233]:[6, 684]
[6, 62]:[6, 945]
[6, 62]:[6, 71]
[6, 62]:[6, 397]
[6, 62]:[6, 354]
[6, 62]:[6, 438]
[6, 62]:[6, 684]
[6, 945]:[6, 71]
[6, 945]:[6, 397]
[6, 945]:[6, 354]
[6, 945]:[6, 438]
[6, 945]:[6, 684]
[6, 71]:[6, 397]
[6, 71]:[6, 354]
[6, 71]:[6, 438]
[6, 71]:[6, 684]
[6, 397]:[6, 354]
[6, 397]:[6, 438]
[6, 397]:[6, 684]
[6, 354]:[6, 438]
[6, 354]:[6, 684]
[6, 438]:[6, 684]
[165, 286]:[165, 189]
[165, 286]:[286, 866]
[165, 286]:[286, 459]
[286, 866]:[286, 459]
[15, 775]:[15, 22]
[15, 775]:[15, 249]
[15, 775]:[15, 976]
[15, 775]:[15, 114]
[15, 775]:[15, 745]
[15, 22]:[15, 249]
[15, 22]:[15, 976]
[15, 22]:[15, 114]
[15, 22]:[15, 745]
[15, 249]:[15, 976]
[15, 249]:[15, 114]
[15, 249]:[15, 745]
[15, 976]:[15, 114]
[15, 976]:[15, 745]
[15, 114]:[15, 745]
[373, 517]:[124, 373]
[373, 517]:[373, 822]
[124, 373]:[373, 822]
[373, 517]:[60, 517]
[88, 275]:[88, 126]
[88, 275]:[88, 526]
[88, 275]:[88, 125]
[88, 126]:[88, 526]
[88, 126]:[88, 125]
[88, 526]:[88, 125]
[88, 275]:[210, 275]
[306, 485]:[306, 322]
[306, 485]:[306, 332]
[306, 485]:[218, 306]
[306, 322]:[306, 332]
[306, 322]:[218, 306]
[306, 332]:[218, 306]
[306, 485]:[485, 748]
[264, 330]:[330, 754]
[264, 330]:[63, 330]
[330, 754]:[63, 330]
[41, 284]:[41, 534]
[41, 284]:[41, 924]
[41, 284]:[41, 690]
[41, 534]:[41, 924]
[41, 534]:[41, 690]
[41, 924]:[41, 690]
[6, 62]:[62, 360]
[6, 62]:[62, 491]
[62, 360]:[62, 491]
[261, 685]:[99, 261]
[261, 685]:[209, 261]
[99, 261]:[209, 261]
[261, 685]:[685, 698]
[261, 685]:[685, 893]
[685, 698]:[685, 893]
[106, 713]:[106, 704]
[106, 713]:[106, 622]
[106, 713]:[28, 106]
[106, 704]:[106, 622]
[106, 704]:[28, 106]
[106, 622]:[28, 106]
[106, 713]:[713, 964]
[147, 680]:[86, 147]
[147, 680]:[147, 220]
[147, 680]:[147, 532]
[86, 147]:[147, 220]
[86, 147]:[147, 532]
[147, 220]:[147, 532]
[147, 680]:[381, 680]
[147, 680]:[600, 680]
[381, 680]:[600, 680]
[364, 380]:[364, 562]
[364, 380]:[364, 897]
[364, 562]:[364, 897]
[364, 380]:[380, 586]
[364, 380]:[355, 380]
[380, 586]:[355, 380]
[167, 301]:[167, 272]
[167, 301]:[4, 167]
[167, 272]:[4, 167]
[167, 301]:[301, 444]
[167, 301]:[301, 928]
[167, 301]:[301, 794]
[301, 444]:[301, 928]
[301, 444]:[301, 794]
[301, 928]:[301, 794]
[55, 983]:[55, 811]
[55, 983]:[55, 827]
[55, 983]:[55, 696]
[55, 983]:[55, 224]
[55, 983]:[55, 186]
[55, 811]:[55, 827]
[55, 811]:[55, 696]
[55, 811]:[55, 224]
[55, 811]:[55, 186]
[55, 827]:[55, 696]
[55, 827]:[55, 224]
[55, 827]:[55, 186]
[55, 696]:[55, 224]
[55, 696]:[55, 186]
[55, 224]:[55, 186]
[55, 983]:[355, 983]
[55, 983]:[278, 983]
[355, 983]:[278, 983]
[44, 335]:[44, 352]
[44, 335]:[44, 295]
[44, 335]:[44, 855]
[44, 352]:[44, 295]
[44, 352]:[44, 855]
[44, 295]:[44, 855]
[44, 335]:[335, 888]
[44, 335]:[335, 539]
[44, 335]:[335, 916]
[335, 888]:[335, 539]
[335, 888]:[335, 916]
[335, 539]:[335, 916]
[452, 982]:[452, 751]
[452, 982]:[452, 605]
[452, 751]:[452, 605]
[452, 982]:[427, 982]
[452, 982]:[572, 982]
[427, 982]:[572, 982]
[8, 240]:[8, 549]
[8, 240]:[8, 440]
[8, 240]:[8, 588]
[8, 240]:[8, 605]
[8, 549]:[8, 440]
[8, 549]:[8, 588]
[8, 549]:[8, 605]
[8, 440]:[8, 588]
[8, 440]:[8, 605]
[8, 588]:[8, 605]
[8, 240]:[240, 512]
[8, 240]:[240, 652]
[8, 240]:[240, 478]
[240, 512]:[240, 652]
[240, 512]:[240, 478]
[240, 652]:[240, 478]
[20, 972]:[20, 785]
[20, 972]:[20, 234]
[20, 972]:[20, 453]
[20, 785]:[20, 234]
[20, 785]:[20, 453]
[20, 234]:[20, 453]
[20, 972]:[46, 972]
[150, 314]:[48, 150]
[150, 314]:[69, 150]
[150, 314]:[150, 849]
[150, 314]:[150, 835]
[150, 314]:[150, 280]
[48, 150]:[69, 150]
[48, 150]:[150, 849]
[48, 150]:[150, 835]
[48, 150]:[150, 280]
[69, 150]:[150, 849]
[69, 150]:[150, 835]
[69, 150]:[150, 280]
[150, 849]:[150, 835]
[150, 849]:[150, 280]
[150, 835]:[150, 280]
[150, 314]:[314, 814]
[150, 314]:[16, 314]
[150, 314]:[241, 314]
[314, 814]:[16, 314]
[314, 814]:[241, 314]
[16, 314]:[241, 314]
[237, 563]:[144, 237]
[237, 563]:[69, 237]
[144, 237]:[69, 237]
[225, 465]:[121, 225]
[225, 465]:[225, 867]
[225, 465]:[107, 225]
[225, 465]:[225, 577]
[121, 225]:[225, 867]
[121, 225]:[107, 225]
[121, 225]:[225, 577]
[225, 867]:[107, 225]
[225, 867]:[225, 577]
[107, 225]:[225, 577]
[225, 465]:[465, 592]
[225, 465]:[465, 703]
[225, 465]:[177, 465]
[465, 592]:[465, 703]
[465, 592]:[177, 465]
[465, 703]:[177, 465]
[377, 384]:[155, 377]
[377, 384]:[244, 384]
[377, 384]:[384, 515]
[244, 384]:[384, 515]
[155, 937]:[53, 937]
[13, 975]:[13, 440]
[13, 975]:[13, 618]
[13, 975]:[13, 164]
[13, 975]:[13, 213]
[13, 975]:[13, 602]
[13, 975]:[13, 224]
[13, 440]:[13, 618]
[13, 440]:[13, 164]
[13, 440]:[13, 213]
[13, 440]:[13, 602]
[13, 440]:[13, 224]
[13, 618]:[13, 164]
[13, 618]:[13, 213]
[13, 618]:[13, 602]
[13, 618]:[13, 224]
[13, 164]:[13, 213]
[13, 164]:[13, 602]
[13, 164]:[13, 224]
[13, 213]:[13, 602]
[13, 213]:[13, 224]
[13, 602]:[13, 224]
[13, 975]:[345, 975]
[13, 975]:[496, 975]
[345, 975]:[496, 975]
[332, 935]:[332, 799]
[332, 935]:[332, 340]
[332, 935]:[306, 332]
[332, 799]:[332, 340]
[332, 799]:[306, 332]
[332, 340]:[306, 332]
[655, 980]:[596, 655]
[655, 980]:[609, 655]
[596, 655]:[609, 655]
[137, 570]:[137, 353]
[137, 570]:[137, 963]
[137, 570]:[137, 459]
[137, 570]:[137, 342]
[137, 353]:[137, 963]
[137, 353]:[137, 459]
[137, 353]:[137, 342]
[137, 963]:[137, 459]
[137, 963]:[137, 342]
[137, 459]:[137, 342]
[137, 570]:[11, 570]
[137, 570]:[386, 570]
[11, 570]:[386, 570]
[505, 738]:[505, 947]
[505, 738]:[128, 505]
[505, 738]:[505, 824]
[505, 947]:[128, 505]
[505, 947]:[505, 824]
[128, 505]:[505, 824]
[505, 738]:[454, 738]
[505, 738]:[131, 738]
[454, 738]:[131, 738]
[206, 986]:[206, 510]
[206, 986]:[206, 694]
[206, 986]:[64, 206]
[206, 986]:[206, 215]
[206, 986]:[206, 677]
[206, 510]:[206, 694]
[206, 510]:[64, 206]
[206, 510]:[206, 215]
[206, 510]:[206, 677]
[206, 694]:[64, 206]
[206, 694]:[206, 215]
[206, 694]:[206, 677]
[64, 206]:[206, 215]
[64, 206]:[206, 677]
[206, 215]:[206, 677]
[206, 986]:[918, 986]
[512, 557]:[512, 721]
[512, 557]:[240, 512]
[512, 557]:[475, 512]
[512, 721]:[240, 512]
[512, 721]:[475, 512]
[240, 512]:[475, 512]
[144, 237]:[144, 531]
[144, 237]:[144, 641]
[144, 237]:[144, 702]
[144, 237]:[144, 923]
[144, 531]:[144, 641]
[144, 531]:[144, 702]
[144, 531]:[144, 923]
[144, 641]:[144, 702]
[144, 641]:[144, 923]
[144, 702]:[144, 923]
[869, 886]:[482, 869]
[869, 886]:[385, 886]
[634, 850]:[321, 634]
[634, 850]:[489, 634]
[634, 850]:[487, 634]
[321, 634]:[489, 634]
[321, 634]:[487, 634]
[489, 634]:[487, 634]
[634, 850]:[675, 850]
[634, 850]:[792, 850]
[634, 850]:[597, 850]
[675, 850]:[792, 850]
[675, 850]:[597, 850]
[792, 850]:[597, 850]
[332, 799]:[268, 799]
[54, 879]:[54, 111]
[54, 879]:[54, 141]
[54, 879]:[54, 400]
[54, 111]:[54, 141]
[54, 111]:[54, 400]
[54, 141]:[54, 400]
[58, 682]:[58, 809]
[58, 682]:[58, 342]
[58, 682]:[58, 316]
[58, 809]:[58, 342]
[58, 809]:[58, 316]
[58, 342]:[58, 316]
[58, 682]:[682, 971]
[58, 682]:[83, 682]
[682, 971]:[83, 682]
[447, 943]:[447, 704]
[447, 943]:[248, 943]
[48, 150]:[48, 274]
[416, 598]:[527, 598]
[416, 598]:[81, 598]
[527, 598]:[81, 598]
[527, 598]:[347, 527]
[500, 861]:[26, 500]
[500, 861]:[500, 920]
[500, 861]:[264, 500]
[26, 500]:[500, 920]
[26, 500]:[264, 500]
[500, 920]:[264, 500]
[28, 95]:[28, 848]
[28, 95]:[28, 156]
[28, 95]:[28, 204]
[28, 95]:[28, 613]
[28, 95]:[28, 106]
[28, 848]:[28, 156]
[28, 848]:[28, 204]
[28, 848]:[28, 613]
[28, 848]:[28, 106]
[28, 156]:[28, 204]
[28, 156]:[28, 613]
[28, 156]:[28, 106]
[28, 204]:[28, 613]
[28, 204]:[28, 106]
[28, 613]:[28, 106]
[28, 95]:[95, 552]
[28, 95]:[95, 195]
[28, 95]:[73, 95]
[28, 95]:[95, 326]
[28, 95]:[95, 374]
[95, 552]:[95, 195]
[95, 552]:[73, 95]
[95, 552]:[95, 326]
[95, 552]:[95, 374]
[95, 195]:[73, 95]
[95, 195]:[95, 326]
[95, 195]:[95, 374]
[73, 95]:[95, 326]
[73, 95]:[95, 374]
[95, 326]:[95, 374]
[439, 609]:[439, 692]
[439, 609]:[86, 609]
[439, 609]:[609, 655]
[86, 609]:[609, 655]
[25, 193]:[25, 257]
[25, 193]:[25, 497]
[25, 193]:[25, 389]
[25, 193]:[25, 231]
[25, 193]:[25, 179]
[25, 193]:[25, 111]
[25, 257]:[25, 497]
[25, 257]:[25, 389]
[25, 257]:[25, 231]
[25, 257]:[25, 179]
[25, 257]:[25, 111]
[25, 497]:[25, 389]
[25, 497]:[25, 231]
[25, 497]:[25, 179]
[25, 497]:[25, 111]
[25, 389]:[25, 231]
[25, 389]:[25, 179]
[25, 389]:[25, 111]
[25, 231]:[25, 179]
[25, 231]:[25, 111]
[25, 179]:[25, 111]
[113, 125]:[113, 126]
[113, 125]:[113, 535]
[113, 125]:[113, 474]
[113, 125]:[113, 253]
[113, 126]:[113, 535]
[113, 126]:[113, 474]
[113, 126]:[113, 253]
[113, 535]:[113, 474]
[113, 535]:[113, 253]
[113, 474]:[113, 253]
[113, 125]:[125, 938]
[113, 125]:[125, 917]
[113, 125]:[88, 125]
[113, 125]:[46, 125]
[113, 125]:[125, 824]
[125, 938]:[125, 917]
[125, 938]:[88, 125]
[125, 938]:[46, 125]
[125, 938]:[125, 824]
[125, 917]:[88, 125]
[125, 917]:[46, 125]
[125, 917]:[125, 824]
[88, 125]:[46, 125]
[88, 125]:[125, 824]
[46, 125]:[125, 824]
[185, 246]:[185, 263]
[185, 246]:[185, 672]
[185, 246]:[185, 664]
[185, 246]:[181, 185]
[185, 263]:[185, 672]
[185, 263]:[185, 664]
[185, 263]:[181, 185]
[185, 672]:[185, 664]
[185, 672]:[181, 185]
[185, 664]:[181, 185]
[185, 246]:[246, 860]
[185, 246]:[114, 246]
[185, 246]:[246, 732]
[246, 860]:[114, 246]
[246, 860]:[246, 732]
[114, 246]:[246, 732]
[5, 141]:[5, 243]
[5, 141]:[54, 141]
[5, 141]:[141, 648]
[5, 141]:[12, 141]
[5, 141]:[18, 141]
[5, 141]:[141, 871]
[54, 141]:[141, 648]
[54, 141]:[12, 141]
[54, 141]:[18, 141]
[54, 141]:[141, 871]
[141, 648]:[12, 141]
[141, 648]:[18, 141]
[141, 648]:[141, 871]
[12, 141]:[18, 141]
[12, 141]:[141, 871]
[18, 141]:[141, 871]
[844, 959]:[145, 844]
[844, 959]:[502, 844]
[145, 844]:[502, 844]
[163, 619]:[163, 277]
[163, 619]:[163, 755]
[163, 619]:[163, 898]
[163, 619]:[3, 163]
[163, 277]:[163, 755]
[163, 277]:[163, 898]
[163, 277]:[3, 163]
[163, 755]:[163, 898]
[163, 755]:[3, 163]
[163, 898]:[3, 163]
[129, 835]:[14, 129]
[129, 835]:[129, 200]
[14, 129]:[129, 200]
[129, 835]:[2, 835]
[129, 835]:[150, 835]
[2, 835]:[150, 835]
[173, 728]:[173, 769]
[173, 728]:[173, 770]
[173, 769]:[173, 770]
[173, 728]:[122, 728]
[389, 883]:[389, 457]
[389, 883]:[389, 961]
[389, 883]:[25, 389]
[389, 457]:[389, 961]
[389, 457]:[25, 389]
[389, 961]:[25, 389]
[389, 883]:[289, 883]
[378, 460]:[211, 378]
[378, 460]:[378, 503]
[378, 460]:[203, 378]
[378, 460]:[109, 378]
[211, 378]:[378, 503]
[211, 378]:[203, 378]
[211, 378]:[109, 378]
[378, 503]:[203, 378]
[378, 503]:[109, 378]
[203, 378]:[109, 378]
[378, 460]:[367, 460]
[378, 460]:[460, 823]
[378, 460]:[460, 910]
[367, 460]:[460, 823]
[367, 460]:[460, 910]
[460, 823]:[460, 910]
[102, 732]:[428, 732]
[102, 732]:[246, 732]
[428, 732]:[246, 732]
[118, 228]:[224, 228]
[1, 429]:[1, 561]
[1, 429]:[429, 549]
[114, 502]:[114, 285]
[114, 502]:[114, 246]
[114, 502]:[15, 114]
[114, 502]:[114, 981]
[114, 285]:[114, 246]
[114, 285]:[15, 114]
[114, 285]:[114, 981]
[114, 246]:[15, 114]
[114, 246]:[114, 981]
[15, 114]:[114, 981]
[114, 502]:[502, 844]
[114, 502]:[400, 502]
[114, 502]:[482, 502]
[114, 502]:[160, 502]
[502, 844]:[400, 502]
[502, 844]:[482, 502]
[502, 844]:[160, 502]
[400, 502]:[482, 502]
[400, 502]:[160, 502]
[482, 502]:[160, 502]
[750, 951]:[574, 750]
[750, 951]:[112, 951]
[750, 951]:[702, 951]
[112, 951]:[702, 951]
[10, 595]:[10, 925]
[10, 595]:[10, 67]
[10, 595]:[10, 23]
[10, 925]:[10, 67]
[10, 925]:[10, 23]
[10, 67]:[10, 23]
[10, 595]:[331, 595]
[10, 595]:[399, 595]
[331, 595]:[399, 595]
[522, 862]:[419, 522]
[522, 862]:[522, 826]
[419, 522]:[522, 826]
[522, 862]:[862, 928]
[522, 862]:[443, 862]
[522, 862]:[205, 862]
[862, 928]:[443, 862]
[862, 928]:[205, 862]
[443, 862]:[205, 862]
[354, 676]:[289, 354]
[354, 676]:[6, 354]
[354, 676]:[50, 354]
[354, 676]:[354, 955]
[289, 354]:[6, 354]
[289, 354]:[50, 354]
[289, 354]:[354, 955]
[6, 354]:[50, 354]
[6, 354]:[354, 955]
[50, 354]:[354, 955]
[354, 676]:[676, 729]
[281, 524]:[281, 350]
[281, 524]:[281, 876]
[281, 524]:[112, 281]
[281, 350]:[281, 876]
[281, 350]:[112, 281]
[281, 876]:[112, 281]
[281, 524]:[222, 524]
[281, 524]:[524, 925]
[222, 524]:[524, 925]
[182, 293]:[24, 182]
[182, 293]:[43, 182]
[182, 293]:[182, 678]
[182, 293]:[182, 327]
[182, 293]:[182, 519]
[24, 182]:[43, 182]
[24, 182]:[182, 678]
[24, 182]:[182, 327]
[24, 182]:[182, 519]
[43, 182]:[182, 678]
[43, 182]:[182, 327]
[43, 182]:[182, 519]
[182, 678]:[182, 327]
[182, 678]:[182, 519]
[182, 327]:[182, 519]
[41, 534]:[244, 534]
[41, 534]:[283, 534]
[244, 534]:[283, 534]
[538, 902]:[287, 538]
[538, 902]:[538, 793]
[538, 902]:[34, 538]
[287, 538]:[538, 793]
[287, 538]:[34, 538]
[538, 793]:[34, 538]
[538, 902]:[213, 902]
[86, 599]:[86, 477]
[86, 599]:[86, 609]
[86, 599]:[86, 147]
[86, 599]:[86, 628]
[86, 599]:[52, 86]
[86, 599]:[82, 86]
[86, 477]:[86, 609]
[86, 477]:[86, 147]
[86, 477]:[86, 628]
[86, 477]:[52, 86]
[86, 477]:[82, 86]
[86, 609]:[86, 147]
[86, 609]:[86, 628]
[86, 609]:[52, 86]
[86, 609]:[82, 86]
[86, 147]:[86, 628]
[86, 147]:[52, 86]
[86, 147]:[82, 86]
[86, 628]:[52, 86]
[86, 628]:[82, 86]
[52, 86]:[82, 86]
[86, 599]:[273, 599]
[89, 199]:[89, 98]
[89, 199]:[89, 955]
[89, 199]:[89, 236]
[89, 199]:[89, 639]
[89, 98]:[89, 955]
[89, 98]:[89, 236]
[89, 98]:[89, 639]
[89, 955]:[89, 236]
[89, 955]:[89, 639]
[89, 236]:[89, 639]
[244, 384]:[244, 534]
[244, 384]:[21, 244]
[244, 384]:[244, 411]
[244, 534]:[21, 244]
[244, 534]:[244, 411]
[21, 244]:[244, 411]
[300, 397]:[300, 566]
[300, 397]:[6, 397]
[24, 182]:[24, 443]
[24, 182]:[24, 952]
[24, 182]:[24, 38]
[24, 443]:[24, 952]
[24, 443]:[24, 38]
[24, 952]:[24, 38]
[204, 362]:[204, 625]
[204, 362]:[28, 204]
[204, 362]:[122, 204]
[204, 625]:[28, 204]
[204, 625]:[122, 204]
[28, 204]:[122, 204]
[204, 362]:[290, 362]
[204, 362]:[362, 967]
[290, 362]:[362, 967]
[35, 421]:[35, 51]
[35, 421]:[35, 196]
[35, 421]:[35, 567]
[35, 51]:[35, 196]
[35, 51]:[35, 567]
[35, 196]:[35, 567]
[35, 421]:[421, 778]
[35, 421]:[43, 421]
[421, 778]:[43, 421]
[89, 98]:[98, 166]
[89, 98]:[98, 383]
[89, 98]:[98, 401]
[89, 98]:[98, 111]
[89, 98]:[98, 288]
[89, 98]:[98, 530]
[98, 166]:[98, 383]
[98, 166]:[98, 401]
[98, 166]:[98, 111]
[98, 166]:[98, 288]
[98, 166]:[98, 530]
[98, 383]:[98, 401]
[98, 383]:[98, 111]
[98, 383]:[98, 288]
[98, 383]:[98, 530]
[98, 401]:[98, 111]
[98, 401]:[98, 288]
[98, 401]:[98, 530]
[98, 111]:[98, 288]
[98, 111]:[98, 530]
[98, 288]:[98, 530]
[95, 552]:[50, 552]
[481, 928]:[481, 663]
[481, 928]:[862, 928]
[481, 928]:[301, 928]
[481, 928]:[116, 928]
[862, 928]:[301, 928]
[862, 928]:[116, 928]
[301, 928]:[116, 928]
[576, 934]:[111, 576]
[576, 934]:[576, 657]
[111, 576]:[576, 657]
[576, 934]:[345, 934]
[140, 715]:[121, 140]
[140, 715]:[3, 140]
[140, 715]:[135, 140]
[140, 715]:[140, 710]
[121, 140]:[3, 140]
[121, 140]:[135, 140]
[121, 140]:[140, 710]
[3, 140]:[135, 140]
[3, 140]:[140, 710]
[135, 140]:[140, 710]
[140, 715]:[715, 893]
[140, 715]:[295, 715]
[715, 893]:[295, 715]
[250, 711]:[239, 250]
[250, 711]:[250, 487]
[250, 711]:[157, 250]
[239, 250]:[250, 487]
[239, 250]:[157, 250]
[250, 487]:[157, 250]
[250, 711]:[711, 716]
[250, 711]:[217, 711]
[711, 716]:[217, 711]
[69, 237]:[69, 150]
[69, 237]:[69, 596]
[69, 237]:[69, 395]
[69, 150]:[69, 596]
[69, 150]:[69, 395]
[69, 596]:[69, 395]
[161, 488]:[161, 510]
[161, 488]:[161, 641]
[161, 510]:[161, 641]
[161, 488]:[34, 488]
[161, 488]:[224, 488]
[161, 488]:[488, 864]
[34, 488]:[224, 488]
[34, 488]:[488, 864]
[224, 488]:[488, 864]
[101, 262]:[101, 630]
[101, 262]:[101, 308]
[101, 262]:[101, 801]
[101, 262]:[101, 507]
[101, 630]:[101, 308]
[101, 630]:[101, 801]
[101, 630]:[101, 507]
[101, 308]:[101, 801]
[101, 308]:[101, 507]
[101, 801]:[101, 507]
[101, 262]:[262, 956]
[194, 637]:[194, 770]
[194, 637]:[637, 698]
[194, 637]:[441, 637]
[637, 698]:[441, 637]
[258, 692]:[258, 735]
[258, 692]:[258, 478]
[258, 692]:[258, 427]
[258, 735]:[258, 478]
[258, 735]:[258, 427]
[258, 478]:[258, 427]
[258, 692]:[439, 692]
[51, 291]:[35, 51]
[51, 291]:[51, 995]
[51, 291]:[51, 431]
[51, 291]:[51, 164]
[51, 291]:[51, 793]
[35, 51]:[51, 995]
[35, 51]:[51, 431]
[35, 51]:[51, 164]
[35, 51]:[51, 793]
[51, 995]:[51, 431]
[51, 995]:[51, 164]
[51, 995]:[51, 793]
[51, 431]:[51, 164]
[51, 431]:[51, 793]
[51, 164]:[51, 793]
[236, 547]:[236, 385]
[236, 547]:[236, 238]
[236, 547]:[71, 236]
[236, 547]:[89, 236]
[236, 385]:[236, 238]
[236, 385]:[71, 236]
[236, 385]:[89, 236]
[236, 238]:[71, 236]
[236, 238]:[89, 236]
[71, 236]:[89, 236]
[236, 547]:[547, 960]
[236, 547]:[159, 547]
[547, 960]:[159, 547]
[918, 986]:[297, 918]
[109, 520]:[109, 328]
[109, 520]:[109, 428]
[109, 520]:[109, 378]
[109, 520]:[109, 615]
[109, 520]:[52, 109]
[109, 520]:[80, 109]
[109, 328]:[109, 428]
[109, 328]:[109, 378]
[109, 328]:[109, 615]
[109, 328]:[52, 109]
[109, 328]:[80, 109]
[109, 428]:[109, 378]
[109, 428]:[109, 615]
[109, 428]:[52, 109]
[109, 428]:[80, 109]
[109, 378]:[109, 615]
[109, 378]:[52, 109]
[109, 378]:[80, 109]
[109, 615]:[52, 109]
[109, 615]:[80, 109]
[52, 109]:[80, 109]
[109, 520]:[75, 520]
[109, 520]:[123, 520]
[75, 520]:[123, 520]
[153, 801]:[110, 153]
[153, 801]:[153, 901]
[153, 801]:[153, 707]
[110, 153]:[153, 901]
[110, 153]:[153, 707]
[153, 901]:[153, 707]
[153, 801]:[357, 801]
[153, 801]:[487, 801]
[153, 801]:[101, 801]
[357, 801]:[487, 801]
[357, 801]:[101, 801]
[487, 801]:[101, 801]
[826, 834]:[522, 826]
[826, 834]:[826, 900]
[522, 826]:[826, 900]
[826, 834]:[787, 834]
[355, 983]:[134, 355]
[355, 983]:[355, 380]
[134, 355]:[355, 380]
[641, 864]:[203, 641]
[641, 864]:[144, 641]
[641, 864]:[161, 641]
[203, 641]:[144, 641]
[203, 641]:[161, 641]
[144, 641]:[161, 641]
[641, 864]:[488, 864]
[59, 914]:[59, 444]
[59, 914]:[59, 168]
[59, 914]:[59, 398]
[59, 444]:[59, 168]
[59, 444]:[59, 398]
[59, 168]:[59, 398]
[59, 914]:[462, 914]
[59, 914]:[674, 914]
[462, 914]:[674, 914]
[751, 991]:[329, 991]
[751, 991]:[94, 991]
[329, 991]:[94, 991]
[739, 947]:[780, 947]
[739, 947]:[505, 947]
[780, 947]:[505, 947]
[116, 798]:[116, 459]
[116, 798]:[116, 757]
[116, 798]:[116, 928]
[116, 798]:[116, 134]
[116, 459]:[116, 757]
[116, 459]:[116, 928]
[116, 459]:[116, 134]
[116, 757]:[116, 928]
[116, 757]:[116, 134]
[116, 928]:[116, 134]
[116, 798]:[525, 798]
[116, 798]:[673, 798]
[525, 798]:[673, 798]
[780, 947]:[216, 780]
[226, 621]:[111, 621]
[226, 621]:[621, 747]
[111, 621]:[621, 747]
[49, 288]:[49, 146]
[49, 288]:[49, 328]
[49, 288]:[49, 90]
[49, 146]:[49, 328]
[49, 146]:[49, 90]
[49, 328]:[49, 90]
[49, 288]:[288, 337]
[49, 288]:[98, 288]
[288, 337]:[98, 288]
[46, 348]:[46, 376]
[46, 348]:[46, 972]
[46, 348]:[46, 650]
[46, 348]:[46, 67]
[46, 348]:[46, 125]
[46, 376]:[46, 972]
[46, 376]:[46, 650]
[46, 376]:[46, 67]
[46, 376]:[46, 125]
[46, 972]:[46, 650]
[46, 972]:[46, 67]
[46, 972]:[46, 125]
[46, 650]:[46, 67]
[46, 650]:[46, 125]
[46, 67]:[46, 125]
[46, 348]:[348, 906]
[46, 348]:[348, 635]
[46, 348]:[348, 851]
[348, 906]:[348, 635]
[348, 906]:[348, 851]
[348, 635]:[348, 851]
[181, 894]:[181, 432]
[181, 894]:[146, 181]
[181, 894]:[181, 185]
[181, 432]:[146, 181]
[181, 432]:[181, 185]
[146, 181]:[181, 185]
[181, 894]:[625, 894]
[465, 592]:[3, 592]
[492, 513]:[492, 763]
[492, 513]:[513, 581]
[492, 513]:[513, 742]
[513, 581]:[513, 742]
[179, 325]:[179, 786]
[179, 325]:[179, 579]
[179, 325]:[25, 179]
[179, 786]:[179, 579]
[179, 786]:[25, 179]
[179, 579]:[25, 179]
[179, 325]:[36, 325]
[179, 325]:[230, 325]
[36, 325]:[230, 325]
[88, 126]:[126, 584]
[88, 126]:[113, 126]
[88, 126]:[126, 467]
[88, 126]:[126, 658]
[126, 584]:[113, 126]
[126, 584]:[126, 467]
[126, 584]:[126, 658]
[113, 126]:[126, 467]
[113, 126]:[126, 658]
[126, 467]:[126, 658]
[46, 376]:[376, 387]
[46, 376]:[376, 803]
[46, 376]:[376, 588]
[376, 387]:[376, 803]
[376, 387]:[376, 588]
[376, 803]:[376, 588]
[118, 895]:[56, 895]
[176, 419]:[176, 851]
[176, 419]:[176, 432]
[176, 851]:[176, 432]
[176, 419]:[419, 522]
[176, 419]:[419, 426]
[419, 522]:[419, 426]
[313, 436]:[313, 789]
[313, 436]:[12, 313]
[313, 789]:[12, 313]
[313, 436]:[118, 436]
[313, 436]:[436, 459]
[313, 436]:[263, 436]
[118, 436]:[436, 459]
[118, 436]:[263, 436]
[436, 459]:[263, 436]
[413, 666]:[413, 678]
[120, 213]:[120, 351]
[120, 213]:[120, 170]
[120, 351]:[120, 170]
[80, 298]:[80, 535]
[80, 298]:[80, 109]
[80, 298]:[80, 633]
[80, 535]:[80, 109]
[80, 535]:[80, 633]
[80, 109]:[80, 633]
[80, 298]:[298, 767]
[109, 328]:[49, 328]
[109, 328]:[305, 328]
[109, 328]:[64, 328]
[49, 328]:[305, 328]
[49, 328]:[64, 328]
[305, 328]:[64, 328]
[794, 973]:[301, 794]
[115, 649]:[115, 705]
[115, 649]:[115, 689]
[115, 649]:[115, 562]
[115, 649]:[115, 722]
[115, 705]:[115, 689]
[115, 705]:[115, 562]
[115, 705]:[115, 722]
[115, 689]:[115, 562]
[115, 689]:[115, 722]
[115, 562]:[115, 722]
[115, 649]:[169, 649]
[278, 983]:[278, 639]
[278, 983]:[73, 278]
[278, 639]:[73, 278]
[7, 9]:[9, 701]
[7, 9]:[9, 248]
[7, 9]:[9, 856]
[9, 701]:[9, 248]
[9, 701]:[9, 856]
[9, 248]:[9, 856]
[319, 917]:[319, 372]
[319, 917]:[234, 917]
[319, 917]:[125, 917]
[234, 917]:[125, 917]
[207, 233]:[207, 632]
[207, 233]:[207, 400]
[207, 233]:[207, 402]
[207, 632]:[207, 400]
[207, 632]:[207, 402]
[207, 400]:[207, 402]
[18, 593]:[18, 70]
[18, 593]:[18, 490]
[18, 593]:[18, 160]
[18, 593]:[18, 141]
[18, 593]:[18, 878]
[18, 70]:[18, 490]
[18, 70]:[18, 160]
[18, 70]:[18, 141]
[18, 70]:[18, 878]
[18, 490]:[18, 160]
[18, 490]:[18, 141]
[18, 490]:[18, 878]
[18, 160]:[18, 141]
[18, 160]:[18, 878]
[18, 141]:[18, 878]
[18, 593]:[74, 593]
[424, 743]:[227, 424]
[424, 743]:[674, 743]
[424, 743]:[324, 743]
[674, 743]:[324, 743]
[179, 786]:[786, 939]
[179, 786]:[138, 786]
[786, 939]:[138, 786]
[329, 991]:[329, 338]
[542, 553]:[255, 542]
[542, 553]:[202, 542]
[255, 542]:[202, 542]
[542, 553]:[366, 553]
[4, 282]:[4, 157]
[4, 282]:[4, 166]
[4, 282]:[4, 167]
[4, 282]:[4, 132]
[4, 157]:[4, 166]
[4, 157]:[4, 167]
[4, 157]:[4, 132]
[4, 166]:[4, 167]
[4, 166]:[4, 132]
[4, 167]:[4, 132]
[4, 282]:[282, 670]
[4, 282]:[282, 438]
[4, 282]:[211, 282]
[282, 670]:[282, 438]
[282, 670]:[211, 282]
[282, 438]:[211, 282]
[121, 700]:[121, 140]
[121, 700]:[121, 225]
[121, 700]:[121, 957]
[121, 140]:[121, 225]
[121, 140]:[121, 957]
[121, 225]:[121, 957]
[121, 700]:[326, 700]
[121, 700]:[102, 700]
[326, 700]:[102, 700]
[32, 820]:[349, 820]
[41, 924]:[566, 924]
[283, 296]:[296, 673]
[283, 296]:[296, 580]
[283, 296]:[296, 829]
[296, 673]:[296, 580]
[296, 673]:[296, 829]
[296, 580]:[296, 829]
[294, 852]:[294, 962]
[294, 852]:[294, 331]
[294, 852]:[133, 294]
[294, 962]:[294, 331]
[294, 962]:[133, 294]
[294, 331]:[133, 294]
[294, 852]:[587, 852]
[294, 852]:[478, 852]
[587, 852]:[478, 852]
[55, 811]:[154, 811]
[198, 420]:[198, 693]
[198, 420]:[70, 198]
[198, 420]:[198, 266]
[198, 693]:[70, 198]
[198, 693]:[198, 266]
[70, 198]:[198, 266]
[198, 420]:[17, 420]
[198, 420]:[203, 420]
[198, 420]:[324, 420]
[17, 420]:[203, 420]
[17, 420]:[324, 420]
[203, 420]:[324, 420]
[402, 578]:[402, 818]
[402, 578]:[207, 402]
[402, 818]:[207, 402]
[402, 578]:[337, 578]
[402, 578]:[493, 578]
[402, 578]:[239, 578]
[337, 578]:[493, 578]
[337, 578]:[239, 578]
[493, 578]:[239, 578]
[359, 393]:[393, 571]
[245, 582]:[245, 762]
[245, 582]:[245, 960]
[245, 762]:[245, 960]
[617, 942]:[342, 617]
[617, 942]:[495, 617]
[342, 617]:[495, 617]
[617, 942]:[533, 942]
[142, 708]:[142, 832]
[142, 708]:[66, 708]
[127, 687]:[127, 776]
[127, 687]:[60, 127]
[127, 687]:[127, 714]
[127, 776]:[60, 127]
[127, 776]:[127, 714]
[60, 127]:[127, 714]
[301, 444]:[59, 444]
[301, 444]:[99, 444]
[301, 444]:[444, 958]
[59, 444]:[99, 444]
[59, 444]:[444, 958]
[99, 444]:[444, 958]
[148, 915]:[148, 560]
[148, 915]:[437, 915]
[148, 915]:[254, 915]
[437, 915]:[254, 915]
[512, 721]:[620, 721]
[596, 655]:[69, 596]
[54, 111]:[111, 576]
[54, 111]:[111, 621]
[54, 111]:[98, 111]
[54, 111]:[111, 349]
[54, 111]:[25, 111]
[111, 576]:[111, 621]
[111, 576]:[98, 111]
[111, 576]:[111, 349]
[111, 576]:[25, 111]
[111, 621]:[98, 111]
[111, 621]:[111, 349]
[111, 621]:[25, 111]
[98, 111]:[111, 349]
[98, 111]:[25, 111]
[111, 349]:[25, 111]
[492, 763]:[518, 763]
[492, 763]:[252, 763]
[518, 763]:[252, 763]
[191, 845]:[210, 845]
[79, 506]:[79, 305]
[79, 506]:[79, 677]
[79, 305]:[79, 677]
[79, 506]:[211, 506]
[114, 285]:[285, 802]
[410, 793]:[302, 410]
[410, 793]:[410, 539]
[302, 410]:[410, 539]
[410, 793]:[538, 793]
[410, 793]:[143, 793]
[410, 793]:[51, 793]
[538, 793]:[143, 793]
[538, 793]:[51, 793]
[143, 793]:[51, 793]
[90, 158]:[90, 575]
[90, 158]:[90, 948]
[90, 158]:[49, 90]
[90, 575]:[90, 948]
[90, 575]:[49, 90]
[90, 948]:[49, 90]
[90, 158]:[158, 560]
[90, 158]:[158, 375]
[158, 560]:[158, 375]
[112, 877]:[112, 911]
[112, 877]:[112, 996]
[112, 877]:[112, 281]
[112, 877]:[112, 951]
[112, 911]:[112, 996]
[112, 911]:[112, 281]
[112, 911]:[112, 951]
[112, 996]:[112, 281]
[112, 996]:[112, 951]
[112, 281]:[112, 951]
[112, 877]:[360, 877]
[466, 988]:[466, 758]
[466, 988]:[466, 800]
[466, 758]:[466, 800]
[136, 950]:[136, 638]
[136, 950]:[136, 304]
[136, 950]:[136, 765]
[136, 638]:[136, 304]
[136, 638]:[136, 765]
[136, 304]:[136, 765]
[136, 950]:[450, 950]
[136, 950]:[580, 950]
[450, 950]:[580, 950]
[115, 705]:[26, 705]
[211, 506]:[211, 378]
[211, 506]:[211, 693]
[211, 506]:[63, 211]
[211, 506]:[211, 282]
[211, 378]:[211, 693]
[211, 378]:[63, 211]
[211, 378]:[211, 282]
[211, 693]:[63, 211]
[211, 693]:[211, 282]
[63, 211]:[211, 282]
[10, 925]:[748, 925]
[10, 925]:[524, 925]
[748, 925]:[524, 925]
[437, 915]:[344, 437]
[437, 915]:[437, 957]
[437, 915]:[177, 437]
[344, 437]:[437, 957]
[344, 437]:[177, 437]
[437, 957]:[177, 437]
[278, 639]:[89, 639]
[349, 824]:[273, 349]
[349, 824]:[111, 349]
[349, 824]:[349, 820]
[273, 349]:[111, 349]
[273, 349]:[349, 820]
[111, 349]:[349, 820]
[349, 824]:[505, 824]
[349, 824]:[125, 824]
[505, 824]:[125, 824]
[49, 146]:[146, 181]
[367, 460]:[367, 607]
[367, 460]:[367, 941]
[367, 607]:[367, 941]
[675, 850]:[573, 675]
[316, 474]:[57, 316]
[316, 474]:[316, 597]
[316, 474]:[265, 316]
[316, 474]:[58, 316]
[57, 316]:[316, 597]
[57, 316]:[265, 316]
[57, 316]:[58, 316]
[316, 597]:[265, 316]
[316, 597]:[58, 316]
[265, 316]:[58, 316]
[316, 474]:[113, 474]
[316, 474]:[104, 474]
[113, 474]:[104, 474]
[440, 929]:[8, 440]
[440, 929]:[13, 440]
[440, 929]:[331, 440]
[8, 440]:[13, 440]
[8, 440]:[331, 440]
[13, 440]:[331, 440]
[15, 22]:[22, 933]
[15, 22]:[22, 208]
[15, 22]:[22, 967]
[15, 22]:[22, 202]
[22, 933]:[22, 208]
[22, 933]:[22, 967]
[22, 933]:[22, 202]
[22, 208]:[22, 967]
[22, 208]:[22, 202]
[22, 967]:[22, 202]
[285, 802]:[162, 802]
[615, 911]:[109, 615]
[615, 911]:[911, 938]
[615, 911]:[112, 911]
[615, 911]:[152, 911]
[911, 938]:[112, 911]
[911, 938]:[152, 911]
[112, 911]:[152, 911]
[137, 353]:[188, 353]
[8, 549]:[429, 549]
[207, 632]:[174, 632]
[207, 632]:[497, 632]
[174, 632]:[497, 632]
[68, 425]:[68, 379]
[68, 425]:[16, 68]
[68, 425]:[68, 78]
[68, 425]:[68, 602]
[68, 379]:[16, 68]
[68, 379]:[68, 78]
[68, 379]:[68, 602]
[16, 68]:[68, 78]
[16, 68]:[68, 602]
[68, 78]:[68, 602]
[65, 464]:[65, 646]
[65, 464]:[65, 326]
[65, 464]:[65, 422]
[65, 464]:[65, 320]
[65, 646]:[65, 326]
[65, 646]:[65, 422]
[65, 646]:[65, 320]
[65, 326]:[65, 422]
[65, 326]:[65, 320]
[65, 422]:[65, 320]
[65, 464]:[464, 490]
[318, 776]:[318, 486]
[318, 776]:[318, 528]
[318, 486]:[318, 528]
[318, 776]:[127, 776]
[318, 776]:[776, 892]
[127, 776]:[776, 892]
[80, 535]:[113, 535]
[80, 535]:[535, 659]
[113, 535]:[535, 659]
[422, 981]:[395, 422]
[422, 981]:[65, 422]
[395, 422]:[65, 422]
[422, 981]:[374, 981]
[422, 981]:[114, 981]
[374, 981]:[114, 981]
[341, 953]:[435, 953]
[341, 953]:[366, 953]
[435, 953]:[366, 953]
[43, 569]:[43, 182]
[43, 569]:[43, 421]
[43, 182]:[43, 421]
[43, 569]:[569, 602]
[43, 569]:[569, 717]
[43, 569]:[454, 569]
[569, 602]:[569, 717]
[569, 602]:[454, 569]
[569, 717]:[454, 569]
[281, 350]:[350, 386]
[281, 350]:[16, 350]
[350, 386]:[16, 350]
[263, 679]:[189, 263]
[263, 679]:[263, 944]
[263, 679]:[185, 263]
[263, 679]:[263, 436]
[263, 679]:[107, 263]
[189, 263]:[263, 944]
[189, 263]:[185, 263]
[189, 263]:[263, 436]
[189, 263]:[107, 263]
[263, 944]:[185, 263]
[263, 944]:[263, 436]
[263, 944]:[107, 263]
[185, 263]:[263, 436]
[185, 263]:[107, 263]
[263, 436]:[107, 263]
[263, 679]:[435, 679]
[183, 338]:[29, 183]
[183, 338]:[329, 338]
[93, 132]:[93, 548]
[93, 132]:[93, 912]
[93, 132]:[93, 749]
[93, 548]:[93, 912]
[93, 548]:[93, 749]
[93, 912]:[93, 749]
[93, 132]:[4, 132]
[93, 132]:[33, 132]
[4, 132]:[33, 132]
[543, 594]:[490, 543]
[543, 594]:[171, 543]
[490, 543]:[171, 543]
[543, 594]:[52, 594]
[543, 594]:[594, 875]
[52, 594]:[594, 875]
[236, 385]:[385, 886]
[236, 385]:[369, 385]
[385, 886]:[369, 385]
[489, 797]:[489, 634]
[489, 797]:[291, 489]
[489, 634]:[291, 489]
[489, 797]:[299, 797]
[18, 70]:[70, 239]
[18, 70]:[70, 103]
[18, 70]:[70, 198]
[18, 70]:[70, 871]
[70, 239]:[70, 103]
[70, 239]:[70, 198]
[70, 239]:[70, 871]
[70, 103]:[70, 198]
[70, 103]:[70, 871]
[70, 198]:[70, 871]
[302, 410]:[302, 840]
[54, 400]:[207, 400]
[54, 400]:[304, 400]
[54, 400]:[400, 502]
[207, 400]:[304, 400]
[207, 400]:[400, 502]
[304, 400]:[400, 502]
[372, 829]:[372, 874]
[372, 829]:[372, 458]
[372, 829]:[319, 372]
[372, 874]:[372, 458]
[372, 874]:[319, 372]
[372, 458]:[319, 372]
[372, 829]:[528, 829]
[372, 829]:[296, 829]
[528, 829]:[296, 829]
[358, 878]:[135, 358]
[358, 878]:[358, 577]
[358, 878]:[358, 854]
[135, 358]:[358, 577]
[135, 358]:[358, 854]
[358, 577]:[358, 854]
[358, 878]:[326, 878]
[358, 878]:[451, 878]
[358, 878]:[18, 878]
[326, 878]:[451, 878]
[326, 878]:[18, 878]
[451, 878]:[18, 878]
[220, 243]:[5, 243]
[177, 333]:[177, 607]
[177, 333]:[122, 177]
[177, 333]:[177, 465]
[177, 333]:[177, 437]
[177, 607]:[122, 177]
[177, 607]:[177, 465]
[177, 607]:[177, 437]
[122, 177]:[177, 465]
[122, 177]:[177, 437]
[177, 465]:[177, 437]
[177, 333]:[333, 767]
[268, 799]:[260, 268]
[268, 799]:[268, 954]
[260, 268]:[268, 954]
[331, 595]:[331, 665]
[331, 595]:[203, 331]
[331, 595]:[331, 440]
[331, 595]:[294, 331]
[331, 665]:[203, 331]
[331, 665]:[331, 440]
[331, 665]:[294, 331]
[203, 331]:[331, 440]
[203, 331]:[294, 331]
[331, 440]:[294, 331]
[19, 251]:[19, 870]
[19, 251]:[19, 900]
[19, 251]:[19, 456]
[19, 870]:[19, 900]
[19, 870]:[19, 456]
[19, 900]:[19, 456]
[511, 885]:[511, 960]
[511, 885]:[511, 774]
[511, 960]:[511, 774]
[511, 885]:[885, 941]
[504, 952]:[450, 504]
[504, 952]:[63, 504]
[504, 952]:[504, 926]
[504, 952]:[317, 504]
[450, 504]:[63, 504]
[450, 504]:[504, 926]
[450, 504]:[317, 504]
[63, 504]:[504, 926]
[63, 504]:[317, 504]
[504, 926]:[317, 504]
[504, 952]:[24, 952]
[654, 768]:[230, 654]
[654, 768]:[154, 768]
[152, 622]:[152, 344]
[152, 622]:[152, 551]
[152, 622]:[152, 911]
[152, 344]:[152, 551]
[152, 344]:[152, 911]
[152, 551]:[152, 911]
[152, 622]:[477, 622]
[152, 622]:[106, 622]
[477, 622]:[106, 622]
[410, 539]:[335, 539]
[26, 500]:[26, 705]
[26, 500]:[26, 226]
[26, 500]:[26, 382]
[26, 705]:[26, 226]
[26, 705]:[26, 382]
[26, 226]:[26, 382]
[305, 374]:[305, 772]
[305, 374]:[305, 328]
[305, 374]:[79, 305]
[305, 374]:[305, 453]
[305, 772]:[305, 328]
[305, 772]:[79, 305]
[305, 772]:[305, 453]
[305, 328]:[79, 305]
[305, 328]:[305, 453]
[79, 305]:[305, 453]
[305, 374]:[374, 761]
[305, 374]:[374, 981]
[305, 374]:[374, 843]
[305, 374]:[95, 374]
[374, 761]:[374, 981]
[374, 761]:[374, 843]
[374, 761]:[95, 374]
[374, 981]:[374, 843]
[374, 981]:[95, 374]
[374, 843]:[95, 374]
[203, 347]:[203, 378]
[203, 347]:[203, 641]
[203, 347]:[203, 420]
[203, 347]:[203, 331]
[203, 347]:[203, 825]
[203, 378]:[203, 641]
[203, 378]:[203, 420]
[203, 378]:[203, 331]
[203, 378]:[203, 825]
[203, 641]:[203, 420]
[203, 641]:[203, 331]
[203, 641]:[203, 825]
[203, 420]:[203, 331]
[203, 420]:[203, 825]
[203, 331]:[203, 825]
[72, 678]:[66, 72]
[72, 678]:[182, 678]
[72, 678]:[413, 678]
[182, 678]:[413, 678]
[87, 493]:[81, 493]
[87, 493]:[493, 575]
[87, 493]:[493, 578]
[81, 493]:[493, 575]
[81, 493]:[493, 578]
[493, 575]:[493, 578]
[128, 187]:[187, 722]
[128, 187]:[187, 822]
[128, 187]:[97, 187]
[128, 187]:[187, 837]
[128, 187]:[187, 223]
[187, 722]:[187, 822]
[187, 722]:[97, 187]
[187, 722]:[187, 837]
[187, 722]:[187, 223]
[187, 822]:[97, 187]
[187, 822]:[187, 837]
[187, 822]:[187, 223]
[97, 187]:[187, 837]
[97, 187]:[187, 223]
[187, 837]:[187, 223]
[514, 831]:[248, 514]
[514, 831]:[818, 831]
[30, 303]:[7, 30]
[30, 303]:[30, 323]
[30, 303]:[30, 965]
[30, 303]:[30, 60]
[30, 303]:[30, 665]
[7, 30]:[30, 323]
[7, 30]:[30, 965]
[7, 30]:[30, 60]
[7, 30]:[30, 665]
[30, 323]:[30, 965]
[30, 323]:[30, 60]
[30, 323]:[30, 665]
[30, 965]:[30, 60]
[30, 965]:[30, 665]
[30, 60]:[30, 665]
[30, 303]:[303, 554]
[190, 220]:[190, 426]
[190, 220]:[190, 312]
[190, 426]:[190, 312]
[97, 783]:[97, 187]
[97, 783]:[97, 201]
[97, 187]:[97, 201]
[97, 783]:[83, 783]
[309, 352]:[309, 837]
[309, 352]:[309, 317]
[309, 837]:[309, 317]
[309, 352]:[44, 352]
[309, 352]:[133, 352]
[44, 352]:[133, 352]
[216, 323]:[30, 323]
[216, 323]:[83, 323]
[216, 323]:[323, 990]
[30, 323]:[83, 323]
[30, 323]:[323, 990]
[83, 323]:[323, 990]
[357, 801]:[357, 812]
[29, 230]:[29, 183]
[29, 230]:[29, 40]
[29, 230]:[29, 368]
[29, 230]:[29, 138]
[29, 183]:[29, 40]
[29, 183]:[29, 368]
[29, 183]:[29, 138]
[29, 40]:[29, 368]
[29, 40]:[29, 138]
[29, 368]:[29, 138]
[29, 230]:[230, 654]
[29, 230]:[230, 787]
[29, 230]:[230, 635]
[29, 230]:[230, 325]
[230, 654]:[230, 787]
[230, 654]:[230, 635]
[230, 654]:[230, 325]
[230, 787]:[230, 635]
[230, 787]:[230, 325]
[230, 635]:[230, 325]
[496, 860]:[496, 975]
[496, 860]:[246, 860]
[496, 860]:[860, 984]
[246, 860]:[860, 984]
[165, 189]:[139, 189]
[165, 189]:[189, 263]
[165, 189]:[37, 189]
[165, 189]:[189, 898]
[165, 189]:[128, 189]
[139, 189]:[189, 263]
[139, 189]:[37, 189]
[139, 189]:[189, 898]
[139, 189]:[128, 189]
[189, 263]:[37, 189]
[189, 263]:[189, 898]
[189, 263]:[128, 189]
[37, 189]:[189, 898]
[37, 189]:[128, 189]
[189, 898]:[128, 189]
[254, 915]:[254, 623]
[254, 915]:[12, 254]
[254, 915]:[254, 616]
[254, 623]:[12, 254]
[254, 623]:[254, 616]
[12, 254]:[254, 616]
[403, 754]:[403, 766]
[403, 754]:[330, 754]
[167, 272]:[272, 815]
[167, 272]:[14, 272]
[167, 272]:[272, 693]
[272, 815]:[14, 272]
[272, 815]:[272, 693]
[14, 272]:[272, 693]
[296, 673]:[673, 798]
[61, 528]:[61, 854]
[61, 528]:[61, 761]
[61, 854]:[61, 761]
[61, 528]:[528, 829]
[61, 528]:[528, 689]
[61, 528]:[528, 910]
[61, 528]:[318, 528]
[528, 829]:[528, 689]
[528, 829]:[528, 910]
[528, 829]:[318, 528]
[528, 689]:[528, 910]
[528, 689]:[318, 528]
[528, 910]:[318, 528]
[345, 702]:[345, 961]
[345, 702]:[345, 975]
[345, 702]:[345, 934]
[345, 961]:[345, 975]
[345, 961]:[345, 934]
[345, 975]:[345, 934]
[345, 702]:[702, 923]
[345, 702]:[144, 702]
[345, 702]:[702, 951]
[702, 923]:[144, 702]
[702, 923]:[702, 951]
[144, 702]:[702, 951]
[651, 920]:[518, 651]
[651, 920]:[723, 920]
[651, 920]:[500, 920]
[723, 920]:[500, 920]
[109, 428]:[255, 428]
[109, 428]:[428, 732]
[109, 428]:[428, 636]
[255, 428]:[428, 732]
[255, 428]:[428, 636]
[428, 732]:[428, 636]
[187, 722]:[115, 722]
[187, 722]:[515, 722]
[115, 722]:[515, 722]
[71, 616]:[254, 616]
[36, 407]:[36, 752]
[36, 407]:[36, 694]
[36, 407]:[36, 325]
[36, 752]:[36, 694]
[36, 752]:[36, 325]
[36, 694]:[36, 325]
[36, 407]:[407, 455]
[36, 407]:[392, 407]
[36, 407]:[231, 407]
[407, 455]:[392, 407]
[407, 455]:[231, 407]
[392, 407]:[231, 407]
[98, 166]:[166, 271]
[98, 166]:[4, 166]
[98, 166]:[166, 571]
[166, 271]:[4, 166]
[166, 271]:[166, 571]
[4, 166]:[166, 571]
[205, 415]:[205, 862]
[205, 415]:[205, 784]
[205, 862]:[205, 784]
[205, 415]:[119, 415]
[786, 939]:[409, 939]
[786, 939]:[156, 939]
[409, 939]:[156, 939]
[33, 312]:[33, 427]
[33, 312]:[33, 83]
[33, 312]:[33, 132]
[33, 312]:[33, 103]
[33, 427]:[33, 83]
[33, 427]:[33, 132]
[33, 427]:[33, 103]
[33, 83]:[33, 132]
[33, 83]:[33, 103]
[33, 132]:[33, 103]
[33, 312]:[247, 312]
[33, 312]:[190, 312]
[247, 312]:[190, 312]
[3, 371]:[3, 140]
[3, 371]:[3, 592]
[3, 371]:[3, 84]
[3, 371]:[3, 381]
[3, 371]:[3, 163]
[3, 140]:[3, 592]
[3, 140]:[3, 84]
[3, 140]:[3, 381]
[3, 140]:[3, 163]
[3, 592]:[3, 84]
[3, 592]:[3, 381]
[3, 592]:[3, 163]
[3, 84]:[3, 381]
[3, 84]:[3, 163]
[3, 381]:[3, 163]
[3, 371]:[307, 371]
[3, 371]:[371, 849]
[3, 371]:[371, 382]
[307, 371]:[371, 849]
[307, 371]:[371, 382]
[371, 849]:[371, 382]
[383, 931]:[98, 383]
[383, 931]:[383, 756]
[383, 931]:[139, 383]
[383, 931]:[100, 383]
[98, 383]:[383, 756]
[98, 383]:[139, 383]
[98, 383]:[100, 383]
[383, 756]:[139, 383]
[383, 756]:[100, 383]
[139, 383]:[100, 383]
[383, 931]:[663, 931]
[188, 800]:[188, 351]
[188, 800]:[188, 353]
[188, 351]:[188, 353]
[188, 800]:[466, 800]
[366, 553]:[366, 953]
[124, 256]:[124, 889]
[124, 256]:[124, 373]
[124, 889]:[124, 373]
[124, 256]:[134, 256]
[124, 256]:[256, 932]
[134, 256]:[256, 932]
[269, 716]:[219, 269]
[269, 716]:[269, 650]
[219, 269]:[269, 650]
[269, 716]:[711, 716]
[86, 477]:[477, 622]
[86, 477]:[304, 477]
[477, 622]:[304, 477]
[911, 938]:[618, 938]
[911, 938]:[865, 938]
[911, 938]:[125, 938]
[618, 938]:[865, 938]
[618, 938]:[125, 938]
[865, 938]:[125, 938]
[318, 486]:[322, 486]
[318, 486]:[471, 486]
[318, 486]:[213, 486]
[322, 486]:[471, 486]
[322, 486]:[213, 486]
[471, 486]:[213, 486]
[357, 812]:[287, 812]
[17, 779]:[17, 420]
[17, 779]:[17, 508]
[17, 779]:[17, 735]
[17, 779]:[17, 292]
[17, 779]:[17, 64]
[17, 779]:[17, 81]
[17, 779]:[17, 600]
[17, 420]:[17, 508]
[17, 420]:[17, 735]
[17, 420]:[17, 292]
[17, 420]:[17, 64]
[17, 420]:[17, 81]
[17, 420]:[17, 600]
[17, 508]:[17, 735]
[17, 508]:[17, 292]
[17, 508]:[17, 64]
[17, 508]:[17, 81]
[17, 508]:[17, 600]
[17, 735]:[17, 292]
[17, 735]:[17, 64]
[17, 735]:[17, 81]
[17, 735]:[17, 600]
[17, 292]:[17, 64]
[17, 292]:[17, 81]
[17, 292]:[17, 600]
[17, 64]:[17, 81]
[17, 64]:[17, 600]
[17, 81]:[17, 600]
[407, 455]:[391, 455]
[252, 744]:[252, 763]
[252, 744]:[122, 252]
[252, 763]:[122, 252]
[94, 741]:[387, 741]
[48, 274]:[209, 274]
[48, 274]:[23, 274]
[209, 274]:[23, 274]
[70, 239]:[239, 250]
[70, 239]:[156, 239]
[70, 239]:[174, 239]
[70, 239]:[239, 671]
[70, 239]:[239, 578]
[239, 250]:[156, 239]
[239, 250]:[174, 239]
[239, 250]:[239, 671]
[239, 250]:[239, 578]
[156, 239]:[174, 239]
[156, 239]:[239, 671]
[156, 239]:[239, 578]
[174, 239]:[239, 671]
[174, 239]:[239, 578]
[239, 671]:[239, 578]
[139, 189]:[139, 603]
[139, 189]:[139, 383]
[139, 189]:[139, 889]
[139, 603]:[139, 383]
[139, 603]:[139, 889]
[139, 383]:[139, 889]
[178, 581]:[16, 178]
[178, 581]:[178, 778]
[16, 178]:[178, 778]
[178, 581]:[513, 581]
[11, 471]:[11, 375]
[11, 471]:[11, 570]
[11, 471]:[11, 771]
[11, 471]:[11, 479]
[11, 471]:[11, 260]
[11, 375]:[11, 570]
[11, 375]:[11, 771]
[11, 375]:[11, 479]
[11, 375]:[11, 260]
[11, 570]:[11, 771]
[11, 570]:[11, 479]
[11, 570]:[11, 260]
[11, 771]:[11, 479]
[11, 771]:[11, 260]
[11, 479]:[11, 260]
[11, 471]:[66, 471]
[11, 471]:[363, 471]
[11, 471]:[471, 486]
[66, 471]:[363, 471]
[66, 471]:[471, 486]
[363, 471]:[471, 486]
[9, 701]:[544, 701]
[9, 701]:[83, 701]
[544, 701]:[83, 701]
[63, 463]:[63, 504]
[63, 463]:[63, 211]
[63, 463]:[63, 330]
[63, 463]:[63, 450]
[63, 504]:[63, 211]
[63, 504]:[63, 330]
[63, 504]:[63, 450]
[63, 211]:[63, 330]
[63, 211]:[63, 450]
[63, 330]:[63, 450]
[63, 463]:[399, 463]
[171, 210]:[171, 568]
[171, 210]:[171, 543]
[171, 210]:[171, 612]
[171, 568]:[171, 543]
[171, 568]:[171, 612]
[171, 543]:[171, 612]
[171, 210]:[210, 845]
[171, 210]:[210, 275]
[171, 210]:[38, 210]
[210, 845]:[210, 275]
[210, 845]:[38, 210]
[210, 275]:[38, 210]
[395, 422]:[363, 395]
[395, 422]:[249, 395]
[395, 422]:[69, 395]
[363, 395]:[249, 395]
[363, 395]:[69, 395]
[249, 395]:[69, 395]
[187, 822]:[373, 822]
[465, 703]:[703, 846]
[465, 703]:[509, 703]
[703, 846]:[509, 703]
[57, 316]:[57, 614]
[57, 316]:[14, 57]
[57, 614]:[14, 57]
[162, 802]:[162, 196]
[162, 802]:[162, 266]
[162, 196]:[162, 266]
[316, 597]:[597, 997]
[316, 597]:[597, 850]
[597, 997]:[597, 850]
[166, 271]:[271, 807]
[88, 526]:[526, 668]
[88, 526]:[526, 985]
[526, 668]:[526, 985]
[2, 835]:[2, 134]
[2, 835]:[2, 21]
[2, 835]:[2, 180]
[2, 134]:[2, 21]
[2, 134]:[2, 180]
[2, 21]:[2, 180]
[450, 950]:[450, 504]
[450, 950]:[63, 450]
[450, 950]:[168, 450]
[450, 504]:[63, 450]
[450, 504]:[168, 450]
[63, 450]:[168, 450]
[95, 195]:[195, 497]
[401, 755]:[98, 401]
[401, 755]:[472, 755]
[401, 755]:[163, 755]
[472, 755]:[163, 755]
[154, 768]:[154, 997]
[154, 768]:[154, 811]
[154, 997]:[154, 811]
[171, 568]:[123, 568]
[451, 873]:[238, 451]
[451, 873]:[451, 878]
[238, 451]:[451, 878]
[473, 531]:[174, 473]
[473, 531]:[144, 531]
[473, 531]:[509, 531]
[473, 531]:[531, 907]
[144, 531]:[509, 531]
[144, 531]:[531, 907]
[509, 531]:[531, 907]
[806, 916]:[916, 998]
[806, 916]:[335, 916]
[916, 998]:[335, 916]
[510, 785]:[206, 510]
[510, 785]:[161, 510]
[206, 510]:[161, 510]
[510, 785]:[20, 785]
[258, 735]:[229, 735]
[258, 735]:[17, 735]
[229, 735]:[17, 735]
[264, 292]:[292, 963]
[264, 292]:[17, 292]
[292, 963]:[17, 292]
[36, 752]:[752, 898]
[36, 752]:[37, 752]
[752, 898]:[37, 752]
[369, 385]:[369, 681]
[369, 385]:[369, 956]
[369, 385]:[83, 369]
[369, 681]:[369, 956]
[369, 681]:[83, 369]
[369, 956]:[83, 369]
[234, 917]:[234, 356]
[234, 917]:[20, 234]
[234, 356]:[20, 234]
[324, 714]:[324, 909]
[324, 714]:[324, 743]
[324, 714]:[324, 521]
[324, 714]:[324, 420]
[324, 909]:[324, 743]
[324, 909]:[324, 521]
[324, 909]:[324, 420]
[324, 743]:[324, 521]
[324, 743]:[324, 420]
[324, 521]:[324, 420]
[324, 714]:[127, 714]
[324, 714]:[414, 714]
[127, 714]:[414, 714]
[152, 344]:[344, 437]
[60, 222]:[60, 127]
[60, 222]:[60, 855]
[60, 222]:[30, 60]
[60, 222]:[60, 517]
[60, 127]:[60, 855]
[60, 127]:[30, 60]
[60, 127]:[60, 517]
[60, 855]:[30, 60]
[60, 855]:[60, 517]
[30, 60]:[60, 517]
[60, 222]:[222, 524]
[236, 238]:[238, 967]
[236, 238]:[238, 451]
[238, 967]:[238, 451]
[460, 823]:[709, 823]
[460, 823]:[589, 823]
[460, 823]:[327, 823]
[709, 823]:[589, 823]
[709, 823]:[327, 823]
[589, 823]:[327, 823]
[698, 871]:[685, 698]
[698, 871]:[637, 698]
[685, 698]:[637, 698]
[698, 871]:[70, 871]
[698, 871]:[141, 871]
[70, 871]:[141, 871]
[298, 767]:[767, 838]
[298, 767]:[620, 767]
[298, 767]:[333, 767]
[767, 838]:[620, 767]
[767, 838]:[333, 767]
[620, 767]:[333, 767]
[702, 923]:[144, 923]
[702, 923]:[541, 923]
[702, 923]:[287, 923]
[144, 923]:[541, 923]
[144, 923]:[287, 923]
[541, 923]:[287, 923]
[433, 863]:[405, 433]
[533, 642]:[533, 942]
[533, 642]:[214, 642]
[345, 961]:[389, 961]
[345, 961]:[623, 961]
[389, 961]:[623, 961]
[526, 668]:[67, 668]
[526, 668]:[668, 969]
[67, 668]:[668, 969]
[612, 747]:[417, 612]
[612, 747]:[171, 612]
[612, 747]:[386, 612]
[417, 612]:[171, 612]
[417, 612]:[386, 612]
[171, 612]:[386, 612]
[612, 747]:[747, 804]
[612, 747]:[621, 747]
[747, 804]:[621, 747]
[150, 849]:[371, 849]
[150, 849]:[532, 849]
[371, 849]:[532, 849]
[297, 516]:[297, 918]
[297, 516]:[21, 297]
[297, 918]:[21, 297]
[81, 638]:[81, 936]
[81, 638]:[81, 598]
[81, 638]:[81, 628]
[81, 638]:[81, 493]
[81, 638]:[17, 81]
[81, 936]:[81, 598]
[81, 936]:[81, 628]
[81, 936]:[81, 493]
[81, 936]:[17, 81]
[81, 598]:[81, 628]
[81, 598]:[81, 493]
[81, 598]:[17, 81]
[81, 628]:[81, 493]
[81, 628]:[17, 81]
[81, 493]:[17, 81]
[81, 638]:[136, 638]
[81, 638]:[638, 787]
[136, 638]:[638, 787]
[694, 796]:[206, 694]
[694, 796]:[36, 694]
[694, 796]:[123, 694]
[206, 694]:[36, 694]
[206, 694]:[123, 694]
[36, 694]:[123, 694]
[694, 796]:[796, 906]
[394, 817]:[249, 394]
[394, 817]:[38, 394]
[249, 394]:[38, 394]
[104, 854]:[104, 370]
[104, 854]:[104, 815]
[104, 854]:[104, 474]
[104, 370]:[104, 815]
[104, 370]:[104, 474]
[104, 815]:[104, 474]
[104, 854]:[387, 854]
[104, 854]:[61, 854]
[104, 854]:[358, 854]
[387, 854]:[61, 854]
[387, 854]:[358, 854]
[61, 854]:[358, 854]
[311, 970]:[208, 311]
[311, 970]:[175, 970]
[10, 67]:[67, 470]
[10, 67]:[67, 668]
[10, 67]:[46, 67]
[10, 67]:[67, 589]
[67, 470]:[67, 668]
[67, 470]:[46, 67]
[67, 470]:[67, 589]
[67, 668]:[46, 67]
[67, 668]:[67, 589]
[46, 67]:[67, 589]
[11, 375]:[158, 375]
[64, 559]:[64, 206]
[64, 559]:[64, 684]
[64, 559]:[17, 64]
[64, 559]:[64, 328]
[64, 206]:[64, 684]
[64, 206]:[17, 64]
[64, 206]:[64, 328]
[64, 684]:[17, 64]
[64, 684]:[64, 328]
[17, 64]:[64, 328]
[569, 602]:[13, 602]
[569, 602]:[68, 602]
[13, 602]:[68, 602]
[180, 235]:[157, 180]
[180, 235]:[78, 180]
[180, 235]:[2, 180]
[157, 180]:[78, 180]
[157, 180]:[2, 180]
[78, 180]:[2, 180]
[180, 235]:[235, 742]
[78, 608]:[68, 78]
[78, 608]:[78, 180]
[68, 78]:[78, 180]
[321, 634]:[321, 922]
[446, 997]:[446, 586]
[446, 997]:[597, 997]
[446, 997]:[154, 997]
[597, 997]:[154, 997]
[715, 893]:[96, 893]
[715, 893]:[685, 893]
[96, 893]:[685, 893]
[112, 996]:[930, 996]
[112, 996]:[280, 996]
[930, 996]:[280, 996]
[381, 620]:[381, 680]
[381, 620]:[3, 381]
[381, 680]:[3, 381]
[381, 620]:[620, 721]
[381, 620]:[620, 767]
[620, 721]:[620, 767]
[89, 955]:[354, 955]
[481, 663]:[663, 931]
[481, 663]:[299, 663]
[663, 931]:[299, 663]
[15, 249]:[249, 795]
[15, 249]:[249, 394]
[15, 249]:[249, 395]
[15, 249]:[249, 501]
[249, 795]:[249, 394]
[249, 795]:[249, 395]
[249, 795]:[249, 501]
[249, 394]:[249, 395]
[249, 394]:[249, 501]
[249, 395]:[249, 501]
[56, 270]:[56, 418]
[56, 270]:[56, 287]
[56, 270]:[56, 895]
[56, 270]:[56, 143]
[56, 418]:[56, 287]
[56, 418]:[56, 895]
[56, 418]:[56, 143]
[56, 287]:[56, 895]
[56, 287]:[56, 143]
[56, 895]:[56, 143]
[56, 270]:[270, 748]
[56, 270]:[270, 949]
[56, 270]:[270, 795]
[270, 748]:[270, 949]
[270, 748]:[270, 795]
[270, 949]:[270, 795]
[148, 560]:[53, 560]
[148, 560]:[158, 560]
[53, 560]:[158, 560]
[224, 228]:[55, 224]
[224, 228]:[224, 488]
[224, 228]:[13, 224]
[55, 224]:[224, 488]
[55, 224]:[13, 224]
[224, 488]:[13, 224]
[573, 995]:[573, 675]
[573, 995]:[51, 995]
[361, 968]:[21, 361]
[647, 956]:[369, 956]
[647, 956]:[262, 956]
[369, 956]:[262, 956]
[27, 523]:[27, 548]
[27, 523]:[27, 589]
[27, 523]:[27, 777]
[27, 523]:[27, 184]
[27, 548]:[27, 589]
[27, 548]:[27, 777]
[27, 548]:[27, 184]
[27, 589]:[27, 777]
[27, 589]:[27, 184]
[27, 777]:[27, 184]
[27, 523]:[159, 523]
[27, 523]:[523, 774]
[159, 523]:[523, 774]
[75, 520]:[75, 879]
[75, 520]:[75, 202]
[75, 879]:[75, 202]
[618, 938]:[13, 618]
[618, 938]:[618, 766]
[618, 938]:[21, 618]
[618, 938]:[259, 618]
[13, 618]:[618, 766]
[13, 618]:[21, 618]
[13, 618]:[259, 618]
[618, 766]:[21, 618]
[618, 766]:[259, 618]
[21, 618]:[259, 618]
[126, 584]:[584, 777]
[126, 584]:[584, 828]
[584, 777]:[584, 828]
[255, 542]:[255, 428]
[255, 542]:[255, 396]
[255, 428]:[255, 396]
[83, 783]:[83, 323]
[83, 783]:[83, 701]
[83, 783]:[33, 83]
[83, 783]:[83, 369]
[83, 783]:[83, 548]
[83, 783]:[83, 682]
[83, 323]:[83, 701]
[83, 323]:[33, 83]
[83, 323]:[83, 369]
[83, 323]:[83, 548]
[83, 323]:[83, 682]
[83, 701]:[33, 83]
[83, 701]:[83, 369]
[83, 701]:[83, 548]
[83, 701]:[83, 682]
[33, 83]:[83, 369]
[33, 83]:[83, 548]
[33, 83]:[83, 682]
[83, 369]:[83, 548]
[83, 369]:[83, 682]
[83, 548]:[83, 682]
[101, 630]:[630, 736]
[101, 630]:[575, 630]
[630, 736]:[575, 630]
[86, 628]:[81, 628]
[86, 628]:[38, 628]
[81, 628]:[38, 628]
[82, 723]:[82, 662]
[82, 723]:[82, 550]
[82, 723]:[82, 86]
[82, 662]:[82, 550]
[82, 662]:[82, 86]
[82, 550]:[82, 86]
[82, 723]:[723, 920]
[82, 723]:[91, 723]
[723, 920]:[91, 723]
[108, 551]:[152, 551]
[108, 551]:[551, 946]
[152, 551]:[551, 946]
[38, 417]:[417, 612]
[38, 417]:[417, 656]
[38, 417]:[368, 417]
[417, 612]:[417, 656]
[417, 612]:[368, 417]
[417, 656]:[368, 417]
[56, 418]:[418, 494]
[731, 733]:[155, 731]
[731, 733]:[731, 874]
[155, 731]:[731, 874]
[52, 594]:[52, 382]
[52, 594]:[52, 86]
[52, 594]:[52, 772]
[52, 594]:[52, 109]
[52, 594]:[52, 657]
[52, 382]:[52, 86]
[52, 382]:[52, 772]
[52, 382]:[52, 109]
[52, 382]:[52, 657]
[52, 86]:[52, 772]
[52, 86]:[52, 109]
[52, 86]:[52, 657]
[52, 772]:[52, 109]
[52, 772]:[52, 657]
[52, 109]:[52, 657]
[269, 650]:[134, 650]
[269, 650]:[46, 650]
[134, 650]:[46, 650]
[200, 475]:[129, 200]
[200, 475]:[475, 512]
[490, 543]:[18, 490]
[490, 543]:[464, 490]
[490, 543]:[490, 772]
[490, 543]:[31, 490]
[18, 490]:[464, 490]
[18, 490]:[490, 772]
[18, 490]:[31, 490]
[464, 490]:[490, 772]
[464, 490]:[31, 490]
[490, 772]:[31, 490]
[466, 758]:[540, 758]
[443, 862]:[24, 443]
[443, 862]:[186, 443]
[24, 443]:[186, 443]
[435, 953]:[435, 679]
[796, 906]:[259, 906]
[796, 906]:[348, 906]
[259, 906]:[348, 906]
[124, 889]:[889, 985]
[124, 889]:[139, 889]
[889, 985]:[139, 889]
[267, 347]:[267, 565]
[267, 347]:[267, 695]
[267, 565]:[267, 695]
[374, 761]:[61, 761]
[541, 661]:[541, 813]
[541, 661]:[541, 923]
[541, 813]:[541, 923]
[192, 729]:[85, 192]
[192, 729]:[192, 583]
[192, 729]:[192, 949]
[85, 192]:[192, 583]
[85, 192]:[192, 949]
[192, 583]:[192, 949]
[192, 729]:[676, 729]
[192, 729]:[168, 729]
[676, 729]:[168, 729]
[370, 426]:[104, 370]
[370, 426]:[190, 426]
[370, 426]:[419, 426]
[370, 426]:[426, 718]
[190, 426]:[419, 426]
[190, 426]:[426, 718]
[419, 426]:[426, 718]
[865, 938]:[16, 865]
[131, 468]:[151, 468]
[131, 468]:[468, 727]
[151, 468]:[468, 727]
[209, 476]:[209, 583]
[209, 476]:[209, 274]
[209, 476]:[209, 832]
[209, 476]:[209, 261]
[209, 583]:[209, 274]
[209, 583]:[209, 832]
[209, 583]:[209, 261]
[209, 274]:[209, 832]
[209, 274]:[209, 261]
[209, 832]:[209, 261]
[209, 476]:[85, 476]
[209, 476]:[476, 660]
[85, 476]:[476, 660]
[134, 256]:[134, 355]
[134, 256]:[134, 650]
[134, 256]:[2, 134]
[134, 256]:[116, 134]
[134, 256]:[94, 134]
[134, 355]:[134, 650]
[134, 355]:[2, 134]
[134, 355]:[116, 134]
[134, 355]:[94, 134]
[134, 650]:[2, 134]
[134, 650]:[116, 134]
[134, 650]:[94, 134]
[2, 134]:[116, 134]
[2, 134]:[94, 134]
[116, 134]:[94, 134]
[53, 560]:[53, 937]
[53, 560]:[53, 131]
[53, 937]:[53, 131]
[487, 801]:[487, 634]
[487, 801]:[250, 487]
[487, 801]:[138, 487]
[487, 634]:[250, 487]
[487, 634]:[138, 487]
[250, 487]:[138, 487]
[299, 797]:[299, 663]
[299, 797]:[299, 853]
[299, 663]:[299, 853]
[119, 565]:[119, 867]
[119, 565]:[119, 591]
[119, 565]:[119, 415]
[119, 565]:[119, 259]
[119, 867]:[119, 591]
[119, 867]:[119, 415]
[119, 867]:[119, 259]
[119, 591]:[119, 415]
[119, 591]:[119, 259]
[119, 415]:[119, 259]
[119, 565]:[267, 565]
[119, 565]:[565, 940]
[267, 565]:[565, 940]
[448, 814]:[448, 583]
[448, 814]:[314, 814]
[209, 583]:[192, 583]
[209, 583]:[448, 583]
[192, 583]:[448, 583]
[541, 813]:[778, 813]
[427, 982]:[33, 427]
[427, 982]:[258, 427]
[427, 982]:[279, 427]
[427, 982]:[390, 427]
[33, 427]:[258, 427]
[33, 427]:[279, 427]
[33, 427]:[390, 427]
[258, 427]:[279, 427]
[258, 427]:[390, 427]
[279, 427]:[390, 427]
[326, 878]:[326, 700]
[326, 878]:[65, 326]
[326, 878]:[95, 326]
[326, 700]:[65, 326]
[326, 700]:[95, 326]
[65, 326]:[95, 326]
[518, 763]:[518, 651]
[518, 763]:[108, 518]
[518, 651]:[108, 518]
[56, 287]:[287, 538]
[56, 287]:[287, 923]
[56, 287]:[287, 812]
[287, 538]:[287, 923]
[287, 538]:[287, 812]
[287, 923]:[287, 812]
[436, 459]:[116, 459]
[436, 459]:[286, 459]
[436, 459]:[137, 459]
[116, 459]:[286, 459]
[116, 459]:[137, 459]
[286, 459]:[137, 459]
[82, 662]:[545, 662]
[230, 787]:[787, 857]
[230, 787]:[787, 834]
[230, 787]:[638, 787]
[787, 857]:[787, 834]
[787, 857]:[638, 787]
[787, 834]:[638, 787]
[84, 964]:[3, 84]
[84, 964]:[32, 84]
[84, 964]:[84, 339]
[84, 964]:[84, 100]
[3, 84]:[32, 84]
[3, 84]:[84, 339]
[3, 84]:[84, 100]
[32, 84]:[84, 339]
[32, 84]:[84, 100]
[84, 339]:[84, 100]
[84, 964]:[713, 964]
[230, 635]:[348, 635]
[230, 635]:[390, 635]
[348, 635]:[390, 635]
[579, 734]:[179, 579]
[122, 728]:[108, 122]
[122, 728]:[103, 122]
[122, 728]:[122, 252]
[122, 728]:[122, 204]
[122, 728]:[122, 177]
[108, 122]:[103, 122]
[108, 122]:[122, 252]
[108, 122]:[122, 204]
[108, 122]:[122, 177]
[103, 122]:[122, 252]
[103, 122]:[122, 204]
[103, 122]:[122, 177]
[122, 252]:[122, 204]
[122, 252]:[122, 177]
[122, 204]:[122, 177]
[115, 689]:[528, 689]
[204, 625]:[625, 894]
[204, 625]:[625, 909]
[204, 625]:[625, 781]
[625, 894]:[625, 909]
[625, 894]:[625, 781]
[625, 909]:[625, 781]
[462, 914]:[462, 546]
[462, 914]:[462, 807]
[462, 914]:[462, 656]
[462, 546]:[462, 807]
[462, 546]:[462, 656]
[462, 807]:[462, 656]
[66, 471]:[66, 72]
[66, 471]:[66, 574]
[66, 471]:[66, 708]
[66, 72]:[66, 574]
[66, 72]:[66, 708]
[66, 574]:[66, 708]
[249, 795]:[454, 795]
[249, 795]:[270, 795]
[454, 795]:[270, 795]
[67, 470]:[388, 470]
[67, 470]:[340, 470]
[388, 470]:[340, 470]
[351, 899]:[120, 351]
[351, 899]:[188, 351]
[120, 351]:[188, 351]
[351, 899]:[784, 899]
[310, 365]:[310, 706]
[310, 365]:[310, 600]
[310, 706]:[310, 600]
[310, 365]:[365, 686]
[22, 208]:[208, 311]
[670, 828]:[282, 670]
[670, 828]:[339, 670]
[282, 670]:[339, 670]
[670, 828]:[828, 830]
[670, 828]:[584, 828]
[828, 830]:[584, 828]
[55, 827]:[71, 827]
[367, 607]:[177, 607]
[198, 693]:[211, 693]
[198, 693]:[272, 693]
[211, 693]:[272, 693]
[380, 586]:[446, 586]
[273, 349]:[273, 599]
[273, 349]:[273, 725]
[273, 599]:[273, 725]
[364, 562]:[562, 688]
[364, 562]:[115, 562]
[562, 688]:[115, 562]
[6, 945]:[276, 945]
[71, 710]:[140, 710]
[39, 791]:[39, 172]
[39, 791]:[39, 289]
[39, 172]:[39, 289]
[39, 791]:[697, 791]
[726, 879]:[343, 726]
[372, 874]:[519, 874]
[372, 874]:[731, 874]
[519, 874]:[731, 874]
[245, 762]:[674, 762]
[245, 762]:[640, 762]
[674, 762]:[640, 762]
[106, 704]:[447, 704]
[25, 257]:[257, 816]
[22, 967]:[238, 967]
[22, 967]:[362, 967]
[238, 967]:[362, 967]
[584, 777]:[27, 777]
[584, 777]:[226, 777]
[27, 777]:[226, 777]
[276, 945]:[96, 276]
[339, 746]:[339, 670]
[339, 746]:[84, 339]
[339, 670]:[84, 339]
[339, 746]:[540, 746]
[432, 706]:[181, 432]
[432, 706]:[176, 432]
[181, 432]:[176, 432]
[432, 706]:[310, 706]
[432, 706]:[360, 706]
[310, 706]:[360, 706]
[254, 623]:[623, 961]
[259, 906]:[259, 572]
[259, 906]:[259, 618]
[259, 906]:[119, 259]
[259, 572]:[259, 618]
[259, 572]:[119, 259]
[259, 618]:[119, 259]
[551, 946]:[7, 946]
[825, 856]:[203, 825]
[825, 856]:[47, 856]
[825, 856]:[9, 856]
[47, 856]:[9, 856]
[133, 564]:[133, 352]
[133, 564]:[133, 294]
[133, 352]:[133, 294]
[133, 564]:[77, 564]
[270, 748]:[748, 925]
[270, 748]:[485, 748]
[748, 925]:[485, 748]
[591, 674]:[119, 591]
[591, 674]:[674, 914]
[591, 674]:[674, 743]
[591, 674]:[674, 762]
[674, 914]:[674, 743]
[674, 914]:[674, 762]
[674, 743]:[674, 762]
[288, 337]:[337, 578]
[288, 337]:[337, 781]
[337, 578]:[337, 781]
[28, 156]:[156, 239]
[28, 156]:[156, 939]
[156, 239]:[156, 939]
[51, 431]:[431, 580]
[93, 548]:[27, 548]
[93, 548]:[83, 548]
[93, 548]:[346, 548]
[27, 548]:[83, 548]
[27, 548]:[346, 548]
[83, 548]:[346, 548]
[331, 665]:[30, 665]
[160, 590]:[18, 160]
[160, 590]:[160, 948]
[160, 590]:[160, 502]
[18, 160]:[160, 948]
[18, 160]:[160, 502]
[160, 948]:[160, 502]
[160, 590]:[590, 808]
[32, 613]:[28, 613]
[32, 613]:[613, 807]
[32, 613]:[336, 613]
[28, 613]:[613, 807]
[28, 613]:[336, 613]
[613, 807]:[336, 613]
[68, 379]:[174, 379]
[68, 379]:[379, 880]
[174, 379]:[379, 880]
[108, 143]:[143, 164]
[108, 143]:[143, 227]
[108, 143]:[56, 143]
[108, 143]:[143, 793]
[143, 164]:[143, 227]
[143, 164]:[56, 143]
[143, 164]:[143, 793]
[143, 227]:[56, 143]
[143, 227]:[143, 793]
[56, 143]:[143, 793]
[12, 664]:[12, 141]
[12, 664]:[12, 254]
[12, 664]:[12, 633]
[12, 664]:[12, 313]
[12, 141]:[12, 254]
[12, 141]:[12, 633]
[12, 141]:[12, 313]
[12, 254]:[12, 633]
[12, 254]:[12, 313]
[12, 633]:[12, 313]
[12, 664]:[664, 782]
[12, 664]:[185, 664]
[664, 782]:[185, 664]
[47, 856]:[47, 572]
[47, 856]:[47, 790]
[47, 572]:[47, 790]
[565, 940]:[226, 940]
[174, 632]:[174, 473]
[174, 632]:[174, 765]
[174, 632]:[174, 379]
[174, 632]:[174, 239]
[174, 473]:[174, 765]
[174, 473]:[174, 379]
[174, 473]:[174, 239]
[174, 765]:[174, 379]
[174, 765]:[174, 239]
[174, 379]:[174, 239]
[187, 837]:[309, 837]
[187, 837]:[718, 837]
[309, 837]:[718, 837]
[610, 672]:[185, 672]
[610, 672]:[556, 672]
[610, 672]:[430, 672]
[185, 672]:[556, 672]
[185, 672]:[430, 672]
[556, 672]:[430, 672]
[194, 770]:[173, 770]
[25, 497]:[195, 497]
[25, 497]:[497, 632]
[195, 497]:[497, 632]
[119, 867]:[225, 867]
[4, 157]:[157, 180]
[4, 157]:[157, 250]
[157, 180]:[157, 250]
[292, 963]:[898, 963]
[292, 963]:[137, 963]
[898, 963]:[137, 963]
[703, 846]:[585, 846]
[162, 196]:[35, 196]
[162, 196]:[196, 445]
[162, 196]:[45, 196]
[35, 196]:[196, 445]
[35, 196]:[45, 196]
[196, 445]:[45, 196]
[787, 857]:[857, 992]
[868, 944]:[263, 944]
[363, 395]:[363, 471]
[576, 657]:[85, 657]
[576, 657]:[52, 657]
[85, 657]:[52, 657]
[504, 926]:[909, 926]
[304, 847]:[304, 477]
[304, 847]:[304, 400]
[304, 847]:[136, 304]
[304, 477]:[304, 400]
[304, 477]:[136, 304]
[304, 400]:[136, 304]
[304, 847]:[218, 847]
[392, 407]:[110, 392]
[392, 407]:[320, 392]
[110, 392]:[320, 392]
[16, 178]:[16, 68]
[16, 178]:[16, 314]
[16, 178]:[16, 804]
[16, 178]:[16, 865]
[16, 178]:[16, 350]
[16, 68]:[16, 314]
[16, 68]:[16, 804]
[16, 68]:[16, 865]
[16, 68]:[16, 350]
[16, 314]:[16, 804]
[16, 314]:[16, 865]
[16, 314]:[16, 350]
[16, 804]:[16, 865]
[16, 804]:[16, 350]
[16, 865]:[16, 350]
[306, 322]:[322, 486]
[306, 322]:[322, 458]
[306, 322]:[94, 322]
[322, 486]:[322, 458]
[322, 486]:[94, 322]
[322, 458]:[94, 322]
[45, 227]:[45, 730]
[45, 227]:[45, 196]
[45, 730]:[45, 196]
[45, 227]:[227, 773]
[45, 227]:[143, 227]
[45, 227]:[227, 424]
[227, 773]:[143, 227]
[227, 773]:[227, 424]
[143, 227]:[227, 424]
[272, 815]:[104, 815]
[272, 815]:[751, 815]
[104, 815]:[751, 815]
[405, 501]:[405, 433]
[405, 501]:[21, 501]
[405, 501]:[249, 501]
[21, 501]:[249, 501]
[110, 392]:[110, 153]
[110, 392]:[110, 494]
[110, 153]:[110, 494]
[454, 795]:[454, 738]
[454, 795]:[454, 569]
[454, 738]:[454, 569]
[547, 960]:[511, 960]
[547, 960]:[245, 960]
[511, 960]:[245, 960]
[34, 488]:[34, 538]
[332, 340]:[40, 340]
[332, 340]:[340, 470]
[332, 340]:[248, 340]
[40, 340]:[340, 470]
[40, 340]:[248, 340]
[340, 470]:[248, 340]
[324, 909]:[625, 909]
[324, 909]:[909, 926]
[625, 909]:[909, 926]
[13, 164]:[143, 164]
[13, 164]:[51, 164]
[13, 164]:[108, 164]
[143, 164]:[51, 164]
[143, 164]:[108, 164]
[51, 164]:[108, 164]
[618, 766]:[403, 766]
[52, 382]:[382, 808]
[52, 382]:[26, 382]
[52, 382]:[320, 382]
[52, 382]:[371, 382]
[382, 808]:[26, 382]
[382, 808]:[320, 382]
[382, 808]:[371, 382]
[26, 382]:[320, 382]
[26, 382]:[371, 382]
[320, 382]:[371, 382]
[99, 966]:[99, 444]
[99, 966]:[99, 261]
[99, 444]:[99, 261]
[64, 684]:[6, 684]
[23, 659]:[23, 954]
[23, 659]:[10, 23]
[23, 659]:[23, 274]
[23, 954]:[10, 23]
[23, 954]:[23, 274]
[10, 23]:[23, 274]
[23, 659]:[216, 659]
[23, 659]:[535, 659]
[216, 659]:[535, 659]
[421, 778]:[778, 813]
[421, 778]:[178, 778]
[778, 813]:[178, 778]
[31, 521]:[31, 74]
[31, 521]:[31, 175]
[31, 521]:[31, 490]
[31, 521]:[31, 507]
[31, 74]:[31, 175]
[31, 74]:[31, 490]
[31, 74]:[31, 507]
[31, 175]:[31, 490]
[31, 175]:[31, 507]
[31, 490]:[31, 507]
[31, 521]:[324, 521]
[31, 521]:[217, 521]
[324, 521]:[217, 521]
[305, 772]:[52, 772]
[305, 772]:[490, 772]
[52, 772]:[490, 772]
[248, 943]:[9, 248]
[248, 943]:[248, 514]
[248, 943]:[248, 340]
[9, 248]:[248, 514]
[9, 248]:[248, 340]
[248, 514]:[248, 340]
[752, 898]:[898, 963]
[752, 898]:[189, 898]
[752, 898]:[163, 898]
[898, 963]:[189, 898]
[898, 963]:[163, 898]
[189, 898]:[163, 898]
[629, 640]:[14, 629]
[629, 640]:[629, 725]
[14, 629]:[629, 725]
[629, 640]:[640, 762]
[387, 854]:[387, 614]
[387, 854]:[376, 387]
[387, 854]:[387, 741]
[387, 614]:[376, 387]
[387, 614]:[387, 741]
[376, 387]:[387, 741]
[742, 901]:[513, 742]
[742, 901]:[235, 742]
[513, 742]:[235, 742]
[742, 901]:[153, 901]
[90, 575]:[493, 575]
[90, 575]:[575, 630]
[493, 575]:[575, 630]
[40, 340]:[40, 131]
[40, 340]:[29, 40]
[40, 131]:[29, 40]
[367, 941]:[885, 941]
[160, 948]:[90, 948]
[44, 295]:[295, 715]
[540, 758]:[540, 746]
[417, 656]:[149, 656]
[417, 656]:[462, 656]
[149, 656]:[462, 656]
[258, 478]:[478, 852]
[258, 478]:[240, 478]
[478, 852]:[240, 478]
[368, 990]:[29, 368]
[368, 990]:[7, 368]
[368, 990]:[368, 417]
[29, 368]:[7, 368]
[29, 368]:[368, 417]
[7, 368]:[368, 417]
[368, 990]:[480, 990]
[368, 990]:[323, 990]
[480, 990]:[323, 990]
[62, 360]:[360, 877]
[62, 360]:[360, 706]
[360, 877]:[360, 706]
[47, 572]:[259, 572]
[47, 572]:[572, 982]
[47, 572]:[151, 572]
[259, 572]:[572, 982]
[259, 572]:[151, 572]
[572, 982]:[151, 572]
[27, 589]:[589, 823]
[27, 589]:[67, 589]
[589, 823]:[67, 589]
[271, 807]:[613, 807]
[271, 807]:[462, 807]
[271, 807]:[233, 807]
[613, 807]:[462, 807]
[613, 807]:[233, 807]
[462, 807]:[233, 807]
[21, 244]:[21, 618]
[21, 244]:[21, 501]
[21, 244]:[21, 297]
[21, 244]:[21, 361]
[21, 244]:[2, 21]
[21, 618]:[21, 501]
[21, 618]:[21, 297]
[21, 618]:[21, 361]
[21, 618]:[2, 21]
[21, 501]:[21, 297]
[21, 501]:[21, 361]
[21, 501]:[2, 21]
[21, 297]:[21, 361]
[21, 297]:[2, 21]
[21, 361]:[2, 21]
[390, 558]:[558, 718]
[390, 558]:[546, 558]
[558, 718]:[546, 558]
[402, 818]:[818, 831]
[509, 531]:[509, 703]
[23, 954]:[268, 954]
[169, 649]:[169, 774]
[93, 912]:[587, 912]
[93, 912]:[214, 912]
[587, 912]:[214, 912]
[784, 899]:[205, 784]
[784, 899]:[516, 784]
[205, 784]:[516, 784]
[44, 855]:[60, 855]
[232, 839]:[232, 757]
[232, 839]:[77, 232]
[232, 839]:[135, 232]
[232, 757]:[77, 232]
[232, 757]:[135, 232]
[77, 232]:[135, 232]
[399, 463]:[399, 922]
[399, 463]:[399, 595]
[399, 922]:[399, 595]
[8, 588]:[376, 588]
[273, 725]:[629, 725]
[273, 725]:[724, 725]
[629, 725]:[724, 725]
[342, 617]:[137, 342]
[342, 617]:[58, 342]
[137, 342]:[58, 342]
[745, 858]:[15, 745]
[77, 223]:[77, 760]
[77, 223]:[77, 555]
[77, 223]:[77, 564]
[77, 223]:[77, 232]
[77, 760]:[77, 555]
[77, 760]:[77, 564]
[77, 760]:[77, 232]
[77, 555]:[77, 564]
[77, 555]:[77, 232]
[77, 564]:[77, 232]
[77, 223]:[187, 223]
[77, 223]:[175, 223]
[187, 223]:[175, 223]
[452, 605]:[8, 605]
[85, 192]:[85, 476]
[85, 192]:[85, 657]
[85, 476]:[85, 657]
[587, 912]:[587, 852]
[587, 912]:[7, 587]
[587, 912]:[197, 587]
[587, 852]:[7, 587]
[587, 852]:[197, 587]
[7, 587]:[197, 587]
[472, 755]:[472, 979]
[38, 149]:[42, 149]
[38, 149]:[149, 215]
[38, 149]:[149, 656]
[42, 149]:[149, 215]
[42, 149]:[149, 656]
[149, 215]:[149, 656]
[550, 577]:[82, 550]
[550, 577]:[358, 577]
[550, 577]:[225, 577]
[358, 577]:[225, 577]
[382, 808]:[590, 808]
[857, 992]:[396, 992]
[31, 74]:[74, 593]
[123, 520]:[123, 568]
[123, 520]:[123, 694]
[123, 568]:[123, 694]
[393, 571]:[166, 571]
[393, 571]:[571, 875]
[166, 571]:[571, 875]
[580, 950]:[431, 580]
[580, 950]:[296, 580]
[580, 950]:[317, 580]
[431, 580]:[296, 580]
[431, 580]:[317, 580]
[296, 580]:[317, 580]
[437, 957]:[121, 957]
[558, 718]:[718, 837]
[558, 718]:[426, 718]
[718, 837]:[426, 718]
[411, 606]:[244, 411]
[320, 382]:[65, 320]
[320, 382]:[320, 392]
[65, 320]:[320, 392]
[202, 542]:[22, 202]
[202, 542]:[75, 202]
[22, 202]:[75, 202]
[709, 823]:[614, 709]
[196, 445]:[445, 483]
[390, 515]:[515, 904]
[390, 515]:[384, 515]
[390, 515]:[515, 722]
[515, 904]:[384, 515]
[515, 904]:[515, 722]
[384, 515]:[515, 722]
[70, 103]:[103, 122]
[70, 103]:[33, 103]
[103, 122]:[33, 103]
[265, 279]:[265, 316]
[265, 279]:[265, 327]
[265, 316]:[265, 327]
[265, 279]:[279, 427]
[317, 504]:[317, 580]
[317, 504]:[309, 317]
[317, 504]:[42, 317]
[317, 580]:[309, 317]
[317, 580]:[42, 317]
[309, 317]:[42, 317]
[14, 272]:[14, 629]
[14, 272]:[14, 467]
[14, 272]:[14, 57]
[14, 272]:[14, 129]
[14, 272]:[14, 699]
[14, 629]:[14, 467]
[14, 629]:[14, 57]
[14, 629]:[14, 129]
[14, 629]:[14, 699]
[14, 467]:[14, 57]
[14, 467]:[14, 129]
[14, 467]:[14, 699]
[14, 57]:[14, 129]
[14, 57]:[14, 699]
[14, 129]:[14, 699]
[206, 215]:[149, 215]
[546, 558]:[462, 546]
[116, 757]:[232, 757]
[305, 453]:[20, 453]
[406, 1000]:[406, 498]
[107, 225]:[107, 263]
[15, 976]:[841, 976]
[135, 140]:[135, 358]
[135, 140]:[135, 232]
[135, 358]:[135, 232]
[308, 585]:[101, 308]
[308, 585]:[585, 846]
[566, 645]:[566, 924]
[566, 645]:[566, 669]
[566, 645]:[300, 566]
[566, 924]:[566, 669]
[566, 924]:[300, 566]
[566, 669]:[300, 566]
[566, 645]:[283, 645]
[175, 970]:[175, 223]
[175, 970]:[31, 175]
[175, 223]:[31, 175]
[515, 904]:[904, 969]
[515, 904]:[214, 904]
[904, 969]:[214, 904]
[747, 804]:[16, 804]
[529, 810]:[529, 821]
[289, 994]:[289, 354]
[289, 994]:[289, 883]
[289, 994]:[39, 289]
[289, 354]:[289, 883]
[289, 354]:[39, 289]
[289, 883]:[39, 289]
[334, 491]:[266, 334]
[334, 491]:[62, 491]
[73, 921]:[155, 921]
[151, 572]:[151, 468]
[151, 572]:[94, 151]
[151, 468]:[94, 151]
[96, 893]:[96, 276]
[197, 882]:[197, 587]
[197, 882]:[516, 882]
[197, 882]:[290, 882]
[516, 882]:[290, 882]
[266, 334]:[198, 266]
[266, 334]:[162, 266]
[198, 266]:[162, 266]
[37, 189]:[37, 336]
[37, 189]:[37, 752]
[37, 336]:[37, 752]
[174, 765]:[765, 781]
[174, 765]:[136, 765]
[765, 781]:[136, 765]
[469, 495]:[495, 617]
[337, 781]:[765, 781]
[337, 781]:[625, 781]
[765, 781]:[625, 781]
[214, 642]:[214, 912]
[214, 642]:[214, 904]
[214, 912]:[214, 904]
[600, 680]:[310, 600]
[600, 680]:[17, 600]
[600, 680]:[32, 600]
[310, 600]:[17, 600]
[310, 600]:[32, 600]
[17, 600]:[32, 600]
[387, 614]:[57, 614]
[387, 614]:[614, 709]
[57, 614]:[614, 709]
[511, 774]:[169, 774]
[511, 774]:[523, 774]
[169, 774]:[523, 774]
[322, 458]:[372, 458]
[364, 897]:[408, 897]
[449, 949]:[270, 949]
[449, 949]:[192, 949]
[270, 949]:[192, 949]
[150, 280]:[280, 644]
[150, 280]:[280, 996]
[280, 644]:[280, 996]
[904, 969]:[668, 969]
[241, 314]:[241, 691]
[396, 992]:[255, 396]
[59, 168]:[168, 729]
[59, 168]:[168, 450]
[168, 729]:[168, 450]
[102, 853]:[299, 853]
[519, 874]:[182, 519]
[110, 494]:[418, 494]
[138, 786]:[138, 487]
[138, 786]:[138, 218]
[138, 786]:[29, 138]
[138, 487]:[138, 218]
[138, 487]:[29, 138]
[138, 218]:[29, 138]
[460, 910]:[528, 910]
[321, 922]:[399, 922]
[321, 922]:[105, 922]
[399, 922]:[105, 922]
[176, 851]:[348, 851]
[218, 847]:[218, 978]
[218, 847]:[138, 218]
[218, 847]:[218, 306]
[218, 978]:[138, 218]
[218, 978]:[218, 306]
[138, 218]:[218, 306]
[830, 978]:[828, 830]
[830, 978]:[218, 978]
[482, 869]:[482, 502]
[532, 849]:[147, 532]
[37, 336]:[336, 613]
[234, 356]:[356, 624]
[265, 327]:[182, 327]
[265, 327]:[327, 823]
[182, 327]:[327, 823]
[242, 507]:[117, 507]
[242, 507]:[101, 507]
[242, 507]:[31, 507]
[117, 507]:[101, 507]
[117, 507]:[31, 507]
[101, 507]:[31, 507]
[290, 362]:[290, 882]
[414, 714]:[414, 999]
[19, 900]:[826, 900]
[11, 771]:[771, 841]
[45, 730]:[408, 730]
[100, 383]:[84, 100]
[468, 727]:[73, 727]
[889, 985]:[526, 985]
[80, 633]:[12, 633]
[282, 438]:[6, 438]
[117, 507]:[117, 253]
[771, 841]:[841, 976]
[159, 601]:[601, 979]
[209, 832]:[142, 832]
[408, 897]:[408, 611]
[408, 897]:[408, 730]
[408, 611]:[408, 730]
[356, 624]:[624, 880]
[264, 880]:[379, 880]
[264, 880]:[624, 880]
[379, 880]:[624, 880]
[260, 268]:[11, 260]
[239, 671]:[671, 896]
[117, 253]:[113, 253]
[217, 711]:[217, 521]
[601, 979]:[472, 979]
