0	1286
0	908
0	1164
0	1037
0	1041
0	928
0	935
0	1077
0	1080
0	1338
0	1340
0	1341
0	1087
0	1216
0	962
0	1355
0	971
0	1359
0	1117
0	1248
0	996
0	1124
0	1003
0	1005
0	1136
0	1265
0	1268
0	1020
0	1126
0	958
0	922
0	951
0	902
1	926
1	1196
1	1350
2	1053
3	1152
4	1282
4	1346
4	902
4	1095
4	1225
4	1292
4	1228
4	1040
4	1362
4	922
4	1056
4	998
4	1194
4	1003
4	1004
4	1329
4	949
4	1145
4	1087
5	1220
5	1060
5	1159
5	1162
5	1261
5	1167
5	1041
5	1105
5	1364
5	1143
5	991
6	900
6	998
6	1352
6	1194
6	944
6	949
6	1302
6	984
6	1145
6	925
7	1002
7	939
7	1359
7	1264
7	1170
7	1111
7	1241
7	1084
8	1366
8	991
9	1282
9	1123
9	1092
9	996
9	1190
9	903
9	1159
9	1225
9	1289
9	1355
9	1298
10	1121
10	900
10	1317
10	998
10	1242
10	1355
10	1293
10	1134
10	1041
10	1362
10	1146
10	1181
11	1297
11	995
12	1024
12	1090
12	963
12	900
12	902
12	1030
12	1229
12	912
12	1362
12	916
12	922
12	1372
12	1117
12	1378
12	997
12	1001
12	1134
12	944
12	1201
12	945
12	1139
12	951
12	1145
12	1148
12	958
13	1057
13	1092
13	1124
13	1188
13	908
13	1105
13	1043
13	1011
13	1363
13	1301
13	1367
13	1368
13	1337
13	1243
13	1308
14	1145
14	994
14	1304
14	1061
14	1065
14	1196
14	1103
14	1232
14	1042
14	1203
14	1045
14	984
14	1113
14	1051
14	1180
15	1232
15	1001
15	1308
16	1346
16	1283
16	968
16	1225
16	1162
16	1292
16	1358
16	1041
16	979
16	919
16	1177
16	1242
16	1308
16	1372
16	925
16	1375
16	928
16	929
16	994
16	1312
16	1065
16	1070
16	1135
16	1009
16	1268
16	1143
16	1145
16	1214
16	1151
17	1240
17	1151
18	1107
18	1190
18	903
18	969
18	922
18	1003
18	1229
19	1041
19	948
20	1114
20	1379
20	1052
20	1158
21	1234
22	904
23	1281
23	1090
23	900
23	1348
23	1225
23	1097
23	1355
23	1036
23	1170
23	1044
23	1302
23	1366
23	1047
23	1175
23	925
23	1055
23	993
23	1379
23	1060
23	1253
23	1127
23	940
23	1069
23	1007
23	1072
23	1332
23	1020
24	984
24	987
24	1302
24	1055
25	1155
25	951
26	1050
26	900
26	918
26	1160
26	1338
26	1355
27	1355
27	1022
27	1359
28	1168
28	922
28	1243
28	1244
28	1295
29	1057
29	1092
29	1118
30	900
30	901
30	908
30	1292
30	910
30	1165
30	917
30	919
30	921
30	923
30	1311
30	930
30	931
30	1187
30	1316
30	946
30	949
30	1082
30	1341
30	965
30	966
30	1222
30	969
30	1357
30	980
30	1109
30	1238
30	1364
30	1112
30	1375
30	1376
30	993
30	1020
31	946
32	1282
32	903
32	1032
32	908
32	1049
32	922
32	1178
32	1185
32	930
32	931
32	1187
32	933
32	1059
32	1206
32	1083
32	1340
32	1341
32	958
32	1343
32	1089
32	1348
32	1093
32	970
32	1357
32	975
32	1233
32	980
32	1239
32	1378
32	1250
32	1124
32	1003
32	1261
32	1007
32	1011
33	1076
33	941
33	983
34	902
34	1005
34	1167
34	926
34	1207
34	958
34	922
34	1368
35	1313
35	900
35	933
35	1128
35	1099
35	1267
35	948
35	1174
35	991
36	1090
36	900
36	1355
36	1100
36	975
36	1362
36	948
36	1178
36	924
37	991
38	1362
38	1211
38	1239
38	1161
38	1275
38	1164
38	1004
39	1120
39	1221
39	1131
39	1232
39	1170
39	1109
39	1013
39	1212
39	1053
40	1285
40	967
40	908
40	1101
40	974
40	1359
40	1148
40	1041
40	1042
40	1361
40	1212
40	1369
40	1050
40	1372
40	1120
40	1377
40	935
40	1136
40	1268
40	954
40	1020
41	963
41	900
41	902
41	1096
41	1001
41	1355
41	1139
41	1078
41	951
41	1338
41	922
42	1347
42	1092
42	996
42	953
42	1115
42	1355
43	1156
43	1162
43	1040
43	1043
43	919
43	1304
43	1179
43	1311
43	1057
43	1186
43	1060
43	1326
43	1333
43	1211
43	957
43	1214
43	1089
43	1222
43	968
43	1105
43	978
43	980
43	1239
43	1242
43	987
43	1374
43	991
43	993
43	1124
43	1253
43	1002
43	1004
43	1275
43	1279
43	935
44	933
44	1193
44	1354
44	1066
44	1167
44	1076
44	1211
44	1374
44	991
45	1089
45	904
45	1352
45	1358
45	911
45	1362
45	1043
45	980
45	1045
45	1367
45	921
45	922
45	987
45	1245
45	1375
45	1185
45	1314
45	931
45	933
45	1256
45	941
45	1266
45	1337
45	1341
45	1022
46	976
46	1069
46	1118
47	1282
47	996
48	991
48	900
48	911
49	1379
50	1186
50	1193
50	908
50	1164
50	1071
50	1232
50	978
50	1096
50	962
50	1003
50	1117
51	1228
52	1355
53	960
53	995
53	900
53	933
53	1029
53	935
53	1005
53	1043
53	948
53	917
53	1338
53	1083
53	1053
53	1022
54	1362
55	950
56	1099
56	900
56	1174
56	975
57	1011
57	980
57	1157
57	950
57	1356
57	941
57	958
58	1355
58	1100
59	1183
60	1126
60	1198
61	1352
61	1246
61	1362
62	1091
62	900
62	959
62	1052
62	1053
62	991
63	903
63	904
63	907
63	1164
63	1165
63	912
63	1174
63	920
63	921
63	925
63	1056
63	1058
63	933
63	935
63	1063
63	938
63	1073
63	952
63	1338
63	1082
63	1350
63	1095
63	968
63	974
63	1362
63	980
63	1367
63	1239
63	985
63	1371
63	1378
63	1256
63	1003
63	1272
63	1275
63	1012
63	979
63	919
64	1196
64	1053
64	1142
65	1056
65	1122
65	904
65	911
65	1362
65	958
65	1338
66	1338
66	1356
67	902
68	1181
69	1283
69	1163
69	1164
69	1294
69	1041
69	1043
69	1171
69	919
69	1307
69	1185
69	1186
69	1313
69	930
69	933
69	935
69	1065
69	944
69	1329
69	948
69	1076
69	1338
69	1083
69	961
69	1349
69	968
69	1096
69	1362
69	1105
69	980
69	1106
69	1369
69	986
69	1380
69	1125
69	1003
69	1261
69	1134
69	1010
69	1011
69	1140
69	1361
69	908
70	995
70	900
70	999
70	1043
70	948
70	1145
70	1020
70	958
71	1349
71	1225
71	1355
71	1359
71	1232
71	912
71	1170
71	1295
71	1044
71	1302
71	987
71	1374
71	991
71	996
71	933
71	1065
71	1002
71	937
71	944
71	1011
71	1013
71	950
71	1212
71	1022
71	1023
72	1361
72	1090
72	936
72	959
72	1022
72	1359
73	1377
73	1283
73	900
73	991
73	1162
73	1069
73	941
73	1338
73	1151
74	1082
75	1281
75	1220
75	933
75	998
75	1221
75	1338
75	1261
75	1010
75	1109
75	986
75	955
75	1308
75	1085
75	1151
76	1152
76	1283
76	1092
76	1155
76	1350
76	1036
76	1101
76	1276
76	982
76	1054
76	1118
76	1120
76	1060
76	933
76	1127
76	940
76	1072
76	1332
76	1337
76	1212
77	1069
78	1056
78	933
78	904
78	1066
78	1003
78	908
78	1067
78	1340
78	1148
78	1085
79	1235
79	1159
80	1359
81	1056
81	1090
81	902
81	1052
81	1362
81	947
81	1367
81	1272
81	922
81	1340
82	915
82	1101
82	933
83	969
83	974
83	1201
83	983
83	1332
83	1110
83	1143
83	922
83	1019
83	958
84	1092
84	996
84	904
84	1355
84	1041
84	1362
84	1043
84	949
84	1174
84	957
85	1376
85	1153
85	900
85	1092
85	1353
85	1099
85	908
85	1167
85	1011
85	1174
85	1212
85	1375
86	1347
86	1348
86	1372
86	1083
86	987
86	1020
86	1022
87	1349
88	901
88	904
88	911
88	912
88	921
88	922
88	1185
88	933
88	935
88	1331
88	1338
88	1340
88	957
88	1089
88	1352
88	1355
88	1356
88	1362
88	1107
88	980
88	1367
88	1370
88	1245
88	991
88	1375
88	996
88	1256
88	1002
88	1007
88	1008
88	1010
88	1272
88	1275
88	1022
88	1023
89	1248
89	992
89	1186
89	1350
89	1095
89	1224
89	1033
89	1292
89	974
89	1046
89	1239
89	1272
89	1242
89	1083
89	1349
90	1126
90	1127
90	1352
90	904
90	939
90	940
90	1338
90	922
91	1100
91	990
92	922
92	1157
93	1055
94	929
94	1092
94	1028
94	966
94	934
94	1065
94	1162
94	1161
94	1007
94	1135
94	980
94	1365
94	1048
94	1180
94	1374
95	1042
95	948
95	1109
95	1338
95	1230
96	902
96	1162
96	1034
96	1036
96	1293
96	1167
96	1302
96	1176
96	922
96	924
96	931
96	1062
96	1064
96	1194
96	944
96	952
96	1212
96	962
96	1092
96	1355
96	1105
96	1112
96	1374
96	1118
96	1120
96	998
96	999
96	1131
96	1259
96	1011
96	1268
96	1242
96	900
96	1142
97	1025
97	900
97	933
97	1157
97	1355
97	1101
97	1052
97	975
97	947
97	948
97	917
97	1149
97	1338
97	924
97	1053
98	1186
98	1348
98	938
98	1355
98	1362
98	980
98	1338
98	1020
98	1055
99	944
99	1361
99	917
100	948
100	917
100	1302
101	911
102	962
102	900
102	1349
102	902
102	903
102	1096
102	969
102	1353
102	1289
102	1229
102	1038
102	1359
102	1293
102	1042
102	1364
102	1242
102	922
102	1372
102	1117
102	1123
102	1316
102	1190
102	1001
102	1003
102	948
102	951
103	1188
103	1110
103	904
103	906
103	911
104	1362
104	931
104	1010
104	933
104	1178
104	1359
105	991
105	1371
105	1374
105	1367
106	1264
106	933
106	950
106	936
106	1048
106	1051
106	1295
107	1120
107	1363
108	1217
108	962
108	902
108	903
108	968
108	1096
108	1355
108	973
108	922
108	1187
108	997
108	1325
108	1078
108	951
108	1326
108	1164
109	924
110	928
110	1282
110	1043
110	1250
110	1004
110	1343
111	1313
111	1159
111	1352
111	953
111	1022
112	1120
112	1153
112	900
112	998
112	1353
112	1001
112	1134
112	1042
112	1139
112	1332
112	1237
112	1203
112	1338
112	1151
113	919
113	1212
113	917
113	935
113	1242
113	1372
113	1359
114	954
114	962
114	1282
114	1092
114	1162
114	1355
114	1338
114	1164
114	1034
114	1041
114	1043
114	1366
114	1175
114	986
114	924
114	1117
114	993
114	1250
114	1379
114	1121
114	1003
114	941
114	1268
114	1270
114	951
114	1146
114	958
115	936
115	900
115	1031
116	912
116	1129
116	965
117	1232
117	924
117	1212
118	963
118	900
118	1092
118	902
118	1355
118	975
118	1041
118	1362
118	980
118	917
118	919
118	1112
118	983
118	922
118	1242
118	993
118	1186
118	931
118	996
118	933
118	935
118	936
118	1001
118	1003
118	939
118	1004
118	1011
118	948
118	1148
118	958
119	913
120	1082
120	1372
120	1222
121	1252
122	940
122	917
122	991
123	1154
123	1311
123	1032
123	1192
123	1040
123	1362
123	917
123	1275
123	1343
124	1074
124	1302
125	1059
125	1348
125	1224
125	1098
125	1002
125	1275
125	912
125	1076
125	1205
125	1014
125	1241
125	1339
125	991
125	1349
126	1153
126	1352
126	1353
126	1194
126	1197
126	1007
126	944
126	1302
126	984
126	953
126	1372
126	989
126	1374
126	991
127	1089
127	1283
127	1157
127	902
127	1286
127	904
127	1352
127	1162
127	1355
127	1292
127	1354
127	1161
127	1169
127	978
127	1116
127	1245
127	989
127	1375
127	996
127	943
127	1264
127	1011
127	1268
128	1122
128	1101
128	1359
128	1109
128	922
128	926
128	958
128	1338
129	933
129	997
129	935
129	1353
129	1225
129	939
129	1194
129	1260
129	975
129	1105
129	950
129	987
130	1065
131	969
131	1044
131	1022
131	1358
132	1344
132	1210
132	1212
132	1237
133	1159
134	928
134	960
134	996
134	1355
134	1338
134	1362
134	918
134	1210
135	931
135	980
135	1349
135	1352
135	1001
135	922
136	1187
136	997
136	902
136	1287
136	969
136	1227
136	1041
136	978
136	1273
136	1338
136	1374
136	991
137	904
137	1163
137	1356
137	1164
137	1357
137	1362
137	1363
137	917
137	1372
137	1373
137	1056
137	929
137	992
137	1316
137	1189
137	1318
137	1200
137	1269
137	1211
137	1212
137	1134
138	1089
138	1185
138	1218
138	933
138	911
138	1011
138	948
138	925
139	957
140	900
140	1317
140	1100
140	1294
140	948
140	950
140	1338
140	1020
140	990
141	900
141	1094
141	1225
141	1355
141	1100
141	1294
141	1103
141	1038
141	1041
141	1363
141	1175
141	986
141	1379
141	1001
141	1076
141	1272
141	1338
142	962
142	930
142	1092
142	968
142	1162
142	1261
142	1232
142	1041
142	1332
142	1045
142	982
142	1048
142	1337
142	1146
142	1375
143	1352
143	1197
143	1159
144	1082
145	1349
145	1221
145	1098
145	1355
145	1295
145	1296
145	1042
145	1109
145	1365
145	1050
145	1051
145	924
145	991
145	995
145	933
145	1201
145	1141
145	1148
146	931
146	1349
146	1159
146	1225
146	1161
146	1361
146	1362
146	1372
146	1242
146	1275
146	1180
146	958
147	935
147	1001
147	970
147	1355
147	1101
147	912
147	978
147	980
147	1336
148	1369
148	1178
148	1372
148	1292
149	1155
149	1356
149	1169
149	1171
149	1142
149	1366
149	1208
149	1209
149	1248
150	1186
150	936
150	976
150	1011
150	1113
150	925
150	1374
150	991
151	1359
152	1373
153	912
153	998
153	1019
153	952
153	907
153	1085
154	928
154	936
154	1289
154	1003
154	908
154	1103
154	1232
154	1359
154	958
154	1333
154	1334
154	1080
154	922
154	926
154	1119
154	1206
154	1096
154	1372
154	935
154	986
154	1362
155	946
155	980
155	933
155	935
155	1001
155	922
155	910
156	1353
156	972
156	1359
157	922
158	1089
158	968
158	969
158	1162
158	1292
158	1036
158	1358
158	1103
158	1232
158	1041
158	1361
158	1109
158	1177
158	1242
158	925
158	991
158	1375
158	1185
158	1061
158	935
158	1256
158	1065
158	1332
158	1268
158	1336
158	1145
158	1020
158	1341
158	1214
158	1151
159	1353
159	1098
159	1003
159	1324
159	908
159	1167
159	1042
159	948
159	1239
159	1176
159	1083
160	1105
160	1242
160	1011
160	1356
161	1373
162	1328
163	1283
163	1347
163	1349
163	969
163	1162
163	1361
163	978
163	1107
163	1172
163	1169
163	1171
163	1116
163	1054
163	993
163	1129
163	1076
163	1335
163	1337
164	1003
164	904
164	1355
164	1148
164	911
165	1264
165	1082
166	1349
166	917
166	935
167	1281
168	1296
168	1353
169	1110
170	1148
170	1013
170	942
171	1281
171	900
171	1352
171	905
171	1355
171	1243
171	1170
171	1011
171	1139
171	950
171	1335
171	1338
171	987
171	1022
172	1120
172	1153
172	933
172	998
172	1353
172	1131
172	944
172	984
172	1372
172	991
173	1200
173	1362
173	1236
174	931
174	1236
174	1243
175	1243
176	1201
176	1170
176	996
176	982
176	1022
177	1342
178	1022
179	1120
179	900
179	933
179	1082
179	1338
179	991
180	928
180	1187
180	1268
180	1192
180	922
180	1166
181	1092
181	968
181	969
181	1162
181	1225
181	1289
181	1359
181	1232
181	978
181	1113
181	1242
181	922
181	1051
181	1056
181	931
181	1001
181	1193
181	1011
181	1268
181	1143
181	1336
181	1339
181	1151
182	994
182	1347
182	1083
182	1372
182	925
182	1070
183	1047
184	1211
185	900
185	1157
185	1060
185	1353
185	1017
185	1011
185	1109
185	950
185	1145
185	1372
185	925
185	991
186	1281
186	900
186	1284
186	1162
186	1036
186	1170
186	1302
186	919
186	1047
186	1179
186	926
186	1183
186	1060
186	1069
186	1072
186	1335
186	1336
186	1338
186	968
186	1225
186	1097
186	1232
186	1366
186	1115
186	993
186	1377
186	995
186	1379
186	1253
186	1121
186	1004
186	1020
186	1279
187	1376
187	1028
187	933
187	1193
187	1195
187	1211
187	1167
187	1235
187	1367
187	922
187	1275
187	1374
188	1011
189	1281
189	1218
189	1283
189	1347
189	1159
189	1355
189	1228
189	1232
189	1170
189	1044
189	1172
189	1302
189	1367
189	921
189	986
189	987
189	924
189	1245
189	1055
189	1377
189	930
189	996
189	1125
189	1260
189	944
189	950
189	1337
189	1146
189	1019
189	1022
190	1089
190	1145
190	1347
190	965
190	968
190	1162
190	1292
190	1165
190	1358
190	1103
190	1041
190	1362
190	1043
190	1109
190	1177
190	925
190	1375
190	1312
190	935
190	1256
190	1133
190	1268
190	1337
190	1020
190	1341
190	1214
190	1151
190	1372
191	1362
191	917
191	1159
192	1251
192	1380
192	965
192	987
192	1294
192	1361
192	1046
192	1083
193	992
193	1344
193	1123
193	963
193	1298
193	1330
193	1237
193	1078
193	1372
194	932
195	1096
195	1066
195	926
196	940
196	1143
197	1118
198	1069
199	1056
199	1281
199	1339
199	1224
199	1002
199	1035
199	1275
199	1349
200	1256
200	959
201	911
201	980
201	933
201	991
202	1313
203	1050
203	1372
203	975
204	1123
204	1158
204	1005
204	943
204	1365
204	1274
204	1146
205	1355
205	996
205	1020
205	1086
206	1096
206	1106
207	1372
207	1237
207	911
208	900
208	916
208	1181
209	912
209	1349
209	1190
209	1365
209	1324
209	1003
209	908
210	900
210	1031
210	1225
210	1355
210	1232
210	1041
210	1109
210	1366
210	922
210	930
210	1253
210	998
210	941
210	1134
210	1335
210	1338
211	1048
212	903
213	1029
213	935
214	1326
214	959
215	1170
215	1011
215	1092
215	1332
215	1162
215	1083
215	1372
216	1053
217	1056
218	1031
219	1141
220	976
220	1180
221	929
221	1092
221	933
221	1348
221	1164
221	1359
221	943
221	1008
221	1362
221	921
221	1338
221	1340
221	922
222	1288
222	1212
222	924
222	949
223	1089
223	902
223	904
223	969
223	1227
223	908
223	1164
223	1362
223	922
223	1117
223	926
223	1374
223	933
223	997
223	1193
223	1003
223	1338
223	1085
223	1215
224	900
224	996
224	1350
224	1003
224	1355
224	908
224	1041
224	948
225	1272
225	1210
225	955
226	1025
226	964
226	1032
226	1167
226	1103
226	1169
226	1044
226	919
226	1304
226	1367
226	1242
226	986
226	1372
226	1245
226	926
226	991
226	1120
226	1057
226	1176
226	998
226	1138
226	1268
227	1344
227	1345
227	1282
227	1225
227	905
227	1355
227	973
227	1212
227	1365
227	1366
227	919
227	918
227	1175
227	1050
227	924
227	1379
227	1001
227	1323
227	945
227	1011
227	1013
227	1078
227	1083
227	1148
228	1264
228	933
228	919
228	970
228	1359
229	960
229	1041
229	989
229	1115
229	1100
229	1004
230	1218
230	996
230	902
230	982
230	1373
231	1159
231	1162
231	1003
231	1292
231	1194
231	910
231	1167
231	1011
231	950
231	1366
231	1113
232	1346
232	1283
232	1332
232	1337
232	968
232	969
232	991
233	933
234	993
234	965
234	1127
234	969
234	908
234	1324
234	940
234	1275
234	1041
234	1234
234	949
234	1145
234	922
234	953
234	1214
235	1069
236	1250
237	1368
237	1298
238	1005
238	958
239	962
239	1283
239	1350
239	1096
239	1163
239	1261
239	1364
239	1367
239	1277
240	1011
240	924
241	1145
241	1092
241	1045
241	991
242	1347
242	996
242	935
242	1355
242	957
242	1041
242	1076
242	1204
242	1366
242	925
243	1066
244	1224
244	980
244	1365
244	966
244	1349
245	1361
245	1082
245	1222
246	1281
246	1063
246	1239
246	1004
246	1343
247	900
247	1285
247	1162
247	908
247	1041
247	916
247	1045
247	1172
247	1303
247	1304
247	1173
247	1050
247	1178
247	1179
247	1309
247	1055
247	1186
247	930
247	1060
247	1061
247	1324
247	1332
247	1076
247	1336
247	1082
247	1083
247	1341
247	1088
247	1089
247	1090
247	1346
247	1348
247	1222
247	1232
247	1233
247	1236
247	986
247	987
247	1373
247	1003
247	1261
247	1009
247	1146
247	1020
247	1278
248	1022
249	995
249	1287
249	1352
249	1193
249	1354
249	975
249	980
249	917
249	1366
249	986
249	1372
249	1374
249	1183
250	1264
250	1377
250	900
250	967
250	1340
251	900
251	1092
251	904
251	969
251	1162
251	1353
251	1099
251	1228
251	1358
251	1041
251	1362
251	1042
251	1174
251	1367
251	986
251	922
251	1372
251	925
251	988
251	1056
251	1376
251	931
251	933
251	1134
251	948
251	1076
251	1077
251	1020
252	929
252	966
252	1257
252	917
252	1302
252	920
252	1179
252	1374
252	991
253	984
253	1103
254	1030
254	1031
254	1036
254	1037
254	1041
254	1046
254	1304
254	1051
254	1053
254	1055
254	1056
254	1311
254	1315
254	1316
254	1317
254	1063
254	1073
254	1082
254	1089
254	1347
254	1348
254	1349
254	1350
254	1095
254	1100
254	1101
254	1362
254	1106
254	1113
254	1376
254	1133
254	1136
254	1138
254	910
254	1167
254	911
254	916
254	922
254	1179
254	924
254	928
254	1184
254	1191
254	939
254	941
254	942
254	1209
254	958
254	977
254	981
254	983
254	984
254	985
254	987
254	988
254	990
254	995
254	1000
254	1257
254	1003
254	1260
254	1011
254	1269
254	1017
254	1018
254	1022
254	1134
254	1372
254	900
254	979
255	900
255	996
255	1317
255	1355
255	1295
255	1073
255	1170
255	1044
255	1338
255	925
256	1056
256	994
256	933
256	1254
256	981
256	951
256	1369
256	1245
256	958
256	1362
257	1040
257	1203
257	998
257	1159
257	1225
257	1070
258	1355
258	900
258	995
259	991
260	900
260	996
260	1162
260	1291
260	1355
260	1292
260	1005
260	946
261	959
262	1267
262	1020
263	963
263	997
263	951
263	969
263	922
263	958
264	1355
264	996
264	1022
265	924
266	948
266	900
266	1100
267	1026
267	900
267	1302
267	1046
267	922
267	1179
267	1055
267	1056
267	928
267	1315
267	933
267	935
267	939
267	948
267	1338
267	1348
267	1359
267	1362
267	980
267	981
267	1109
267	982
267	983
267	984
267	1111
267	986
267	987
267	1373
267	1374
267	991
267	990
267	989
267	995
267	985
267	1000
267	1002
267	1260
267	1133
267	1134
267	1015
267	1148
267	1332
267	1372
267	979
268	1159
269	1169
269	1362
269	1347
269	1043
269	1349
269	1372
269	1214
270	931
270	996
270	1022
271	1281
271	1348
271	1221
271	1355
271	1100
271	1359
271	1297
271	1042
271	1048
271	1369
271	922
271	1053
271	1374
271	1181
271	996
271	1125
271	1317
271	1191
271	1004
271	1069
271	948
271	1083
271	1022
271	900
272	995
272	900
272	1029
272	939
272	1011
272	1022
272	954
272	987
272	1181
272	1374
272	1183
273	1154
273	903
273	1356
273	973
273	1359
273	1103
273	1109
273	919
273	1051
273	1372
273	924
273	1373
273	1056
273	1186
273	1250
273	1189
273	1190
273	1321
273	1131
273	941
273	1009
273	1074
273	1011
273	948
273	1083
273	1020
274	1072
274	1350
275	995
275	1063
275	1003
275	908
275	1004
275	912
275	1362
275	1076
275	1268
275	1272
275	1369
275	1115
275	1148
275	1085
275	1240
276	962
276	1283
276	902
276	1036
276	1103
276	1232
276	978
276	1304
276	1113
276	1050
276	986
276	1176
276	1120
276	1185
276	1186
276	1187
276	1123
276	1124
276	1324
276	953
276	1083
276	1021
277	1356
277	940
277	1295
277	1232
277	1359
277	1170
277	1013
277	1022
277	983
277	1336
277	1374
278	1281
278	1155
278	1092
278	1029
278	902
278	969
278	978
278	1366
278	919
278	1372
278	1374
278	1057
278	995
278	1187
278	943
278	1277
279	1283
279	900
279	902
279	972
279	947
279	1272
279	922
279	1053
280	1349
280	917
280	1302
281	1145
281	1153
281	1353
281	1001
281	969
281	1291
281	1008
281	1276
281	1304
281	1113
281	1242
281	1308
281	1373
281	1055
282	964
282	933
282	1127
282	1160
282	1327
282	1296
282	1328
282	1017
282	1050
282	1374
283	933
284	1056
285	1242
285	963
286	1371
287	1347
287	908
287	1359
287	1041
287	1365
287	1048
287	1050
287	924
287	1125
287	935
287	1003
287	1261
287	1005
287	1009
287	1011
287	948
287	1083
287	1340
288	1318
289	900
289	1287
289	1264
289	1201
289	1170
289	1110
289	1143
289	1275
289	991
290	1355
290	900
290	1181
291	1377
291	900
291	1380
291	1100
291	1294
291	1170
291	1332
291	990
292	1332
292	933
292	1159
292	1352
292	1050
292	1212
292	1022
293	996
294	1281
294	1380
294	1190
294	903
294	1225
294	969
294	1292
294	973
294	1294
294	1038
294	1361
294	1234
294	1304
294	1145
295	900
296	1313
296	1347
296	931
296	900
296	933
296	1156
296	1319
296	971
296	1165
296	1200
296	1362
296	1237
296	1149
296	1141
296	957
297	984
297	905
297	1291
297	924
298	900
298	904
298	924
298	1355
298	1052
298	911
298	1362
298	1053
298	1338
298	1340
298	1373
299	1185
299	1155
299	933
300	1105
300	1002
300	1035
300	1359
301	1188
301	1318
301	1003
301	908
301	1005
301	944
301	1011
301	1240
301	922
301	1085
302	1237
303	1338
304	1170
304	1092
304	996
305	1353
305	1095
306	900
307	928
307	1283
307	1125
308	1155
308	1092
308	1349
308	1350
308	1064
308	1072
308	1362
308	1043
308	1272
308	1146
309	1332
310	1369
311	928
311	1089
311	962
311	997
311	902
311	903
311	1190
311	969
311	1162
311	1003
311	1142
311	951
311	953
311	922
312	1338
312	1372
312	1373
312	1022
313	1338
314	1349
314	1126
314	1157
314	1286
314	1130
314	1041
314	986
314	1373
314	1374
314	1151
315	1285
315	903
315	1357
315	910
315	1187
315	1124
315	1188
315	935
315	1200
315	1011
315	948
315	1077
315	1079
315	1080
315	1018
315	1215
316	1349
317	960
317	1343
317	1032
317	1039
317	1040
317	1329
317	1149
317	1239
317	1083
317	1151
317	1311
318	1029
318	1157
318	1223
318	956
318	1166
318	1299
318	1047
318	1113
318	1120
318	1252
318	935
318	1131
318	1009
318	1011
318	1148
318	1100
318	933
319	1030
319	1286
319	1032
319	1037
319	1038
319	1295
319	1296
319	1039
319	1304
319	1316
319	1072
319	1074
319	1077
319	1083
319	1341
319	1087
319	1088
319	1089
319	1348
319	1094
319	1095
319	1355
319	1103
319	1362
319	1365
319	1366
319	1112
319	1117
319	1374
319	1125
319	1134
319	1136
319	1141
319	1143
319	1148
319	1155
319	1161
319	1164
319	912
319	1174
319	1180
319	1185
319	931
319	1190
319	935
319	934
319	937
319	946
319	1202
319	949
319	951
319	952
319	1209
319	1208
319	956
319	1214
319	1217
319	1220
319	1221
319	1222
319	968
319	1219
319	973
319	1236
319	980
319	982
319	983
319	1237
319	981
319	986
319	996
319	1261
319	1264
319	1010
319	1011
319	1242
319	1248
319	933
319	965
319	1090
319	1003
319	922
319	963
320	1283
320	1059
320	1127
320	1095
320	1288
320	1230
320	1044
320	1268
320	1055
320	1087
321	1313
321	994
321	1318
321	1159
321	1305
321	1076
321	1113
321	1371
321	1372
321	925
322	950
323	900
323	969
323	1355
323	1100
323	912
323	1234
323	980
323	924
323	925
323	994
323	996
323	933
323	1003
323	1005
323	941
323	1006
323	1264
323	1011
323	948
323	1209
323	1020
324	1034
324	1359
324	1361
324	1302
324	919
324	1112
324	1369
324	990
324	1120
324	994
324	933
324	935
324	936
324	999
324	1132
324	948
325	1243
326	1156
327	954
327	1345
327	963
327	969
327	1197
327	1037
327	1303
327	912
327	1041
327	1234
327	1365
327	919
327	1242
327	1308
327	1373
328	1056
328	1378
328	900
328	1159
328	1162
328	939
328	1232
328	980
328	1172
328	1336
328	1083
328	1212
328	1022
329	1312
329	1375
330	1187
330	1190
330	903
330	1066
330	910
330	1167
330	946
330	1078
330	919
331	900
331	908
331	1165
331	910
331	1041
331	1362
331	980
331	917
331	1238
331	919
331	918
331	1113
331	1050
331	923
331	1372
331	1187
331	935
331	1003
331	1005
331	946
331	949
331	1082
331	1341
331	1215
332	1352
332	1338
332	1272
332	911
333	1283
333	969
333	1356
333	919
333	1050
333	1242
333	1116
333	991
333	933
333	1320
333	1001
333	1003
333	1324
333	1011
333	1272
333	1338
333	1021
333	958
334	1362
335	1107
335	908
335	910
336	1154
336	1092
336	1220
336	1225
336	1162
336	1292
336	1167
336	1103
336	1235
336	1113
336	1242
336	1371
336	1372
336	1373
336	1375
336	935
336	1065
336	1003
336	1261
336	1005
336	1267
336	948
336	958
337	996
337	973
337	1359
337	1232
337	958
337	1112
337	1373
337	1342
338	933
339	1338
339	900
339	1181
339	1372
340	1090
340	1283
340	1346
340	1095
340	969
340	908
340	1232
340	1170
340	978
340	1172
340	1366
340	919
340	1240
340	1115
340	991
340	1120
340	1321
340	1003
340	1324
340	1070
340	1075
340	1145
340	1338
341	1242
341	991
341	1285
341	1263
341	980
342	1057
342	1361
342	1041
342	1188
342	1151
342	1006
342	1359
343	1287
344	1348
344	1159
344	1357
344	975
344	1105
344	980
344	1044
344	1365
344	1178
344	987
344	1372
344	931
344	933
344	1125
344	1065
344	1011
344	955
344	1022
344	959
345	978
345	954
345	1155
346	960
347	935
347	1180
347	1191
347	1195
347	1196
347	925
347	1359
347	900
348	921
348	900
348	935
349	1329
349	1343
350	1312
350	1003
351	1266
351	1251
352	993
352	900
352	1069
352	1101
352	1362
352	1043
352	980
352	946
352	950
352	1270
352	1272
352	1338
352	957
353	1120
353	1089
353	1347
353	900
353	933
353	1126
353	904
353	1002
353	1355
353	1165
353	943
353	949
353	919
354	1001
354	953
355	1359
356	1201
356	1170
356	900
356	1127
356	1338
356	1163
356	922
357	900
357	950
357	952
357	1082
357	1100
358	1201
358	1145
358	1302
358	1001
358	1130
359	1120
359	1377
359	900
359	967
359	1100
359	1170
359	1332
359	990
360	928
360	994
360	963
360	937
360	1131
360	1356
360	1009
360	1204
360	1078
360	1210
360	925
360	926
361	1346
361	1220
361	1096
361	1353
361	1354
361	1103
361	1041
361	1043
361	1109
361	922
361	1374
361	1120
361	997
361	935
361	1196
361	954
361	1212
362	1362
363	1201
363	1380
363	1294
364	1281
364	996
364	933
364	1001
364	1355
364	1356
364	973
364	1131
364	1359
364	914
365	906
366	902
366	1066
366	1067
366	1165
366	1359
366	1328
366	1362
366	1338
366	924
366	922
367	960
367	1091
367	1350
367	1094
367	971
367	1102
367	1104
367	1361
367	1021
367	1043
367	1363
367	1108
367	1085
367	1113
367	1247
367	1001
367	944
367	1012
367	1210
367	1083
367	957
367	1086
367	1087
367	1187
367	1041
367	930
367	1241
368	1055
369	1089
369	1347
369	996
369	933
369	902
369	1349
369	1159
369	1125
369	1362
369	1340
369	1375
370	1185
370	1092
370	933
370	1063
370	1193
370	1356
370	1362
370	919
370	1210
371	1342
371	1154
371	1003
371	1359
371	976
371	1042
371	1011
371	1202
371	1372
371	924
371	1118
372	1280
372	1185
372	1380
372	996
372	1193
372	1003
372	1072
372	1073
372	1306
372	958
372	1135
372	1180
372	929
372	1279
372	1108
372	1278
372	1145
373	994
373	1349
373	1126
373	937
373	1003
373	1103
374	963
374	1061
374	910
374	1041
374	946
374	917
374	1372
374	1308
374	1373
375	1154
375	1190
375	903
375	1353
375	973
375	1264
375	1137
375	1049
376	1247
377	1255
378	1232
378	1362
378	1187
378	1192
378	922
378	1354
378	1374
379	1040
379	1181
379	958
380	1338
381	928
381	1001
381	1009
382	1072
383	1320
383	1321
383	1002
383	939
383	1069
383	950
383	983
383	1336
384	1312
384	1113
384	1189
384	1279
385	1267
386	920
386	1192
386	1001
386	922
386	910
387	963
387	907
387	971
387	1085
387	920
387	1367
387	952
387	921
387	1082
387	1019
387	1245
388	1024
388	1350
388	1096
388	1265
388	1043
388	1044
388	1022
388	1081
388	926
388	958
388	951
388	922
388	902
388	1126
389	929
389	1283
389	1349
389	1352
389	1294
389	1295
389	987
389	1022
389	991
390	1090
390	1283
390	1348
390	902
390	1159
390	1350
390	975
390	913
390	917
390	922
390	991
390	928
390	1186
390	1319
390	1261
390	1275
391	1275
391	1251
392	953
392	980
392	908
393	1347
393	998
393	1065
393	1034
393	1291
393	1359
393	912
393	1103
393	946
393	1011
393	1109
393	924
393	957
393	1214
394	1044
394	1046
394	1287
394	920
394	1356
394	1022
394	991
395	1097
395	1346
395	1283
395	1055
396	1160
396	900
397	905
397	1355
397	935
398	1089
398	1157
398	969
398	907
398	908
398	971
398	1362
398	980
398	922
398	1052
398	1374
398	991
398	933
398	997
398	1126
398	1193
398	1003
398	1197
398	1338
398	1340
399	924
400	1346
400	1283
400	1092
400	931
400	1256
400	1196
400	1134
400	1362
400	1106
400	950
400	1143
400	1337
400	1180
400	1085
401	987
401	1268
401	1179
402	900
402	1349
402	1348
402	1350
402	904
402	1359
402	1363
402	980
402	917
402	1302
402	1112
402	922
402	1178
402	924
402	1372
402	991
402	935
402	1003
402	939
402	1261
402	948
402	1332
402	950
403	1153
403	1154
403	1283
403	1092
403	1348
403	902
403	1353
403	1275
403	1045
403	1242
403	987
403	1372
403	924
403	1243
403	991
403	929
403	1253
403	998
403	1194
403	1324
403	944
403	1009
403	1011
403	1332
403	950
403	1083
404	1089
404	933
404	1320
404	904
404	1264
404	1104
404	1078
404	1242
404	1340
405	922
406	909
406	933
406	958
406	1207
406	922
406	1368
407	933
408	1089
408	929
408	1225
408	1292
408	1324
408	980
408	1083
408	1180
409	1092
410	1100
411	937
412	1170
412	1380
412	1317
412	1118
413	963
413	902
413	906
413	1292
413	1164
413	973
413	1358
413	1232
413	1046
413	1049
413	1242
413	1373
413	1183
413	1376
413	1190
413	1270
413	951
413	1336
413	1338
413	1215
414	993
414	949
414	925
414	991
415	1313
415	1201
415	1092
415	1237
415	958
416	996
417	1376
417	1146
417	1180
417	1092
418	939
419	987
419	1022
420	1072
420	1212
420	1044
420	901
421	1056
421	905
422	1355
422	1040
422	1041
422	1362
422	1174
422	1050
422	986
422	1373
422	1123
422	933
422	1001
422	1003
422	1261
422	1005
422	1007
422	1332
422	1076
422	1142
422	1146
422	955
423	1089
423	933
423	901
423	904
423	1165
423	980
423	1023
423	1372
423	1375
424	944
424	1073
424	996
424	1044
424	1355
424	1295
425	900
425	933
425	935
425	1022
425	1372
425	1212
425	1374
425	991
426	1192
426	969
426	1225
426	1338
426	1005
426	1359
426	1008
426	1362
426	948
426	986
426	1083
426	1213
426	1056
427	1212
427	959
428	1362
428	1090
429	1361
429	1076
430	941
430	1166
431	964
431	900
431	917
431	1100
431	1022
432	1056
432	962
432	999
432	1034
432	1003
432	1229
432	912
432	1136
432	1270
432	951
432	1145
432	1242
432	1115
432	1117
432	958
433	1099
433	900
434	1313
434	1319
434	939
434	1359
434	926
434	948
434	958
434	950
434	1015
434	1075
434	1147
434	924
434	1085
434	1374
435	1338
435	1370
435	900
435	933
436	1056
436	1148
436	963
436	1284
436	935
436	1242
436	1372
437	1218
437	938
437	926
437	1095
438	1360
438	948
438	1366
438	1031
438	1223
438	1131
439	1352
440	993
440	1121
440	1249
440	904
440	1001
440	1096
440	1066
440	1356
440	917
440	1081
440	1242
440	1371
440	1372
440	1311
441	1216
441	1155
441	995
441	1029
441	1300
441	954
441	1083
442	1108
444	1088
444	962
444	1159
444	968
444	908
444	1357
444	1040
444	1041
444	1362
444	1105
444	1044
444	1373
444	1119
444	928
444	1187
444	1191
444	1003
444	1011
444	1210
444	1212
444	1151
444	900
445	1201
445	1170
445	1346
445	900
445	1332
445	1366
445	1355
446	954
446	980
446	1090
447	1251
448	1344
448	1346
448	900
448	948
448	1100
448	1294
449	900
449	1159
449	936
449	1099
449	1261
449	1042
449	1109
449	991
449	1374
449	1055
450	993
450	902
450	951
450	1001
450	1242
450	953
450	922
451	1020
451	1170
451	1011
451	1022
451	1119
451	955
451	1372
451	1373
451	926
451	991
452	1026
452	1283
452	1036
452	1232
452	1041
452	1170
452	1300
452	1045
452	1335
452	1336
452	1372
452	1332
453	1327
454	1056
454	962
454	902
454	966
454	909
454	1041
454	949
454	1015
454	1048
454	1374
454	1055
455	928
455	1189
455	1159
455	908
455	1008
455	1362
455	1107
455	1076
455	1210
456	1153
456	1346
456	1347
456	1095
456	1353
456	1225
456	970
456	1212
456	1242
456	924
456	1182
456	1060
456	1000
456	1335
456	1272
456	1276
457	1305
458	931
458	1060
458	1095
458	1320
458	906
458	1357
458	1367
458	920
458	1112
458	1245
458	1022
458	991
459	1112
459	1350
460	1057
460	900
460	933
460	1001
460	1130
460	905
460	1043
460	991
461	907
461	1100
461	950
461	1023
462	928
462	993
462	962
462	1282
462	997
462	1003
462	908
462	1234
462	1176
463	992
463	1153
463	1154
463	964
463	1352
463	1353
463	908
463	944
463	1011
463	1372
463	1022
464	1365
465	996
465	1157
465	1380
465	1193
465	1003
465	908
465	1306
465	1167
465	1362
465	1050
465	1092
465	1164
466	920
466	1338
466	939
466	1110
467	1379
467	1124
467	901
467	1256
467	907
467	943
467	980
467	1367
467	1212
467	1119
469	1243
470	1185
470	935
470	968
470	1256
470	1162
470	1103
470	1362
470	1085
470	1268
470	1109
470	1020
470	1341
470	1214
470	1151
471	1343
472	1123
472	997
472	903
473	1068
473	924
473	1220
473	1374
474	1089
474	933
474	967
474	1032
474	1353
474	1362
474	1369
474	1245
474	991
475	1282
475	933
475	1002
475	925
475	911
476	900
476	1349
476	1126
476	1380
476	1294
476	1264
476	1338
476	1340
476	958
476	922
477	922
478	922
478	939
478	1053
478	1302
479	996
480	1281
480	1025
480	1283
480	1285
480	1037
480	1041
480	1052
480	1057
480	1060
480	1317
480	1076
480	1338
480	1083
480	1340
480	1082
480	1341
480	1089
480	1092
480	1348
480	1354
480	1355
480	1101
480	1359
480	1103
480	1362
480	1109
480	1367
480	1113
480	1370
480	1372
480	1374
480	1119
480	1120
480	1131
480	1136
480	1146
480	1148
480	1149
480	1156
480	1157
480	1159
480	904
480	903
480	908
480	910
480	1167
480	913
480	917
480	1174
480	919
480	922
480	1178
480	1181
480	1186
480	931
480	933
480	935
480	1192
480	1194
480	941
480	1197
480	1200
480	946
480	1206
480	1208
480	1214
480	962
480	1220
480	968
480	1233
480	980
480	1236
480	981
480	986
480	987
480	991
480	998
480	1002
480	1003
480	1261
480	1264
480	1009
480	1011
480	1268
480	1269
480	1134
480	1248
481	937
481	1379
481	900
481	1011
482	1187
482	1155
482	933
482	1287
482	1003
482	1362
482	1141
482	1210
482	922
483	1002
483	1355
483	1022
484	1137
485	1338
485	1295
486	1371
487	962
487	1379
487	1092
487	998
487	1001
487	1355
487	971
487	1067
487	926
487	1045
487	1366
487	1337
487	922
487	958
487	1081
488	1056
489	976
489	1347
489	1365
489	1287
489	1050
489	987
489	1359
490	1160
490	1338
490	1370
491	1217
491	1095
491	1003
491	1338
491	907
491	971
491	912
491	1362
491	915
491	1367
491	920
491	1082
492	995
492	996
492	1029
492	1001
492	1359
492	1043
492	951
492	1086
492	954
492	1342
493	1018
493	1014
494	921
495	904
496	914
496	1317
496	1142
497	1242
497	1043
497	917
498	935
498	1163
498	1004
498	972
498	1132
498	1359
498	1361
498	1362
498	1074
498	1276
498	1077
498	1272
498	1114
498	1180
499	937
499	1302
499	1199
500	1032
500	980
500	1109
501	901
501	1350
501	1351
501	1290
501	911
502	1347
502	1352
502	940
502	1356
502	1009
502	1113
502	1050
502	1311
503	1123
503	1355
503	1237
504	1378
504	1348
504	1349
504	902
504	1316
504	1001
504	970
504	1207
504	1337
504	1083
504	1055
504	922
504	1368
505	992
505	1154
505	1187
505	1038
506	1251
507	1030
507	1031
508	1056
508	928
508	930
508	997
508	1226
508	1227
508	1228
508	1232
508	1170
508	1073
508	1044
508	1012
508	1372
508	944
508	1283
509	945
509	1090
509	1201
509	1150
509	1144
510	1100
510	990
511	1048
512	1313
513	994
513	998
513	935
513	936
513	1130
513	1132
514	920
514	922
514	1308
514	902
515	1088
515	1378
515	996
515	1156
515	938
515	1355
515	908
515	1104
515	1172
515	951
515	1145
515	1338
515	1147
516	1020
517	1362
518	1056
518	1361
518	1098
519	926
520	1056
520	951
521	1232
521	1170
521	1181
522	1283
522	995
522	933
522	1352
522	1224
522	1162
522	1073
522	1170
522	1044
522	1374
522	991
522	1349
523	1283
523	967
523	1101
523	1232
523	1170
523	1109
523	1110
523	1372
523	1182
523	926
523	1184
523	1377
523	1000
523	1002
523	1268
523	1337
524	1155
524	972
524	902
525	903
525	904
525	1165
525	910
525	912
525	1041
525	1047
525	926
525	1056
525	1186
525	933
525	1192
525	1068
525	943
525	949
525	1340
525	1341
525	958
525	1343
525	961
525	1346
525	965
525	967
525	968
525	969
525	1362
525	983
525	1369
525	998
525	1001
525	1003
525	1005
525	1146
525	1021
526	1248
526	1088
526	996
526	1003
526	1355
526	1259
527	1377
527	933
527	1126
527	967
527	946
527	1340
527	1111
527	1178
527	1372
528	1001
529	1001
529	1355
529	1190
529	1359
530	933
531	972
532	1210
532	1053
533	1056
534	1056
534	1152
534	1155
534	1092
534	935
534	937
534	1354
534	912
534	1009
534	1244
534	1372
535	1145
535	1210
535	1123
536	1338
537	1100
538	1379
538	1366
539	951
539	1372
539	919
539	904
539	1100
539	1004
539	958
540	1372
540	1092
541	1281
541	1282
541	1026
541	1029
541	1032
541	1037
541	1040
541	1041
541	1042
541	1043
541	1300
541	1045
541	1304
541	1051
541	1052
541	1316
541	1323
541	1073
541	1076
541	1077
541	1079
541	1337
541	1340
541	1342
541	1344
541	1094
541	1101
541	1359
541	1360
541	1107
541	1110
541	1113
541	1114
541	1117
541	1376
541	1131
541	1136
541	1139
541	1145
541	1146
541	1152
541	1154
541	901
541	904
541	1162
541	1167
541	1168
541	1170
541	922
541	924
541	1180
541	1185
541	933
541	1190
541	935
541	937
541	1198
541	943
541	1202
541	949
541	950
541	954
541	1215
541	1216
541	962
541	964
541	1221
541	1224
541	1225
541	973
541	974
541	1232
541	977
541	1234
541	979
541	982
541	1242
541	987
541	991
541	1248
541	993
541	992
541	1250
541	999
541	1001
541	1257
541	1261
541	1005
541	1264
541	1011
541	1013
541	1269
541	1022
541	1134
541	1349
541	1332
542	1056
542	933
542	1342
543	900
543	990
543	1100
544	1120
545	1076
546	1344
546	900
546	1356
546	1104
546	1041
546	1304
546	987
546	1372
546	924
546	925
546	1120
546	994
546	998
546	936
546	1001
546	1323
546	1070
546	1136
546	1338
546	1083
546	958
547	1229
548	1376
548	1123
548	1224
548	980
548	1178
548	1308
548	1349
549	1091
549	971
549	908
549	909
549	1295
549	1040
549	1105
549	1362
549	957
549	1106
549	1173
549	1368
549	1369
549	1308
549	1374
549	992
549	995
549	1188
549	933
549	939
549	941
549	1197
549	1135
549	1330
549	1076
549	1078
549	1085
550	1063
551	1155
551	1003
551	908
551	1325
551	1043
551	1140
551	1326
551	1164
552	1210
552	932
553	1225
553	1103
554	900
554	1349
554	1352
554	1355
554	1101
554	917
554	1302
554	1109
554	1110
554	922
554	1051
554	924
554	1053
554	1120
554	1185
554	996
554	933
554	1316
554	1131
554	1261
554	944
554	1011
554	1332
554	1076
554	1077
554	1337
555	953
555	1227
555	1004
555	901
556	1232
556	1233
556	1362
557	1105
557	1379
557	1366
557	1159
558	1374
558	991
559	1338
560	1225
560	1001
560	1070
560	1135
560	1011
560	1076
560	1083
560	925
561	1152
561	1011
561	937
561	1001
561	987
561	1372
561	925
562	939
562	1044
562	1013
563	1032
564	1232
564	1349
565	1268
565	1029
565	950
565	924
565	1212
566	1107
566	1356
567	1282
567	1332
567	1190
567	903
567	1046
567	970
567	973
568	935
568	1163
568	1167
568	1010
568	948
568	1237
568	1246
568	1362
569	1236
569	980
569	1285
569	953
569	1004
569	1341
570	958
571	1009
571	1331
571	1359
572	1140
572	908
572	1374
572	1359
573	1184
573	1307
573	1107
573	908
573	1361
574	922
575	900
575	1092
575	902
575	1162
575	1099
575	972
575	1041
575	1362
575	1105
575	1174
575	919
575	1111
575	1372
575	925
575	991
575	995
575	931
575	932
575	1127
575	936
575	1077
575	1275
576	900
576	1093
576	905
576	1355
576	1163
576	1042
576	919
576	987
576	1057
576	996
576	1125
576	936
576	1001
576	1003
576	1005
576	1010
576	1011
576	1139
576	1341
576	1022
577	1001
577	931
578	1372
579	960
579	900
579	1092
579	966
579	904
579	1162
579	1099
579	1037
579	1167
579	1041
579	1362
579	1107
579	980
579	1109
579	1174
579	919
579	1233
579	1178
579	1057
579	931
579	933
579	1126
579	1125
579	1005
579	1200
579	946
579	1204
579	1077
579	1146
579	1149
580	1089
580	1281
580	1092
580	966
580	1094
580	969
580	1162
580	1172
580	1165
580	1167
580	1364
580	1041
580	1363
580	980
580	1236
580	1174
580	919
580	1112
580	983
580	1178
580	1238
580	1308
580	1047
580	1368
580	923
580	1188
580	1316
580	1065
580	1011
580	1341
580	958
581	1056
581	900
581	1127
581	1034
581	940
581	1074
581	916
581	950
581	1338
581	1180
581	1181
581	958
582	931
582	935
582	968
582	1096
582	1031
582	1131
582	1136
582	1362
582	1011
582	1268
582	919
582	1242
582	957
582	1367
582	922
583	1092
584	1201
584	1090
584	902
584	1001
584	905
584	1355
584	1100
585	996
585	1069
586	903
586	899
586	1156
586	1190
586	1255
586	953
587	1206
588	1281
588	1348
588	969
588	1232
588	980
588	1044
588	1055
588	930
588	995
588	933
588	998
588	935
588	1002
588	1073
588	1339
588	958
589	946
589	948
589	1338
589	908
589	1166
589	1359
590	900
590	965
590	1031
590	1162
590	1100
590	1166
590	1360
590	1041
590	978
590	1301
590	1302
590	983
590	1312
590	1378
590	1144
590	1087
590	1030
590	1113
591	1106
591	1035
591	1356
592	1355
592	996
592	1044
592	1112
592	1099
593	1137
593	1099
593	1053
594	1283
594	1092
594	1155
594	969
594	1169
594	1171
594	1108
594	917
594	1180
594	1054
594	992
594	1125
594	935
594	1324
594	1197
594	1135
594	1205
594	1208
594	1209
594	1147
594	1213
594	1056
594	1248
595	1082
596	1281
596	1138
596	1111
597	1089
597	995
597	1029
597	1170
597	1074
597	1044
597	1045
597	954
597	1182
597	1183
598	1120
598	1344
598	1250
598	1123
598	1225
598	1291
598	1324
598	1134
598	944
598	1011
598	950
598	1302
598	1050
598	924
599	1379
600	900
600	983
600	1002
600	939
600	1053
600	910
601	992
601	1361
601	1347
601	1011
601	924
601	1022
601	1359
602	1099
602	932
602	995
603	1281
603	935
603	1352
603	953
603	1083
604	1089
604	902
604	969
604	1290
604	907
604	1046
604	1050
604	1242
604	1180
604	922
604	997
604	1003
604	1206
604	951
604	1080
604	953
605	991
605	1003
605	1370
605	975
606	996
606	984
606	1355
606	1055
606	1275
607	1186
607	1187
607	1092
607	1124
607	1063
607	1210
607	1067
607	1167
607	1105
607	1170
607	1268
607	953
607	986
608	1105
609	1248
609	1322
609	1355
609	1260
609	1291
609	1356
609	1238
609	1145
610	1237
611	1344
611	1362
611	917
612	1218
612	1283
612	1347
612	982
612	1159
612	1351
613	900
614	1056
614	1152
614	937
614	1196
614	1133
614	1363
614	949
614	1110
614	1143
614	1337
614	1373
614	1372
615	1313
615	1282
615	1187
615	923
615	1221
615	904
615	1225
615	1264
615	944
615	918
615	1210
615	1083
615	1276
615	1309
616	962
616	1355
616	1338
616	1359
616	1360
616	1041
616	1231
616	980
616	1236
616	919
616	986
616	931
616	996
616	933
616	1001
616	941
616	1010
616	1011
616	1202
616	1146
617	1161
617	1043
618	1281
618	1186
618	1123
618	969
618	939
618	1359
619	1099
620	1025
620	901
620	904
620	907
620	1275
620	918
620	919
620	920
620	1050
620	1314
620	1193
620	948
620	952
620	1209
620	1338
620	953
620	1082
620	1092
620	1349
620	965
620	1352
620	1362
620	1235
620	1367
620	1239
620	1242
620	1372
620	1245
620	1248
620	1255
620	1011
620	1272
620	1147
621	900
621	948
621	920
621	922
621	939
621	941
621	958
622	1338
623	900
623	1349
623	1093
623	969
623	1099
623	908
623	916
623	1174
623	1240
623	1372
623	925
623	1310
623	994
623	1316
623	1253
623	936
623	1132
623	1197
623	1070
623	1085
623	958
624	1092
624	902
624	1229
624	1359
624	978
624	1236
624	919
624	1372
624	1117
624	1057
624	1001
624	1005
624	1136
624	1011
624	1338
624	958
625	1362
625	1366
625	935
626	1043
626	900
626	933
626	948
626	980
626	905
626	1338
627	1313
627	1210
627	902
628	980
628	1190
628	935
628	1356
628	958
629	1201
630	1170
631	900
632	1046
633	1120
633	933
633	1126
633	1077
633	1353
633	922
633	1101
634	1120
634	1092
634	996
634	924
634	1354
634	1355
634	1100
635	1243
635	1365
636	1347
636	1124
637	1344
637	1281
637	1031
637	904
637	1098
637	1036
637	1229
637	911
637	1239
637	986
637	928
637	1185
637	1063
637	941
637	942
637	953
637	1150
637	1144
638	929
638	995
638	934
638	1159
638	969
638	1105
638	1302
638	1046
638	986
638	1022
638	991
639	1379
639	1348
639	1355
639	1259
639	943
639	1362
639	1366
639	1367
639	1175
639	921
639	1115
640	908
640	1292
640	1037
640	1167
640	1041
640	920
640	1179
640	1180
640	935
640	1194
640	1069
640	944
640	1076
640	949
640	950
640	951
640	1337
640	957
640	959
640	960
640	961
640	962
640	963
640	1092
640	1348
640	1093
640	1353
640	972
640	980
640	1113
640	1242
640	1372
640	992
640	1003
640	1016
640	1022
640	933
641	995
642	1248
642	1040
642	986
642	938
642	1291
643	1186
643	1020
644	1070
645	1041
645	1099
645	900
645	917
646	1312
646	900
646	1095
646	1321
646	1162
646	1100
646	1294
646	1041
646	1238
646	1243
646	1180
646	990
647	1281
647	1313
647	1283
647	1126
647	1319
647	1192
647	1072
647	1136
647	1138
647	982
647	951
647	1270
647	1337
647	1117
648	900
648	1127
648	948
648	1031
648	1338
649	1379
649	1188
649	900
649	1262
649	975
649	1203
649	1355
650	1057
650	1154
650	994
650	996
650	1355
650	911
650	1359
650	1044
650	1369
650	956
650	925
650	933
651	1100
651	1294
652	1281
652	900
652	902
652	1159
652	1036
652	1297
652	1043
652	917
652	1046
652	918
652	1304
652	1178
652	1308
652	1055
652	1057
652	1186
652	931
652	1194
652	948
652	1205
652	1337
652	1083
652	957
652	1343
652	961
652	1092
652	1348
652	1350
652	1220
652	1221
652	1354
652	1359
652	1233
652	980
652	981
652	1238
652	1112
652	1241
652	1242
652	987
652	1372
652	1117
652	1374
652	1115
652	992
652	997
652	1125
652	1127
652	1260
652	1261
652	1005
652	1146
653	1162
653	1283
653	933
653	1243
654	1273
654	1179
654	1286
654	1167
655	930
655	1261
655	1232
655	951
655	980
655	1335
655	1336
655	1210
656	1350
657	1376
657	1027
657	1283
657	900
657	1000
657	1002
657	1179
657	942
657	1302
657	1015
657	1113
657	987
657	985
657	1053
657	1374
657	988
657	1026
657	933
657	984
657	1167
657	1372
657	990
657	935
657	983
657	989
657	928
657	979
658	1341
658	1210
658	1283
658	933
659	1282
659	995
659	1190
659	903
659	1001
659	1260
659	973
659	1232
659	912
659	1264
659	1046
659	1049
659	1083
659	1054
659	1310
660	911
661	1024
661	1281
661	1217
661	1347
661	1092
661	1349
661	963
661	1365
661	1110
661	1242
661	924
661	1373
661	933
661	1258
661	1261
661	1264
661	946
661	1078
661	1272
661	1146
661	955
661	1270
661	951
661	902
661	978
662	1056
662	1001
662	949
662	1021
663	963
664	1056
664	1078
664	1096
664	1064
664	1338
665	1281
665	993
665	1283
665	1185
665	1253
665	902
665	1032
665	1004
665	1302
665	1366
665	1272
665	1239
665	1374
665	991
666	1248
667	1338
667	1011
667	924
667	925
668	944
668	1153
668	1353
668	1131
668	1372
668	991
669	1362
669	995
669	1043
669	980
669	1029
669	1243
669	991
670	1347
670	1011
670	1002
670	1022
670	991
671	1366
672	1314
672	933
672	1256
672	911
672	1106
672	1341
672	1245
672	1119
673	900
673	933
673	1256
673	1357
673	1166
673	946
673	980
673	950
673	1078
673	1372
673	1085
673	958
674	911
675	1041
675	1275
676	1089
676	963
676	933
676	1178
676	924
676	1066
676	1003
676	980
676	1109
676	922
676	1340
676	1341
677	1160
677	1355
678	1339
678	1053
679	1056
679	935
679	1039
680	1350
680	1100
680	910
680	974
680	979
680	916
680	919
680	920
680	990
680	991
680	1062
680	1009
680	946
680	1272
680	1082
680	1275
680	1142
680	1242
680	900
681	1100
681	957
682	1281
682	902
682	1178
682	1353
682	1322
682	1232
682	944
682	1201
682	1107
682	1113
682	922
682	1148
682	1049
683	963
683	997
683	1096
683	1204
683	917
683	1367
683	1242
683	922
684	1264
684	933
684	1127
684	970
684	939
684	940
685	1002
685	1339
685	1069
686	1001
686	1011
686	1123
687	1057
687	1020
687	975
687	1232
687	1170
687	917
687	1308
687	926
687	1055
688	995
688	1043
688	997
688	902
688	954
688	1231
689	1092
689	1156
689	1350
689	966
689	1096
689	1355
689	1356
689	1041
689	1362
689	919
689	1367
689	986
689	922
689	1309
689	996
689	933
689	1125
689	938
689	1004
689	1196
689	1263
689	1011
689	1270
689	1340
689	958
689	980
690	963
690	1134
690	951
691	1131
691	1251
691	1022
691	1003
692	1232
692	1336
693	1350
693	1367
694	993
694	929
694	1036
694	1358
694	1044
694	949
694	1111
694	1020
694	1279
695	1065
695	1170
695	1013
696	1063
697	1249
697	1190
697	1319
697	973
697	1359
697	1234
697	1043
697	1208
697	954
697	1248
698	993
699	1090
699	1309
700	1308
701	926
702	1020
703	995
703	996
703	933
703	904
703	1224
703	1002
703	1098
703	1262
703	1103
703	1202
703	958
703	1205
703	1115
703	1022
703	1355
703	1349
704	1366
704	1175
705	1153
705	998
705	1353
705	1020
705	1359
706	1154
706	1098
706	1103
706	1296
706	1297
706	1299
706	1304
706	991
706	993
706	995
706	931
706	936
706	948
706	1148
706	1100
706	933
707	1088
707	929
707	1379
707	933
707	1350
707	1155
707	1317
707	1226
707	1355
707	1362
707	1203
707	951
707	1337
707	1283
707	944
708	1289
709	928
709	1378
709	997
709	1159
709	1258
709	1227
709	908
709	1229
709	1003
709	912
709	1145
709	922
709	1117
709	958
709	951
709	902
709	978
709	1270
710	1179
710	1053
711	1092
711	1356
711	908
711	1167
711	1295
711	1105
711	1043
711	1364
711	1046
711	1242
711	1180
711	1188
711	1064
711	1261
711	1211
711	1340
711	1022
712	1001
713	1154
713	1282
713	1219
713	1001
713	1100
713	1270
713	1373
713	990
713	1119
713	965
713	1090
713	1003
713	922
713	963
713	1242
714	1314
714	900
714	1350
714	1242
714	1338
714	1362
714	1042
714	1367
714	1082
714	1119
714	991
715	1056
715	1120
715	900
715	998
715	1031
716	1217
716	962
716	1315
716	900
716	1096
716	957
716	1042
716	948
716	1270
716	1338
716	1373
717	900
717	1069
717	1215
718	906
718	1356
718	1170
718	1044
718	1335
718	1338
718	1372
718	958
718	991
719	1032
719	1275
720	1057
720	900
720	933
720	1001
720	1083
720	939
720	905
720	1130
720	912
720	1139
720	922
720	987
720	1372
720	1023
721	1339
721	1355
721	1349
721	1002
721	1035
721	988
721	925
722	995
722	997
722	1000
722	1322
722	1292
722	1361
722	1336
722	958
723	1107
723	1355
723	996
723	1356
724	967
724	968
724	910
724	1359
724	1276
724	924
724	1180
724	1373
724	1186
724	1187
724	1124
724	930
724	1064
724	1320
724	1203
724	948
724	1079
724	1080
724	1020
724	1214
725	933
725	997
725	935
725	1032
725	901
725	1002
725	1161
725	970
725	1359
725	1362
725	980
725	1110
725	1112
725	1337
725	1275
726	1120
726	1217
726	902
726	1001
726	1003
726	941
726	949
726	1270
726	951
726	1206
726	1242
726	922
727	962
727	919
727	969
727	1083
727	910
728	997
728	1159
728	1161
728	969
728	1066
728	1005
728	1180
728	957
729	1084
730	1088
730	1092
730	1348
730	1094
730	1351
730	1158
730	969
730	1355
730	908
730	1041
730	1236
730	922
730	1057
730	1058
730	931
730	996
730	1124
730	1067
730	1324
730	1261
730	1134
730	943
730	1259
730	1011
730	1076
730	1075
730	1146
730	1151
730	919
730	1012
731	986
732	1169
732	997
733	1370
734	1092
734	1349
734	1159
734	1353
734	1036
734	918
734	1050
734	1372
734	1120
734	1250
734	1125
734	998
734	1318
734	1194
734	1005
734	1010
734	1151
735	1024
735	929
735	995
735	968
735	919
735	1110
735	926
735	927
735	1302
736	938
736	1011
737	1315
737	933
737	1162
737	972
737	1052
737	1362
737	980
737	952
737	986
737	1211
737	1180
737	922
738	900
739	1092
739	1188
739	1380
739	1003
739	908
739	1068
739	1294
739	1116
739	912
739	1170
739	1107
739	1047
739	924
739	1117
739	958
740	1355
741	1297
742	900
742	1317
742	1003
742	908
742	941
742	1011
742	980
742	1372
742	958
742	991
743	993
743	1201
743	1330
743	900
743	1372
744	1281
744	900
744	902
744	1162
744	1292
744	1037
744	910
744	1174
744	919
744	922
744	1180
744	925
744	1311
744	1190
744	935
744	1066
744	1067
744	1071
744	946
744	1205
744	1078
744	951
744	1080
744	1079
744	1217
744	968
744	973
744	1102
744	1235
744	1238
744	1367
744	986
744	1242
744	1124
744	998
744	1011
744	1268
744	1270
744	1276
744	1117
744	962
744	1187
744	930
744	1241
744	1003
744	1096
744	1041
745	1369
745	1379
745	1359
746	1056
746	1379
746	933
746	1126
746	1157
746	1162
746	1355
746	1360
746	1362
746	1366
746	922
746	987
747	1313
747	1155
747	1348
747	933
747	1032
747	1039
747	1362
747	1107
747	1235
747	949
747	1141
747	1340
747	1149
748	1099
748	981
748	1022
749	916
749	1181
750	962
750	1220
750	936
750	1020
750	1361
750	1077
750	1145
750	1276
751	1336
751	1072
751	1044
751	1054
752	1352
752	913
753	1152
754	1024
754	933
754	936
754	1096
754	1292
754	1297
754	1362
754	1234
754	1211
754	925
755	953
756	1359
757	925
757	911
758	1180
758	933
758	1015
758	1032
758	1340
758	1176
759	1283
759	900
759	1349
759	1035
759	1264
759	921
759	1338
759	1022
760	1089
760	1362
760	1297
760	933
760	1340
760	1112
760	1004
761	1170
762	937
762	1011
762	1261
762	1197
763	1035
764	1348
764	933
764	1029
764	911
764	1074
764	1043
764	980
764	991
764	987
764	1055
765	1308
766	1121
766	931
766	1316
766	1003
766	908
766	1020
766	910
766	944
766	980
766	1109
766	1238
766	1212
766	991
767	1088
767	1351
767	1291
767	1232
767	982
767	920
767	1177
767	1183
768	933
769	1283
769	902
769	1350
769	1036
769	974
769	1038
769	1232
769	1041
769	1170
769	916
769	917
769	982
769	1045
769	1372
769	991
769	927
769	1001
769	1201
769	1011
769	1332
769	1336
769	1337
769	1302
770	1073
770	1332
770	1045
770	1336
770	1337
771	1362
771	1011
771	925
771	1003
772	1161
772	1211
773	922
773	1332
773	1082
774	1152
774	1089
774	1095
774	1357
774	1229
774	1230
774	1232
774	978
774	915
774	922
774	1116
774	1054
774	1375
774	991
774	933
774	1003
774	1324
774	1266
774	1336
774	1337
774	1341
774	958
775	1335
775	1143
776	905
776	1139
777	900
777	933
777	1001
777	905
777	1232
777	1362
777	1139
777	951
777	1338
777	922
778	953
779	1048
779	1347
780	976
781	1216
781	1281
781	1154
781	1092
781	901
781	975
781	1199
781	1109
781	959
781	921
781	1083
781	1374
781	991
782	1057
782	963
782	1146
782	968
782	1232
782	1041
782	1170
782	1136
782	1308
782	1238
782	919
782	1336
782	986
782	1212
782	925
783	1338
783	1221
783	1130
783	933
784	901
784	911
784	1046
784	921
784	1370
784	922
784	1375
784	933
784	1256
784	1002
784	1005
784	1008
784	1010
784	1338
784	1083
784	1340
785	1056
785	1344
785	1092
785	1338
785	1356
785	1362
785	1042
785	1303
785	1210
786	1360
786	1317
787	1154
787	900
787	933
787	1220
787	935
787	1352
787	1031
787	1010
787	919
787	1113
787	986
787	1372
787	1117
788	1232
788	930
788	1257
788	1336
788	1113
788	1054
788	1215
789	1123
789	1190
789	903
789	1289
789	955
789	1212
790	1181
791	1082
792	1059
792	933
792	1033
792	970
792	1295
792	978
792	1336
792	922
792	1022
792	1349
793	1194
793	1259
793	996
794	1193
794	1161
794	1211
794	1028
795	946
795	910
796	1181
797	1345
797	1347
797	900
797	1159
797	1031
797	1354
797	1099
797	1100
797	1359
797	1369
797	1052
797	1181
797	1184
797	1317
797	1131
797	1201
797	1202
797	1148
798	954
798	1025
798	997
798	1190
798	903
798	1137
798	1362
798	978
798	1365
798	1050
798	987
798	1022
798	1055
799	935
799	1010
799	900
799	1077
799	1127
799	1113
799	1132
800	1217
800	965
800	969
800	972
800	1293
800	910
800	1041
800	978
800	1302
800	919
800	1238
800	1111
800	986
800	1315
800	1124
800	1003
800	1272
800	1146
800	1083
800	1343
801	1042
801	1069
801	1166
802	1194
803	900
803	1352
803	1355
803	907
803	1338
803	1362
803	1367
803	920
803	1245
803	996
803	935
803	1319
803	938
803	950
803	952
803	1082
803	1275
803	1085
804	996
805	1056
805	1057
805	1059
805	900
805	1001
805	1354
805	970
805	1101
805	1295
805	1009
805	984
805	1051
805	1055
806	1042
806	1367
806	1082
806	939
806	1100
807	1287
808	1210
809	1016
809	1004
809	933
810	1344
810	1064
811	953
811	1313
812	1216
812	1283
812	1155
812	908
812	973
812	1041
812	1044
812	1367
812	1054
812	1257
812	1003
812	1324
812	1072
812	1200
812	946
812	1202
812	1268
812	1083
812	1020
812	1085
813	1120
813	1009
813	980
813	1126
813	1354
813	987
813	1340
814	1201
814	900
815	900
815	996
815	1076
815	1188
815	1355
815	975
816	1044
816	1367
816	1096
816	922
816	939
816	925
817	1197
818	1379
818	980
818	1124
818	1367
818	922
818	1355
818	943
819	948
819	1022
820	1041
820	982
820	1048
820	991
820	975
821	1185
821	1218
821	933
821	1030
821	1065
821	1002
821	1035
821	1007
821	1302
821	1112
821	922
821	959
822	1056
822	1120
822	1283
822	1349
822	933
822	1350
822	901
822	1356
822	958
822	917
822	1147
822	1116
822	1374
823	996
824	1304
824	933
825	1154
825	1029
825	905
825	1291
825	1103
825	1168
825	1041
825	1042
825	1110
825	1047
825	1239
825	1180
825	1316
825	1323
825	1196
825	1261
825	1139
825	1203
825	1271
825	953
826	1022
827	1372
827	951
827	922
827	1003
827	1100
828	1067
828	1011
828	1349
828	1294
829	1013
829	1359
830	900
830	1092
830	1094
830	1034
830	1100
830	1356
830	1041
830	1238
830	986
830	987
830	989
830	990
830	1186
830	999
830	936
830	1321
830	1201
830	1011
830	948
830	957
831	1313
832	1320
832	1337
832	1346
832	1106
833	1073
833	933
834	1313
834	1268
834	917
834	1192
834	922
834	1084
835	1321
835	959
835	1210
835	1083
835	1212
835	1005
835	1359
836	1283
836	1092
836	1348
836	1350
836	968
836	1225
836	972
836	1103
836	980
836	1301
836	1302
836	1110
836	1112
836	986
836	925
836	1186
836	995
836	931
836	1127
836	1004
836	1261
836	1337
836	1276
836	1021
836	958
837	977
837	1362
837	1044
837	933
837	1308
837	952
837	1340
838	902
838	1003
838	941
838	910
838	1043
838	954
838	1214
838	958
839	1338
840	995
841	900
841	996
841	933
841	950
841	939
841	987
841	925
842	1260
842	1135
842	1223
843	1099
843	900
843	1213
843	1356
843	1056
844	1027
844	1036
844	915
844	1044
844	1173
844	1046
844	1174
844	1178
844	1023
844	1052
844	1185
844	936
844	1335
844	1337
844	1341
844	1089
844	1092
844	1348
844	1357
844	1363
844	1109
844	1367
844	1111
844	986
844	998
844	1003
844	1012
844	1272
844	1151
844	1026
844	1167
844	984
844	990
844	935
844	983
844	1372
844	928
844	989
844	979
844	988
844	933
845	1280
845	900
845	1167
845	912
845	1041
845	1044
845	920
845	1186
845	1187
845	1317
845	1077
845	952
845	1215
845	1090
845	1346
845	1096
845	1362
845	980
845	1367
845	1372
845	1267
845	1306
845	1145
845	1135
845	1180
845	929
845	958
845	1279
845	1108
845	1278
846	1092
846	933
846	903
846	904
846	1354
846	1052
846	1294
846	1264
846	947
846	1149
846	1367
846	1340
846	1053
847	993
847	1044
848	928
848	1283
848	1220
848	1029
848	937
848	1261
848	1040
848	1043
848	1011
848	1076
848	1013
848	1275
848	924
848	1277
848	959
849	1089
850	1092
850	1069
851	968
851	1225
851	1162
851	1097
851	1232
851	1041
851	1170
851	1361
851	1044
851	1172
851	1302
851	919
851	1308
851	1180
851	1055
851	993
851	1377
851	1121
851	1060
851	1253
851	1069
851	1335
851	1336
852	944
853	1282
853	900
853	902
853	904
853	1032
853	1291
853	1292
853	1167
853	1041
853	1043
853	1302
853	919
853	1303
853	1057
853	931
853	1065
853	1066
853	1196
853	1197
853	1334
853	954
853	1083
853	1212
853	1214
853	1089
853	1092
853	1220
853	1221
853	968
853	1107
853	980
853	1109
853	1235
853	1242
853	1373
853	1248
853	998
853	1001
853	1261
853	1005
853	1134
853	1264
853	1008
853	1011
853	1146
853	1148
853	1151
853	1206
853	1096
853	935
853	1372
853	1362
853	986
854	1153
855	1338
856	976
856	1043
856	1118
857	1308
858	922
858	1347
859	1069
860	922
861	1349
862	939
863	933
864	1345
864	1221
864	1114
864	1352
864	969
864	1161
864	1324
864	912
864	1041
864	1362
864	1206
864	1239
864	1050
865	994
865	1092
865	1162
865	1355
865	1362
865	1076
865	1366
865	925
865	1374
865	1311
866	900
866	904
866	905
866	1165
866	1296
866	1041
866	1042
866	919
866	1367
866	1372
866	925
866	1057
866	1313
866	933
866	1327
866	1328
866	1011
866	948
866	1340
867	933
867	1318
867	1159
867	1352
867	1305
867	1005
867	1113
867	1375
868	960
868	1346
868	1283
868	968
868	1225
868	969
868	1359
868	1232
868	1170
868	978
868	1045
868	1116
868	1054
868	1378
868	1001
868	1129
868	1326
868	1135
868	1332
868	1140
868	1143
868	1336
868	1019
868	1335
868	1279
869	967
869	1274
869	1359
869	1232
869	1170
869	986
869	1179
869	1372
869	987
869	924
869	991
869	1377
869	931
869	935
869	1271
869	1273
869	1146
870	1154
870	900
870	1317
870	1352
870	1005
870	1166
870	1168
870	1042
871	1088
871	1377
871	1123
871	1353
871	1362
871	1011
871	1364
871	915
871	1373
871	1119
872	928
872	1282
872	1365
872	1096
872	1343
873	900
873	1092
873	964
873	1355
873	1100
873	1230
873	948
873	917
873	1076
873	1145
873	1338
873	924
873	1151
874	1347
874	1291
874	1228
874	941
874	944
874	1242
874	1148
874	959
875	1056
875	1211
876	1096
876	1362
876	1170
876	1302
876	1112
876	1180
876	926
876	1120
876	995
876	1188
876	1261
876	1075
876	1207
876	1083
876	958
876	922
876	1368
877	900
877	1349
877	1355
877	975
877	1295
877	1041
877	1042
877	1297
877	922
877	926
877	996
877	935
877	1005
877	948
877	950
877	1338
877	1083
877	958
878	944
878	1124
879	1248
879	1178
879	1189
879	958
880	1056
880	899
880	901
881	1098
882	1084
882	935
883	1032
883	1074
884	946
884	900
884	950
884	1338
884	1069
884	1166
885	1099
886	1283
886	900
886	1011
886	984
886	936
886	1338
887	1235
888	1346
888	1283
888	1378
888	968
888	1225
888	1001
888	1054
888	1279
889	1128
890	1254
890	1362
891	1170
891	1139
891	900
891	1302
891	905
891	1163
892	1040
892	961
892	1362
892	1364
892	1190
893	1291
893	1084
893	1359
893	1047
893	1111
893	987
893	1374
893	993
893	1186
893	933
893	935
893	1007
893	948
893	950
893	1275
893	1020
893	1022
894	1281
894	1157
894	1126
894	1286
894	1064
894	1354
894	1166
894	1007
894	1328
894	1362
894	1338
894	1372
894	1085
894	1374
895	1348
895	1065
895	1355
895	944
895	1170
895	982
895	1367
895	1022
896	1196
896	1061
897	1120
897	1313
897	1374
897	1223
897	904
897	1048
897	958
897	991
898	996
898	917
898	936
898	938
898	1051
927	1302
956	933
985	979
1016	933
1026	1332
1027	928
1027	1026
1027	933
1027	935
1027	988
1027	1167
1027	979
1027	983
1027	984
1027	1372
1027	989
1027	990
1027	1332
1033	1349
1058	1012
1058	919
1062	1242
1062	900
1062	1142
1071	1096
1071	962
1071	1003
1071	1117
1102	1041
1102	930
1102	1187
1102	1241
1122	1338
1122	958
1133	1372
1144	1113
1144	1030
1150	1144
1150	1113
1150	1030
1191	900
1207	1368
1207	922
1208	1248
1213	1056
1219	1090
1219	963
1219	965
1219	1242
1219	1003
1219	922
1224	1349
1226	944
1226	1283
1246	1362
1254	1362
1258	1270
1258	978
1258	902
1258	951
1262	1355
1263	980
1265	951
1265	1126
1265	902
1265	922
1265	958
1269	1134
1274	1146
1280	929
1280	1135
1280	1108
1280	958
1280	1145
1280	1306
1280	1180
1280	1278
1280	1279
1280	1164
1280	1092
1299	1148
1299	933
1299	1100
1306	1164
1306	1092
1307	1361
1307	908
1325	1164
1325	1326
1333	935
1334	1362
1334	1206
1334	935
1334	1096
1334	986
1334	1372
