554,603
138,649,994
67,393,763,828
130,818
64,811
200,825,937
379,756
522,650
56,796
102,315
22,558,799,925
277,593,701
211,445
198,387
210,420
149,238,482
133,198,751
10,408
52,577
77,341,473
325,451
396,549,806
138,295
248,322,873
301,946
453,736
74,977
58,344,673,927
28,208
71,285
195,820
224,440
291,939
575,765
3,116,610
68,389
212,223,297,763
46,834
76,237,241
307,856
491,647,780
156,995
267,825
216,445
709,972
122,335,405,796
351,850
363,381
101,349
50,80,194,384
154,180
819,966
74,307
13,92,433
86,429,620,908
414,806
105,242,885
903,944
81,133,376
298,913
451,876
160,599
444,670
52,637
896,992
48,159
167,788
21,984
620,853
411,821
278,887
47,313,568
104,279,432,640
107,459
31,248
255,593,895
956,998
11,106,266,608
174,479
305,881,930
885,989
143,348
4,844
8,643,784
459,578
592,841
201,515,982
90,151,219
22,186,566
241,285
66,71,448
227,820
298,716
307,852
50,209
171,599
714,948
47,639
23,129
58,296,306,528
7,254
595,602
53,171
110,241,442,500
334,355
83,797
238,464,544,604
227,564,805
196,380
300,309,477
34,63,446,733
35,312,365,963
83,193
212,592,862
457,484,774
74,222,282,997
132,219
25,352,875
495,876
300,364,443
46,125,227,900
113,472
164,521,551,552
44,171
77,339,424
144,310
111,150,597,720
184,553
33,359,562,700
342,606,888,960
40,334
112,162,294,598
39,338,377
439,557
129,142
5,23,443,654
203,496
124,564
190,294
563,879
295,938
20,452,711,778
509,981
340,693
76,132
612,625
57,394
863,942
432,879
52,847
325,699
224,392,938
280,464,878
14,624
119,710
33,115
303,467,506
64,472,824
350,682
50,619
113,321,510,912
554,746
141,388
442,571
119,860
51,650
12,85,145,251
50,179
151,508,980
110,130
326,665
218,977
165,525
43,568
120,312
752,943
54,139,581,690
106,416,448
98,572
93,192,786
141,772
16,221,864
231,472,573,604
268,506
30,328
126,859
73,531,601
340,540
128,585
124,962
228,344,533
3,190,305,328
56,362
417,913
62,114
146,154,682
288,371
195,686,718,915
645,686
63,207,906,989
167,360
155,213,979
28,36,519,597
565,706
140,317,951
546,615
171,794,842
663,696
146,259
253,345
46,955
515,668
159,311,338
309,814,929
459,596
35,37,452
111,717,948
141,209
344,379
36,727
375,386
166,505
91,645
145,258
61,101
42,402,666
144,365,471
176,684
217,730
148,185
146,520,728,785
313,401
340,427,577
148,958
645,897
311,906
91,94,563
79,784,819,981
107,383
122,217
136,380,797
112,156
407,468,756,999
465,664
24,289
181,355,580,873
418,884
27,152,175
481,764
253,335,526,869
286,842
53,86,177,594
109,441
131,989
321,447
448,687
428,475
129,268,349
51,539,567
193,638
292,913
358,553
72,263
357,737
649,907
65,134
21,795
24,170,277
634,703
97,159,231
48,798
40,120,579
19,493,494
272,864
415,613
120,803
200,837
931,950,957
47,780
178,503
161,384
110,526
63,128
144,856
621,628
32,479
330,553
246,696
304,714
75,137
9,258,891
197,208
118,385
27,118,205
813,961
501,799,819
742,941
2,483
440,573
196,610
255,509
407,517
83,315,662,951
401,947
413,594
78,844
95,352,649,745
16,75
67,71
139,213
78,821
303,460
177,251,674
223,527
51,61,626
12,234
81,147
166,204,255,266
103,466,877
147,233
53,808
639,752
77,166
73,455,850
20,699,717
416,968
323,435,853,933
60,982
2,26,383
547,849
80,279,378,616
16,530
29,208,226
290,739
221,476,561,738
228,615
191,321
18,79
567,579
84,650
2,38,126,371
30,872,877
622,823,905
180,225,782,865
203,324
364,908
298,884
243,766
183,203,310
170,327,347,725
44,101
89,362,457
60,820
168,783
54,133,153
334,672,921,999
38,549,893
239,373,721
531,646
192,778
75,162,804
249,396,487
308,976
70,461,673
77,550
297,958
386,479,897
420,639,691
149,226
92,393
107,284,653
14,536
155,329,607
397,519
327,379,940
7,698,774
244,315,367
33,719
114,520,582
74,974
158,283,366,576
226,443,628
206,514,623
185,304
732,967
159,643,897
338,915
671,838
75,293,571
211,479
67,596
131,786
114,744
82,155,250
1,119,419
60,580
205,614,934
12,207
98,405,406,802
120,288,377,661
34,100
13,362
346,525
60,173,210
279,616
124,508,666
164,201,611,917
37,555,797
11,756
137,642
28,270
272,996
175,540,861
229,367,381,532
322,678
188,351,495
23,332
57,570
345,594
266,694
257,345
42,135,1000
1,321
5,153,517
564,568
490,803
6,419,985
235,467,715,831
603,884
1,518,815
45,263,473
292,854
178,212,607
129,347
244,512,671,737
18,59,235
71,687
82,105,156,486
613,692,849,982
54,55
527,550
562,629
375,559
86,291,335,352
411,625
103,160,762
29,611
58,205,360,674
9,940
158,314
421,855
125,481
761,793
152,175
58,713
637,774
84,242,816
136,608
171,720
58,206
257,564
261,833
65,460
685,753
324,931
3,197,254
6,292,755
173,871
21,82,245,401
158,289,675,843
327,483,684
121,378,743,962
681,912
318,389
48,128,934
730,869
598,761
683,750
708,758
170,194
219,220
115,358,692
138,985
83,369
13,59,640
32,33
133,352,664,861
183,621,813
73,491,991
273,411
848,849
99,164,633
462,944
87,363,484,928
303,374
51,447
223,398
32,518,838
8,325
91,596
563,727,896
72,197
55,648
45,85
145,189
95,735
442,459,758
26,90,662
259,807,812,876
736,784
314,949
246,354
513,707
61,273,465,469
202,589,618,921
250,975
611,789
32,382
255,975
100,190,577
169,545,914
431,722
209,384
274,903
303,926
36,462
84,518
426,899
946,987
247,430,496
331,462,605
18,49,82,698
211,939
694,740
296,626,881
352,527
140,955
628,773
486,618
335,387,529
541,965
156,206,254
567,991
420,923
500,502
8,357,522
103,869
767,915
339,542
283,677
256,727
388,542
11,255,930
210,244,651
169,214
97,184
26,32,835
755,852
95,641,968
162,403,809
24,135
69,177,845
582,843
91,148,185,677
119,587,701
167,231,696
316,352
226,491,597,622
109,438,718
666,780
452,826
454,499
186,935
12,236,295,406
289,327,776
136,171,221,608
14,456
147,250,425
26,66
406,864
5,36,90,218
102,702
631,914
47,313
285,859
88,577
135,572,691
43,450,833
90,812
10,426,890
219,402,599
120,574,795
144,145,187,216
210,644
129,254
121,151,446,688
18,713
17,113,588,941
96,267,768
16,234,649
161,429
76,269
281,541,562,958
6,807
30,73,569
93,388,722
6,44,415
27,143,943
11,675
172,482
287,407
353,416
120,471
981,987
508,676
28,164,248,306
130,264
473,787
34,519
28,333,418
57,88
26,469
503,1000
312,421
760,959
559,791
150,391
33,267
385,398,914
195,416
23,317,487,808
378,617,831
155,274
554,647
61,866
69,390,503,980
111,228,782,840
565,816,1000
743,871
67,507,794
129,631
557,693
16,514,969
81,128,179
98,775
100,207
28,208,259
202,249,391,597
58,746
133,524
94,100,471
294,306,380,391
206,561
845,926
551,991
28,323,918
21,798
135,381
616,827
184,498,628,810
428,754
98,978
572,801
48,245,458
175,336
320,694
97,139
480,503,680
496,755
185,485,517
22,661
409,556
23,248,328,484
388,971
51,70,199,470
19,414,949
478,512
22,798
294,349
635,992
182,467
299,828
104,230
98,217
300,808
169,210,573
44,253,300
444,704,950
585,688
108,755
139,396
52,142,509
302,635
512,922
376,737
286,591
8,941
243,411,749
7,149
325,593,631,918
160,483
45,647
135,199,863
196,654
416,921
12,297
59,751,867
53,920
222,374
190,595
44,58
262,339
55,207
50,386
490,667
181,799
273,957
114,626
603,901
284,304,625,930
41,134
362,867
111,535
724,961
822,981
74,206,534,936
23,31
1,242
87,713
15,896
505,768,900
560,856,869
246,308,757
127,344,689,797
63,723
29,738,886
77,401,468,474
10,770
319,873
115,711
361,424
92,224,568
150,837
221,624
69,263
329,395,877
30,64,466,823
106,127,874
324,521
161,497
74,88,233,311
221,546
200,461,600
41,817
42,355
66,548,685,792
200,332,435
24,320,585
80,189
4,560
532,924
310,922
766,785
689,728,968
116,222,293
456,657,669
557,986
161,313
259,403
574,575
60,457
75,998
1,938
472,874
167,901
87,230,765
204,222
13,432,653
413,535,976
146,504,582
558,994
241,323
562,584
768,952
207,213
251,956
566,977
392,565,816
325,704
169,329,523,826
382,475,538
356,679
54,414
529,715,894
227,365,661,988
6,105,765,931
309,369
79,790
413,854,880
168,261
75,172
63,847
220,620
46,140,145
33,112,697
233,241,245
671,984
155,433,586,718
117,186,988
64,409
189,501,868
214,587
90,865
14,37
502,754,918
456,475,593
33,423,832,908
36,664
195,543,741
426,700,764,926
698,744
190,201,487
252,656
472,816
10,165
105,277,510,730
59,746
170,318,684
97,394,468,547
155,555
152,958
41,770
75,247
150,598
296,536
72,779
102,560
197,759
450,609
5,249
258,771,807
98,354
52,57,104,235
2,31
61,94,233
370,387
262,695
305,909
299,772
184,365,531
583,602
334,815
164,489,975
240,572,583,700
425,480,927
437,920,930
184,610
57,541
27,890
49,170,364,887
453,917
94,387,705
487,777
690,973
454,740
609,998
52,893
320,361,630,857
31,602,771
338,355,824
216,784
14,58,632
7,332
229,297
254,486
235,257,427
96,248,489
195,886
77,240,489
118,231,912
167,325
12,999
570,710
731,751,964
309,695,913
669,966
40,570,799
228,412
125,133,163,233
47,140
12,355,359
246,392
75,263
30,159,456
353,354
38,121,556,868
192,296
148,723
4,6,180
337,919
39,368
188,351,362
21,627
160,358,360
455,753
187,823
85,252,476,601
212,546,995
105,230
266,884,995
202,258
28,771
406,614
281,543
79,541,654
370,777,798
11,225,773
106,270
381,680
683,919
21,121
269,770
112,262,792
507,988
113,265,278,909
172,190,644
321,742
17,832
20,286,583,606
5,14,800
969,973
579,641
477,944
55,496
455,644,987
71,741
46,251,365,638
328,974
15,119,844
8,168,583
263,330
70,444
263,290,825,946
72,983
350,367,627
216,883
4,612,935
440,743,836
101,527
44,146,156
485,488
290,450,697
632,944
585,990
343,418
62,824
19,523,806
56,265,588,716
42,858,993
339,425,619
322,481
330,552,736
311,467
13,86,88
236,856
334,601,709
398,988
217,588
280,367
408,651,668,758
563,578
355,450
153,239
82,702
446,745
183,199,672
13,366
727,747
142,180,276
795,882
16,17,237
6,262
8,23,217
233,237,559,847
150,294,441
126,232,575,776
449,933
149,337
56,475
113,141,346
174,191
621,974
689,718
576,879
149,476
1,15,376,522
134,400,490
603,685
96,474,547,580
257,905
276,477
405,502
143,378
240,372
226,374
501,681
282,661
28,281,877,965
237,314
120,145,506,551
765,966
246,643,743
493,827,917
275,301
76,125,128,986
54,571,577
102,204,881,936
248,835
218,294
177,542,569,830
236,266
442,682
70,609
41,197
482,846,927
189,534
4,6,111,814
62,68,545,657
148,490,652,932
82,296,469
55,653
37,961,997
92,969
8,388
46,204,287,702
194,543,783
2,307,319,430
53,114
243,760,892
215,805
72,179
116,221,333
131,895
38,984
770,817
107,906
45,375,467,893
4,96,534,794
65,121,168
38,283
129,996
21,139,348,739
49,326
19,759
7,252,604
276,520
45,447,530
39,48,397
95,162,395,581
290,542
2,126
318,418,782,990
24,275,377
17,20,435
712,852
23,79,315,840
83,910
271,431
159,342
470,907
99,241,335,469
192,260
70,550
54,223,586
122,529
287,356
78,262
36,79
200,214
400,667
191,957
280,838
304,842
524,679
229,290
115,833
31,116,270,654
612,902
244,427,559
56,955
42,199
165,543,544,882
153,370
439,463
189,542
19,139
600,748
159,264
174,381
536,611
35,85,731,1000
230,526
64,716
31,39,619
49,78,206,782
152,433
676,748,957
100,934,947
575,909
582,979
570,822
75,98,845
247,956
14,812,910
3,692,725
714,831
70,215
143,198,715
391,681,846
110,298,308
330,658,719
13,94
18,218,385,669
757,871
244,540
103,643
344,760
1,62,176,752
106,809
95,939
153,323
21,573
268,712
90,142
346,872
62,141
213,428
15,392,974
111,510,665,732
147,989
644,836
78,334,550,923
45,275,461,592
42,552,681,980
114,376,588
183,261
474,894
305,353
275,482
277,464
5,560
27,130,302,382
37,160
409,750,971
88,165,239,516
376,557
396,808,841,921
156,180,284,994
191,194,379,382
72,157
37,814
105,938
188,214
284,323
33,790
314,463
138,830
360,461
60,118,468,703
139,524
134,147,677,839
30,298,451,659
83,698
232,253,257,327
769,959
2,366
22,115,404,852
42,707
67,581
410,564
133,158
125,518
118,772
154,726
26,326,928
25,187,410
138,447
69,408
373,867
88,485
76,422
196,382,575
319,505
136,250
517,965
511,992
449,870
112,555
348,584
109,157,422
545,901,996
152,213,600
173,919
762,815,947
353,437
43,140
182,397
9,347
374,633
222,516
9,127,402,940
480,952
35,530
68,135,650
10,68,258,477
340,648
24,909
68,98
3,484
202,274,613,821
256,329
3,219
29,555
165,439
89,311,432,948
11,44,744
102,228,662
68,212
20,342,535
434,619
224,286,385,684
65,350,498
96,465
27,289,351,796
264,436,556
126,312
18,99,891
74,928
108,216
353,920
161,320,597,963
57,687
223,539
217,452,836
65,590,842
457,960
339,659
168,368
510,528,559,920
102,552
630,904
523,642,670
237,459
342,478
3,31
233,783,857
54,408
99,228
364,429,676
516,870
119,302
52,55
71,693
501,859
261,523
32,103
37,813
231,608
74,800
177,215
292,548
538,561,595
110,811
158,449,584
201,821
182,763
633,924
190,953
610,632
6,96
436,904
271,916
21,67,81,764
140,496
24,788
21,34,361
539,719
819,834
3,726
236,892
53,844
237,617,839
123,672,954
326,533
18,151,208
261,410,945
69,223
10,136,516,635
22,229
563,747,915
578,651
240,631
299,872,966
15,322
366,896
504,713,985
132,158,983
264,942
156,959
11,49
346,574
225,243
90,611,800
196,326
17,722
829,919
230,725,992
102,458,688,826
288,337,360
65,986
85,108,181,267
288,505
63,152,209,679
458,648
339,709,735
658,736
481,493
26,150,954
79,167
386,515
302,704
86,754,848
146,404
372,385,665,778
368,809
498,752
123,141,308,665
606,613,624,888
66,948
108,539
132,619,777
615,728
247,994
328,862
167,232,265
205,541,750
239,660
198,204,222
402,786
551,862
69,73
368,385,524
359,892
18,218
434,733
47,316
99,101
31,112,883
12,301,454,787
205,759,831
17,242,854
307,383
61,149,800
24,669
642,658,706
56,327,456
30,888
123,431
10,425,648
142,154,387
499,565
214,273,600
77,324
474,547,697,787
142,204,328,332
112,405
751,828
126,184
73,199
5,250
625,723,932
873,973
336,375
113,278
144,999
104,283,590
22,652,674,734
9,642
224,395
267,607
179,742
689,792
249,753,937
127,477,865
317,809
106,225,773
256,423,955
424,589
451,680
164,219,460
421,569,854,863
317,353,761
218,317,343
37,196,610
144,278,289,947
187,215,360
38,143,692
364,488,708
150,528,536
412,892,906
71,375,795
84,89
45,569
61,558
1,719
71,202,891
430,641
120,137
372,409,622,775
61,193,605,769
66,219,386
359,830,868
227,412
345,860
224,922
236,533,586,640
433,576
49,332
134,949
275,832,945
212,445,963
100,370
252,900
154,296,489,613
92,576
215,315,414,436
93,392,678
13,655,759
10,285
40,324
121,578
64,943
354,511
137,455
8,201
39,336
256,492
60,183,513
858,883
88,100,733
128,195,721
17,341,433
244,384
468,991
64,345,676
158,699
43,580
35,166
331,351
133,194
20,672,859
41,87,195,853
86,123,210,255
80,845
307,507
59,571
19,532
19,38,54,899
846,937
423,538
494,591,805
264,403
191,331,381,711
508,875
27,748
209,911
336,634,726
208,333
26,249
73,781
309,399,792
80,465
56,976
283,627
147,287
259,435,623
277,415
13,54
26,305
165,735
270,348
603,858,866
200,971
444,478,567
427,525
44,79
67,592,660
476,793
106,369
80,733,764
519,822
87,905
97,137,514,925
68,441
131,155,250,487
2,47,827
148,823
118,747
14,533
4,347
278,691
373,962
113,316,829
121,544
36,516,761
50,52,59,488
404,445
170,680
29,343
143,682,857,934
430,760
136,520
157,843
362,594
128,359
535,659
40,135,172,741
25,177,461
51,539
183,410
39,49,254
342,349
101,180,835
240,464
598,790
417,492,624,729
540,590,686
245,363,375,584
157,175
141,372
191,314,721,847
739,767
55,515,810
537,589
115,670
87,122,211,696
84,130
130,318
322,675
82,275,977
187,269,997
203,667,975
85,337
176,895
9,83,99
415,534
260,826
118,725,911
84,291
7,78
35,579
268,345
63,881
41,125
110,421,772
213,220
3,664
115,211,552
25,47,636,700
282,368,470,600
291,675,912
151,303,422,779
109,173,898
405,729
11,193
35,73
5,673,712
67,157,517
523,987
423,810,898
627,655,688
31,111
620,777
32,757
15,151
202,363,803
252,566
213,984
104,625
192,377
66,693
187,982
29,333
77,163,480
220,484,621
25,251
64,901
486,646
256,606
185,280
259,899
587,788,978
34,245
208,615
64,967
