23,31
20,27
3,31
2,31
32,33
13,54
25,50
16,75
15,48
18,79
20,61
14,37
26,66
7,78
25,65
11,49
11,53
9,36
69,73
26,116
54,55
33,115
52,55
32,103
33,97
21,121
67,71
19,139
6,96
5,114
18,115
7,149
44,79
23,129
35,73
24,135
36,79
12,95
51,69
13,94
44,58
30,84
31,111
3,219
62,141
75,137
44,101
41,134
22,229
15,151
14,171
43,137
16,178
41,125
57,88
76,132
53,114
10,165
63,128
27,240
30,242
34,100
68,98
8,201
62,114
12,207
43,126
73,127
43,140
61,101
14,228
12,234
1,242
65,134
11,193
45,85
42,124
47,140
68,212
45,215
28,270
1,321
55,207
44,171
35,166
15,373
41,197
7,300
110,130
107,125
34,245
53,171
29,343
5,249
25,251
72,179
50,179
30,328
8,388
77,166
72,197
7,254
42,199
6,262
15,281
4,347
2,366
15,322
99,101
13,362
26,305
108,145
79,167
30,389
37,160
25,310
29,333
10,281
33,267
7,332
112,130
97,139
39,163
80,81
26,249
9,390
81,147
27,292
90,142
69,223
23,332
129,142
73,199
24,289
75,172
13,323
9,293
8,325
70,215
32,382
117,138
84,89
5,250
58,225
13,366
12,297
31,248
91,107
58,206
72,157
48,159
9,347
84,130
7,374
50,209
120,137
76,269
118,176
83,193
39,280
5,598
119,381
14,456
72,263
14,533
4,560
48,376
47,316
97,184
133,158
135,381
14,536
10,408
56,362
75,247
137,216
19,532
86,238
40,334
71,285
106,181
39,336
126,184
5,560
104,230
76,348
7,453
100,207
110,231
3,484
105,230
136,161
98,217
132,219
2,483
139,213
57,394
119,188
4,554
40,324
16,530
78,262
42,355
49,332
80,189
141,209
133,194
99,228
69,263
74,307
77,324
91,175
110,224
24,574
147,233
29,611
32,479
108,216
75,263
145,189
68,389
14,624
49,326
124,184
66,357
21,573
38,283
149,226
112,156
39,368
113,203
7,483
93,163
29,555
122,217
26,469
50,386
35,579
134,314
141,372
154,180
147,287
170,194
53,509
52,551
54,408
145,258
8,941
219,220
122,286
19,759
17,722
8,916
95,312
130,318
17,711
181,216
21,795
45,569
98,354
11,756
141,388
78,537
59,571
128,359
126,312
51,616
106,369
18,713
3,865
12,773
57,540
144,310
121,279
61,558
22,661
182,239
30,888
149,258
57,408
20,732
22,798
46,568
149,337
16,834
33,790
57,570
36,462
10,770
3,726
57,541
34,519
138,295
188,231
52,577
9,738
119,302
130,264
118,385
84,291
22,875
21,984
17,786
3,664
9,642
1,938
17,832
56,475
107,383
16,998
153,239
144,358
65,460
136,250
40,607
60,580
1,657
4,844
32,757
207,213
76,422
27,890
106,270
70,444
43,580
129,254
150,391
197,208
177,215
169,214
76,490
174,381
89,292
81,301
102,315
100,370
28,771
69,408
64,409
101,349
213,220
43,568
232,238
21,798
89,253
74,489
12,999
60,457
35,530
92,393
51,447
33,719
68,441
129,347
1,719
27,748
70,609
83,369
77,550
85,337
120,312
174,191
200,214
50,619
143,348
23,883
38,493
54,414
146,259
67,596
24,788
17,639
56,606
6,807
157,175
15,896
143,378
67,581
11,675
15,900
188,214
24,669
55,496
21,627
70,550
35,521
225,243
24,909
53,808
36,978
175,336
113,472
53,920
137,455
139,396
109,556
69,945
95,513
52,637
241,285
244,384
149,476
48,798
57,687
100,591
194,279
78,844
124,580
40,804
61,866
64,967
39,708
92,439
136,520
222,374
71,687
120,471
78,821
64,901
72,936
55,648
108,539
123,431
37,814
137,513
159,264
167,360
101,527
70,959
60,982
74,974
65,986
79,793
112,555
41,770
116,399
196,380
74,977
46,955
51,650
75,998
88,485
55,653
52,847
74,928
146,399
198,340
138,447
66,948
178,309
91,471
58,746
47,973
46,694
71,693
127,536
142,476
109,441
64,716
85,513
91,521
128,585
218,294
52,893
102,552
122,529
125,518
45,647
103,438
192,260
56,976
60,820
121,544
92,581
62,769
192,377
237,314
62,943
161,313
74,800
47,639
185,304
363,381
104,625
56,796
236,266
124,564
177,316
73,781
243,293
132,525
88,577
102,560
72,983
183,261
191,321
147,515
107,459
192,296
202,258
198,387
110,526
56,955
42,707
45,964
167,325
150,598
80,465
36,727
181,383
203,324
153,370
209,384
226,374
146,404
229,290
161,384
93,499
139,524
111,535
47,780
78,629
185,280
121,578
159,342
198,303
46,834
153,323
63,723
96,465
199,290
86,451
59,886
63,881
168,368
162,282
53,844
66,645
203,390
98,572
125,481
131,438
178,378
91,596
92,576
71,741
65,749
62,824
168,261
112,405
63,847
58,713
190,294
41,817
155,274
240,372
59,746
66,693
99,403
196,326
101,617
241,323
53,929
57,878
79,790
208,333
37,813
72,779
210,278
158,314
64,811
78,964
36,664
229,297
38,984
226,270
64,943
133,524
234,394
152,272
84,518
230,331
140,496
228,412
90,865
152,433
284,323
223,539
138,985
211,445
137,642
166,505
87,905
84,950
232,495
228,615
144,999
240,464
253,345
83,910
203,447
220,620
221,495
2,126
141,772
129,936
102,874
186,412
120,803
102,702
114,744
110,811
331,351
268,345
375,386
252,316
344,379
134,949
213,428
178,503
244,540
231,608
305,353
148,958
353,354
150,837
114,626
155,555
124,962
138,830
206,561
157,426
82,702
257,345
129,631
182,467
94,767
103,869
221,624
81,970
97,670
208,615
179,400
342,349
90,812
182,397
229,412
209,562
243,522
189,534
246,389
365,371
147,989
129,996
161,497
246,354
307,383
370,387
171,599
174,479
195,416
126,859
122,840
214,587
246,392
140,955
115,833
275,301
232,436
242,457
221,546
98,775
288,371
329,388
251,393
191,466
103,643
108,801
223,398
146,929
263,330
105,938
119,860
270,348
317,333
227,412
193,608
149,841
84,650
272,366
318,389
336,375
334,355
210,420
211,479
173,436
98,978
184,553
222,516
262,339
131,895
115,670
309,369
214,522
269,336
165,439
95,939
223,527
115,711
316,352
127,769
130,863
131,989
131,880
148,823
119,710
265,318
273,306
118,772
256,329
280,367
118,747
91,645
234,483
130,818
174,501
165,525
108,755
237,459
87,713
183,410
287,356
294,349
224,395
106,809
148,723
179,432
131,786
240,395
123,829
184,610
125,652
302,304
192,421
95,735
83,698
80,845
144,856
203,496
230,526
367,378
224,440
216,445
107,906
303,374
83,797
160,599
172,482
127,766
189,542
217,588
161,429
260,389
190,595
162,475
160,483
92,969
353,416
209,911
331,441
310,497
261,523
353,437
314,463
167,788
390,470
352,527
200,747
382,604
322,481
264,403
340,540
247,404
325,451
176,684
312,421
189,846
343,492
276,477
361,397
191,957
268,506
214,878
287,407
229,646
176,757
170,680
254,486
217,730
371,402
166,776
227,820
259,403
169,837
358,553
375,559
236,801
216,883
220,671
158,699
362,594
215,805
195,886
379,617
168,783
224,922
196,654
345,594
197,759
179,742
236,856
281,543
211,939
238,967
183,907
380,546
200,837
167,901
347,419
193,638
245,667
154,726
190,953
381,680
268,502
239,660
156,959
277,415
236,892
343,418
276,520
171,720
187,823
311,519
376,557
321,447
331,478
181,799
18,218
172,658
193,874
253,594
275,482
360,461
394,404
301,584
192,778
388,542
169,729
195,820
299,529
339,542
292,548
271,431
322,407
319,505
342,478
324,521
326,533
240,631
153,668
361,424
348,584
232,857
303,460
188,717
157,843
346,525
252,566
288,505
201,821
277,464
338,578
257,564
256,606
222,866
307,507
218,977
351,623
386,515
318,420
267,607
256,492
299,511
186,935
354,511
173,919
255,509
227,834
152,958
355,450
176,895
242,788
243,766
213,984
210,644
200,971
346,574
311,467
357,525
330,553
296,536
182,763
165,735
273,411
216,784
168,655
286,591
290,542
393,581
173,871
313,401
187,982
197,885
156,995
301,946
459,578
433,576
273,957
359,892
267,825
411,625
328,862
428,475
262,695
274,903
345,860
439,557
390,868
448,506
283,677
481,493
377,638
302,704
321,742
299,828
10,285
259,899
391,954
351,850
292,913
320,694
298,913
252,900
567,579
428,441
272,864
123,141
310,922
478,512
595,602
340,693
527,550
302,635
265,848
271,668
268,712
28,208
337,919
322,678
407,517
325,699
388,971
280,838
574,575
427,440
314,949
563,578
374,633
492,556
500,502
271,824
252,656
413,417
278,691
404,445
371,969
439,463
324,931
337,894
397,519
346,872
558,599
304,924
415,613
612,625
537,589
339,659
274,748
308,976
419,424
554,603
272,867
260,826
366,896
305,909
282,661
464,485
286,842
283,627
392,805
437,504
269,770
297,889
413,439
357,737
343,629
256,727
423,538
334,815
458,549
311,906
298,716
564,568
291,939
261,833
300,808
322,675
304,714
250,975
246,696
410,564
415,533
325,704
299,772
415,534
583,602
278,887
317,809
340,648
466,495
424,589
373,867
247,956
247,994
379,756
319,705
330,663
406,614
298,884
338,915
383,952
266,694
459,596
419,618
546,615
437,605
485,488
319,873
350,682
536,611
353,920
251,956
376,737
499,565
398,430
257,905
295,938
605,615
326,665
319,706
373,962
409,556
248,835
255,975
271,916
364,908
285,859
454,499
427,525
295,820
440,573
276,835
291,729
413,594
328,974
405,502
303,926
362,867
344,760
307,856
434,619
272,996
486,618
346,775
307,852
292,854
450,609
299,922
304,842
270,925
290,739
366,791
562,584
268,954
368,809
555,569
297,958
370,828
330,849
592,841
603,901
4,6,180
8,23,217
468,991
16,17,237
16,46,223
18,59,235
560,720
9,83,99
13,86,88
2,26,383
532,924
46,140,145
27,118,205
17,20,435
611,789
21,34,361
19,38,373
20,99,173
454,740
26,32,835
65,121,168
39,49,254
558,994
5,14,800
25,117,363
61,94,233
579,641
104,143,148
44,146,156
18,151,208
451,876
54,133,153
29,208,226
6,44,415
430,760
31,39,619
29,123,359
30,73,569
474,768
2,174,321
3,116,610
24,170,277
405,729
3,197,254
39,48,397
13,59,640
616,827
81,128,179
2,47,827
34,55,582
562,629
1,119,419
11,44,744
76,237,241
479,971
66,71,448
14,58,632
25,166,341
549,889
11,87,548
60,173,210
22,117,463
406,993
40,56,520
13,92,433
35,37,452
508,676
32,176,604
97,159,231
68,89,526
472,874
12,355,359
5,153,517
25,187,410
453,917
90,151,219
26,90,662
66,219,386
465,664
59,128,465
31,112,883
113,141,346
609,998
52,142,509
27,143,943
15,119,844
554,746
33,112,697
70,144,514
30,159,456
598,790
51,61,626
22,186,566
81,133,376
503,714
24,275,377
8,168,583
25,177,461
585,990
50,94,586
49,185,288
40,120,579
434,660
72,244,387
18,99,891
26,150,954
486,646
140,227,313
61,149,800
60,183,513
603,685
24,320,585
48,245,458
44,253,300
559,791
94,176,380
17,242,854
7,252,604
602,789
77,163,480
108,117,547
48,128,934
432,879
91,94,563
16,234,649
94,100,471
490,667
11,225,773
68,135,650
67,157,517
557,986
77,240,489
75,98,845
116,221,333
589,985
1,260,478
8,357,522
43,229,429
501,859
17,341,433
116,222,293
16,221,864
449,983
28,333,418
233,241,245
39,338,377
519,822
67,269,271
142,154,387
42,135,1000
501,681
54,223,586
142,180,276
55,197,425
509,981
38,143,692
20,342,535
82,155,250
615,728
156,206,254
69,177,845
93,192,548
598,761
15,392,974
100,190,577
96,199,500
572,801
149,238,482
92,224,568
88,100,733
448,687
65,350,498
75,293,571
34,358,618
503,1000
9,258,891
11,255,930
71,202,891
554,647
82,143,744
41,348,493
187,215,360
437,781
56,327,456
198,209,336
77,341,473
603,884
104,163,414
183,203,310
115,211,552
578,651
110,298,308
88,204,500
80,239,422
480,952
75,162,804
77,339,424
167,232,265
472,816
154,164,293
106,127,874
60,315,443
607,740
129,268,349
25,352,875
193,194,300
431,722
28,323,918
76,220,708
69,186,850
411,821
29,282,785
19,493,494
26,326,928
398,988
6,292,755
63,288,397
45,263,473
595,929
109,157,422
160,358,360
144,365,471
416,921
62,530,572
10,426,890
118,231,912
469,953
128,195,721
117,186,988
45,447,530
449,933
131,350,440
103,160,762
104,283,590
401,947
133,198,751
109,173,898
243,332,347
565,706
4,612,935
43,247,758
32,605,728
487,777
105,242,885
87,230,765
54,571,577
513,707
114,376,588
218,317,343
48,485,614
494,734
19,523,806
188,351,362
96,248,489
426,899
152,213,600
89,362,457
159,311,338
417,978
71,375,795
103,319,497
102,228,662
399,781
89,364,395
215,295,358
190,201,487
491,827
6,419,985
132,158,983
73,531,601
449,870
82,296,469
64,345,676
40,507,550
502,836
34,369,706
16,514,969
164,219,460
523,987
201,269,349
244,315,367
99,164,633
570,822
34,384,779
19,414,949
147,250,425
567,991
146,154,682
143,198,715
10,425,648
623,967
1,518,815
13,432,653
135,199,863
481,764
101,180,835
32,518,838
206,305,320
474,894
84,242,816
106,225,773
178,212,607
398,754
169,210,573
93,192,786
235,239,481
455,753
29,500,961
41,438,545
142,394,530
470,907
150,294,441
94,387,705
70,461,673
524,679
13,655,759
214,273,600
8,643,784
590,855
134,400,490
174,186,970
40,570,799
476,793
2,710,756
106,416,448
210,244,651
446,745
97,567,592
96,267,768
43,450,833
610,632
146,504,582
73,455,850
20,699,717
451,680
67,592,660
38,549,893
79,541,654
551,991
82,275,977
205,241,651
184,365,531
428,754
30,872,877
3,692,725
288,337,360
460,890
73,491,991
188,391,505
93,388,722
512,922
132,357,861
112,262,792
64,472,824
600,748
196,382,575
67,507,794
65,590,842
524,843
107,284,653
172,190,644
188,351,495
477,944
103,286,715
136,380,797
140,317,951
400,716
183,199,672
228,344,533
20,672,859
462,944
14,812,910
201,266,618
55,515,810
620,777
107,287,690
37,555,797
235,257,427
457,960
7,698,774
155,329,607
167,231,696
434,733
200,332,435
29,738,886
114,520,582
458,677
113,316,829
166,374,409
42,402,666
531,646
93,392,678
5,673,712
116,295,666
495,876
150,528,536
155,213,979
18,741,813
406,864
115,358,692
27,152,175
36,516,761
621,974
182,356,612
65,653,740
182,407,426
400,667
119,587,701
120,574,795
200,461,600
453,736
110,421,772
245,276,633
59,751,867
522,650
132,544,780
300,364,443
37,961,997
402,786
132,619,777
206,514,623
124,508,666
420,923
123,573,904
90,611,800
135,572,691
496,755
300,309,477
109,492,872
103,466,877
458,648
134,434,817
153,399,463
239,373,721
591,640
310,341,486
157,383,705
41,902,970
621,628
109,438,718
127,477,865
170,318,684
421,855
28,208,259
105,538,730
368,385,524
416,968
134,601,703
211,498,512
187,269,997
557,693
219,402,599
177,251,674
202,363,803
507,988
185,485,517
165,338,721
224,392,938
148,185
42,858,993
244,427,559
335,387,529
410,787
273,379,534
37,702,802
81,586,737
582,843
158,449,584
220,484,621
349,521,528
566,977
281,356,926
227,564,805
317,353,761
535,942
274,528,554
96,712,858
327,379,940
575,765
111,717,948
122,911,972
183,621,813
454,910
289,327,776
338,355,824
339,425,619
442,682
247,430,496
393,396,400
291,420,438
473,787
138,649,994
226,443,628
212,445,963
539,719
212,592,862
168,532,965
248,322,873
516,870
195,543,741
337,444,579
218,509,968
488,932
303,467,506
246,308,757
162,403,809
452,826
123,672,954
107,875,970
264,436,556
541,965
382,475,538
151,508,980
217,452,836
585,688
377,514,612
340,427,577
331,462,605
529,887
212,546,995
87,659,796
249,396,487
620,853
104,791,880
95,641,968
100,934,947
570,707
194,543,783
259,435,623
163,449,886
490,803
237,617,839
80,733,764
124,889,972
576,879
118,725,911
175,540,861
205,614,934
517,965
350,367,627
164,489,975
205,541,750
589,860
243,411,749
201,515,982
169,545,914
575,909
340,370,833
226,621,928
86,754,848
436,904
161,622,935
181,401,860
189,501,868
417,913
386,479,897
205,759,831
171,794,842
535,659
284,557,750
364,429,676
364,488,708
515,668
392,565,816
256,423,955
198,204,222
430,641
378,617,831
261,410,945
456,475,593
612,902
255,593,895
309,399,792
203,667,975
414,806
230,725,992
159,643,897
234,647,656
582,979
538,561,595
230,722,941
287,622,879
551,862
444,478,567
343,462,940
330,552,736
563,879
334,601,709
538,585,593
243,760,892
418,884
272,431,776
233,783,857
280,464,878
435,717
290,450,697
189,735,993
372,450,763
511,992
37,196,610
277,593,701
5,36,90,218
504,870
327,483,684
23,63,108,386
52,57,104,235
547,849
385,398,914
29,72,111,624
50,52,59,488
570,710
19,38,54,899
329,395,877
4,28,174,424
508,875
4,6,111,814
12,85,145,251
154,917,951
498,752
1,15,376,522
18,49,82,698
21,67,81,764
561,746
297,473,862
1,62,176,752
50,80,194,384
444,670
380,537,789
125,133,163,233
51,70,199,470
714,948
144,145,187,216
200,825,937
10,68,258,477
645,686
90,109,116,289
27,130,302,382
391,681,846
751,828
74,88,233,311
21,82,245,401
86,123,210,255
698,744
455,499,889
5,23,443,654
2,38,126,371
953,979
275,832,945
11,106,266,608
71,131,220,531
689,792
53,86,177,594
258,771,807
76,125,128,986
803,935
85,108,181,267
28,36,519,597
336,634,726
630,904
28,164,248,306
49,78,206,782
3,190,305,328
896,992
491,512,683
32,68,372,829
22,160,187,553
709,731
341,807,898
23,79,315,840
51,60,363,591
685,753
41,87,195,853
249,753,937
30,64,466,823
683,750
33,77,470,851
76,237,350,368
494,591,805
885,989
50,148,205,678
21,139,348,739
12,236,295,406
908,918
312,656,815
82,105,156,486
40,135,172,741
739,767
309,695,913
49,101,162,891
46,125,227,900
732,967
31,116,270,654
330,658,719
44,85,350,976
694,740
17,113,588,941
22,115,404,852
457,484,774
766,903
42,140,316,850
23,248,328,484
19,151,431,494
771,825
518,545,818
25,47,636,700
62,68,545,657
636,707
296,626,881
142,204,328,332
62,170,235,701
848,849
88,165,239,516
425,480,927
