[205, 258, 292]
[203, 208, 256]
[51, 196, 314]
[9, 11, 235]
[29, 64, 65]
[31, 175, 209]
[186, 245, 277]
[30, 175, 193]
[71, 72, 167]
[126, 174, 317]
[152, 169, 213]
[22, 279, 323]
[207, 227, 294]
[37, 88, 239]
[136, 144, 272]
[30, 186, 193]
[101, 210, 221]
[51, 73, 196]
[41, 76, 92]
[167, 169, 323]
[55, 94, 108]
[12, 222, 249]
[71, 153, 167]
[17, 184, 198]
[138, 220, 221]
[41, 76, 107]
[13, 259, 306]
[87, 135, 286]
[47, 80, 108]
[11, 122, 235]
[140, 145, 166]
[58, 127, 206]
[1, 2, 171]
[8, 47, 97]
[141, 172, 202]
[6, 226, 298]
[144, 269, 299]
[32, 114, 115]
[203, 207, 215]
[7, 8, 76]
[107, 108, 247]
[144, 145, 269]
[206, 209, 302]
[124, 127, 135]
[100, 174, 184]
[205, 303, 305]
[77, 127, 163]
[23, 126, 177]
[91, 92, 101]
[124, 127, 175]
[52, 62, 231]
[276, 288, 299]
[258, 288, 303]
[59, 170, 317]
[83, 124, 175]
[30, 58, 82]
[23, 177, 188]
[29, 64, 86]
[44, 45, 46]
[40, 72, 167]
[55, 247, 277]
[35, 147, 297]
[32, 61, 64]
[218, 219, 226]
[29, 86, 101]
[20, 90, 104]
[202, 268, 276]
[31, 163, 192]
[71, 128, 167]
[52, 93, 270]
[134, 218, 243]
[94, 127, 186]
[49, 73, 196]
[1, 74, 152]
[80, 81, 326]
[219, 243, 259]
[85, 101, 130]
[9, 272, 276]
[91, 101, 115]
[36, 38, 127]
[88, 176, 239]
[30, 82, 83]
[16, 61, 115]
[14, 56, 124]
[71, 80, 167]
[41, 92, 107]
[280, 301, 305]
[6, 112, 218]
[61, 65, 70]
[184, 189, 196]
[78, 101, 210]
[135, 245, 312]
[82, 83, 135]
[28, 76, 91]
[166, 258, 280]
[82, 163, 186]
[250, 282, 310]
[89, 226, 243]
[61, 93, 116]
[21, 155, 167]
[144, 293, 305]
[21, 167, 169]
[71, 81, 326]
[31, 178, 302]
[187, 195, 201]
[138, 139, 221]
[4, 42, 47]
[17, 138, 139]
[47, 92, 97]
[98, 174, 177]
[59, 98, 195]
[63, 146, 201]
[95, 149, 187]
[184, 199, 202]
[203, 215, 227]
[71, 81, 169]
[9, 10, 316]
[29, 64, 121]
[58, 175, 186]
[33, 61, 232]
[72, 95, 158]
[61, 78, 79]
[16, 33, 65]
[84, 193, 206]
[299, 301, 305]
[142, 287, 307]
[5, 90, 106]
[49, 118, 195]
[170, 171, 188]
[31, 176, 178]
[52, 103, 159]
[36, 38, 210]
[28, 92, 101]
[3, 4, 47]
[31, 178, 181]
[18, 288, 299]
[26, 149, 323]
[111, 124, 277]
[8, 61, 70]
[41, 47, 97]
[9, 112, 113]
[73, 188, 196]
[145, 287, 291]
[179, 181, 233]
[203, 254, 326]
[25, 102, 103]
[98, 99, 126]
[199, 215, 223]
[145, 166, 172]
[98, 170, 320]
[141, 142, 269]
[6, 138, 139]
[22, 75, 279]
[18, 45, 262]
[21, 22, 155]
[122, 210, 221]
[49, 177, 188]
[73, 160, 170]
[60, 180, 184]
[91, 92, 130]
[108, 178, 209]
[60, 100, 174]
[134, 219, 298]
[60, 184, 201]
[7, 8, 107]
[69, 158, 164]
[64, 114, 121]
[205, 258, 269]
[75, 102, 155]
[58, 78, 132]
[26, 152, 323]
[84, 135, 161]
[7, 28, 85]
[4, 32, 115]
[82, 122, 186]
[95, 158, 187]
[58, 161, 302]
[31, 209, 266]
[27, 128, 318]
[75, 149, 151]
[34, 35, 263]
[9, 281, 303]
[37, 70, 94]
[229, 243, 259]
[171, 184, 199]
[98, 177, 188]
[94, 108, 129]
[73, 171, 196]
[7, 41, 66]
[12, 112, 113]
[12, 89, 112]
[54, 180, 231]
[16, 70, 127]
[98, 99, 201]
[265, 272, 281]
[141, 142, 281]
[98, 126, 320]
[32, 107, 232]
[5, 12, 106]
[2, 75, 279]
[4, 47, 92]
[82, 186, 277]
[7, 8, 37]
[58, 77, 127]
[1, 22, 155]
[115, 176, 302]
[50, 59, 184]
[147, 263, 297]
[142, 235, 287]
[60, 98, 174]
[30, 175, 186]
[49, 126, 317]
[287, 292, 301]
[101, 163, 221]
[22, 49, 187]
[5, 113, 134]
[126, 177, 317]
[184, 202, 205]
[107, 259, 306]
[108, 178, 206]
[77, 127, 175]
[141, 142, 301]
[32, 61, 115]
[31, 116, 178]
[21, 155, 318]
[115, 176, 206]
[88, 238, 261]
[13, 259, 262]
[77, 78, 221]
[36, 38, 116]
[47, 71, 167]
[66, 85, 92]
[61, 64, 115]
[51, 173, 260]
[5, 112, 259]
[172, 272, 281]
[215, 234, 256]
[64, 115, 176]
[36, 38, 181]
[144, 258, 299]
[6, 112, 219]
[12, 197, 249]
[72, 126, 173]
[25, 26, 93]
[21, 80, 155]
[6, 139, 321]
[25, 103, 167]
[71, 72, 196]
[51, 60, 177]
[59, 118, 184]
[112, 216, 298]
[58, 161, 220]
[92, 101, 107]
[9, 280, 303]
[272, 285, 301]
[212, 229, 243]
[142, 202, 305]
[145, 166, 305]
[17, 138, 198]
[29, 61, 86]
[13, 107, 108]
[59, 195, 317]
[175, 261, 302]
[75, 155, 167]
[28, 76, 85]
[14, 15, 135]
[55, 135, 225]
[145, 272, 281]
[89, 134, 229]
[43, 124, 277]
[207, 254, 296]
[26, 74, 102]
[55, 246, 286]
[57, 78, 79]
[35, 148, 297]
[11, 178, 235]
[113, 217, 243]
[87, 247, 286]
[145, 166, 276]
[58, 221, 302]
[98, 184, 320]
[89, 134, 243]
[65, 264, 312]
[55, 122, 135]
[6, 18, 218]
[89, 112, 113]
[7, 66, 107]
[6, 105, 217]
[77, 163, 277]
[60, 99, 174]
[89, 134, 249]
[72, 184, 320]
[111, 135, 277]
[1, 2, 131]
[9, 10, 133]
[181, 192, 309]
[107, 108, 130]
[132, 161, 191]
[3, 32, 107]
[43, 186, 277]
[301, 303, 305]
[9, 11, 303]
[5, 19, 113]
[66, 85, 108]
[205, 280, 299]
[60, 73, 196]
[83, 127, 302]
[63, 98, 189]
[73, 75, 187]
[64, 115, 116]
[111, 135, 236]
[8, 48, 92]
[102, 109, 318]
[61, 64, 114]
[102, 103, 131]
[51, 173, 196]
[104, 105, 243]
[173, 260, 314]
[144, 145, 285]
[172, 205, 258]
[202, 205, 291]
[92, 107, 108]
[27, 155, 318]
[112, 217, 249]
[98, 100, 174]
[142, 281, 313]
[33, 65, 116]
[30, 122, 193]
[131, 279, 318]
[281, 293, 305]
[265, 281, 322]
[74, 75, 151]
[59, 171, 184]
[72, 260, 314]
[173, 196, 314]
[94, 107, 108]
[141, 142, 287]
[41, 101, 108]
[58, 206, 209]
[27, 74, 149]
[144, 166, 273]
[58, 127, 163]
[64, 65, 130]
[28, 32, 115]
[73, 126, 170]
[249, 296, 326]
[17, 117, 130]
[89, 106, 222]
[269, 288, 299]
[58, 132, 309]
[74, 75, 102]
[49, 72, 177]
[88, 232, 261]
[14, 124, 135]
[9, 281, 293]
[113, 228, 306]
[13, 18, 20]
[82, 111, 135]
[71, 155, 167]
[9, 235, 316]
[92, 108, 114]
[205, 258, 272]
[142, 144, 287]
[170, 174, 317]
[145, 166, 299]
[41, 76, 85]
[4, 28, 108]
[134, 216, 306]
[101, 115, 130]
[80, 81, 128]
[26, 102, 167]
[51, 73, 173]
[60, 184, 187]
[136, 144, 305]
[174, 177, 317]
[9, 10, 276]
[265, 268, 276]
[104, 134, 259]
[126, 188, 317]
[100, 126, 177]
[117, 121, 130]
[71, 80, 194]
[292, 301, 305]
[28, 91, 107]
[99, 126, 177]
[37, 56, 135]
[37, 70, 186]
[16, 61, 121]
[28, 61, 115]
[144, 269, 285]
[28, 29, 32]
[35, 148, 244]
[223, 254, 256]
[28, 32, 130]
[103, 178, 209]
[4, 36, 37]
[144, 273, 305]
[112, 216, 228]
[107, 177, 317]
[63, 180, 275]
[175, 176, 209]
[4, 86, 121]
[77, 84, 163]
[26, 151, 223]
[103, 232, 312]
[31, 178, 266]
[1, 22, 171]
[29, 32, 115]
[176, 178, 179]
[72, 73, 188]
[141, 144, 205]
[13, 222, 259]
[178, 179, 191]
[87, 88, 247]
[76, 86, 101]
[6, 89, 112]
[16, 32, 61]
[4, 48, 115]
[52, 62, 67]
[106, 134, 219]
[4, 108, 115]
[232, 236, 264]
[108, 114, 127]
[108, 178, 191]
[87, 225, 286]
[6, 216, 217]
[134, 218, 298]
[108, 124, 232]
[31, 176, 182]
[141, 301, 307]
[11, 172, 293]
[107, 121, 127]
[26, 155, 167]
[144, 205, 293]
[142, 268, 281]
[141, 172, 299]
[17, 138, 262]
[82, 245, 277]
[138, 161, 191]
[64, 117, 121]
[22, 75, 152]
[4, 42, 85]
[73, 170, 177]
[9, 11, 265]
[172, 205, 299]
[91, 115, 116]
[153, 167, 202]
[9, 11, 316]
[49, 59, 60]
[62, 75, 125]
[8, 92, 127]
[214, 282, 311]
[107, 177, 188]
[48, 94, 163]
[87, 246, 247]
[89, 104, 112]
[5, 106, 197]
[184, 244, 297]
[223, 248, 326]
[217, 226, 290]
[138, 139, 321]
[72, 81, 194]
[31, 116, 176]
[172, 268, 281]
[28, 91, 130]
[219, 224, 226]
[16, 17, 116]
[245, 261, 277]
[77, 163, 175]
[149, 152, 155]
[11, 133, 265]
[18, 113, 217]
[78, 79, 220]
[42, 47, 121]
[47, 80, 111]
[94, 103, 108]
[6, 226, 262]
[58, 82, 193]
[77, 161, 163]
[141, 272, 305]
[281, 285, 298]
[199, 213, 215]
[269, 272, 273]
[75, 151, 155]
[205, 258, 287]
[37, 76, 108]
[53, 59, 63]
[107, 126, 170]
[145, 166, 272]
[108, 126, 170]
[87, 247, 264]
[49, 174, 196]
[78, 161, 179]
[81, 149, 152]
[15, 43, 312]
[77, 107, 127]
[276, 280, 305]
[280, 281, 299]
[41, 92, 101]
[32, 33, 85]
[237, 245, 277]
[134, 216, 243]
[52, 67, 231]
[57, 77, 163]
[22, 153, 155]
[10, 11, 133]
[22, 75, 81]
[14, 135, 312]
[73, 160, 196]
[31, 206, 209]
[21, 22, 187]
[63, 98, 195]
[108, 178, 286]
[83, 186, 302]
[95, 159, 275]
[70, 114, 127]
[3, 28, 101]
[72, 73, 194]
[25, 26, 109]
[21, 22, 25]
[26, 75, 151]
[18, 259, 262]
[13, 229, 249]
[207, 213, 326]
[59, 98, 173]
[110, 236, 264]
[172, 265, 287]
[17, 42, 47]
[56, 264, 286]
[213, 223, 326]
[126, 177, 316]
[49, 60, 118]
[31, 176, 302]
[136, 202, 272]
[49, 187, 196]
[20, 150, 224]
[103, 288, 299]
[43, 135, 267]
[142, 281, 293]
[100, 170, 174]
[5, 217, 222]
[87, 225, 267]
[4, 117, 130]
[7, 66, 108]
[29, 86, 115]
[9, 145, 166]
[87, 246, 264]
[21, 167, 323]
[73, 170, 188]
[49, 100, 118]
[32, 33, 86]
[147, 148, 297]
[28, 29, 76]
[147, 244, 251]
[144, 166, 276]
[126, 170, 177]
[205, 299, 303]
[49, 63, 125]
[173, 196, 260]
[78, 84, 163]
[58, 163, 245]
[28, 41, 92]
[207, 213, 296]
[67, 68, 231]
[28, 41, 47]
[3, 32, 38]
[33, 64, 65]
[51, 131, 159]
[112, 219, 243]
[16, 47, 107]
[17, 55, 92]
[6, 222, 249]
[50, 59, 73]
[213, 215, 326]
[112, 216, 262]
[31, 107, 132]
[25, 152, 153]
[28, 32, 76]
[73, 177, 196]
[33, 114, 116]
[150, 305, 313]
[7, 76, 94]
[110, 239, 261]
[17, 36, 76]
[22, 72, 155]
[28, 47, 107]
[145, 251, 285]
[83, 114, 116]
[163, 186, 277]
[73, 184, 196]
[7, 76, 107]
[29, 111, 277]
[5, 104, 230]
[140, 205, 258]
[33, 115, 116]
[166, 269, 299]
[291, 300, 305]
[135, 236, 277]
[82, 238, 277]
[144, 145, 299]
[28, 115, 130]
[2, 22, 318]
[17, 115, 121]
[40, 71, 167]
[74, 75, 169]
[202, 268, 293]
[53, 63, 125]
[118, 183, 185]
[4, 85, 108]
[21, 22, 323]
[58, 132, 186]
[134, 249, 259]
[63, 173, 184]
[135, 245, 277]
[94, 101, 108]
[98, 177, 187]
[56, 186, 277]
[77, 127, 135]
[163, 175, 186]
[7, 37, 127]
[58, 209, 302]
[33, 64, 115]
[57, 175, 186]
[32, 61, 114]
[57, 84, 302]
[18, 20, 104]
[8, 92, 116]
[29, 76, 101]
[73, 170, 173]
[26, 71, 75]
[32, 107, 115]
[4, 47, 94]
[133, 205, 269]
[84, 161, 163]
[76, 91, 92]
[58, 78, 79]
[18, 72, 87]
[218, 219, 262]
[58, 77, 175]
[49, 170, 171]
[203, 207, 208]
[102, 153, 167]
[9, 265, 288]
[72, 317, 320]
[61, 114, 116]
[5, 89, 106]
[203, 204, 256]
[53, 60, 183]
[65, 115, 116]
[142, 281, 305]
[149, 152, 169]
[166, 276, 285]
[142, 287, 305]
[166, 273, 301]
[13, 226, 259]
[22, 75, 128]
[51, 120, 196]
[73, 187, 196]
[49, 73, 187]
[25, 167, 323]
[100, 107, 126]
[13, 78, 108]
[30, 58, 193]
[6, 134, 218]
[59, 126, 177]
[9, 11, 313]
[100, 174, 183]
[21, 22, 95]
[41, 61, 91]
[104, 202, 293]
[110, 225, 239]
[172, 268, 276]
[28, 41, 108]
[59, 177, 188]
[11, 218, 219]
[149, 152, 154]
[161, 206, 324]
[141, 265, 287]
[20, 104, 217]
[15, 238, 284]
[33, 61, 114]
[84, 132, 161]
[71, 80, 81]
[232, 236, 312]
[94, 101, 107]
[101, 163, 186]
[41, 85, 101]
[205, 258, 288]
[78, 79, 132]
[199, 203, 215]
[203, 207, 326]
[122, 218, 219]
[136, 172, 276]
[139, 198, 241]
[126, 174, 177]
[57, 127, 175]
[42, 47, 107]
[75, 149, 155]
[239, 267, 277]
[83, 123, 135]
[236, 241, 286]
[112, 218, 243]
[75, 174, 274]
[161, 191, 210]
[28, 32, 101]
[141, 144, 272]
[55, 232, 286]
[6, 18, 219]
[144, 166, 269]
[76, 85, 91]
[71, 152, 213]
[29, 237, 277]
[17, 64, 121]
[148, 251, 285]
[142, 243, 281]
[113, 216, 306]
[88, 176, 178]
[127, 186, 277]
[166, 265, 272]
[51, 147, 285]
[9, 144, 285]
[100, 174, 177]
[14, 124, 232]
[105, 218, 249]
[111, 236, 241]
[232, 264, 312]
[41, 91, 179]
[141, 202, 258]
[61, 116, 232]
[144, 166, 301]
[144, 272, 281]
[17, 66, 112]
[95, 158, 275]
[32, 33, 116]
[64, 65, 121]
[136, 280, 305]
[72, 73, 173]
[59, 126, 188]
[108, 191, 302]
[13, 108, 259]
[112, 113, 298]
[5, 13, 226]
[5, 89, 197]
[41, 91, 115]
[238, 239, 261]
[37, 122, 127]
[35, 214, 311]
[77, 163, 179]
[38, 94, 108]
[82, 122, 135]
[4, 48, 97]
[280, 288, 299]
[78, 163, 193]
[84, 220, 221]
[78, 79, 178]
[4, 8, 108]
[18, 217, 249]
[104, 276, 293]
[71, 81, 128]
[113, 197, 249]
[72, 73, 174]
[141, 202, 205]
[301, 305, 322]
[72, 73, 171]
[288, 301, 305]
[145, 269, 299]
[145, 258, 280]
[218, 259, 298]
[202, 291, 292]
[55, 247, 286]
[11, 235, 292]
[108, 178, 302]
[9, 25, 71]
[258, 269, 303]
[57, 84, 161]
[111, 135, 237]
[60, 174, 184]
[150, 280, 287]
[178, 206, 302]
[14, 135, 186]
[172, 273, 305]
[72, 188, 194]
[49, 171, 187]
[30, 58, 221]
[133, 205, 303]
[136, 272, 285]
[57, 58, 84]
[13, 18, 112]
[202, 258, 288]
[64, 65, 114]
[112, 113, 228]
[102, 131, 167]
[51, 95, 270]
[108, 176, 178]
[145, 166, 285]
[161, 191, 324]
[77, 108, 178]
[136, 137, 278]
[291, 301, 305]
[56, 225, 286]
[213, 234, 296]
[71, 102, 167]
[41, 42, 85]
[281, 293, 296]
[30, 84, 161]
[49, 174, 187]
[81, 103, 131]
[56, 83, 124]
[135, 225, 286]
[21, 27, 72]
[22, 152, 323]
[98, 126, 173]
[71, 72, 194]
[104, 268, 276]
[135, 186, 277]
[11, 136, 272]
[147, 214, 244]
[77, 163, 245]
[49, 50, 187]
[161, 179, 191]
[41, 42, 76]
[163, 179, 210]
[51, 52, 159]
[49, 170, 187]
[36, 38, 256]
[159, 244, 297]
[21, 71, 167]
[272, 285, 305]
[17, 32, 33]
[26, 68, 157]
[126, 174, 194]
[54, 180, 187]
[170, 188, 194]
[141, 205, 303]
[17, 139, 222]
[85, 101, 115]
[57, 163, 175]
[14, 15, 312]
[5, 104, 112]
[32, 64, 115]
[22, 27, 155]
[6, 217, 222]
[207, 215, 227]
[223, 254, 296]
[20, 218, 219]
[178, 191, 209]
[55, 72, 87]
[49, 118, 196]
[5, 112, 197]
[59, 126, 317]
[9, 287, 305]
[49, 187, 231]
[32, 117, 130]
[133, 281, 299]
[37, 70, 127]
[77, 132, 179]
[205, 235, 258]
[149, 152, 167]
[208, 254, 296]
[172, 205, 265]
[95, 149, 152]
[57, 84, 221]
[11, 287, 292]
[141, 202, 265]
[9, 287, 291]
[65, 114, 116]
[57, 77, 78]
[59, 195, 196]
[47, 48, 92]
[205, 301, 305]
[62, 183, 189]
[49, 73, 118]
[22, 153, 167]
[66, 85, 129]
[4, 48, 85]
[144, 272, 280]
[94, 108, 115]
[81, 103, 128]
[5, 18, 89]
[218, 219, 224]
[87, 123, 266]
[6, 216, 298]
[5, 113, 259]
[141, 287, 305]
[72, 81, 103]
[202, 269, 288]
[57, 77, 84]
[55, 87, 232]
[229, 243, 295]
[216, 228, 306]
[136, 272, 273]
[89, 104, 105]
[9, 112, 228]
[83, 135, 245]
[72, 81, 326]
[55, 87, 246]
[214, 263, 296]
[58, 132, 163]
[144, 272, 301]
[108, 239, 261]
[269, 272, 305]
[23, 75, 275]
[142, 172, 273]
[207, 249, 296]
[100, 107, 174]
[268, 276, 285]
[41, 91, 101]
[124, 245, 277]
[18, 20, 243]
[145, 166, 258]
[31, 176, 206]
[8, 66, 108]
[258, 288, 299]
[116, 176, 302]
[81, 102, 271]
[71, 75, 152]
[63, 98, 99]
[82, 122, 284]
[113, 167, 216]
[176, 178, 302]
[218, 219, 243]
[215, 255, 257]
[170, 173, 317]
[41, 76, 97]
[70, 77, 127]
[2, 21, 22]
[71, 149, 323]
[115, 117, 130]
[172, 287, 305]
[22, 72, 95]
[280, 281, 303]
[31, 132, 221]
[100, 126, 317]
[55, 246, 247]
[258, 265, 288]
[158, 164, 270]
[218, 229, 243]
[35, 147, 326]
[13, 105, 226]
[147, 285, 297]
[17, 84, 220]
[77, 107, 126]
[203, 213, 215]
[28, 41, 42]
[78, 79, 84]
[268, 276, 292]
[55, 87, 247]
[124, 186, 245]
[112, 218, 219]
[181, 182, 192]
[77, 163, 181]
[14, 124, 277]
[75, 152, 167]
[31, 132, 209]
[141, 172, 265]
[68, 157, 223]
[28, 41, 76]
[28, 29, 86]
[136, 293, 303]
[22, 73, 173]
[31, 239, 302]
[61, 65, 116]
[51, 63, 125]
[176, 206, 302]
[36, 92, 101]
[111, 237, 277]
[145, 166, 290]
[208, 294, 296]
[61, 64, 65]
[124, 135, 277]
[133, 205, 258]
[116, 178, 302]
[178, 209, 302]
[127, 175, 186]
[126, 185, 317]
[52, 95, 270]
[21, 27, 109]
[145, 269, 305]
[9, 112, 235]
[14, 124, 175]
[32, 115, 130]
[1, 2, 22]
[95, 149, 158]
[2, 22, 279]
[60, 62, 98]
[71, 81, 153]
[291, 293, 299]
[72, 100, 170]
[35, 285, 297]
[51, 173, 314]
[172, 202, 281]
[217, 219, 224]
[202, 285, 300]
[134, 219, 243]
[24, 162, 169]
[82, 122, 245]
[31, 161, 191]
[32, 61, 130]
[41, 91, 92]
[22, 27, 323]
[85, 115, 130]
[6, 112, 226]
[30, 77, 138]
[42, 47, 108]
[37, 70, 83]
[13, 104, 259]
[72, 95, 149]
[14, 83, 175]
[4, 92, 116]
[7, 85, 101]
[72, 99, 174]
[199, 214, 255]
[49, 60, 184]
[126, 174, 195]
[170, 173, 174]
[175, 176, 193]
[264, 312, 317]
[29, 76, 85]
[10, 70, 133]
[98, 174, 195]
[203, 215, 234]
[26, 74, 75]
[202, 258, 265]
[145, 166, 303]
[8, 48, 115]
[135, 239, 317]
[103, 183, 189]
[72, 213, 326]
[100, 126, 174]
[77, 78, 79]
[42, 47, 85]
[3, 42, 76]
[172, 265, 281]
[205, 268, 285]
[77, 163, 186]
[98, 99, 125]
[199, 207, 256]
[178, 179, 181]
[176, 179, 209]
[149, 152, 189]
[45, 222, 259]
[178, 181, 182]
[226, 229, 295]
[41, 85, 91]
[122, 127, 163]
[170, 188, 317]
[111, 252, 277]
[272, 281, 305]
[159, 199, 202]
[87, 236, 241]
[106, 134, 197]
[272, 288, 299]
[112, 134, 218]
[205, 258, 280]
[207, 208, 296]
[87, 246, 286]
[58, 77, 163]
[175, 176, 179]
[77, 84, 191]
[9, 305, 316]
[87, 88, 246]
[47, 48, 115]
[12, 18, 20]
[35, 244, 253]
[61, 65, 114]
[41, 48, 85]
[28, 41, 101]
[20, 249, 259]
[28, 37, 85]
[59, 126, 170]
[55, 88, 286]
[62, 67, 231]
[144, 145, 166]
[60, 171, 180]
[56, 239, 261]
[147, 159, 285]
[18, 222, 259]
[39, 40, 93]
[67, 68, 96]
[105, 133, 298]
[36, 181, 220]
[95, 158, 270]
[3, 48, 92]
[205, 258, 303]
[13, 112, 259]
[11, 144, 202]
[194, 304, 323]
[147, 251, 285]
[31, 178, 206]
[170, 177, 187]
[166, 269, 292]
[9, 11, 205]
[32, 33, 61]
[214, 250, 282]
[88, 122, 239]
[100, 126, 170]
[32, 33, 76]
[28, 32, 86]
[170, 174, 196]
[95, 159, 270]
[46, 89, 249]
[57, 58, 161]
[147, 244, 285]
[199, 256, 296]
[82, 163, 277]
[114, 117, 130]
[100, 108, 126]
[49, 125, 180]
[80, 102, 103]
[4, 47, 48]
[9, 112, 316]
[158, 162, 169]
[32, 33, 65]
[79, 186, 221]
[4, 47, 85]
[77, 175, 181]
[100, 173, 317]
[174, 177, 187]
[49, 50, 59]
[48, 94, 115]
[16, 17, 64]
[147, 244, 297]
[198, 236, 241]
[89, 113, 298]
[78, 175, 181]
[141, 144, 265]
[21, 128, 271]
[64, 114, 116]
[211, 224, 228]
[95, 158, 159]
[101, 210, 220]
[55, 135, 246]
[141, 142, 272]
[2, 22, 155]
[4, 108, 130]
[22, 51, 173]
[92, 179, 206]
[84, 108, 176]
[76, 94, 108]
[1, 2, 321]
[22, 151, 167]
[147, 184, 244]
[175, 181, 192]
[215, 253, 255]
[141, 258, 265]
[32, 115, 117]
[18, 19, 20]
[6, 89, 134]
[11, 144, 316]
[8, 92, 108]
[89, 216, 306]
[12, 105, 106]
[14, 124, 127]
[4, 8, 47]
[1, 2, 279]
[83, 186, 277]
[199, 213, 223]
[30, 58, 186]
[30, 83, 122]
[136, 272, 305]
[11, 133, 258]
[170, 188, 189]
[38, 61, 130]
[245, 261, 267]
[85, 101, 114]
[171, 180, 184]
[166, 202, 269]
[236, 241, 264]
[184, 187, 196]
[58, 84, 191]
[17, 33, 117]
[72, 153, 167]
[22, 102, 167]
[14, 43, 124]
[293, 303, 305]
[47, 85, 108]
[142, 205, 287]
[126, 177, 188]
[75, 102, 109]
[7, 37, 76]
[98, 100, 201]
[7, 76, 92]
[51, 52, 314]
[47, 76, 129]
[10, 133, 281]
[81, 102, 103]
[51, 91, 327]
[135, 247, 312]
[7, 28, 76]
[10, 276, 281]
[22, 149, 158]
[87, 225, 266]
[72, 80, 152]
[164, 194, 304]
[11, 70, 133]
[127, 186, 302]
[207, 257, 326]
[17, 139, 198]
[215, 254, 326]
[229, 251, 295]
[232, 236, 241]
[66, 76, 108]
[26, 157, 223]
[85, 86, 101]
[49, 180, 184]
[6, 18, 112]
[127, 163, 186]
[4, 8, 48]
[207, 234, 296]
[131, 199, 227]
[28, 85, 101]
[28, 32, 121]
[8, 92, 97]
[9, 142, 305]
[39, 40, 109]
[22, 155, 323]
[25, 71, 93]
[28, 85, 92]
[98, 99, 174]
[22, 75, 323]
[203, 215, 256]
[56, 82, 277]
[31, 206, 302]
[5, 90, 197]
[217, 292, 301]
[80, 103, 128]
[11, 36, 38]
[53, 54, 231]
[111, 186, 277]
[4, 38, 108]
[58, 127, 302]
[8, 42, 47]
[9, 141, 316]
[24, 119, 275]
[8, 37, 70]
[57, 163, 176]
[52, 158, 270]
[111, 237, 247]
[15, 43, 94]
[177, 188, 292]
[172, 207, 287]
[21, 22, 167]
[258, 299, 305]
[29, 65, 121]
[137, 273, 278]
[77, 78, 193]
[32, 107, 114]
[142, 268, 305]
[9, 133, 258]
[141, 273, 287]
[148, 254, 294]
[28, 29, 92]
[12, 229, 243]
[80, 81, 103]
[32, 33, 114]
[5, 112, 216]
[35, 251, 285]
[36, 38, 121]
[31, 163, 186]
[144, 265, 272]
[108, 176, 250]
[145, 268, 269]
[116, 176, 178]
[73, 100, 177]
[7, 76, 97]
[51, 52, 270]
[80, 81, 131]
[31, 178, 209]
[8, 37, 127]
[142, 300, 305]
[35, 248, 255]
[66, 112, 316]
[22, 131, 271]
[280, 281, 293]
[22, 27, 279]
[20, 104, 259]
[175, 239, 261]
[49, 50, 73]
[41, 85, 92]
[149, 152, 321]
[107, 111, 237]
[136, 141, 287]
[101, 220, 221]
[73, 170, 196]
[112, 216, 217]
[152, 167, 169]
[144, 166, 299]
[13, 104, 226]
[15, 43, 228]
[51, 53, 63]
[225, 232, 239]
[261, 267, 277]
[207, 213, 223]
[37, 70, 175]
[247, 264, 266]
[33, 61, 64]
[133, 265, 288]
[56, 135, 284]
[26, 80, 128]
[61, 108, 114]
[226, 229, 290]
[42, 47, 48]
[87, 232, 286]
[142, 272, 305]
[112, 113, 134]
[68, 158, 169]
[58, 84, 220]
[59, 170, 188]
[3, 4, 94]
[142, 301, 313]
[28, 76, 92]
[28, 92, 107]
[226, 229, 251]
[36, 38, 107]
[15, 135, 312]
[21, 153, 155]
[49, 60, 201]
[49, 50, 203]
[17, 36, 116]
[77, 78, 163]
[35, 244, 285]
[71, 72, 81]
[144, 272, 305]
[172, 268, 305]
[2, 271, 279]
[3, 76, 101]
[58, 206, 302]
[213, 296, 326]
[71, 149, 152]
[89, 172, 281]
[219, 229, 262]
[87, 247, 266]
[41, 48, 76]
[47, 80, 237]
[49, 72, 174]
[22, 73, 196]
[268, 276, 299]
[38, 121, 127]
[166, 205, 258]
[9, 205, 265]
[20, 262, 298]
[17, 138, 184]
[112, 134, 219]
[5, 113, 216]
[280, 291, 292]
[9, 142, 316]
[18, 218, 219]
[282, 310, 311]
[33, 108, 115]
[8, 48, 97]
[55, 56, 135]
[49, 180, 231]
[265, 287, 292]
[9, 133, 265]
[85, 107, 108]
[89, 134, 230]
[194, 196, 274]
[145, 147, 166]
[14, 124, 245]
[45, 229, 243]
[9, 276, 281]
[145, 288, 299]
[232, 241, 264]
[142, 172, 281]
[10, 11, 292]
[265, 291, 292]
[108, 176, 206]
[9, 136, 303]
[285, 292, 301]
[12, 13, 106]
[22, 26, 167]
[140, 202, 288]
[53, 75, 275]
[178, 206, 209]
[175, 176, 182]
[21, 27, 155]
[69, 95, 158]
[89, 112, 217]
[134, 229, 243]
[56, 124, 135]
[55, 56, 286]
[254, 296, 326]
[51, 196, 260]
[17, 121, 225]
[9, 313, 316]
[205, 288, 299]
[153, 279, 318]
[180, 187, 231]
[142, 150, 293]
[6, 134, 229]
[76, 94, 107]
[32, 33, 115]
[59, 60, 195]
[8, 48, 85]
[75, 149, 167]
[131, 200, 227]
[31, 176, 209]
[21, 27, 323]
[126, 170, 317]
[92, 107, 179]
[72, 126, 171]
[291, 292, 305]
[86, 91, 92]
[22, 102, 153]
[6, 112, 216]
[30, 77, 163]
[95, 158, 168]
[20, 104, 105]
[122, 232, 236]
[159, 199, 321]
[176, 178, 209]
[57, 58, 127]
[55, 108, 286]
[113, 197, 216]
[222, 226, 262]
[142, 178, 287]
[145, 205, 280]
[236, 241, 312]
[22, 75, 93]
[207, 256, 296]
[22, 102, 128]
[59, 60, 125]
[9, 273, 287]
[16, 17, 115]
[82, 127, 302]
[37, 41, 70]
[75, 102, 151]
[202, 269, 272]
[9, 172, 205]
[141, 287, 301]
[51, 159, 314]
[60, 174, 195]
[72, 207, 256]
[42, 92, 97]
[87, 264, 286]
[136, 145, 272]
[15, 123, 135]
[49, 170, 196]
[136, 258, 280]
[7, 66, 97]
[268, 276, 280]
[89, 219, 259]
[61, 114, 121]
[25, 40, 93]
[98, 99, 195]
[57, 84, 206]
[13, 134, 259]
[107, 108, 206]
[176, 178, 206]
[23, 107, 126]
[35, 244, 251]
[145, 268, 276]
[35, 203, 294]
[222, 226, 259]
[104, 112, 243]
[43, 56, 135]
[273, 301, 305]
[4, 8, 42]
[144, 301, 305]
[226, 229, 293]
[64, 115, 117]
[172, 287, 316]
[14, 15, 43]
[9, 10, 11]
[202, 205, 258]
[21, 22, 39]
[207, 234, 256]
[181, 233, 287]
[142, 287, 301]
[174, 184, 188]
[98, 107, 317]
[39, 40, 71]
[72, 155, 167]
[272, 293, 305]
[111, 245, 277]
[18, 20, 105]
[235, 269, 303]
[144, 166, 285]
[73, 171, 188]
[16, 61, 116]
[229, 243, 249]
[43, 135, 186]
[21, 22, 153]
[89, 134, 228]
[98, 99, 170]
[244, 251, 285]
[24, 162, 168]
[7, 76, 108]
[56, 236, 277]
[208, 215, 256]
[28, 32, 85]
[205, 281, 299]
[126, 170, 188]
[64, 65, 115]
[207, 215, 326]
[3, 42, 101]
[196, 260, 314]
[71, 75, 279]
[207, 255, 256]
[32, 85, 101]
[174, 177, 180]
[31, 179, 209]
[29, 111, 237]
[59, 118, 177]
[27, 109, 323]
[134, 212, 229]
[84, 139, 198]
[64, 114, 115]
[144, 235, 292]
[107, 108, 302]
[28, 41, 85]
[47, 72, 80]
[104, 268, 293]
[217, 281, 305]
[22, 71, 167]
[18, 222, 262]
[141, 172, 205]
[22, 102, 155]
[4, 47, 101]
[49, 184, 196]
[72, 73, 126]
[105, 243, 298]
[89, 90, 134]
[170, 177, 317]
[98, 170, 177]
[83, 175, 302]
[32, 115, 116]
[31, 132, 176]
[26, 153, 167]
[272, 280, 305]
[136, 144, 202]
[7, 94, 122]
[53, 54, 180]
[83, 163, 186]
[17, 70, 121]
[39, 40, 321]
[25, 152, 318]
[9, 228, 299]
[18, 72, 246]
[5, 197, 230]
[17, 61, 65]
[8, 48, 108]
[105, 229, 249]
[136, 142, 144]
[107, 108, 121]
[16, 17, 61]
[150, 217, 293]
[31, 77, 163]
[73, 173, 196]
[73, 170, 171]
[95, 158, 164]
[115, 117, 121]
[28, 85, 107]
[118, 194, 260]
[245, 267, 277]
[57, 84, 220]
[41, 48, 94]
[18, 112, 113]
[52, 159, 314]
[25, 149, 167]
[26, 75, 153]
[37, 70, 135]
[30, 82, 122]
[258, 301, 305]
[22, 155, 167]
[161, 220, 221]
[60, 98, 173]
[11, 141, 205]
[77, 163, 192]
[145, 269, 272]
[94, 97, 108]
[211, 222, 249]
[107, 108, 286]
[57, 58, 220]
[72, 80, 81]
[202, 205, 265]
[110, 236, 241]
[203, 215, 326]
[213, 223, 256]
[35, 227, 254]
[17, 18, 262]
[20, 226, 249]
[36, 38, 154]
[84, 161, 191]
[64, 65, 116]
[135, 239, 277]
[13, 104, 222]
[32, 85, 86]
[47, 48, 61]
[73, 118, 196]
[77, 107, 163]
[58, 77, 191]
[116, 245, 246]
[55, 107, 286]
[107, 108, 178]
[142, 305, 313]
[241, 264, 284]
[78, 79, 210]
[63, 98, 173]
[5, 6, 217]
[25, 271, 318]
[89, 216, 228]
[60, 62, 183]
[254, 256, 294]
[5, 18, 113]
[133, 299, 303]
[100, 174, 187]
[6, 112, 134]
[178, 182, 209]
[111, 237, 252]
[8, 76, 101]
[35, 147, 285]
[78, 107, 108]
[166, 268, 269]
[65, 108, 114]
[15, 135, 247]
[198, 236, 286]
[147, 148, 285]
[213, 248, 326]
[258, 292, 305]
[61, 114, 117]
[175, 181, 206]
[41, 48, 101]
[162, 177, 188]
[17, 116, 117]
[83, 127, 186]
[11, 172, 287]
[100, 177, 317]
[159, 199, 233]
[60, 171, 184]
[49, 95, 187]
[207, 296, 326]
[18, 20, 298]
[173, 177, 188]
[30, 77, 193]
[71, 81, 194]
[35, 147, 148]
[176, 206, 209]
[208, 234, 296]
[107, 174, 188]
[60, 168, 214]
[17, 76, 225]
[61, 114, 115]
[7, 37, 66]
[9, 285, 313]
[142, 293, 305]
[22, 128, 318]
[100, 189, 195]
[147, 257, 297]
[141, 205, 265]
[76, 85, 94]
[25, 152, 167]
[272, 292, 305]
[136, 142, 305]
[49, 171, 177]
[205, 258, 265]
[203, 207, 254]
[22, 173, 196]
[7, 66, 76]
[76, 85, 92]
[176, 209, 302]
[55, 239, 261]
[6, 112, 298]
[12, 18, 243]
[217, 218, 219]
[98, 173, 317]
[218, 219, 259]
[218, 219, 249]
[60, 62, 125]
[267, 277, 312]
[92, 116, 127]
[141, 172, 305]
[16, 29, 86]
[95, 158, 169]
[273, 285, 301]
[82, 83, 186]
[134, 218, 219]
[219, 224, 243]
[142, 287, 313]
[73, 171, 173]
[225, 232, 238]
[72, 81, 169]
[73, 118, 187]
[148, 244, 285]
[107, 108, 191]
[22, 187, 274]
[272, 273, 305]
[16, 61, 114]
[51, 52, 95]
[134, 150, 259]
[136, 142, 172]
[31, 108, 178]
[104, 105, 296]
[18, 20, 113]
[174, 187, 196]
[26, 75, 128]
[75, 76, 107]
[76, 92, 107]
[4, 94, 108]
[203, 208, 263]
[84, 132, 191]
[41, 66, 97]
[112, 113, 249]
[175, 176, 186]
[5, 216, 259]
[70, 127, 175]
[51, 63, 215]
[126, 170, 174]
[89, 142, 172]
[138, 161, 198]
[214, 250, 311]
[123, 135, 284]
[112, 272, 305]
[136, 281, 299]
[175, 179, 181]
[205, 258, 299]
[55, 87, 225]
[145, 172, 293]
[25, 153, 271]
[149, 152, 323]
[138, 139, 161]
[15, 247, 266]
[5, 6, 112]
[15, 56, 266]
[78, 79, 192]
[49, 100, 174]
[4, 32, 130]
[29, 76, 91]
[25, 153, 167]
[8, 48, 70]
[18, 105, 217]
[17, 76, 121]
[72, 80, 326]
[49, 59, 195]
[15, 56, 286]
[13, 18, 259]
[135, 186, 245]
[21, 22, 271]
[9, 235, 303]
[141, 287, 292]
[5, 6, 125]
[104, 105, 150]
[21, 22, 128]
[176, 178, 182]
[148, 203, 215]
[105, 134, 229]
[32, 85, 115]
[218, 219, 229]
[29, 32, 86]
[77, 78, 84]
[37, 60, 70]
[13, 47, 107]
[107, 170, 188]
[22, 167, 271]
[45, 90, 134]
[100, 174, 274]
[232, 241, 312]
[31, 132, 210]
[82, 127, 186]
[57, 78, 175]
[16, 17, 65]
[141, 172, 293]
[28, 41, 91]
[132, 209, 302]
[171, 184, 189]
[3, 42, 47]
[177, 188, 317]
[203, 215, 254]
[12, 89, 104]
[42, 85, 97]
[37, 94, 108]
[111, 135, 186]
[81, 149, 167]
[78, 79, 221]
[258, 269, 305]
[60, 125, 126]
[75, 149, 152]
[82, 186, 302]
[61, 115, 130]
[133, 217, 281]
[61, 97, 108]
[105, 134, 243]
[13, 18, 229]
[149, 158, 270]
[12, 89, 106]
[145, 166, 292]
[85, 91, 101]
[58, 163, 186]
[1, 102, 321]
[145, 166, 301]
[98, 126, 317]
[127, 163, 302]
[21, 22, 27]
[145, 269, 285]
[136, 137, 281]
[112, 113, 216]
[119, 120, 275]
[42, 97, 101]
[133, 235, 299]
[177, 317, 320]
[65, 114, 127]
[30, 58, 83]
[85, 101, 107]
[41, 91, 107]
[177, 188, 189]
[235, 281, 293]
[77, 78, 192]
[9, 126, 316]
[73, 98, 171]
[6, 112, 217]
[122, 163, 181]
[229, 295, 298]
[11, 235, 293]
[202, 291, 300]
[64, 115, 302]
[175, 179, 182]
[303, 310, 311]
[21, 22, 71]
[35, 203, 207]
[16, 61, 65]
[110, 225, 241]
[7, 85, 92]
[9, 202, 291]
[112, 218, 251]
[16, 17, 117]
[126, 170, 173]
[268, 276, 305]
[268, 269, 276]
[207, 214, 326]
[13, 47, 117]
[20, 104, 298]
[15, 56, 58]
[28, 91, 101]
[247, 264, 286]
[28, 48, 76]
[13, 226, 298]
[18, 20, 150]
[47, 48, 97]
[17, 92, 107]
[166, 205, 299]
[113, 134, 259]
[71, 103, 131]
[18, 112, 218]
[18, 112, 219]
[9, 133, 281]
[12, 18, 90]
[25, 102, 167]
[141, 172, 287]
[22, 81, 128]
[2, 22, 321]
[244, 297, 326]
[26, 39, 93]
[107, 108, 177]
[9, 11, 321]
[224, 243, 259]
[60, 184, 196]
[58, 132, 221]
[6, 134, 216]
[65, 116, 117]
[72, 73, 196]
[17, 121, 130]
[31, 178, 182]
[127, 206, 302]
[32, 33, 64]
[141, 205, 258]
[6, 104, 113]
[177, 187, 317]
[118, 170, 196]
[21, 22, 159]
[72, 81, 128]
[172, 202, 265]
[138, 139, 198]
[98, 126, 174]
[42, 121, 130]
[5, 12, 89]
[150, 217, 298]
[20, 230, 243]
[150, 172, 293]
[79, 101, 220]
[104, 105, 293]
[89, 142, 281]
[28, 41, 48]
[17, 36, 127]
[5, 89, 230]
[60, 98, 188]
[75, 151, 279]
[4, 92, 97]
[89, 113, 134]
[122, 163, 192]
[8, 61, 94]
[11, 235, 313]
[60, 73, 184]
[22, 71, 102]
[81, 102, 152]
[138, 198, 262]
[107, 108, 176]
[41, 76, 91]
[139, 191, 198]
[150, 207, 293]
[2, 27, 318]
[47, 76, 85]
[33, 64, 117]
[111, 236, 277]
[56, 135, 245]
[7, 42, 47]
[49, 170, 317]
[172, 202, 205]
[22, 149, 152]
[78, 210, 220]
[36, 207, 254]
[8, 76, 94]
[100, 107, 170]
[11, 205, 258]
[49, 59, 118]
[11, 258, 288]
[12, 134, 229]
[13, 18, 262]
[16, 17, 127]
[13, 222, 262]
[141, 287, 313]
[105, 226, 229]
[49, 158, 168]
[68, 168, 169]
[32, 161, 191]
[10, 11, 303]
[59, 171, 188]
[73, 98, 99]
[203, 204, 227]
[205, 276, 303]
[58, 77, 277]
[78, 79, 206]
[56, 111, 236]
[24, 162, 283]
[178, 209, 323]
[53, 109, 242]
[49, 63, 189]
[89, 112, 216]
[21, 109, 155]
[56, 135, 247]
[4, 66, 130]
[147, 297, 326]
[205, 265, 299]
[5, 90, 134]
[49, 73, 170]
[58, 82, 83]
[56, 87, 286]
[138, 139, 191]
[49, 50, 271]
[6, 89, 218]
[17, 36, 65]
[25, 26, 71]
[5, 12, 113]
[145, 166, 202]
[51, 53, 125]
[31, 58, 209]
[113, 216, 228]
[75, 151, 152]
[29, 32, 94]
[58, 77, 178]
[4, 85, 130]
[71, 72, 326]
[12, 112, 243]
[12, 113, 197]
[22, 27, 318]
[29, 252, 277]
[207, 215, 254]
[273, 301, 303]
[72, 207, 253]
[142, 172, 313]
[63, 75, 125]
[16, 17, 76]
[24, 155, 283]
[17, 29, 127]
[13, 226, 262]
[4, 47, 108]
[265, 288, 303]
[217, 290, 298]
[22, 27, 109]
[272, 273, 285]
[205, 265, 303]
[57, 175, 181]
[140, 265, 290]
[11, 172, 281]
[28, 29, 85]
[5, 12, 105]
[9, 11, 112]
[123, 266, 284]
[61, 65, 232]
[281, 287, 305]
[55, 87, 286]
[92, 94, 108]
[22, 95, 149]
[172, 287, 301]
[31, 116, 302]
[9, 133, 276]
[43, 135, 312]
[22, 155, 318]
[158, 162, 168]
[104, 112, 134]
[9, 265, 299]
[55, 261, 286]
[1, 2, 271]
[145, 166, 269]
[26, 149, 152]
[90, 197, 287]
[21, 22, 109]
[8, 47, 48]
[28, 86, 101]
[78, 221, 309]
[141, 142, 172]
[21, 318, 323]
[247, 261, 277]
[75, 155, 275]
[41, 66, 76]
[13, 18, 298]
[55, 72, 246]
[141, 235, 287]
[61, 94, 114]
[10, 37, 133]
[159, 184, 199]
[215, 223, 310]
[99, 126, 174]
[55, 111, 135]
[71, 81, 102]
[163, 186, 302]
[202, 292, 300]
[33, 114, 117]
[223, 234, 256]
[15, 43, 135]
[8, 42, 97]
[31, 182, 209]
[18, 20, 262]
[28, 41, 107]
[7, 85, 94]
[30, 84, 191]
[63, 98, 174]
[6, 216, 222]
[71, 72, 80]
[77, 134, 163]
[38, 121, 130]
[124, 186, 277]
[66, 92, 108]
[272, 301, 305]
[52, 67, 271]
[166, 268, 276]
[148, 244, 251]
[187, 189, 196]
[159, 202, 205]
[124, 135, 186]
[32, 38, 121]
[245, 247, 286]
[60, 126, 317]
[112, 251, 298]
[71, 109, 167]
[28, 115, 116]
[57, 84, 163]
[74, 75, 149]
[7, 76, 85]
[105, 112, 243]
[30, 57, 175]
[227, 294, 326]
[142, 281, 287]
[29, 32, 101]
[258, 272, 305]
[61, 65, 115]
[56, 135, 277]
[217, 281, 298]
[56, 110, 135]
[4, 92, 94]
[258, 280, 299]
[55, 135, 277]
[229, 243, 298]
[47, 111, 237]
[177, 188, 202]
[58, 84, 163]
[132, 220, 221]
[139, 181, 198]
[126, 196, 317]
[15, 56, 135]
[88, 239, 261]
[98, 174, 317]
[118, 126, 194]
[127, 163, 175]
[170, 177, 188]
[88, 108, 178]
[45, 259, 262]
[87, 88, 286]
[9, 303, 316]
[32, 33, 232]
[55, 82, 246]
[42, 76, 107]
